999901_sweeps	1.000/0.000/0.000/0.000	0.000/0.000/0.000/1.000	0.000/0.500/0.500/0.000	0.250/0.250/0.250/0.250	0.500/0.250/0.250/0.000	0.000/0.250/0.250/0.500
1	0.00000	1.00000	0.00000	0.00000	0.00000	0.00000
2	0.00000	1.00000	0.00000	0.00000	0.00000	0.00000
3	0.00000	0.99993	0.00000	0.00000	0.00000	0.00007
4	0.00000	0.98292	0.00000	0.00029	0.00000	0.01679
5	0.00000	0.99999	0.00000	0.00000	0.00000	0.00001
6	0.00000	1.00000	0.00000	0.00000	0.00000	0.00000
7	0.00000	0.99982	0.00000	0.00000	0.00000	0.00018
8	0.00000	1.00000	0.00000	0.00000	0.00000	0.00000
9	0.00000	1.00000	0.00000	0.00000	0.00000	0.00000
10	0.00000	0.00000	0.00000	0.00173	0.99827	0.00000
11	1.00000	0.00000	0.00000	0.00000	0.00000	0.00000
12	0.00000	0.98235	0.00000	0.00001	0.00000	0.01764
13	0.00000	1.00000	0.00000	0.00000	0.00000	0.00000
14	0.00000	1.00000	0.00000	0.00000	0.00000	0.00000
15	0.00000	1.00000	0.00000	0.00000	0.00000	0.00000
16	0.00000	0.99936	0.00000	0.00000	0.00000	0.00064
17	1.00000	0.00000	0.00000	0.00000	0.00000	0.00000
18	0.97960	0.00000	0.00000	0.00041	0.01999	0.00000
19	0.00000	0.93968	0.00000	0.00373	0.00000	0.05658
20	0.99999	0.00000	0.00000	0.00000	0.00001	0.00000
21	0.00000	0.00040	0.00000	0.98285	0.00019	0.01657
22	0.00000	0.99919	0.00000	0.00000	0.00000	0.00081
23	0.99999	0.00000	0.00000	0.00000	0.00001	0.00000
24	1.00000	0.00000	0.00000	0.00000	0.00000	0.00000
25	1.00000	0.00000	0.00000	0.00000	0.00000	0.00000
26	0.00000	1.00000	0.00000	0.00000	0.00000	0.00000
27	0.00000	1.00000	0.00000	0.00000	0.00000	0.00000
28	0.00000	0.99972	0.00000	0.00000	0.00000	0.00028
29	0.00000	1.00000	0.00000	0.00000	0.00000	0.00000
30	0.99999	0.00000	0.00000	0.00000	0.00001	0.00000
31	0.99989	0.00000	0.00000	0.00000	0.00011	0.00000
32	0.00000	0.98376	0.00000	0.00026	0.00000	0.01598
33	0.98033	0.00000	0.00000	0.00008	0.01958	0.00000
34	0.30857	0.00002	0.00208	0.35709	0.32999	0.00226
35	0.00000	0.15511	0.00001	0.07350	0.00000	0.77138
36	0.00000	0.99999	0.00000	0.00000	0.00000	0.00001
37	0.99992	0.00000	0.00000	0.00000	0.00008	0.00000
38	1.00000	0.00000	0.00000	0.00000	0.00000	0.00000
39	0.00000	1.00000	0.00000	0.00000	0.00000	0.00000
40	0.00000	1.00000	0.00000	0.00000	0.00000	0.00000
41	0.00000	0.99989	0.00000	0.00000	0.00000	0.00011
42	0.00000	0.99953	0.00000	0.00000	0.00000	0.00047
43	0.84218	0.00000	0.00000	0.00000	0.15782	0.00000
44	0.00000	1.00000	0.00000	0.00000	0.00000	0.00000
45	1.00000	0.00000	0.00000	0.00000	0.00000	0.00000
46	0.00000	0.99998	0.00000	0.00000	0.00000	0.00002
47	0.00000	1.00000	0.00000	0.00000	0.00000	0.00000
48	0.99919	0.00000	0.00000	0.00000	0.00081	0.00000
49	0.99989	0.00000	0.00000	0.00000	0.00011	0.00000
50	0.00000	0.98987	0.00000	0.00007	0.00000	0.01006
51	0.00000	1.00000	0.00000	0.00000	0.00000	0.00000
52	0.00000	1.00000	0.00000	0.00000	0.00000	0.00000
53	0.99738	0.00000	0.00000	0.00001	0.00261	0.00000
54	0.00000	1.00000	0.00000	0.00000	0.00000	0.00000
55	0.00000	1.00000	0.00000	0.00000	0.00000	0.00000
56	0.98725	0.00000	0.00000	0.00014	0.01261	0.00000
57	0.00000	1.00000	0.00000	0.00000	0.00000	0.00000
58	0.00000	1.00000	0.00000	0.00000	0.00000	0.00000
59	0.00000	0.99545	0.00000	0.00001	0.00000	0.00454
60	0.00000	0.99999	0.00000	0.00000	0.00000	0.00001
61	0.00000	1.00000	0.00000	0.00000	0.00000	0.00000
62	0.00000	0.99999	0.00000	0.00000	0.00000	0.00001
63	0.00000	0.99999	0.00000	0.00000	0.00000	0.00001
64	0.00000	0.99998	0.00000	0.00000	0.00000	0.00002
65	0.00000	0.99996	0.00000	0.00000	0.00000	0.00004
66	1.00000	0.00000	0.00000	0.00000	0.00000	0.00000
67	0.00000	0.99999	0.00000	0.00000	0.00000	0.00001
68	0.00000	0.99995	0.00000	0.00000	0.00000	0.00005
69	0.00034	0.43510	0.01051	0.23026	0.00771	0.31608
70	0.00000	0.99998	0.00000	0.00000	0.00000	0.00002
71	0.00000	1.00000	0.00000	0.00000	0.00000	0.00000
72	0.00000	0.99998	0.00000	0.00000	0.00000	0.00002
73	0.00000	0.99997	0.00000	0.00000	0.00000	0.00003
74	0.00000	1.00000	0.00000	0.00000	0.00000	0.00000
75	0.00000	0.99875	0.00000	0.00000	0.00000	0.00125
76	0.00000	0.99998	0.00000	0.00000	0.00000	0.00002
77	1.00000	0.00000	0.00000	0.00000	0.00000	0.00000
78	1.00000	0.00000	0.00000	0.00000	0.00000	0.00000
79	0.99978	0.00000	0.00000	0.00000	0.00022	0.00000
80	0.00000	0.29050	0.00000	0.04941	0.00000	0.66009
81	0.00000	0.99882	0.00000	0.00000	0.00000	0.00118
82	0.16073	0.16495	0.16252	0.17467	0.16745	0.16969
83	1.00000	0.00000	0.00000	0.00000	0.00000	0.00000
84	0.00000	0.99999	0.00000	0.00000	0.00000	0.00001
85	1.00000	0.00000	0.00000	0.00000	0.00000	0.00000
86	0.97663	0.00000	0.00000	0.00000	0.02337	0.00000
87	0.00000	1.00000	0.00000	0.00000	0.00000	0.00000
88	0.99999	0.00000	0.00000	0.00000	0.00001	0.00000
89	0.00000	0.99928	0.00000	0.00000	0.00000	0.00072
90	0.00000	1.00000	0.00000	0.00000	0.00000	0.00000
91	0.95526	0.00000	0.00000	0.00048	0.04426	0.00000
92	0.00000	0.00000	0.00000	0.00136	0.00000	0.99864
93	0.00000	1.00000	0.00000	0.00000	0.00000	0.00000
94	0.69388	0.00000	0.00000	0.06943	0.23669	0.00000
95	0.00000	0.99999	0.00000	0.00000	0.00000	0.00001
96	0.00000	0.96375	0.00000	0.00000	0.00000	0.03625
97	0.99988	0.00000	0.00000	0.00000	0.00012	0.00000
98	0.00000	0.99801	0.00000	0.00000	0.00000	0.00199
99	0.00000	0.82629	0.00002	0.02566	0.00000	0.14803
100	0.00000	0.99999	0.00000	0.00000	0.00000	0.00001
101	0.00000	1.00000	0.00000	0.00000	0.00000	0.00000
102	0.00000	0.99997	0.00000	0.00000	0.00000	0.00003
103	0.00000	0.99998	0.00000	0.00000	0.00000	0.00002
104	0.00000	0.99981	0.00000	0.00000	0.00000	0.00019
105	0.00000	0.94989	0.00000	0.00246	0.00000	0.04765
106	0.00000	0.99864	0.00000	0.00000	0.00000	0.00136
107	0.00000	1.00000	0.00000	0.00000	0.00000	0.00000
108	0.99998	0.00000	0.00000	0.00000	0.00002	0.00000
109	0.00000	0.99999	0.00000	0.00000	0.00000	0.00001
110	0.00000	1.00000	0.00000	0.00000	0.00000	0.00000
111	0.00000	1.00000	0.00000	0.00000	0.00000	0.00000
112	0.99947	0.00000	0.00000	0.00000	0.00053	0.00000
113	0.94136	0.00000	0.00000	0.00012	0.05853	0.00000
114	0.00000	0.99999	0.00000	0.00000	0.00000	0.00001
115	0.00000	1.00000	0.00000	0.00000	0.00000	0.00000
116	0.68838	0.00000	0.00000	0.00000	0.31162	0.00000
117	0.00000	1.00000	0.00000	0.00000	0.00000	0.00000
118	0.99986	0.00000	0.00000	0.00000	0.00014	0.00000
119	1.00000	0.00000	0.00000	0.00000	0.00000	0.00000
120	0.00000	0.99999	0.00000	0.00000	0.00000	0.00001
121	0.00000	0.99999	0.00000	0.00000	0.00000	0.00001
122	0.00000	0.99999	0.00000	0.00000	0.00000	0.00001
123	0.00890	0.41012	0.05913	0.19678	0.04116	0.28391
124	0.00000	0.99998	0.00000	0.00000	0.00000	0.00002
125	0.00000	0.99993	0.00000	0.00000	0.00000	0.00007
126	0.00000	1.00000	0.00000	0.00000	0.00000	0.00000
127	0.00000	0.99999	0.00000	0.00000	0.00000	0.00001
128	0.00000	0.99999	0.00000	0.00000	0.00000	0.00001
129	0.00000	0.99767	0.00000	0.00000	0.00000	0.00233
130	0.00000	0.45704	0.00000	0.00001	0.00000	0.54295
131	0.99993	0.00000	0.00000	0.00000	0.00007	0.00000
132	0.00000	0.99998	0.00000	0.00000	0.00000	0.00002
133	0.00000	1.00000	0.00000	0.00000	0.00000	0.00000
134	0.00000	0.99982	0.00000	0.00000	0.00000	0.00018
135	0.00000	1.00000	0.00000	0.00000	0.00000	0.00000
136	0.00000	1.00000	0.00000	0.00000	0.00000	0.00000
137	0.00000	0.99963	0.00000	0.00000	0.00000	0.00037
138	0.99977	0.00000	0.00000	0.00000	0.00023	0.00000
139	0.99923	0.00000	0.00000	0.00000	0.00077	0.00000
140	1.00000	0.00000	0.00000	0.00000	0.00000	0.00000
141	0.99651	0.00000	0.00000	0.00001	0.00348	0.00000
142	0.99998	0.00000	0.00000	0.00000	0.00002	0.00000
143	0.00000	0.99999	0.00000	0.00000	0.00000	0.00001
144	0.99994	0.00000	0.00000	0.00000	0.00006	0.00000
145	0.98092	0.00000	0.00000	0.00000	0.01908	0.00000
146	1.00000	0.00000	0.00000	0.00000	0.00000	0.00000
147	1.00000	0.00000	0.00000	0.00000	0.00000	0.00000
148	0.99999	0.00000	0.00000	0.00000	0.00001	0.00000
149	0.99996	0.00000	0.00000	0.00000	0.00004	0.00000
150	0.99995	0.00000	0.00000	0.00000	0.00005	0.00000
151	0.00000	0.99820	0.00000	0.00000	0.00000	0.00180
152	0.00120	0.64808	0.02710	0.08290	0.00983	0.23090
153	0.00000	0.99967	0.00000	0.00000	0.00000	0.00033
154	0.00000	0.99999	0.00000	0.00000	0.00000	0.00001
155	0.00000	0.99997	0.00000	0.00000	0.00000	0.00003
156	0.00000	1.00000	0.00000	0.00000	0.00000	0.00000
157	0.00000	1.00000	0.00000	0.00000	0.00000	0.00000
158	0.00000	0.99999	0.00000	0.00000	0.00000	0.00001
159	0.00000	0.99998	0.00000	0.00000	0.00000	0.00002
160	0.00000	0.99995	0.00000	0.00000	0.00000	0.00005
161	0.00000	0.99999	0.00000	0.00000	0.00000	0.00001
162	0.99999	0.00000	0.00000	0.00000	0.00001	0.00000
163	0.00000	1.00000	0.00000	0.00000	0.00000	0.00000
164	0.00000	0.99995	0.00000	0.00000	0.00000	0.00005
165	0.00000	0.99465	0.00000	0.00002	0.00000	0.00533
166	1.00000	0.00000	0.00000	0.00000	0.00000	0.00000
167	0.99960	0.00000	0.00000	0.00000	0.00040	0.00000
168	0.99738	0.00000	0.00000	0.00000	0.00262	0.00000
169	0.00000	0.99999	0.00000	0.00000	0.00000	0.00001
170	0.00000	0.99810	0.00000	0.00000	0.00000	0.00190
171	0.00000	0.99999	0.00000	0.00000	0.00000	0.00001
172	0.00000	0.99192	0.00000	0.00000	0.00000	0.00808
173	1.00000	0.00000	0.00000	0.00000	0.00000	0.00000
174	0.00000	1.00000	0.00000	0.00000	0.00000	0.00000
175	0.00000	0.99999	0.00000	0.00000	0.00000	0.00001
176	0.00000	1.00000	0.00000	0.00000	0.00000	0.00000
177	0.00000	0.99999	0.00000	0.00000	0.00000	0.00001
178	1.00000	0.00000	0.00000	0.00000	0.00000	0.00000
179	1.00000	0.00000	0.00000	0.00000	0.00000	0.00000
180	0.00000	1.00000	0.00000	0.00000	0.00000	0.00000
181	0.00000	1.00000	0.00000	0.00000	0.00000	0.00000
182	0.99441	0.00000	0.00000	0.00003	0.00556	0.00000
183	0.00000	0.99999	0.00000	0.00000	0.00000	0.00001
184	0.00000	0.99990	0.00000	0.00000	0.00000	0.00010
185	0.00000	1.00000	0.00000	0.00000	0.00000	0.00000
186	0.99977	0.00000	0.00000	0.00000	0.00023	0.00000
187	0.00000	0.99961	0.00000	0.00000	0.00000	0.00039
188	0.00000	1.00000	0.00000	0.00000	0.00000	0.00000
189	0.00000	1.00000	0.00000	0.00000	0.00000	0.00000
190	0.00000	0.99602	0.00000	0.00001	0.00000	0.00397
191	1.00000	0.00000	0.00000	0.00000	0.00000	0.00000
192	0.99999	0.00000	0.00000	0.00000	0.00001	0.00000
193	0.99999	0.00000	0.00000	0.00000	0.00001	0.00000
194	0.00000	0.99999	0.00000	0.00000	0.00000	0.00001
195	0.00000	0.99999	0.00000	0.00000	0.00000	0.00001
196	0.00000	0.99997	0.00000	0.00000	0.00000	0.00003
197	0.00000	0.99999	0.00000	0.00000	0.00000	0.00001
198	0.00000	0.99997	0.00000	0.00000	0.00000	0.00003
199	0.00000	0.99996	0.00000	0.00000	0.00000	0.00004
200	0.00000	0.00000	0.99993	0.00004	0.00000	0.00003
201	0.00000	0.99854	0.00000	0.00000	0.00000	0.00146
202	0.00000	1.00000	0.00000	0.00000	0.00000	0.00000
203	0.00000	0.83206	0.00003	0.02476	0.00001	0.14314
204	0.00000	1.00000	0.00000	0.00000	0.00000	0.00000
205	0.00000	0.99992	0.00000	0.00000	0.00000	0.00008
206	0.00000	1.00000	0.00000	0.00000	0.00000	0.00000
207	0.00000	0.99999	0.00000	0.00000	0.00000	0.00001
208	0.00000	0.99999	0.00000	0.00000	0.00000	0.00001
209	0.00000	1.00000	0.00000	0.00000	0.00000	0.00000
210	0.00000	1.00000	0.00000	0.00000	0.00000	0.00000
211	0.00000	0.99766	0.00000	0.00000	0.00000	0.00234
212	0.00000	1.00000	0.00000	0.00000	0.00000	0.00000
213	0.99568	0.00000	0.00000	0.00000	0.00432	0.00000
214	0.99968	0.00000	0.00000	0.00000	0.00032	0.00000
215	0.00000	0.99999	0.00000	0.00000	0.00000	0.00001
216	0.00000	1.00000	0.00000	0.00000	0.00000	0.00000
217	0.00000	1.00000	0.00000	0.00000	0.00000	0.00000
218	0.00000	0.99999	0.00000	0.00000	0.00000	0.00001
219	0.00000	1.00000	0.00000	0.00000	0.00000	0.00000
220	0.00000	0.92856	0.00000	0.00489	0.00000	0.06655
221	0.00000	0.99999	0.00000	0.00000	0.00000	0.00001
222	0.00000	1.00000	0.00000	0.00000	0.00000	0.00000
223	0.00000	0.99916	0.00000	0.00000	0.00000	0.00084
224	0.00000	1.00000	0.00000	0.00000	0.00000	0.00000
225	0.00000	0.99999	0.00000	0.00000	0.00000	0.00001
226	0.99916	0.00000	0.00000	0.00000	0.00084	0.00000
227	0.00000	0.99998	0.00000	0.00000	0.00000	0.00002
228	0.00000	0.99928	0.00000	0.00000	0.00000	0.00072
229	0.89245	0.00000	0.00000	0.01056	0.09699	0.00000
230	0.00000	0.99996	0.00000	0.00000	0.00000	0.00004
231	0.00000	1.00000	0.00000	0.00000	0.00000	0.00000
232	0.00000	0.99715	0.00000	0.00001	0.00000	0.00284
233	0.99999	0.00000	0.00000	0.00000	0.00001	0.00000
234	0.00000	0.99885	0.00000	0.00000	0.00000	0.00115
235	0.00000	0.99995	0.00000	0.00000	0.00000	0.00005
236	0.00000	0.99999	0.00000	0.00000	0.00000	0.00001
237	0.00000	0.99996	0.00000	0.00000	0.00000	0.00004
238	0.00000	0.99999	0.00000	0.00000	0.00000	0.00001
239	0.99981	0.00000	0.00000	0.00000	0.00019	0.00000
240	0.99997	0.00000	0.00000	0.00000	0.00003	0.00000
241	0.99977	0.00000	0.00000	0.00000	0.00023	0.00000
242	0.99993	0.00000	0.00000	0.00000	0.00007	0.00000
243	0.00000	1.00000	0.00000	0.00000	0.00000	0.00000
244	0.99996	0.00000	0.00000	0.00000	0.00004	0.00000
245	0.99999	0.00000	0.00000	0.00000	0.00001	0.00000
246	0.00000	0.99990	0.00000	0.00000	0.00000	0.00010
247	0.00000	1.00000	0.00000	0.00000	0.00000	0.00000
248	0.00000	1.00000	0.00000	0.00000	0.00000	0.00000
249	0.00000	0.99986	0.00000	0.00000	0.00000	0.00014
250	0.00000	1.00000	0.00000	0.00000	0.00000	0.00000
251	0.00000	1.00000	0.00000	0.00000	0.00000	0.00000
252	0.00000	1.00000	0.00000	0.00000	0.00000	0.00000
253	0.00000	0.99999	0.00000	0.00000	0.00000	0.00001
254	0.00000	1.00000	0.00000	0.00000	0.00000	0.00000
255	0.00000	1.00000	0.00000	0.00000	0.00000	0.00000
256	0.00000	0.99990	0.00000	0.00000	0.00000	0.00010
257	0.00000	1.00000	0.00000	0.00000	0.00000	0.00000
258	0.00000	0.99982	0.00000	0.00000	0.00000	0.00018
259	0.00000	1.00000	0.00000	0.00000	0.00000	0.00000
260	0.00000	0.84103	0.00000	0.00044	0.00000	0.15853
261	0.00000	1.00000	0.00000	0.00000	0.00000	0.00000
262	0.00000	1.00000	0.00000	0.00000	0.00000	0.00000
263	0.00000	0.99999	0.00000	0.00000	0.00000	0.00001
264	0.00000	1.00000	0.00000	0.00000	0.00000	0.00000
265	0.00000	0.00004	0.00000	0.99485	0.00000	0.00511
266	0.00000	1.00000	0.00000	0.00000	0.00000	0.00000
267	0.00000	0.99999	0.00000	0.00000	0.00000	0.00001
268	0.00000	1.00000	0.00000	0.00000	0.00000	0.00000
269	0.00000	0.99985	0.00000	0.00000	0.00000	0.00015
270	0.00000	0.99999	0.00000	0.00000	0.00000	0.00001
271	0.00000	1.00000	0.00000	0.00000	0.00000	0.00000
272	0.00000	0.99984	0.00000	0.00000	0.00000	0.00016
273	0.00000	0.99998	0.00000	0.00000	0.00000	0.00002
274	0.00000	0.99997	0.00000	0.00000	0.00000	0.00003
275	0.00000	1.00000	0.00000	0.00000	0.00000	0.00000
276	0.00000	0.99999	0.00000	0.00000	0.00000	0.00001
277	0.00000	0.99991	0.00000	0.00000	0.00000	0.00009
278	0.00000	0.99996	0.00000	0.00000	0.00000	0.00004
279	0.00000	0.99962	0.00000	0.00000	0.00000	0.00038
280	0.00000	0.99987	0.00000	0.00000	0.00000	0.00013
281	0.00000	0.99846	0.00000	0.00000	0.00000	0.00154
282	0.00000	0.99971	0.00000	0.00000	0.00000	0.00029
283	1.00000	0.00000	0.00000	0.00000	0.00000	0.00000
284	0.00000	0.98728	0.00000	0.00010	0.00000	0.01262
285	0.00000	0.99998	0.00000	0.00000	0.00000	0.00002
286	0.00000	1.00000	0.00000	0.00000	0.00000	0.00000
287	0.00000	1.00000	0.00000	0.00000	0.00000	0.00000
288	0.00000	0.99996	0.00000	0.00000	0.00000	0.00004
289	0.00000	1.00000	0.00000	0.00000	0.00000	0.00000
290	0.00000	1.00000	0.00000	0.00000	0.00000	0.00000
291	0.00000	1.00000	0.00000	0.00000	0.00000	0.00000
292	0.00000	0.93002	0.00000	0.00001	0.00000	0.06996
293	0.00000	0.99996	0.00000	0.00000	0.00000	0.00004
294	0.00000	1.00000	0.00000	0.00000	0.00000	0.00000
295	0.00000	1.00000	0.00000	0.00000	0.00000	0.00000
296	1.00000	0.00000	0.00000	0.00000	0.00000	0.00000
297	0.00000	0.99998	0.00000	0.00000	0.00000	0.00002
298	0.00000	0.93743	0.00000	0.00353	0.00000	0.05904
299	1.00000	0.00000	0.00000	0.00000	0.00000	0.00000
300	0.00000	0.99784	0.00000	0.00000	0.00000	0.00216
301	0.00000	0.99998	0.00000	0.00000	0.00000	0.00002
302	0.00000	1.00000	0.00000	0.00000	0.00000	0.00000
303	0.00000	0.99999	0.00000	0.00000	0.00000	0.00001
304	0.00000	0.99999	0.00000	0.00000	0.00000	0.00001
305	0.00000	0.99997	0.00000	0.00000	0.00000	0.00003
306	0.00000	0.99970	0.00000	0.00000	0.00000	0.00030
307	0.00000	1.00000	0.00000	0.00000	0.00000	0.00000
308	0.00000	1.00000	0.00000	0.00000	0.00000	0.00000
309	0.00000	1.00000	0.00000	0.00000	0.00000	0.00000
310	0.00000	0.99999	0.00000	0.00000	0.00000	0.00001
311	0.00000	0.96279	0.00000	0.00135	0.00000	0.03587
312	0.00000	1.00000	0.00000	0.00000	0.00000	0.00000
313	0.00000	0.99994	0.00000	0.00000	0.00000	0.00006
314	0.00000	1.00000	0.00000	0.00000	0.00000	0.00000
315	0.00000	0.08169	0.00000	0.00002	0.00000	0.91830
316	0.00000	1.00000	0.00000	0.00000	0.00000	0.00000
317	0.00000	1.00000	0.00000	0.00000	0.00000	0.00000
318	0.00000	0.99999	0.00000	0.00000	0.00000	0.00001
319	0.00000	0.03605	0.00000	0.00277	0.00000	0.96118
320	0.00000	1.00000	0.00000	0.00000	0.00000	0.00000
321	0.00000	0.99963	0.00000	0.00000	0.00000	0.00037
322	0.00000	0.99995	0.00000	0.00000	0.00000	0.00005
323	0.00000	0.99442	0.00000	0.00000	0.00000	0.00558
324	0.00000	0.99999	0.00000	0.00000	0.00000	0.00001
325	0.00000	0.01459	0.00000	0.00001	0.00000	0.98540
326	0.00000	0.99905	0.00000	0.00000	0.00000	0.00095
327	0.00000	0.99996	0.00000	0.00000	0.00000	0.00004
328	0.00000	0.99975	0.00000	0.00000	0.00000	0.00025
329	0.00000	0.99992	0.00000	0.00000	0.00000	0.00008
330	0.00000	0.98214	0.00000	0.00032	0.00000	0.01754
331	0.00000	1.00000	0.00000	0.00000	0.00000	0.00000
332	0.00000	1.00000	0.00000	0.00000	0.00000	0.00000
333	0.00000	0.99997	0.00000	0.00000	0.00000	0.00003
334	0.00000	0.96298	0.00000	0.00000	0.00000	0.03702
335	0.00000	0.99999	0.00000	0.00000	0.00000	0.00001
336	0.00000	0.88972	0.00000	0.01257	0.00000	0.09772
337	0.00000	0.99999	0.00000	0.00000	0.00000	0.00001
338	0.00000	1.00000	0.00000	0.00000	0.00000	0.00000
339	0.00000	1.00000	0.00000	0.00000	0.00000	0.00000
340	0.00000	0.00000	0.99969	0.00002	0.00000	0.00029
341	0.00000	1.00000	0.00000	0.00000	0.00000	0.00000
342	0.00000	0.99998	0.00000	0.00000	0.00000	0.00002
343	0.00000	0.00000	0.00000	0.00004	0.00000	0.99996
344	0.00000	0.99987	0.00000	0.00000	0.00000	0.00013
345	0.00000	0.99999	0.00000	0.00000	0.00000	0.00001
346	0.00000	0.99212	0.00000	0.00003	0.00000	0.00785
347	0.00000	0.00000	0.00000	0.00005	0.00000	0.99995
348	0.00000	1.00000	0.00000	0.00000	0.00000	0.00000
349	0.00000	0.99989	0.00000	0.00000	0.00000	0.00011
350	0.00000	0.99999	0.00000	0.00000	0.00000	0.00001
351	0.00000	0.99818	0.00000	0.00000	0.00000	0.00182
352	0.00000	0.99999	0.00000	0.00000	0.00000	0.00001
353	0.00000	0.99462	0.00000	0.00003	0.00000	0.00535
354	0.00000	0.75420	0.00024	0.05052	0.00006	0.19498
355	0.99998	0.00000	0.00000	0.00000	0.00002	0.00000
356	0.00000	1.00000	0.00000	0.00000	0.00000	0.00000
357	0.00000	0.99994	0.00000	0.00000	0.00000	0.00006
358	0.00001	0.69554	0.00188	0.07451	0.00062	0.22744
359	0.00000	0.99977	0.00000	0.00000	0.00000	0.00023
360	0.00000	0.99999	0.00000	0.00000	0.00000	0.00001
361	0.99999	0.00000	0.00000	0.00000	0.00001	0.00000
362	1.00000	0.00000	0.00000	0.00000	0.00000	0.00000
363	0.00000	0.99999	0.00000	0.00000	0.00000	0.00001
364	0.00000	0.99999	0.00000	0.00000	0.00000	0.00001
365	0.00000	0.99959	0.00000	0.00000	0.00000	0.00041
366	0.00000	0.99999	0.00000	0.00000	0.00000	0.00001
367	0.00000	1.00000	0.00000	0.00000	0.00000	0.00000
368	0.99995	0.00000	0.00000	0.00000	0.00005	0.00000
369	0.00000	0.99998	0.00000	0.00000	0.00000	0.00002
370	0.00000	1.00000	0.00000	0.00000	0.00000	0.00000
371	0.00000	1.00000	0.00000	0.00000	0.00000	0.00000
372	0.00000	1.00000	0.00000	0.00000	0.00000	0.00000
373	0.00000	0.98535	0.00000	0.00021	0.00000	0.01444
374	1.00000	0.00000	0.00000	0.00000	0.00000	0.00000
375	0.00000	0.99999	0.00000	0.00000	0.00000	0.00001
376	0.21222	0.12644	0.16378	0.16551	0.18741	0.14465
377	0.99996	0.00000	0.00000	0.00000	0.00004	0.00000
378	0.99655	0.00000	0.00000	0.00001	0.00344	0.00000
379	0.00000	0.99999	0.00000	0.00000	0.00000	0.00001
380	0.00000	0.99995	0.00000	0.00000	0.00000	0.00005
381	0.00000	0.99998	0.00000	0.00000	0.00000	0.00002
382	0.99977	0.00000	0.00000	0.00000	0.00023	0.00000
383	0.00000	1.00000	0.00000	0.00000	0.00000	0.00000
384	0.00000	1.00000	0.00000	0.00000	0.00000	0.00000
385	0.00000	1.00000	0.00000	0.00000	0.00000	0.00000
386	0.00000	0.99999	0.00000	0.00000	0.00000	0.00001
387	0.90505	0.00000	0.00000	0.00010	0.09485	0.00000
388	0.00000	1.00000	0.00000	0.00000	0.00000	0.00000
389	0.00000	0.99999	0.00000	0.00000	0.00000	0.00001
390	0.00000	0.99999	0.00000	0.00000	0.00000	0.00001
391	0.00000	0.99592	0.00000	0.00001	0.00000	0.00407
392	0.00000	0.99957	0.00000	0.00000	0.00000	0.00043
393	0.00000	0.99994	0.00000	0.00000	0.00000	0.00006
394	0.00000	0.99997	0.00000	0.00000	0.00000	0.00003
395	0.00000	0.99998	0.00000	0.00000	0.00000	0.00002
396	0.00000	1.00000	0.00000	0.00000	0.00000	0.00000
397	0.00000	1.00000	0.00000	0.00000	0.00000	0.00000
398	0.00058	0.25521	0.01014	0.40208	0.01293	0.31906
399	0.00000	1.00000	0.00000	0.00000	0.00000	0.00000
400	0.00000	1.00000	0.00000	0.00000	0.00000	0.00000
401	0.14319	0.15984	0.15004	0.19982	0.16868	0.17844
402	0.00000	0.99999	0.00000	0.00000	0.00000	0.00001
403	0.00000	1.00000	0.00000	0.00000	0.00000	0.00000
404	0.00000	0.99999	0.00000	0.00000	0.00000	0.00001
405	0.00000	0.99998	0.00000	0.00000	0.00000	0.00002
406	0.00000	1.00000	0.00000	0.00000	0.00000	0.00000
407	0.00000	1.00000	0.00000	0.00000	0.00000	0.00000
408	0.00000	1.00000	0.00000	0.00000	0.00000	0.00000
409	0.00000	0.99999	0.00000	0.00000	0.00000	0.00001
410	0.00000	1.00000	0.00000	0.00000	0.00000	0.00000
411	1.00000	0.00000	0.00000	0.00000	0.00000	0.00000
412	0.00000	1.00000	0.00000	0.00000	0.00000	0.00000
413	0.00000	0.99963	0.00000	0.00000	0.00000	0.00037
414	0.00000	1.00000	0.00000	0.00000	0.00000	0.00000
415	0.00000	0.99965	0.00000	0.00000	0.00000	0.00034
416	0.00000	1.00000	0.00000	0.00000	0.00000	0.00000
417	0.00000	1.00000	0.00000	0.00000	0.00000	0.00000
418	0.00000	0.99996	0.00000	0.00000	0.00000	0.00004
419	0.00000	1.00000	0.00000	0.00000	0.00000	0.00000
420	0.00000	0.99995	0.00000	0.00000	0.00000	0.00005
421	0.00000	1.00000	0.00000	0.00000	0.00000	0.00000
422	0.00000	0.88738	0.00000	0.01122	0.00000	0.10140
423	0.00000	0.99677	0.00000	0.00001	0.00000	0.00322
424	0.00000	0.99996	0.00000	0.00000	0.00000	0.00004
425	0.00000	0.99998	0.00000	0.00000	0.00000	0.00002
426	0.00000	1.00000	0.00000	0.00000	0.00000	0.00000
427	0.00000	0.99999	0.00000	0.00000	0.00000	0.00001
428	0.00000	1.00000	0.00000	0.00000	0.00000	0.00000
429	0.00000	0.99999	0.00000	0.00000	0.00000	0.00001
430	0.00000	1.00000	0.00000	0.00000	0.00000	0.00000
431	0.00000	0.99998	0.00000	0.00000	0.00000	0.00002
432	0.00000	0.99999	0.00000	0.00000	0.00000	0.00001
433	0.00000	0.99998	0.00000	0.00000	0.00000	0.00002
434	0.00000	0.99793	0.00000	0.00000	0.00000	0.00206
435	0.00000	1.00000	0.00000	0.00000	0.00000	0.00000
436	1.00000	0.00000	0.00000	0.00000	0.00000	0.00000
437	0.00000	0.99999	0.00000	0.00000	0.00000	0.00001
438	0.00000	0.99999	0.00000	0.00000	0.00000	0.00001
439	0.00000	1.00000	0.00000	0.00000	0.00000	0.00000
440	0.00000	0.99999	0.00000	0.00000	0.00000	0.00001
441	0.00000	0.99990	0.00000	0.00000	0.00000	0.00010
442	0.00000	0.99998	0.00000	0.00000	0.00000	0.00002
443	0.00000	0.99999	0.00000	0.00000	0.00000	0.00001
444	0.00000	1.00000	0.00000	0.00000	0.00000	0.00000
445	0.00000	0.99996	0.00000	0.00000	0.00000	0.00004
446	0.00000	0.99999	0.00000	0.00000	0.00000	0.00001
447	0.00000	0.99989	0.00000	0.00000	0.00000	0.00011
448	0.00000	1.00000	0.00000	0.00000	0.00000	0.00000
449	0.00000	1.00000	0.00000	0.00000	0.00000	0.00000
450	0.00000	0.99998	0.00000	0.00000	0.00000	0.00002
451	0.00000	1.00000	0.00000	0.00000	0.00000	0.00000
452	0.00000	0.92051	0.00001	0.00500	0.00000	0.07449
453	0.00000	0.99966	0.00000	0.00000	0.00000	0.00034
454	0.00000	0.99999	0.00000	0.00000	0.00000	0.00001
455	0.00000	0.97129	0.00000	0.00083	0.00000	0.02788
456	0.00000	0.99999	0.00000	0.00000	0.00000	0.00001
457	0.00000	0.99991	0.00000	0.00000	0.00000	0.00009
458	0.00000	0.99997	0.00000	0.00000	0.00000	0.00003
459	0.00000	1.00000	0.00000	0.00000	0.00000	0.00000
460	1.00000	0.00000	0.00000	0.00000	0.00000	0.00000
461	0.00000	1.00000	0.00000	0.00000	0.00000	0.00000
462	0.00000	0.99999	0.00000	0.00000	0.00000	0.00001
463	0.12285	0.21144	0.15894	0.17194	0.14485	0.18998
464	0.99996	0.00000	0.00000	0.00000	0.00004	0.00000
465	0.00000	1.00000	0.00000	0.00000	0.00000	0.00000
466	0.00000	0.99993	0.00000	0.00000	0.00000	0.00007
467	0.00000	0.97209	0.00000	0.00067	0.00000	0.02724
468	0.00000	0.99999	0.00000	0.00000	0.00000	0.00001
469	0.00000	1.00000	0.00000	0.00000	0.00000	0.00000
470	0.00000	0.99877	0.00000	0.00000	0.00000	0.00123
471	0.00000	0.99999	0.00000	0.00000	0.00000	0.00001
472	0.00000	0.99992	0.00000	0.00000	0.00000	0.00008
473	0.00000	0.99989	0.00000	0.00000	0.00000	0.00011
474	0.00022	0.52807	0.00621	0.16598	0.00355	0.29597
475	0.00000	1.00000	0.00000	0.00000	0.00000	0.00000
476	0.00000	1.00000	0.00000	0.00000	0.00000	0.00000
477	0.00000	0.99995	0.00000	0.00000	0.00000	0.00005
478	0.00000	1.00000	0.00000	0.00000	0.00000	0.00000
479	0.00000	0.51582	0.00000	0.00267	0.00000	0.48152
480	0.00000	1.00000	0.00000	0.00000	0.00000	0.00000
481	0.00000	0.99986	0.00000	0.00000	0.00000	0.00014
482	0.00000	0.99998	0.00000	0.00000	0.00000	0.00002
483	0.00000	0.99999	0.00000	0.00000	0.00000	0.00001
484	0.00000	0.99998	0.00000	0.00000	0.00000	0.00002
485	0.00000	0.99999	0.00000	0.00000	0.00000	0.00001
486	0.00000	1.00000	0.00000	0.00000	0.00000	0.00000
487	0.00000	0.99999	0.00000	0.00000	0.00000	0.00001
488	0.00000	0.99999	0.00000	0.00000	0.00000	0.00001
489	0.00000	0.99988	0.00000	0.00000	0.00000	0.00012
490	0.00000	0.99910	0.00000	0.00000	0.00000	0.00090
491	0.00000	0.99999	0.00000	0.00000	0.00000	0.00001
492	0.00000	0.96665	0.00000	0.00092	0.00000	0.03243
493	0.00000	1.00000	0.00000	0.00000	0.00000	0.00000
494	0.00000	0.74931	0.00048	0.05237	0.00013	0.19771
495	0.00000	0.99987	0.00000	0.00000	0.00000	0.00013
496	0.00000	0.99999	0.00000	0.00000	0.00000	0.00001
497	0.00000	1.00000	0.00000	0.00000	0.00000	0.00000
498	0.00000	1.00000	0.00000	0.00000	0.00000	0.00000
499	0.00000	0.99999	0.00000	0.00000	0.00000	0.00001
500	0.00496	0.38592	0.03303	0.24307	0.02733	0.30569
501	0.00000	0.94639	0.00000	0.00000	0.00000	0.05361
502	0.00000	0.89950	0.00001	0.00920	0.00000	0.09129
503	0.00000	0.99999	0.00000	0.00000	0.00000	0.00001
504	0.00000	0.99846	0.00000	0.00000	0.00000	0.00154
505	0.00000	0.99998	0.00000	0.00000	0.00000	0.00002
506	0.99986	0.00000	0.00000	0.00000	0.00014	0.00000
507	1.00000	0.00000	0.00000	0.00000	0.00000	0.00000
508	0.00000	0.99962	0.00000	0.00000	0.00000	0.00038
509	0.00000	0.99999	0.00000	0.00000	0.00000	0.00001
510	0.00000	0.99987	0.00000	0.00000	0.00000	0.00013
511	0.00000	0.99999	0.00000	0.00000	0.00000	0.00001
512	0.00000	0.99990	0.00000	0.00000	0.00000	0.00010
513	0.04862	0.00000	0.00000	0.00071	0.95067	0.00000
514	0.00000	0.99985	0.00000	0.00000	0.00000	0.00015
515	0.99999	0.00000	0.00000	0.00000	0.00001	0.00000
516	0.00000	0.99830	0.00000	0.00000	0.00000	0.00170
517	0.00000	1.00000	0.00000	0.00000	0.00000	0.00000
518	0.99999	0.00000	0.00000	0.00000	0.00001	0.00000
519	0.00000	0.99981	0.00000	0.00000	0.00000	0.00019
520	0.00000	1.00000	0.00000	0.00000	0.00000	0.00000
521	0.00000	1.00000	0.00000	0.00000	0.00000	0.00000
522	0.00000	0.99999	0.00000	0.00000	0.00000	0.00001
523	0.00000	1.00000	0.00000	0.00000	0.00000	0.00000
524	0.00000	1.00000	0.00000	0.00000	0.00000	0.00000
525	0.00000	0.99993	0.00000	0.00000	0.00000	0.00007
526	0.00000	0.99991	0.00000	0.00000	0.00000	0.00009
527	0.00000	0.99999	0.00000	0.00000	0.00000	0.00001
528	0.00000	0.99226	0.00000	0.00005	0.00000	0.00769
529	0.00000	0.87663	0.00001	0.01373	0.00000	0.10963
530	0.00000	1.00000	0.00000	0.00000	0.00000	0.00000
531	0.00000	1.00000	0.00000	0.00000	0.00000	0.00000
532	0.00000	0.99978	0.00000	0.00000	0.00000	0.00022
533	0.99995	0.00000	0.00000	0.00000	0.00005	0.00000
534	0.00000	0.99999	0.00000	0.00000	0.00000	0.00001
535	0.00000	1.00000	0.00000	0.00000	0.00000	0.00000
536	0.00000	0.99998	0.00000	0.00000	0.00000	0.00002
537	0.99998	0.00000	0.00000	0.00000	0.00002	0.00000
538	0.00000	0.97757	0.00000	0.00057	0.00000	0.02186
539	0.00000	0.99999	0.00000	0.00000	0.00000	0.00001
540	0.99786	0.00000	0.00000	0.00000	0.00214	0.00000
541	0.99999	0.00000	0.00000	0.00000	0.00001	0.00000
542	0.99989	0.00000	0.00000	0.00000	0.00011	0.00000
543	0.00000	0.99996	0.00000	0.00000	0.00000	0.00004
544	0.00000	0.99855	0.00000	0.00000	0.00000	0.00145
545	0.00000	1.00000	0.00000	0.00000	0.00000	0.00000
546	0.00000	0.99999	0.00000	0.00000	0.00000	0.00001
547	0.00000	1.00000	0.00000	0.00000	0.00000	0.00000
548	0.99799	0.00000	0.00000	0.00000	0.00200	0.00000
549	0.00000	0.99999	0.00000	0.00000	0.00000	0.00001
550	0.00000	1.00000	0.00000	0.00000	0.00000	0.00000
551	0.99997	0.00000	0.00000	0.00000	0.00003	0.00000
552	0.00000	1.00000	0.00000	0.00000	0.00000	0.00000
553	0.00000	0.99998	0.00000	0.00000	0.00000	0.00002
554	0.00000	0.99998	0.00000	0.00000	0.00000	0.00002
555	0.00000	0.99998	0.00000	0.00000	0.00000	0.00002
556	0.00000	0.00000	0.99970	0.00027	0.00001	0.00002
557	0.00000	1.00000	0.00000	0.00000	0.00000	0.00000
558	0.00000	0.99999	0.00000	0.00000	0.00000	0.00001
559	0.99994	0.00000	0.00000	0.00000	0.00006	0.00000
560	1.00000	0.00000	0.00000	0.00000	0.00000	0.00000
561	1.00000	0.00000	0.00000	0.00000	0.00000	0.00000
562	1.00000	0.00000	0.00000	0.00000	0.00000	0.00000
563	0.00000	0.99999	0.00000	0.00000	0.00000	0.00001
564	0.00000	1.00000	0.00000	0.00000	0.00000	0.00000
565	1.00000	0.00000	0.00000	0.00000	0.00000	0.00000
566	0.00000	0.99999	0.00000	0.00000	0.00000	0.00001
567	0.36885	0.04473	0.12835	0.14564	0.23175	0.08069
568	0.99994	0.00000	0.00000	0.00000	0.00006	0.00000
569	0.00000	0.99984	0.00000	0.00000	0.00000	0.00016
570	0.00000	1.00000	0.00000	0.00000	0.00000	0.00000
571	0.00000	0.99977	0.00000	0.00000	0.00000	0.00023
572	0.00000	1.00000	0.00000	0.00000	0.00000	0.00000
573	0.00000	0.99379	0.00000	0.00000	0.00000	0.00621
574	0.00000	0.99997	0.00000	0.00000	0.00000	0.00003
575	0.00000	0.00000	0.00001	0.38759	0.61239	0.00000
576	0.00000	1.00000	0.00000	0.00000	0.00000	0.00000
577	1.00000	0.00000	0.00000	0.00000	0.00000	0.00000
578	0.00000	1.00000	0.00000	0.00000	0.00000	0.00000
579	0.00000	1.00000	0.00000	0.00000	0.00000	0.00000
580	0.00000	0.99385	0.00000	0.00004	0.00000	0.00611
581	0.00000	0.99989	0.00000	0.00000	0.00000	0.00011
582	0.00000	0.99999	0.00000	0.00000	0.00000	0.00001
583	0.00000	0.74052	0.00000	0.04870	0.00000	0.21078
584	0.00000	0.99995	0.00000	0.00000	0.00000	0.00005
585	0.00000	0.79269	0.00000	0.00000	0.00000	0.20731
586	0.00000	0.99998	0.00000	0.00000	0.00000	0.00002
587	0.00000	0.99989	0.00000	0.00000	0.00000	0.00011
588	0.00000	0.99999	0.00000	0.00000	0.00000	0.00001
589	0.00000	1.00000	0.00000	0.00000	0.00000	0.00000
590	0.00000	1.00000	0.00000	0.00000	0.00000	0.00000
591	0.00000	0.84142	0.00000	0.01895	0.00000	0.13962
592	0.00000	0.99768	0.00000	0.00001	0.00000	0.00231
593	0.00000	0.99996	0.00000	0.00000	0.00000	0.00004
594	0.00000	1.00000	0.00000	0.00000	0.00000	0.00000
595	0.00000	1.00000	0.00000	0.00000	0.00000	0.00000
596	0.00000	0.00000	0.00000	0.99933	0.00000	0.00067
597	0.00000	0.99996	0.00000	0.00000	0.00000	0.00004
598	0.00000	0.99807	0.00000	0.00000	0.00000	0.00193
599	0.00000	0.04647	0.00000	0.02495	0.00000	0.92858
600	0.00000	0.99981	0.00000	0.00000	0.00000	0.00019
601	0.00000	0.90455	0.00000	0.00842	0.00000	0.08704
602	0.62995	0.00000	0.00000	0.00074	0.36931	0.00000
603	0.98498	0.00000	0.00000	0.00023	0.01479	0.00000
604	0.00000	0.99997	0.00000	0.00000	0.00000	0.00003
605	0.00000	0.96164	0.00000	0.00054	0.00000	0.03782
606	0.00000	0.99996	0.00000	0.00000	0.00000	0.00004
607	0.00000	1.00000	0.00000	0.00000	0.00000	0.00000
608	0.00000	1.00000	0.00000	0.00000	0.00000	0.00000
609	0.00000	0.99997	0.00000	0.00000	0.00000	0.00003
610	0.99217	0.00000	0.00000	0.00000	0.00783	0.00000
611	0.00000	0.99984	0.00000	0.00000	0.00000	0.00016
612	0.00000	0.99956	0.00000	0.00000	0.00000	0.00044
613	0.00000	0.99998	0.00000	0.00000	0.00000	0.00002
614	0.00000	0.99172	0.00000	0.00007	0.00000	0.00822
615	0.00000	1.00000	0.00000	0.00000	0.00000	0.00000
616	0.00000	0.99999	0.00000	0.00000	0.00000	0.00001
617	0.00000	1.00000	0.00000	0.00000	0.00000	0.00000
618	0.00000	0.99998	0.00000	0.00000	0.00000	0.00002
619	0.00000	0.99969	0.00000	0.00000	0.00000	0.00031
620	0.00000	1.00000	0.00000	0.00000	0.00000	0.00000
621	0.00000	1.00000	0.00000	0.00000	0.00000	0.00000
622	0.00000	0.99957	0.00000	0.00000	0.00000	0.00043
623	0.00000	1.00000	0.00000	0.00000	0.00000	0.00000
624	0.00000	0.99457	0.00000	0.00000	0.00000	0.00543
625	0.00000	0.99880	0.00000	0.00000	0.00000	0.00120
626	0.00000	0.92246	0.00000	0.00562	0.00000	0.07192
627	0.00000	0.99998	0.00000	0.00000	0.00000	0.00002
628	0.00000	0.99996	0.00000	0.00000	0.00000	0.00004
629	0.00000	1.00000	0.00000	0.00000	0.00000	0.00000
630	0.00000	1.00000	0.00000	0.00000	0.00000	0.00000
631	0.00000	1.00000	0.00000	0.00000	0.00000	0.00000
632	0.99999	0.00000	0.00000	0.00000	0.00001	0.00000
633	0.00000	1.00000	0.00000	0.00000	0.00000	0.00000
634	0.00000	1.00000	0.00000	0.00000	0.00000	0.00000
635	0.00000	1.00000	0.00000	0.00000	0.00000	0.00000
636	0.00000	0.99939	0.00000	0.00000	0.00000	0.00061
637	0.00000	0.99996	0.00000	0.00000	0.00000	0.00004
638	0.00000	1.00000	0.00000	0.00000	0.00000	0.00000
639	0.00000	0.99998	0.00000	0.00000	0.00000	0.00002
640	0.00000	0.99999	0.00000	0.00000	0.00000	0.00001
641	0.00000	0.99917	0.00000	0.00000	0.00000	0.00083
642	0.00000	0.99993	0.00000	0.00000	0.00000	0.00007
643	0.00000	1.00000	0.00000	0.00000	0.00000	0.00000
644	0.00000	0.00000	0.00000	0.00025	0.00000	0.99975
645	0.00000	1.00000	0.00000	0.00000	0.00000	0.00000
646	0.00000	0.99990	0.00000	0.00000	0.00000	0.00010
647	0.00000	1.00000	0.00000	0.00000	0.00000	0.00000
648	0.00000	1.00000	0.00000	0.00000	0.00000	0.00000
649	0.00000	0.99850	0.00000	0.00000	0.00000	0.00150
650	0.99994	0.00000	0.00000	0.00000	0.00006	0.00000
651	0.00000	0.99999	0.00000	0.00000	0.00000	0.00001
652	0.00000	1.00000	0.00000	0.00000	0.00000	0.00000
653	0.97149	0.00000	0.00000	0.00042	0.02810	0.00000
654	0.00000	1.00000	0.00000	0.00000	0.00000	0.00000
655	0.00000	1.00000	0.00000	0.00000	0.00000	0.00000
656	0.00000	1.00000	0.00000	0.00000	0.00000	0.00000
657	0.00000	0.99987	0.00000	0.00000	0.00000	0.00013
658	0.00000	1.00000	0.00000	0.00000	0.00000	0.00000
659	0.99680	0.00000	0.00000	0.00001	0.00319	0.00000
660	0.00000	0.99902	0.00000	0.00000	0.00000	0.00098
661	0.00000	0.99993	0.00000	0.00000	0.00000	0.00007
662	0.00000	0.99999	0.00000	0.00000	0.00000	0.00001
663	0.00000	0.58986	0.00031	0.13200	0.00015	0.27767
664	1.00000	0.00000	0.00000	0.00000	0.00000	0.00000
665	0.00000	0.99922	0.00000	0.00000	0.00000	0.00078
666	0.99999	0.00000	0.00000	0.00000	0.00001	0.00000
667	0.99999	0.00000	0.00000	0.00000	0.00001	0.00000
668	0.99978	0.00000	0.00000	0.00000	0.00022	0.00000
669	0.99997	0.00000	0.00000	0.00000	0.00003	0.00000
670	0.99888	0.00000	0.00000	0.00000	0.00112	0.00000
671	0.00000	0.99998	0.00000	0.00000	0.00000	0.00002
672	0.00000	0.99994	0.00000	0.00000	0.00000	0.00006
673	0.00000	1.00000	0.00000	0.00000	0.00000	0.00000
674	0.00000	0.93421	0.00000	0.00420	0.00000	0.06159
675	0.00000	0.99989	0.00000	0.00000	0.00000	0.00011
676	0.00000	0.99969	0.00000	0.00000	0.00000	0.00031
677	0.00000	1.00000	0.00000	0.00000	0.00000	0.00000
678	0.99997	0.00000	0.00000	0.00000	0.00003	0.00000
679	0.00000	0.99992	0.00000	0.00000	0.00000	0.00008
680	0.00000	0.99997	0.00000	0.00000	0.00000	0.00003
681	0.00000	1.00000	0.00000	0.00000	0.00000	0.00000
682	0.00000	1.00000	0.00000	0.00000	0.00000	0.00000
683	0.00000	0.99999	0.00000	0.00000	0.00000	0.00001
684	0.00000	0.99997	0.00000	0.00000	0.00000	0.00003
685	0.00000	1.00000	0.00000	0.00000	0.00000	0.00000
686	0.00000	0.99999	0.00000	0.00000	0.00000	0.00001
687	0.00000	1.00000	0.00000	0.00000	0.00000	0.00000
688	0.00000	1.00000	0.00000	0.00000	0.00000	0.00000
689	0.00000	0.99988	0.00000	0.00000	0.00000	0.00012
690	0.00000	0.99999	0.00000	0.00000	0.00000	0.00001
691	0.00000	0.99999	0.00000	0.00000	0.00000	0.00001
692	0.00000	1.00000	0.00000	0.00000	0.00000	0.00000
693	0.00000	0.99985	0.00000	0.00000	0.00000	0.00015
694	0.00000	0.94114	0.00000	0.00395	0.00000	0.05491
695	0.00000	0.99998	0.00000	0.00000	0.00000	0.00002
696	0.00000	1.00000	0.00000	0.00000	0.00000	0.00000
697	0.00000	0.99966	0.00000	0.00000	0.00000	0.00034
698	0.00000	0.99999	0.00000	0.00000	0.00000	0.00001
699	0.00000	0.99999	0.00000	0.00000	0.00000	0.00001
700	0.00000	0.99997	0.00000	0.00000	0.00000	0.00003
701	1.00000	0.00000	0.00000	0.00000	0.00000	0.00000
702	1.00000	0.00000	0.00000	0.00000	0.00000	0.00000
703	0.99997	0.00000	0.00000	0.00000	0.00003	0.00000
704	0.97426	0.00000	0.00000	0.00055	0.02518	0.00000
705	0.00000	0.99998	0.00000	0.00000	0.00000	0.00002
706	0.00000	0.99990	0.00000	0.00000	0.00000	0.00010
707	0.99885	0.00000	0.00000	0.00000	0.00115	0.00000
708	0.00000	1.00000	0.00000	0.00000	0.00000	0.00000
709	0.00000	0.99965	0.00000	0.00000	0.00000	0.00035
710	0.00000	1.00000	0.00000	0.00000	0.00000	0.00000
711	0.00000	0.99991	0.00000	0.00000	0.00000	0.00009
712	0.00000	1.00000	0.00000	0.00000	0.00000	0.00000
713	0.00000	0.99942	0.00000	0.00000	0.00000	0.00058
714	0.99991	0.00000	0.00000	0.00000	0.00009	0.00000
715	0.00000	0.65015	0.00137	0.08978	0.00037	0.25833
716	0.00000	0.99656	0.00000	0.00000	0.00000	0.00344
717	0.00000	0.99994	0.00000	0.00000	0.00000	0.00006
718	0.99882	0.00000	0.00000	0.00000	0.00118	0.00000
719	0.00000	0.99688	0.00000	0.00000	0.00000	0.00312
720	0.00000	0.99163	0.00000	0.00000	0.00000	0.00837
721	0.00000	1.00000	0.00000	0.00000	0.00000	0.00000
722	0.00000	1.00000	0.00000	0.00000	0.00000	0.00000
723	0.00000	0.99998	0.00000	0.00000	0.00000	0.00002
724	0.00000	0.97303	0.00000	0.00057	0.00000	0.02640
725	0.00000	0.86669	0.00001	0.01596	0.00000	0.11734
726	0.00000	0.99998	0.00000	0.00000	0.00000	0.00002
727	0.00000	0.99997	0.00000	0.00000	0.00000	0.00003
728	0.00000	0.95776	0.00000	0.00182	0.00000	0.04042
729	0.00000	0.99999	0.00000	0.00000	0.00000	0.00001
730	0.00000	0.99999	0.00000	0.00000	0.00000	0.00001
731	0.00000	0.99994	0.00000	0.00000	0.00000	0.00006
732	0.99984	0.00000	0.00000	0.00000	0.00016	0.00000
733	0.00000	0.99997	0.00000	0.00000	0.00000	0.00003
734	0.00000	1.00000	0.00000	0.00000	0.00000	0.00000
735	0.00000	0.99997	0.00000	0.00000	0.00000	0.00003
736	0.00000	0.96775	0.00000	0.00064	0.00000	0.03161
737	0.00000	0.99998	0.00000	0.00000	0.00000	0.00002
738	1.00000	0.00000	0.00000	0.00000	0.00000	0.00000
739	0.00000	0.97452	0.00000	0.00046	0.00000	0.02502
740	0.00000	1.00000	0.00000	0.00000	0.00000	0.00000
741	1.00000	0.00000	0.00000	0.00000	0.00000	0.00000
742	0.00000	1.00000	0.00000	0.00000	0.00000	0.00000
743	0.00000	1.00000	0.00000	0.00000	0.00000	0.00000
744	0.00000	0.99988	0.00000	0.00000	0.00000	0.00012
745	1.00000	0.00000	0.00000	0.00000	0.00000	0.00000
746	0.00000	1.00000	0.00000	0.00000	0.00000	0.00000
747	0.00000	0.99998	0.00000	0.00000	0.00000	0.00002
748	0.00000	1.00000	0.00000	0.00000	0.00000	0.00000
749	0.00000	0.99834	0.00000	0.00000	0.00000	0.00166
750	0.39803	0.00000	0.00084	0.27271	0.32772	0.00070
751	0.00000	1.00000	0.00000	0.00000	0.00000	0.00000
752	0.00000	1.00000	0.00000	0.00000	0.00000	0.00000
753	0.00000	1.00000	0.00000	0.00000	0.00000	0.00000
754	0.00000	1.00000	0.00000	0.00000	0.00000	0.00000
755	0.00000	0.99998	0.00000	0.00000	0.00000	0.00002
756	0.00000	1.00000	0.00000	0.00000	0.00000	0.00000
757	0.00000	0.94700	0.00000	0.00243	0.00000	0.05057
758	0.00000	0.99103	0.00000	0.00007	0.00000	0.00890
759	0.43661	0.00000	0.00000	0.00001	0.56338	0.00000
760	0.99999	0.00000	0.00000	0.00000	0.00001	0.00000
761	0.00000	0.99422	0.00000	0.00000	0.00000	0.00578
762	0.00000	0.99996	0.00000	0.00000	0.00000	0.00004
763	0.00000	1.00000	0.00000	0.00000	0.00000	0.00000
764	0.00000	0.99999	0.00000	0.00000	0.00000	0.00001
765	0.00000	0.99999	0.00000	0.00000	0.00000	0.00001
766	0.00000	1.00000	0.00000	0.00000	0.00000	0.00000
767	0.00000	0.99999	0.00000	0.00000	0.00000	0.00001
768	0.00000	0.99997	0.00000	0.00000	0.00000	0.00003
769	0.00000	0.99978	0.00000	0.00000	0.00000	0.00022
770	0.00000	1.00000	0.00000	0.00000	0.00000	0.00000
771	0.00000	1.00000	0.00000	0.00000	0.00000	0.00000
772	0.00000	0.99989	0.00000	0.00000	0.00000	0.00011
773	0.00000	0.99752	0.00000	0.00001	0.00000	0.00247
774	0.00000	0.08462	0.00000	0.06400	0.00000	0.85138
775	0.00000	1.00000	0.00000	0.00000	0.00000	0.00000
776	0.00000	0.99996	0.00000	0.00000	0.00000	0.00004
