UponCompletionOf_1000000_sweeps
LocNumber LocName AlleleNumber AlleleName FreqInPop0 FreqInPop1 SDInPop0 SDinPop1
0	LdDocent_Contig_594_22	0	1	0.997744	0.987881	0.003151	0.003295
0	LdDocent_Contig_594_22	1	2	0.002256	0.012119	0.003151	0.003295
1	LdDocent_Contig_384_321	0	1	0.973705	0.998509	0.010255	0.001214
1	LdDocent_Contig_384_321	1	2	0.026295	0.001491	0.010255	0.001214
2	LdDocent_Contig_6076_371	0	2	0.998022	0.973958	0.002793	0.004731
2	LdDocent_Contig_6076_371	1	1	0.001978	0.026042	0.002793	0.004731
3	LdDocent_Contig_940_379	0	1	0.016716	0.997670	0.008360	0.001503
3	LdDocent_Contig_940_379	1	2	0.983284	0.002330	0.008360	0.001503
4	LdDocent_Contig_6752_358	0	1	0.997634	0.987158	0.003336	0.003469
4	LdDocent_Contig_6752_358	1	2	0.002366	0.012842	0.003336	0.003469
5	LdDocent_Contig_2239_446	0	1	0.997349	0.969013	0.003736	0.005122
5	LdDocent_Contig_2239_446	1	2	0.002651	0.030987	0.003736	0.005122
6	LdDocent_Contig_31285_385	0	1	0.997941	0.988544	0.002903	0.003223
6	LdDocent_Contig_31285_385	1	2	0.002059	0.011456	0.002903	0.003223
7	LdDocent_Contig_73591_371	0	1	0.285822	0.984760	0.031244	0.003691
7	LdDocent_Contig_73591_371	1	2	0.714178	0.015240	0.031244	0.003691
8	LdDocent_Contig_2739_120	0	1	0.997972	0.969689	0.002853	0.005017
8	LdDocent_Contig_2739_120	1	2	0.002028	0.030311	0.002853	0.005017
9	LdDocent_Contig_671_38	0	1	0.009902	0.987288	0.006417	0.003439
9	LdDocent_Contig_671_38	1	2	0.990098	0.012712	0.006417	0.003439
10	LdDocent_Contig_64588_406	0	1	0.997709	0.989514	0.003194	0.003090
10	LdDocent_Contig_64588_406	1	2	0.002291	0.010486	0.003194	0.003090
11	LdDocent_Contig_3819_130	0	1	0.996752	0.992306	0.004369	0.002705
11	LdDocent_Contig_3819_130	1	2	0.003248	0.007694	0.004369	0.002705
12	LdDocent_Contig_261_140	0	1	0.992545	0.785747	0.006051	0.012965
12	LdDocent_Contig_261_140	1	2	0.007455	0.214253	0.006051	0.012965
13	LdDocent_Contig_2200_66	0	1	0.921221	0.999510	0.017113	0.000692
13	LdDocent_Contig_2200_66	1	2	0.078779	0.000490	0.017113	0.000692
14	LdDocent_Contig_13789_391	0	1	0.952462	0.977452	0.013994	0.004491
14	LdDocent_Contig_13789_391	1	2	0.047538	0.022548	0.013994	0.004491
15	LdDocent_Contig_81466_125	0	1	0.997595	0.984621	0.003372	0.003768
15	LdDocent_Contig_81466_125	1	2	0.002405	0.015379	0.003372	0.003768
16	LdDocent_Contig_15609_391	0	1	0.885650	0.999511	0.021312	0.000691
16	LdDocent_Contig_15609_391	1	2	0.114350	0.000489	0.021312	0.000691
17	LdDocent_Contig_608_527	0	1	0.010867	0.997137	0.006817	0.001720
17	LdDocent_Contig_608_527	1	2	0.989133	0.002863	0.006817	0.001720
18	LdDocent_Contig_13782_327	0	1	0.991487	0.917215	0.006330	0.008241
18	LdDocent_Contig_13782_327	1	2	0.008513	0.082785	0.006330	0.008241
19	LdDocent_Contig_7418_480	0	1	0.994033	0.941952	0.004844	0.007123
19	LdDocent_Contig_7418_480	1	2	0.005967	0.058048	0.004844	0.007123
20	LdDocent_Contig_18297_138	0	1	0.997241	0.979582	0.003801	0.004484
20	LdDocent_Contig_18297_138	1	2	0.002759	0.020418	0.003801	0.004484
21	LdDocent_Contig_38164_51	0	1	0.962842	0.999529	0.011856	0.000664
21	LdDocent_Contig_38164_51	1	2	0.037158	0.000471	0.011856	0.000664
22	LdDocent_Contig_91667_33	0	1	0.993124	0.954319	0.005583	0.006685
22	LdDocent_Contig_91667_33	1	2	0.006876	0.045681	0.005583	0.006685
23	LdDocent_Contig_13621_496	0	1	0.996132	0.992179	0.005445	0.002671
23	LdDocent_Contig_13621_496	1	2	0.003868	0.007821	0.005445	0.002671
24	LdDocent_Contig_67838_468	0	1	0.992971	0.992241	0.005702	0.002819
24	LdDocent_Contig_67838_468	1	2	0.007029	0.007759	0.005702	0.002819
25	LdDocent_Contig_930_502	0	1	0.993728	0.984022	0.005097	0.003901
25	LdDocent_Contig_930_502	1	2	0.006272	0.015978	0.005097	0.003901
26	LdDocent_Contig_69005_402	0	1	0.622891	0.992940	0.034043	0.002637
26	LdDocent_Contig_69005_402	1	2	0.377109	0.007060	0.034043	0.002637
27	LdDocent_Contig_2296_38	0	1	0.997384	0.987093	0.003549	0.003521
27	LdDocent_Contig_2296_38	1	2	0.002616	0.012907	0.003549	0.003521
28	LdDocent_Contig_60974_395	0	1	0.997848	0.992200	0.003038	0.002838
28	LdDocent_Contig_60974_395	1	2	0.002152	0.007800	0.003038	0.002838
29	LdDocent_Contig_93081_398	0	1	0.997670	0.988512	0.003284	0.003365
29	LdDocent_Contig_93081_398	1	2	0.002330	0.011488	0.003284	0.003365
30	LdDocent_Contig_75545_417	0	1	0.998160	0.984758	0.002594	0.003612
30	LdDocent_Contig_75545_417	1	2	0.001840	0.015242	0.002594	0.003612
31	LdDocent_Contig_7536_444	0	1	0.997832	0.966285	0.003057	0.005725
31	LdDocent_Contig_7536_444	1	2	0.002168	0.033715	0.003057	0.005725
32	LdDocent_Contig_5091_48	0	1	0.997909	0.986759	0.002947	0.003457
32	LdDocent_Contig_5091_48	1	2	0.002091	0.013241	0.002947	0.003457
33	LdDocent_Contig_1631_10	0	1	0.997994	0.989266	0.002823	0.003017
33	LdDocent_Contig_1631_10	1	2	0.002006	0.010734	0.002823	0.003017
34	LdDocent_Contig_64713_69	0	1	0.928314	0.999533	0.016987	0.000660
34	LdDocent_Contig_64713_69	1	2	0.071686	0.000467	0.016987	0.000660
35	LdDocent_Contig_13523_370	0	1	0.997744	0.975642	0.003183	0.004769
35	LdDocent_Contig_13523_370	1	2	0.002256	0.024358	0.003183	0.004769
36	LdDocent_Contig_81828_436	0	1	0.997698	0.991522	0.003250	0.002891
36	LdDocent_Contig_81828_436	1	2	0.002302	0.008478	0.003250	0.002891
37	LdDocent_Contig_668_73	0	1	0.975296	0.981760	0.009546	0.003895
37	LdDocent_Contig_668_73	1	2	0.024704	0.018240	0.009546	0.003895
38	LdDocent_Contig_73960_330	0	1	0.997926	0.986753	0.002923	0.003452
38	LdDocent_Contig_73960_330	1	2	0.002074	0.013247	0.002923	0.003452
39	LdDocent_Contig_10199_293	0	1	0.997782	0.989697	0.003124	0.003159
39	LdDocent_Contig_10199_293	1	2	0.002218	0.010303	0.003124	0.003159
40	LdDocent_Contig_1175_79	0	1	0.997207	0.979425	0.003743	0.004149
40	LdDocent_Contig_1175_79	1	2	0.002793	0.020575	0.003743	0.004149
41	LdDocent_Contig_115_104	0	1	0.953418	0.998650	0.013391	0.001102
41	LdDocent_Contig_115_104	1	2	0.046582	0.001350	0.013391	0.001102
42	LdDocent_Contig_18013_371	0	1	0.997776	0.986354	0.003138	0.003685
42	LdDocent_Contig_18013_371	1	2	0.002224	0.013646	0.003138	0.003685
43	LdDocent_Contig_67629_426	0	1	0.997977	0.992237	0.002853	0.002654
43	LdDocent_Contig_67629_426	1	2	0.002023	0.007763	0.002853	0.002654
44	LdDocent_Contig_13628_392	0	1	0.996523	0.990363	0.004349	0.003032
44	LdDocent_Contig_13628_392	1	2	0.003477	0.009637	0.004349	0.003032
45	LdDocent_Contig_74432_382	0	1	0.993579	0.897015	0.005418	0.009288
45	LdDocent_Contig_74432_382	1	2	0.006421	0.102985	0.005418	0.009288
46	LdDocent_Contig_2015_499	0	1	0.997846	0.991464	0.003033	0.002915
46	LdDocent_Contig_2015_499	1	2	0.002154	0.008536	0.003033	0.002915
47	LdDocent_Contig_27474_401	0	1	0.997680	0.986165	0.003271	0.003606
47	LdDocent_Contig_27474_401	1	2	0.002320	0.013835	0.003271	0.003606
48	LdDocent_Contig_1600_411	0	1	0.997793	0.989614	0.003108	0.003190
48	LdDocent_Contig_1600_411	1	2	0.002207	0.010386	0.003108	0.003190
49	LdDocent_Contig_18877_34	0	1	0.950374	0.997260	0.013816	0.001721
49	LdDocent_Contig_18877_34	1	2	0.049626	0.002740	0.013816	0.001721
50	LdDocent_Contig_90843_36	0	1	0.936618	0.999508	0.016072	0.000696
50	LdDocent_Contig_90843_36	1	2	0.063382	0.000492	0.016072	0.000696
51	LdDocent_Contig_16031_24	0	1	0.997780	0.986309	0.003132	0.003569
51	LdDocent_Contig_16031_24	1	2	0.002220	0.013691	0.003132	0.003569
52	LdDocent_Contig_17450_416	0	1	0.993833	0.994015	0.005001	0.002340
52	LdDocent_Contig_17450_416	1	2	0.006167	0.005985	0.005001	0.002340
53	LdDocent_Contig_1937_458	0	1	0.997511	0.973436	0.003458	0.004926
53	LdDocent_Contig_1937_458	1	2	0.002489	0.026564	0.003458	0.004926
54	LdDocent_Contig_5099_92	0	1	0.779107	0.997737	0.025939	0.001429
54	LdDocent_Contig_5099_92	1	2	0.220893	0.002263	0.025939	0.001429
55	LdDocent_Contig_93959_359	0	1	0.993467	0.981196	0.005301	0.004216
55	LdDocent_Contig_93959_359	1	2	0.006533	0.018804	0.005301	0.004216
56	LdDocent_Contig_7550_432	0	1	0.969028	0.999547	0.011123	0.000641
56	LdDocent_Contig_7550_432	1	2	0.030972	0.000453	0.011123	0.000641
57	LdDocent_Contig_836_77	0	1	0.005853	0.501430	0.004771	0.014649
57	LdDocent_Contig_836_77	1	2	0.994147	0.498570	0.004771	0.014649
58	LdDocent_Contig_1251_33	0	1	0.465923	0.999576	0.035994	0.000600
58	LdDocent_Contig_1251_33	1	2	0.534077	0.000424	0.035994	0.000600
59	LdDocent_Contig_15323_432	0	1	0.979980	0.992918	0.009318	0.002574
59	LdDocent_Contig_15323_432	1	2	0.020020	0.007082	0.009318	0.002574
60	LdDocent_Contig_3810_26	0	1	0.945856	0.999535	0.014851	0.000656
60	LdDocent_Contig_3810_26	1	2	0.054144	0.000465	0.014851	0.000656
61	LdDocent_Contig_12501_435	0	1	0.949844	0.992797	0.030659	0.002461
61	LdDocent_Contig_12501_435	1	2	0.050156	0.007203	0.030659	0.002461
62	LdDocent_Contig_8309_329	0	1	0.998053	0.983033	0.002744	0.003807
62	LdDocent_Contig_8309_329	1	2	0.001947	0.016967	0.002744	0.003807
63	LdDocent_Contig_14998_119	0	1	0.987710	0.973874	0.007565	0.004970
63	LdDocent_Contig_14998_119	1	2	0.012290	0.026126	0.007565	0.004970
64	LdDocent_Contig_82_62	0	1	0.997921	0.984191	0.002932	0.003744
64	LdDocent_Contig_82_62	1	2	0.002079	0.015809	0.002932	0.003744
65	LdDocent_Contig_22010_387	0	1	0.997758	0.992521	0.003157	0.002721
65	LdDocent_Contig_22010_387	1	2	0.002242	0.007479	0.003157	0.002721
66	LdDocent_Contig_65005_143	0	1	0.953716	0.999517	0.013925	0.000683
66	LdDocent_Contig_65005_143	1	2	0.046284	0.000483	0.013925	0.000683
67	LdDocent_Contig_2749_435	0	1	0.997401	0.992817	0.003574	0.002643
67	LdDocent_Contig_2749_435	1	2	0.002599	0.007183	0.003574	0.002643
68	LdDocent_Contig_1011_519	0	1	0.597751	0.999518	0.034119	0.000682
68	LdDocent_Contig_1011_519	1	2	0.402249	0.000482	0.034119	0.000682
69	LdDocent_Contig_7113_415	0	1	0.984520	0.995691	0.008205	0.002026
69	LdDocent_Contig_7113_415	1	2	0.015480	0.004309	0.008205	0.002026
70	LdDocent_Contig_65499_411	0	1	0.997585	0.992608	0.003411	0.002684
70	LdDocent_Contig_65499_411	1	2	0.002415	0.007392	0.003411	0.002684
71	LdDocent_Contig_24534_432	0	1	0.984596	0.991803	0.008142	0.002795
71	LdDocent_Contig_24534_432	1	2	0.015404	0.008197	0.008142	0.002795
72	LdDocent_Contig_61345_82	0	1	0.997414	0.965103	0.003584	0.005690
72	LdDocent_Contig_61345_82	1	2	0.002586	0.034897	0.003584	0.005690
73	LdDocent_Contig_31023_420	0	1	0.968305	0.999528	0.011375	0.000667
73	LdDocent_Contig_31023_420	1	2	0.031695	0.000472	0.011375	0.000667
74	LdDocent_Contig_250_15	0	1	0.917713	0.999539	0.017393	0.000653
74	LdDocent_Contig_250_15	1	2	0.082287	0.000461	0.017393	0.000653
75	LdDocent_Contig_26396_434	0	1	0.997860	0.935302	0.003012	0.007411
75	LdDocent_Contig_26396_434	1	2	0.002140	0.064698	0.003012	0.007411
76	LdDocent_Contig_2523_454	0	1	0.998021	0.993387	0.002788	0.002407
76	LdDocent_Contig_2523_454	1	2	0.001979	0.006613	0.002788	0.002407
77	LdDocent_Contig_55464_10	0	1	0.850604	0.807769	0.023201	0.012121
77	LdDocent_Contig_55464_10	1	2	0.149396	0.192231	0.023201	0.012121
78	LdDocent_Contig_1900_402	0	1	0.997841	0.938607	0.003040	0.007130
78	LdDocent_Contig_1900_402	1	2	0.002159	0.061393	0.003040	0.007130
79	LdDocent_Contig_62356_87	0	1	0.997143	0.989491	0.003810	0.003125
79	LdDocent_Contig_62356_87	1	2	0.002857	0.010509	0.003810	0.003125
80	LdDocent_Contig_5780_110	0	1	0.888198	0.998638	0.019381	0.001111
80	LdDocent_Contig_5780_110	1	2	0.111802	0.001362	0.019381	0.001111
81	LdDocent_Contig_95298_127	0	2	0.968960	0.923157	0.010460	0.007602
81	LdDocent_Contig_95298_127	1	1	0.031040	0.076843	0.010460	0.007602
82	LdDocent_Contig_3582_360	0	1	0.990387	0.810373	0.006031	0.011322
82	LdDocent_Contig_3582_360	1	2	0.009613	0.189627	0.006031	0.011322
83	LdDocent_Contig_13900_389	0	1	0.997688	0.948726	0.003257	0.006831
83	LdDocent_Contig_13900_389	1	2	0.002312	0.051274	0.003257	0.006831
84	LdDocent_Contig_10275_57	0	1	0.263982	0.853331	0.029495	0.010850
84	LdDocent_Contig_10275_57	1	2	0.736018	0.146669	0.029495	0.010850
85	LdDocent_Contig_29255_349	0	1	0.988976	0.828585	0.006905	0.012003
85	LdDocent_Contig_29255_349	1	2	0.011024	0.171415	0.006905	0.012003
86	LdDocent_Contig_85597_421	0	1	0.007185	0.474682	0.005825	0.015970
86	LdDocent_Contig_85597_421	1	2	0.992815	0.525318	0.005825	0.015970
87	LdDocent_Contig_200_339	0	1	0.998032	0.983376	0.002771	0.003733
87	LdDocent_Contig_200_339	1	2	0.001968	0.016624	0.002771	0.003733
88	LdDocent_Contig_18440_477	0	1	0.997617	0.990420	0.003361	0.003092
88	LdDocent_Contig_18440_477	1	2	0.002383	0.009580	0.003361	0.003092
89	LdDocent_Contig_1023_106	0	1	0.997460	0.716437	0.003571	0.014460
89	LdDocent_Contig_1023_106	1	2	0.002540	0.283563	0.003571	0.014460
90	LdDocent_Contig_1276_33	0	1	0.021098	0.412254	0.008877	0.014347
90	LdDocent_Contig_1276_33	1	2	0.978902	0.587746	0.008877	0.014347
91	LdDocent_Contig_6152_64	0	1	0.997922	0.789548	0.002934	0.012262
91	LdDocent_Contig_6152_64	1	2	0.002078	0.210452	0.002934	0.012262
92	LdDocent_Contig_1050_136	0	1	0.998104	0.991044	0.002674	0.002749
92	LdDocent_Contig_1050_136	1	2	0.001896	0.008956	0.002674	0.002749
93	LdDocent_Contig_5789_136	0	1	0.825351	0.772057	0.046693	0.012545
93	LdDocent_Contig_5789_136	1	2	0.174649	0.227943	0.046693	0.012545
94	LdDocent_Contig_3482_420	0	1	0.899820	0.987426	0.018912	0.003396
94	LdDocent_Contig_3482_420	1	2	0.100180	0.012574	0.018912	0.003396
95	LdDocent_Contig_62593_144	0	1	0.992778	0.897249	0.005834	0.009344
95	LdDocent_Contig_62593_144	1	2	0.007222	0.102751	0.005834	0.009344
96	LdDocent_Contig_60398_404	0	1	0.394153	0.790527	0.030167	0.012542
96	LdDocent_Contig_60398_404	1	2	0.605847	0.209473	0.030167	0.012542
97	LdDocent_Contig_37115_435	0	1	0.989456	0.990549	0.006620	0.003048
97	LdDocent_Contig_37115_435	1	2	0.010544	0.009451	0.006620	0.003048
98	LdDocent_Contig_66807_380	0	1	0.890661	0.967624	0.020142	0.005468
98	LdDocent_Contig_66807_380	1	2	0.109339	0.032376	0.020142	0.005468
99	LdDocent_Contig_5004_363	0	1	0.056403	0.997514	0.016459	0.001569
99	LdDocent_Contig_5004_363	1	2	0.943597	0.002486	0.016459	0.001569
100	LdDocent_Contig_2767_425	0	1	0.997892	0.992667	0.002976	0.002666
100	LdDocent_Contig_2767_425	1	2	0.002108	0.007333	0.002976	0.002666
101	LdDocent_Contig_3664_389	0	1	0.963585	0.987100	0.012226	0.003387
101	LdDocent_Contig_3664_389	1	2	0.036415	0.012900	0.012226	0.003387
102	LdDocent_Contig_87120_461	0	1	0.997803	0.990244	0.003099	0.003000
102	LdDocent_Contig_87120_461	1	2	0.002197	0.009756	0.003099	0.003000
103	LdDocent_Contig_95601_465	0	1	0.586853	0.998435	0.031263	0.001276
103	LdDocent_Contig_95601_465	1	2	0.413147	0.001565	0.031263	0.001276
104	LdDocent_Contig_826_64	0	1	0.998115	0.956742	0.002655	0.005948
104	LdDocent_Contig_826_64	1	2	0.001885	0.043258	0.002655	0.005948
105	LdDocent_Contig_56486_405	0	1	0.402475	0.994601	0.031653	0.002303
105	LdDocent_Contig_56486_405	1	2	0.597525	0.005399	0.031653	0.002303
106	LdDocent_Contig_1148_464	0	1	0.002165	0.995407	0.003053	0.002101
106	LdDocent_Contig_1148_464	1	2	0.997835	0.004593	0.003053	0.002101
107	LdDocent_Contig_16107_139	0	1	0.997556	0.962373	0.003418	0.006113
107	LdDocent_Contig_16107_139	1	2	0.002444	0.037627	0.003418	0.006113
108	LdDocent_Contig_245_458	0	1	0.998103	0.986461	0.002669	0.003415
108	LdDocent_Contig_245_458	1	2	0.001897	0.013539	0.002669	0.003415
109	LdDocent_Contig_379_118	0	1	0.973864	0.830015	0.012033	0.011375
109	LdDocent_Contig_379_118	1	2	0.026136	0.169985	0.012033	0.011375
110	LdDocent_Contig_1450_66	0	1	0.997498	0.979203	0.003531	0.004343
110	LdDocent_Contig_1450_66	1	2	0.002502	0.020797	0.003531	0.004343
111	LdDocent_Contig_6165_441	0	1	0.102441	0.983489	0.020172	0.004028
111	LdDocent_Contig_6165_441	1	2	0.897559	0.016511	0.020172	0.004028
112	LdDocent_Contig_91285_26	0	1	0.997946	0.988131	0.002892	0.003333
112	LdDocent_Contig_91285_26	1	2	0.002054	0.011869	0.002892	0.003333
113	LdDocent_Contig_87375_64	0	1	0.997056	0.987382	0.004144	0.003412
113	LdDocent_Contig_87375_64	1	2	0.002944	0.012618	0.004144	0.003412
114	LdDocent_Contig_2064_430	0	1	0.318328	0.997789	0.029003	0.001405
114	LdDocent_Contig_2064_430	1	2	0.681672	0.002211	0.029003	0.001405
115	LdDocent_Contig_73992_382	0	1	0.986603	0.993452	0.007107	0.002381
115	LdDocent_Contig_73992_382	1	2	0.013397	0.006548	0.007107	0.002381
116	LdDocent_Contig_38898_83	0	1	0.997761	0.955334	0.003158	0.006408
116	LdDocent_Contig_38898_83	1	2	0.002239	0.044666	0.003158	0.006408
117	LdDocent_Contig_67329_467	0	1	0.997802	0.979904	0.003095	0.004394
117	LdDocent_Contig_67329_467	1	2	0.002198	0.020096	0.003095	0.004394
118	LdDocent_Contig_537_342	0	1	0.095375	0.997539	0.019055	0.001633
118	LdDocent_Contig_537_342	1	2	0.904625	0.002461	0.019055	0.001633
119	LdDocent_Contig_164_128	0	2	0.548550	0.484115	0.075541	0.014742
119	LdDocent_Contig_164_128	1	1	0.451450	0.515885	0.075541	0.014742
120	LdDocent_Contig_96192_356	0	1	0.200773	0.996717	0.024534	0.001778
120	LdDocent_Contig_96192_356	1	2	0.799227	0.003283	0.024534	0.001778
121	LdDocent_Contig_6938_455	0	1	0.993503	0.956017	0.005275	0.006525
121	LdDocent_Contig_6938_455	1	2	0.006497	0.043983	0.005275	0.006525
122	LdDocent_Contig_3563_135	0	1	0.957429	0.929043	0.012802	0.007652
122	LdDocent_Contig_3563_135	1	2	0.042571	0.070957	0.012802	0.007652
123	LdDocent_Contig_74710_31	0	1	0.993924	0.992966	0.004940	0.002558
123	LdDocent_Contig_74710_31	1	2	0.006076	0.007034	0.004940	0.002558
124	LdDocent_Contig_1468_45	0	1	0.020770	0.862376	0.009654	0.010514
124	LdDocent_Contig_1468_45	1	2	0.979230	0.137624	0.009654	0.010514
125	LdDocent_Contig_26350_349	0	1	0.408604	0.462518	0.031580	0.015540
125	LdDocent_Contig_26350_349	1	2	0.591396	0.537482	0.031580	0.015540
126	LdDocent_Contig_236_21	0	1	0.998008	0.982283	0.002812	0.003975
126	LdDocent_Contig_236_21	1	2	0.001992	0.017717	0.002812	0.003975
127	LdDocent_Contig_5062_362	0	2	0.992868	0.980174	0.009987	0.004052
127	LdDocent_Contig_5062_362	1	1	0.007132	0.019826	0.009987	0.004052
128	LdDocent_Contig_2225_409	0	1	0.001950	0.998927	0.002749	0.001014
128	LdDocent_Contig_2225_409	1	2	0.998050	0.001073	0.002749	0.001014
129	LdDocent_Contig_71998_388	0	1	0.997552	0.989932	0.003447	0.003090
129	LdDocent_Contig_71998_388	1	2	0.002448	0.010068	0.003447	0.003090
130	LdDocent_Contig_25087_406	0	1	0.964362	0.999488	0.012756	0.000723
130	LdDocent_Contig_25087_406	1	2	0.035638	0.000512	0.012756	0.000723
131	LdDocent_Contig_2099_104	0	1	0.076609	0.997737	0.018660	0.001429
131	LdDocent_Contig_2099_104	1	2	0.923391	0.002263	0.018660	0.001429
132	LdDocent_Contig_626_446	0	1	0.997391	0.989914	0.003677	0.002956
132	LdDocent_Contig_626_446	1	2	0.002609	0.010086	0.003677	0.002956
133	LdDocent_Contig_59577_144	0	1	0.889440	0.998576	0.020589	0.001161
133	LdDocent_Contig_59577_144	1	2	0.110560	0.001424	0.020589	0.001161
134	LdDocent_Contig_1772_121	0	1	0.975890	0.989450	0.010131	0.003093
134	LdDocent_Contig_1772_121	1	2	0.024110	0.010550	0.010131	0.003093
135	LdDocent_Contig_68637_134	0	1	0.997568	0.338292	0.003426	0.014654
135	LdDocent_Contig_68637_134	1	2	0.002432	0.661708	0.003426	0.014654
136	LdDocent_Contig_59658_364	0	1	0.992797	0.970516	0.005757	0.005136
136	LdDocent_Contig_59658_364	1	2	0.007203	0.029484	0.005757	0.005136
137	LdDocent_Contig_1303_365	0	1	0.997286	0.988909	0.003784	0.003270
137	LdDocent_Contig_1303_365	1	2	0.002714	0.011091	0.003784	0.003270
138	LdDocent_Contig_2237_390	0	1	0.993166	0.993850	0.005551	0.002407
138	LdDocent_Contig_2237_390	1	2	0.006834	0.006150	0.005551	0.002407
139	LdDocent_Contig_503_92	0	1	0.917420	0.999543	0.017886	0.000644
139	LdDocent_Contig_503_92	1	2	0.082580	0.000457	0.017886	0.000644
140	LdDocent_Contig_6675_116	0	1	0.997879	0.478922	0.002990	0.015217
140	LdDocent_Contig_6675_116	1	2	0.002121	0.521078	0.002990	0.015217
141	LdDocent_Contig_3698_393	0	1	0.997908	0.855145	0.002953	0.010441
141	LdDocent_Contig_3698_393	1	2	0.002092	0.144855	0.002953	0.010441
142	LdDocent_Contig_3770_432	0	1	0.993682	0.988500	0.005129	0.003230
142	LdDocent_Contig_3770_432	1	2	0.006318	0.011500	0.005129	0.003230
143	LdDocent_Contig_627_11	0	1	0.998018	0.989391	0.002801	0.003112
143	LdDocent_Contig_627_11	1	2	0.001982	0.010609	0.002801	0.003112
144	LdDocent_Contig_189_138	0	1	0.018079	0.996872	0.008438	0.001687
144	LdDocent_Contig_189_138	1	2	0.981921	0.003128	0.008438	0.001687
145	LdDocent_Contig_73_392	0	1	0.981934	0.596775	0.008420	0.014186
145	LdDocent_Contig_73_392	1	2	0.018066	0.403225	0.008420	0.014186
146	LdDocent_Contig_913_80	0	1	0.954182	0.998521	0.013776	0.001212
146	LdDocent_Contig_913_80	1	2	0.045818	0.001479	0.013776	0.001212
147	LdDocent_Contig_35183_450	0	1	0.997039	0.990680	0.004090	0.002887
147	LdDocent_Contig_35183_450	1	2	0.002961	0.009320	0.004090	0.002887
148	LdDocent_Contig_6240_352	0	1	0.993724	0.942836	0.005090	0.007080
148	LdDocent_Contig_6240_352	1	2	0.006276	0.057164	0.005090	0.007080
149	LdDocent_Contig_89475_470	0	1	0.798526	0.998658	0.026375	0.001094
149	LdDocent_Contig_89475_470	1	2	0.201474	0.001342	0.026375	0.001094
150	LdDocent_Contig_87054_34	0	1	0.997972	0.984920	0.002865	0.003683
150	LdDocent_Contig_87054_34	1	2	0.002028	0.015080	0.002865	0.003683
151	LdDocent_Contig_95004_457	0	1	0.997760	0.918128	0.003160	0.008684
151	LdDocent_Contig_95004_457	1	2	0.002240	0.081872	0.003160	0.008684
152	LdDocent_Contig_29824_41	0	1	0.997771	0.955699	0.003147	0.006155
152	LdDocent_Contig_29824_41	1	2	0.002229	0.044301	0.003147	0.006155
153	LdDocent_Contig_143_44	0	1	0.997948	0.986523	0.002893	0.003511
153	LdDocent_Contig_143_44	1	2	0.002052	0.013477	0.002893	0.003511
154	LdDocent_Contig_13979_139	0	1	0.975901	0.870560	0.011189	0.010452
154	LdDocent_Contig_13979_139	1	2	0.024099	0.129440	0.011189	0.010452
155	LdDocent_Contig_1759_312	0	1	0.969160	0.999556	0.011065	0.000628
155	LdDocent_Contig_1759_312	1	2	0.030840	0.000444	0.011065	0.000628
156	LdDocent_Contig_530_20	0	1	0.997459	0.942915	0.003566	0.007451
156	LdDocent_Contig_530_20	1	2	0.002541	0.057085	0.003566	0.007451
157	LdDocent_Contig_83483_102	0	1	0.998055	0.918957	0.002744	0.007989
157	LdDocent_Contig_83483_102	1	2	0.001945	0.081043	0.002744	0.007989
158	LdDocent_Contig_723_69	0	1	0.957426	0.999507	0.013510	0.000695
158	LdDocent_Contig_723_69	1	2	0.042574	0.000493	0.013510	0.000695
159	LdDocent_Contig_68168_309	0	1	0.997906	0.977976	0.002960	0.004591
159	LdDocent_Contig_68168_309	1	2	0.002094	0.022024	0.002960	0.004591
160	LdDocent_Contig_16_120	0	1	0.994519	0.979996	0.004457	0.004084
160	LdDocent_Contig_16_120	1	2	0.005481	0.020004	0.004457	0.004084
161	LdDocent_Contig_814_432	0	1	0.882091	0.999500	0.021501	0.000707
161	LdDocent_Contig_814_432	1	2	0.117909	0.000500	0.021501	0.000707
162	LdDocent_Contig_1648_467	0	1	0.993069	0.987773	0.005658	0.003434
162	LdDocent_Contig_1648_467	1	2	0.006931	0.012227	0.005658	0.003434
163	LdDocent_Contig_31_430	0	1	0.997894	0.969951	0.002966	0.005113
163	LdDocent_Contig_31_430	1	2	0.002106	0.030049	0.002966	0.005113
164	LdDocent_Contig_715_109	0	1	0.996923	0.940523	0.004252	0.007198
164	LdDocent_Contig_715_109	1	2	0.003077	0.059477	0.004252	0.007198
165	LdDocent_Contig_72768_63	0	1	0.997935	0.984260	0.002916	0.003733
165	LdDocent_Contig_72768_63	1	2	0.002065	0.015740	0.002916	0.003733
166	LdDocent_Contig_1810_402	0	1	0.997780	0.962111	0.003129	0.005912
166	LdDocent_Contig_1810_402	1	2	0.002220	0.037889	0.003129	0.005912
167	LdDocent_Contig_7411_142	0	1	0.013596	0.998278	0.007757	0.001396
167	LdDocent_Contig_7411_142	1	2	0.986404	0.001722	0.007757	0.001396
168	LdDocent_Contig_14334_415	0	1	0.997721	0.924651	0.003209	0.008285
168	LdDocent_Contig_14334_415	1	2	0.002279	0.075349	0.003209	0.008285
169	LdDocent_Contig_311_397	0	1	0.997624	0.980662	0.003347	0.004128
169	LdDocent_Contig_311_397	1	2	0.002376	0.019338	0.003347	0.004128
170	LdDocent_Contig_32388_350	0	1	0.997675	0.977852	0.003275	0.004520
170	LdDocent_Contig_32388_350	1	2	0.002325	0.022148	0.003275	0.004520
171	LdDocent_Contig_1745_380	0	1	0.997868	0.949143	0.002997	0.006657
171	LdDocent_Contig_1745_380	1	2	0.002132	0.050857	0.002997	0.006657
172	LdDocent_Contig_61650_466	0	1	0.072619	0.957458	0.017452	0.006526
172	LdDocent_Contig_61650_466	1	2	0.927381	0.042542	0.017452	0.006526
173	LdDocent_Contig_1635_376	0	1	0.997802	0.980591	0.003096	0.004243
173	LdDocent_Contig_1635_376	1	2	0.002198	0.019409	0.003096	0.004243
174	LdDocent_Contig_34845_506	0	1	0.975103	0.995084	0.015497	0.002091
174	LdDocent_Contig_34845_506	1	2	0.024897	0.004916	0.015497	0.002091
175	LdDocent_Contig_10276_140	0	1	0.997855	0.968101	0.003031	0.005426
175	LdDocent_Contig_10276_140	1	2	0.002145	0.031899	0.003031	0.005426
176	LdDocent_Contig_34839_463	0	1	0.997492	0.991879	0.003536	0.002772
176	LdDocent_Contig_34839_463	1	2	0.002508	0.008121	0.003536	0.002772
177	LdDocent_Contig_13428_103	0	1	0.976884	0.993488	0.009730	0.002544
177	LdDocent_Contig_13428_103	1	2	0.023116	0.006512	0.009730	0.002544
178	LdDocent_Contig_2030_88	0	1	0.997787	0.969579	0.003087	0.005105
178	LdDocent_Contig_2030_88	1	2	0.002213	0.030421	0.003087	0.005105
179	LdDocent_Contig_20520_41	0	1	0.992458	0.963569	0.006053	0.006023
179	LdDocent_Contig_20520_41	1	2	0.007542	0.036431	0.006053	0.006023
180	LdDocent_Contig_1762_432	0	1	0.997760	0.983769	0.003159	0.003959
180	LdDocent_Contig_1762_432	1	2	0.002240	0.016231	0.003159	0.003959
181	LdDocent_Contig_94222_465	0	1	0.997903	0.993079	0.002952	0.002516
181	LdDocent_Contig_94222_465	1	2	0.002097	0.006921	0.002952	0.002516
182	LdDocent_Contig_8396_64	0	1	0.997818	0.947922	0.003071	0.007051
182	LdDocent_Contig_8396_64	1	2	0.002182	0.052078	0.003071	0.007051
183	LdDocent_Contig_2508_21	0	1	0.997839	0.984633	0.003051	0.003869
183	LdDocent_Contig_2508_21	1	2	0.002161	0.015367	0.003051	0.003869
184	LdDocent_Contig_66057_9	0	1	0.994101	0.992011	0.004797	0.002726
184	LdDocent_Contig_66057_9	1	2	0.005899	0.007989	0.004797	0.002726
185	LdDocent_Contig_520_320	0	1	0.922848	0.998544	0.017691	0.001187
185	LdDocent_Contig_520_320	1	2	0.077152	0.001456	0.017691	0.001187
186	LdDocent_Contig_85159_67	0	1	0.997116	0.992158	0.004060	0.002681
186	LdDocent_Contig_85159_67	1	2	0.002884	0.007842	0.004060	0.002681
187	LdDocent_Contig_3865_405	0	1	0.997674	0.988209	0.003276	0.003323
187	LdDocent_Contig_3865_405	1	2	0.002326	0.011791	0.003276	0.003323
188	LdDocent_Contig_2341_410	0	1	0.997651	0.992226	0.003302	0.002826
188	LdDocent_Contig_2341_410	1	2	0.002349	0.007774	0.003302	0.002826
189	LdDocent_Contig_20142_364	0	1	0.993940	0.978537	0.004919	0.004574
189	LdDocent_Contig_20142_364	1	2	0.006060	0.021463	0.004919	0.004574
190	LdDocent_Contig_87910_402	0	1	0.997961	0.981205	0.002873	0.004107
190	LdDocent_Contig_87910_402	1	2	0.002039	0.018795	0.002873	0.004107
191	LdDocent_Contig_61311_421	0	1	0.997937	0.991694	0.002904	0.002834
191	LdDocent_Contig_61311_421	1	2	0.002063	0.008306	0.002904	0.002834
192	LdDocent_Contig_71595_430	0	1	0.997315	0.992408	0.003783	0.002595
192	LdDocent_Contig_71595_430	1	2	0.002685	0.007592	0.003783	0.002595
193	LdDocent_Contig_79_378	0	1	0.996975	0.982430	0.004008	0.003815
193	LdDocent_Contig_79_378	1	2	0.003025	0.017570	0.004008	0.003815
194	LdDocent_Contig_18779_421	0	1	0.997933	0.992047	0.002910	0.002717
194	LdDocent_Contig_18779_421	1	2	0.002067	0.007953	0.002910	0.002717
195	LdDocent_Contig_83599_135	0	1	0.997893	0.984903	0.002973	0.003687
195	LdDocent_Contig_83599_135	1	2	0.002107	0.015097	0.002973	0.003687
196	LdDocent_Contig_30637_429	0	1	0.983901	0.957026	0.008589	0.006317
196	LdDocent_Contig_30637_429	1	2	0.016099	0.042974	0.008589	0.006317
197	LdDocent_Contig_88746_60	0	1	0.994600	0.846033	0.004389	0.010431
197	LdDocent_Contig_88746_60	1	2	0.005400	0.153967	0.004389	0.010431
198	LdDocent_Contig_65667_417	0	1	0.942939	0.998662	0.014541	0.001092
198	LdDocent_Contig_65667_417	1	2	0.057061	0.001338	0.014541	0.001092
199	LdDocent_Contig_790_438	0	1	0.994014	0.988864	0.004894	0.003131
199	LdDocent_Contig_790_438	1	2	0.005986	0.011136	0.004894	0.003131
