UponCompletionOf_1000000_sweeps
LocNumber LocName AlleleNumber AlleleName FreqInPop0 FreqInPop1 SDInPop0 SDinPop1
0	L522_30	0	1	0.995185	0.982480	0.004749	0.004126
0	L522_30	1	2	0.004815	0.017520	0.004749	0.004126
1	L1169_7	0	1	0.940005	0.998220	0.015011	0.001267
1	L1169_7	1	2	0.059995	0.001780	0.015011	0.001267
2	L535_415	0	1	0.039115	0.994661	0.012708	0.002176
2	L535_415	1	2	0.960885	0.005339	0.012708	0.002176
3	L657_90	0	1	0.995360	0.968443	0.004630	0.005341
3	L657_90	1	2	0.004640	0.031557	0.004630	0.005341
4	L15_504	0	1	0.995377	0.987020	0.004612	0.003572
4	L15_504	1	2	0.004623	0.012980	0.004612	0.003572
5	L742_327	0	1	0.995367	0.967235	0.004598	0.005306
5	L742_327	1	2	0.004633	0.032765	0.004598	0.005306
6	L282_312	0	1	0.967095	0.999065	0.011495	0.000933
6	L282_312	1	2	0.032905	0.000935	0.011495	0.000933
7	L98_467	0	1	0.995497	0.983612	0.004480	0.003829
7	L98_467	1	2	0.004503	0.016388	0.004480	0.003829
8	L974_442	0	1	0.995606	0.991743	0.004373	0.002745
8	L974_442	1	2	0.004394	0.008257	0.004373	0.002745
9	L969_454	0	1	0.992245	0.989849	0.005444	0.002914
9	L969_454	1	2	0.007755	0.010151	0.005444	0.002914
10	L705_71	0	1	0.926457	0.993328	0.016977	0.002500
10	L705_71	1	2	0.073543	0.006672	0.016977	0.002500
11	L1562_448	0	1	0.974665	0.997025	0.010186	0.001714
11	L1562_448	1	2	0.025335	0.002975	0.010186	0.001714
12	L763_103	0	1	0.996095	0.991251	0.003891	0.002754
12	L763_103	1	2	0.003905	0.008749	0.003891	0.002754
13	L251_400	0	1	0.945393	0.999132	0.014179	0.000866
13	L251_400	1	2	0.054607	0.000868	0.014179	0.000866
14	L1707_349	0	1	0.981535	0.985781	0.009079	0.003691
14	L1707_349	1	2	0.018465	0.014219	0.009079	0.003691
15	L1179_9	0	1	0.991976	0.991594	0.005634	0.002788
15	L1179_9	1	2	0.008024	0.008406	0.005634	0.002788
16	L1465_314	0	1	0.995839	0.987916	0.004127	0.003222
16	L1465_314	1	2	0.004161	0.012084	0.004127	0.003222
17	L1023_22	0	1	0.995477	0.987525	0.004462	0.003335
17	L1023_22	1	2	0.004523	0.012475	0.004462	0.003335
18	L809_140	0	1	0.618448	0.975408	0.031285	0.004597
18	L809_140	1	2	0.381552	0.024592	0.031285	0.004597
19	L382_70	0	1	0.944879	0.998166	0.014825	0.001301
19	L382_70	1	2	0.055121	0.001834	0.014825	0.001301
20	L1637_7	0	1	0.950263	0.955357	0.027797	0.006135
20	L1637_7	1	2	0.049737	0.044643	0.027797	0.006135
21	L1109_76	0	1	0.995465	0.919672	0.004508	0.008206
21	L1109_76	1	2	0.004535	0.080328	0.004508	0.008206
22	L376_35	0	1	0.744161	0.998010	0.027717	0.001356
22	L376_35	1	2	0.255839	0.001990	0.027717	0.001356
23	L133_345	0	1	0.995835	0.991848	0.004141	0.002705
23	L133_345	1	2	0.004165	0.008152	0.004141	0.002705
24	L1154_131	0	1	0.669323	0.996539	0.029077	0.001747
24	L1154_131	1	2	0.330677	0.003461	0.029077	0.001747
25	L779_359	0	1	0.032429	0.998065	0.012610	0.001366
25	L779_359	1	2	0.967571	0.001935	0.012610	0.001366
26	L234_365	0	1	0.964730	0.999043	0.011630	0.000951
26	L234_365	1	2	0.035270	0.000957	0.011630	0.000951
27	L585_7	0	1	0.867529	0.994874	0.020876	0.002089
27	L585_7	1	2	0.132471	0.005126	0.020876	0.002089
28	L1044_375	0	1	0.996143	0.983525	0.003841	0.003753
28	L1044_375	1	2	0.003857	0.016475	0.003841	0.003753
29	L1273_321	0	1	0.770361	0.975232	0.027050	0.004734
29	L1273_321	1	2	0.229639	0.024768	0.027050	0.004734
30	L701_331	0	1	0.994344	0.935624	0.005430	0.007583
30	L701_331	1	2	0.005656	0.064376	0.005430	0.007583
31	L683_120	0	1	0.692871	0.998252	0.028993	0.001241
31	L683_120	1	2	0.307129	0.001748	0.028993	0.001241
32	L153_483	0	1	0.996210	0.962322	0.003777	0.005441
32	L153_483	1	2	0.003790	0.037678	0.003777	0.005441
33	L501_50	0	2	0.471645	0.479987	0.071889	0.014928
33	L501_50	1	1	0.528355	0.520013	0.071889	0.014928
34	L1336_330	0	1	0.995814	0.986346	0.004170	0.003499
34	L1336_330	1	2	0.004186	0.013654	0.004170	0.003499
35	L443_29	0	1	0.995648	0.992369	0.004332	0.002688
35	L443_29	1	2	0.004352	0.007631	0.004332	0.002688
36	L52_29	0	1	0.989888	0.980448	0.007216	0.004223
36	L52_29	1	2	0.010112	0.019552	0.007216	0.004223
37	L526_85	0	1	0.995387	0.959418	0.004600	0.006056
37	L526_85	1	2	0.004613	0.040582	0.004600	0.006056
38	L1409_42	0	1	0.957853	0.999061	0.013030	0.000938
38	L1409_42	1	2	0.042147	0.000939	0.013030	0.000938
39	L1469_306	0	1	0.995755	0.821118	0.004230	0.011829
39	L1469_306	1	2	0.004245	0.178882	0.004230	0.011829
40	L51_79	0	1	0.994180	0.979296	0.005325	0.004160
40	L51_79	1	2	0.005820	0.020704	0.005325	0.004160
41	L197_89	0	1	0.011857	0.996567	0.006918	0.001990
41	L197_89	1	2	0.988143	0.003433	0.006918	0.001990
42	L1173_437	0	1	0.995994	0.842779	0.003993	0.010601
42	L1173_437	1	2	0.004006	0.157221	0.003993	0.010601
43	L773_104	0	1	0.986082	0.992820	0.007961	0.002528
43	L773_104	1	2	0.013918	0.007180	0.007961	0.002528
44	L911_11	0	1	0.990728	0.983744	0.006314	0.003858
44	L911_11	1	2	0.009272	0.016256	0.006314	0.003858
45	L1642_443	0	1	0.992176	0.988630	0.005503	0.003136
45	L1642_443	1	2	0.007824	0.011370	0.005503	0.003136
46	L209_64	0	1	0.996112	0.989260	0.003875	0.002961
46	L209_64	1	2	0.003888	0.010740	0.003875	0.002961
47	L968_417	0	1	0.949933	0.999088	0.014075	0.000912
47	L968_417	1	2	0.050067	0.000912	0.014075	0.000912
48	L941_107	0	1	0.008054	0.998022	0.007184	0.001398
48	L941_107	1	2	0.991946	0.001978	0.007184	0.001398
49	L1228_318	0	1	0.996035	0.975631	0.003937	0.004469
49	L1228_318	1	2	0.003965	0.024369	0.003937	0.004469
50	L1436_341	0	1	0.966901	0.999007	0.011530	0.000990
50	L1436_341	1	2	0.033099	0.000993	0.011530	0.000990
51	L967_405	0	1	0.397478	0.994111	0.031761	0.002407
51	L967_405	1	2	0.602522	0.005889	0.031761	0.002407
52	L871_116	0	1	0.994499	0.979451	0.005305	0.004387
52	L871_116	1	2	0.005501	0.020549	0.005305	0.004387
53	L1271_13	0	1	0.995928	0.990676	0.004054	0.002934
53	L1271_13	1	2	0.004072	0.009324	0.004054	0.002934
54	L239_120	0	1	0.992591	0.979673	0.005207	0.004108
54	L239_120	1	2	0.007409	0.020327	0.005207	0.004108
55	L1365_327	0	1	0.017452	0.995513	0.008625	0.002030
55	L1365_327	1	2	0.982548	0.004487	0.008625	0.002030
56	L223_72	0	1	0.995892	0.982800	0.004092	0.004017
56	L223_72	1	2	0.004108	0.017200	0.004092	0.004017
57	L426_81	0	1	0.994985	0.983274	0.004845	0.003942
57	L426_81	1	2	0.005015	0.016726	0.004845	0.003942
58	L149_367	0	1	0.995817	0.893927	0.004169	0.009312
58	L149_367	1	2	0.004183	0.106073	0.004169	0.009312
59	L1605_466	0	1	0.994001	0.985840	0.005719	0.003817
59	L1605_466	1	2	0.005999	0.014160	0.005719	0.003817
60	L1519_426	0	1	0.995683	0.983458	0.004303	0.003869
60	L1519_426	1	2	0.004317	0.016542	0.004303	0.003869
61	L1051_412	0	1	0.995582	0.982315	0.004392	0.004251
61	L1051_412	1	2	0.004418	0.017685	0.004392	0.004251
62	L494_21	0	1	0.995984	0.981913	0.004003	0.004008
62	L494_21	1	2	0.004016	0.018087	0.004003	0.004008
63	L590_110	0	1	0.949674	0.999066	0.014120	0.000934
63	L590_110	1	2	0.050326	0.000934	0.014120	0.000934
64	L1431_403	0	1	0.995346	0.990229	0.004632	0.003072
64	L1431_403	1	2	0.004654	0.009771	0.004632	0.003072
65	L360_458	0	1	0.995114	0.973141	0.004788	0.004945
65	L360_458	1	2	0.004886	0.026859	0.004788	0.004945
66	L390_452	0	1	0.987772	0.994457	0.007000	0.002256
66	L390_452	1	2	0.012228	0.005543	0.007000	0.002256
67	L301_134	0	1	0.077950	0.998059	0.020450	0.001372
67	L301_134	1	2	0.922050	0.001941	0.020450	0.001372
68	L601_332	0	1	0.995365	0.991037	0.004546	0.002854
68	L601_332	1	2	0.004635	0.008963	0.004546	0.002854
69	L1164_36	0	1	0.995351	0.979382	0.004628	0.004456
69	L1164_36	1	2	0.004649	0.020618	0.004628	0.004456
70	L1350_38	0	1	0.995566	0.964230	0.004415	0.005696
70	L1350_38	1	2	0.004434	0.035770	0.004415	0.005696
71	L731_57	0	1	0.985545	0.992540	0.008043	0.002736
71	L731_57	1	2	0.014455	0.007460	0.008043	0.002736
72	L947_376	0	1	0.004753	0.292353	0.004706	0.014728
72	L947_376	1	2	0.995247	0.707647	0.004706	0.014728
73	L35_44	0	1	0.995493	0.827668	0.004490	0.011988
73	L35_44	1	2	0.004507	0.172332	0.004490	0.011988
74	L759_16	0	1	0.986510	0.961973	0.007729	0.005964
74	L759_16	1	2	0.013490	0.038027	0.007729	0.005964
75	L1203_341	0	1	0.913413	0.996649	0.018092	0.001672
75	L1203_341	1	2	0.086587	0.003351	0.018092	0.001672
76	L1627_72	0	1	0.995161	0.983286	0.004789	0.003921
76	L1627_72	1	2	0.004839	0.016714	0.004789	0.003921
77	L1016_124	0	1	0.994439	0.990218	0.005418	0.003116
77	L1016_124	1	2	0.005561	0.009782	0.005418	0.003116
78	L1573_141	0	1	0.962004	0.964394	0.012642	0.005866
78	L1573_141	1	2	0.037996	0.035606	0.012642	0.005866
79	L1371_42	0	1	0.995145	0.987017	0.004764	0.003493
79	L1371_42	1	2	0.004855	0.012983	0.004764	0.003493
80	L1564_448	0	1	0.994798	0.986343	0.005167	0.003503
80	L1564_448	1	2	0.005202	0.013657	0.005167	0.003503
81	L280_390	0	1	0.991530	0.701735	0.005995	0.014009
81	L280_390	1	2	0.008470	0.298265	0.005995	0.014009
82	L1538_22	0	1	0.982310	0.983362	0.008762	0.003999
82	L1538_22	1	2	0.017690	0.016638	0.008762	0.003999
83	L837_34	0	1	0.995411	0.948748	0.004549	0.006794
83	L837_34	1	2	0.004589	0.051252	0.004549	0.006794
84	L47_467	0	1	0.996171	0.984438	0.003815	0.003640
84	L47_467	1	2	0.003829	0.015562	0.003815	0.003640
85	L138_392	0	1	0.993019	0.990205	0.005924	0.003053
85	L138_392	1	2	0.006981	0.009795	0.005924	0.003053
86	L485_435	0	1	0.995685	0.888835	0.004293	0.009762
86	L485_435	1	2	0.004315	0.111165	0.004293	0.009762
87	L1671_391	0	1	0.995845	0.992775	0.004138	0.002543
87	L1671_391	1	2	0.004155	0.007225	0.004138	0.002543
88	L1004_133	0	2	0.995714	0.926656	0.004272	0.008154
88	L1004_133	1	1	0.004286	0.073344	0.004272	0.008154
89	L411_416	0	1	0.987420	0.971997	0.007194	0.004955
89	L411_416	1	2	0.012580	0.028003	0.007194	0.004955
90	L739_95	0	1	0.984181	0.913373	0.007860	0.008398
90	L739_95	1	2	0.015819	0.086627	0.007860	0.008398
91	L295_380	0	1	0.848765	0.999152	0.022037	0.000849
91	L295_380	1	2	0.151235	0.000848	0.022037	0.000849
92	L1680_97	0	1	0.994934	0.984551	0.004924	0.003870
92	L1680_97	1	2	0.005066	0.015449	0.004924	0.003870
93	L1497_432	0	1	0.995704	0.992360	0.004280	0.002690
93	L1497_432	1	2	0.004296	0.007640	0.004280	0.002690
94	L1005_87	0	1	0.995758	0.992395	0.004226	0.002677
94	L1005_87	1	2	0.004242	0.007605	0.004226	0.002677
95	L707_397	0	1	0.964219	0.995548	0.013247	0.001984
95	L707_397	1	2	0.035781	0.004452	0.013247	0.001984
96	L1243_28	0	1	0.995970	0.985273	0.004018	0.003652
96	L1243_28	1	2	0.004030	0.014727	0.004018	0.003652
97	L424_46	0	1	0.996192	0.958442	0.003799	0.005883
97	L424_46	1	2	0.003808	0.041558	0.003799	0.005883
98	L844_479	0	1	0.995534	0.987686	0.004442	0.003528
98	L844_479	1	2	0.004466	0.012314	0.004442	0.003528
99	L1059_434	0	1	0.151138	0.305461	0.022651	0.013623
99	L1059_434	1	2	0.848862	0.694539	0.022651	0.013623
100	L1050_73	0	1	0.995875	0.992585	0.004107	0.002609
100	L1050_73	1	2	0.004125	0.007415	0.004107	0.002609
101	L758_438	0	1	0.968186	0.970076	0.011853	0.005287
101	L758_438	1	2	0.031814	0.029924	0.011853	0.005287
102	L1307_425	0	2	0.677910	0.368661	0.030797	0.015425
102	L1307_425	1	1	0.322090	0.631339	0.030797	0.015425
103	L1026_310	0	1	0.094269	0.727291	0.022774	0.013223
103	L1026_310	1	2	0.905731	0.272709	0.022774	0.013223
104	L1617_35	0	1	0.995770	0.987545	0.004213	0.003430
104	L1617_35	1	2	0.004230	0.012455	0.004213	0.003430
105	L1080_336	0	1	0.995694	0.965447	0.004287	0.005500
105	L1080_336	1	2	0.004306	0.034553	0.004287	0.005500
106	L1082_50	0	1	0.951691	0.989097	0.014262	0.003267
106	L1082_50	1	2	0.048309	0.010903	0.014262	0.003267
107	L226_331	0	1	0.996023	0.985307	0.003954	0.003642
107	L226_331	1	2	0.003977	0.014693	0.003954	0.003642
108	L245_389	0	1	0.995891	0.990900	0.004086	0.002860
108	L245_389	1	2	0.004109	0.009100	0.004086	0.002860
109	L681_66	0	1	0.995575	0.968492	0.004402	0.005478
109	L681_66	1	2	0.004425	0.031508	0.004402	0.005478
110	L1289_137	0	1	0.989782	0.986291	0.007131	0.003670
110	L1289_137	1	2	0.010218	0.013709	0.007131	0.003670
111	L1227_8	0	1	0.974776	0.986626	0.010151	0.003679
111	L1227_8	1	2	0.025224	0.013374	0.010151	0.003679
112	L1017_120	0	1	0.994905	0.989419	0.005074	0.003171
112	L1017_120	1	2	0.005095	0.010581	0.005074	0.003171
113	L387_347	0	1	0.965506	0.996355	0.011972	0.001817
113	L387_347	1	2	0.034494	0.003645	0.011972	0.001817
114	L1384_355	0	1	0.966562	0.997968	0.012386	0.001432
114	L1384_355	1	2	0.033438	0.002032	0.012386	0.001432
115	L1494_434	0	1	0.990499	0.992729	0.006673	0.002737
115	L1494_434	1	2	0.009501	0.007271	0.006673	0.002737
116	L273_44	0	1	0.907301	0.998968	0.019751	0.001030
116	L273_44	1	2	0.092699	0.001032	0.019751	0.001030
117	L870_401	0	1	0.995709	0.982667	0.004278	0.003937
117	L870_401	1	2	0.004291	0.017333	0.004278	0.003937
118	L510_437	0	1	0.986346	0.930984	0.009261	0.007763
118	L510_437	1	2	0.013654	0.069016	0.009261	0.007763
119	L1239_395	0	1	0.917473	0.953479	0.032089	0.006299
119	L1239_395	1	2	0.082527	0.046521	0.032089	0.006299
120	L66_78	0	1	0.991449	0.993335	0.006013	0.002508
120	L66_78	1	2	0.008551	0.006665	0.006013	0.002508
121	L370_114	0	1	0.996105	0.988628	0.003872	0.003135
121	L370_114	1	2	0.003895	0.011372	0.003872	0.003135
122	L1119_84	0	1	0.922463	0.984413	0.018185	0.003852
122	L1119_84	1	2	0.077537	0.015587	0.018185	0.003852
123	L674_366	0	1	0.995802	0.987967	0.004175	0.003317
123	L674_366	1	2	0.004198	0.012033	0.004175	0.003317
124	L737_506	0	1	0.969800	0.994647	0.017093	0.002178
124	L737_506	1	2	0.030200	0.005353	0.017093	0.002178
125	L861_462	0	1	0.994846	0.990812	0.004908	0.002814
125	L861_462	1	2	0.005154	0.009188	0.004908	0.002814
126	L733_110	0	1	0.911366	0.998045	0.018514	0.001380
126	L733_110	1	2	0.088634	0.001955	0.018514	0.001380
127	L1129_133	0	1	0.995545	0.991665	0.004435	0.002763
127	L1129_133	1	2	0.004455	0.008335	0.004435	0.002763
128	L1479_379	0	1	0.995677	0.988732	0.004306	0.003231
128	L1479_379	1	2	0.004323	0.011268	0.004306	0.003231
129	L1105_11	0	1	0.995959	0.988993	0.004023	0.003160
129	L1105_11	1	2	0.004041	0.011007	0.004023	0.003160
130	L1329_136	0	1	0.159773	0.997183	0.032314	0.001626
130	L1329_136	1	2	0.840227	0.002817	0.032314	0.001626
131	L722_51	0	1	0.995231	0.971665	0.004746	0.005276
131	L722_51	1	2	0.004769	0.028335	0.004746	0.005276
132	L923_342	0	1	0.076239	0.996482	0.018128	0.001790
132	L923_342	1	2	0.923761	0.003518	0.018128	0.001790
133	L323_477	0	1	0.995170	0.989964	0.004804	0.003156
133	L323_477	1	2	0.004830	0.010036	0.004804	0.003156
134	L509_389	0	1	0.956311	0.901491	0.014074	0.009109
134	L509_389	1	2	0.043689	0.098509	0.014074	0.009109
135	L724_350	0	1	0.945823	0.971898	0.014613	0.005075
135	L724_350	1	2	0.054177	0.028102	0.014613	0.005075
136	L1603_69	0	1	0.995330	0.985279	0.004634	0.003664
136	L1603_69	1	2	0.004670	0.014721	0.004634	0.003664
137	L441_431	0	1	0.951738	0.989992	0.013589	0.002998
137	L441_431	1	2	0.048262	0.010008	0.013589	0.002998
138	L741_44	0	1	0.996009	0.974734	0.003974	0.004710
138	L741_44	1	2	0.003991	0.025266	0.003974	0.004710
139	L702_374	0	1	0.995337	0.984719	0.004646	0.003914
139	L702_374	1	2	0.004663	0.015281	0.004646	0.003914
140	L890_420	0	1	0.961968	0.999059	0.012405	0.000940
140	L890_420	1	2	0.038032	0.000941	0.012405	0.000940
141	L384_364	0	1	0.908282	0.999103	0.018216	0.000894
141	L384_364	1	2	0.091718	0.000897	0.018216	0.000894
142	L990_7	0	1	0.995944	0.991286	0.004039	0.002745
142	L990_7	1	2	0.004056	0.008714	0.004039	0.002745
143	L948_22	0	1	0.996015	0.987478	0.003972	0.003326
143	L948_22	1	2	0.003985	0.012522	0.003972	0.003326
144	L808_408	0	1	0.995127	0.977645	0.004854	0.004712
144	L808_408	1	2	0.004873	0.022355	0.004854	0.004712
145	L1616_102	0	1	0.991612	0.988946	0.005896	0.003173
145	L1616_102	1	2	0.008388	0.011054	0.005896	0.003173
146	L359_448	0	1	0.014066	0.990759	0.008133	0.003071
146	L359_448	1	2	0.985934	0.009241	0.008133	0.003071
147	L1057_107	0	1	0.996067	0.984035	0.003915	0.003735
147	L1057_107	1	2	0.003933	0.015965	0.003915	0.003735
148	L558_69	0	1	0.995927	0.991747	0.004068	0.002737
148	L558_69	1	2	0.004073	0.008253	0.004068	0.002737
149	L1025_348	0	1	0.995602	0.990989	0.004391	0.002990
149	L1025_348	1	2	0.004398	0.009011	0.004391	0.002990
150	L517_372	0	1	0.995831	0.982700	0.004157	0.003930
150	L517_372	1	2	0.004169	0.017300	0.004157	0.003930
151	L695_80	0	1	0.995901	0.992816	0.004082	0.002530
151	L695_80	1	2	0.004099	0.007184	0.004082	0.002530
152	L816_142	0	1	0.993469	0.963768	0.006494	0.005764
152	L816_142	1	2	0.006531	0.036232	0.006494	0.005764
153	L1594_44	0	1	0.947644	0.998982	0.014761	0.001016
153	L1594_44	1	2	0.052356	0.001018	0.014761	0.001016
154	L372_420	0	1	0.995299	0.987670	0.004678	0.003534
154	L372_420	1	2	0.004701	0.012330	0.004678	0.003534
155	L1688_459	0	1	0.995803	0.990617	0.004174	0.002951
155	L1688_459	1	2	0.004197	0.009383	0.004174	0.002951
156	L349_402	0	1	0.995656	0.938439	0.004320	0.007132
156	L349_402	1	2	0.004344	0.061561	0.004320	0.007132
157	L211_317	0	1	0.991922	0.990980	0.005680	0.002841
157	L211_317	1	2	0.008078	0.009020	0.005680	0.002841
158	L1456_64	0	1	0.996172	0.956513	0.003820	0.005958
158	L1456_64	1	2	0.003828	0.043487	0.003820	0.005958
159	L1215_47	0	1	0.995386	0.989908	0.004625	0.002939
159	L1215_47	1	2	0.004614	0.010092	0.004625	0.002939
160	L1302_144	0	1	0.994133	0.978244	0.005610	0.004550
160	L1302_144	1	2	0.005867	0.021756	0.005610	0.004550
161	L339_41	0	1	0.990341	0.931734	0.006741	0.007736
161	L339_41	1	2	0.009659	0.068266	0.006741	0.007736
162	L20_438	0	1	0.859796	0.997431	0.021678	0.001485
162	L20_438	1	2	0.140204	0.002569	0.021678	0.001485
163	L7_500	0	1	0.994069	0.980624	0.005715	0.004349
163	L7_500	1	2	0.005931	0.019376	0.005715	0.004349
164	L929_69	0	1	0.991966	0.992708	0.005652	0.002567
164	L929_69	1	2	0.008034	0.007292	0.005652	0.002567
165	L997_139	0	1	0.925540	0.998135	0.016864	0.001318
165	L997_139	1	2	0.074460	0.001865	0.016864	0.001318
166	L1177_50	0	1	0.995695	0.990829	0.004288	0.003051
166	L1177_50	1	2	0.004305	0.009171	0.004288	0.003051
167	L1648_36	0	1	0.960944	0.988223	0.017039	0.003246
167	L1648_36	1	2	0.039056	0.011777	0.017039	0.003246
168	L320_65	0	1	0.970368	0.993406	0.010317	0.002324
168	L320_65	1	2	0.029632	0.006594	0.010317	0.002324
169	L1378_417	0	1	0.996293	0.984372	0.003699	0.003653
169	L1378_417	1	2	0.003707	0.015628	0.003699	0.003653
170	L342_421	0	1	0.995810	0.991617	0.004170	0.002782
170	L342_421	1	2	0.004190	0.008383	0.004170	0.002782
171	L1448_62	0	1	0.995780	0.983822	0.004213	0.003780
171	L1448_62	1	2	0.004220	0.016178	0.004213	0.003780
172	L1458_112	0	1	0.183667	0.112467	0.025383	0.009547
172	L1458_112	1	2	0.816333	0.887533	0.025383	0.009547
173	L940_371	0	1	0.015615	0.994761	0.009176	0.002335
173	L940_371	1	2	0.984385	0.005239	0.009176	0.002335
174	L246_439	0	1	0.996191	0.989051	0.003813	0.003018
174	L246_439	1	2	0.003809	0.010949	0.003813	0.003018
175	L671_385	0	1	0.995814	0.988147	0.004173	0.003270
175	L671_385	1	2	0.004186	0.011853	0.004173	0.003270
176	L836_92	0	1	0.914257	0.999091	0.018304	0.000908
176	L836_92	1	2	0.085743	0.000909	0.018304	0.000908
177	L146_480	0	1	0.995740	0.890050	0.004245	0.009673
177	L146_480	1	2	0.004260	0.109950	0.004245	0.009673
178	L224_334	0	1	0.924411	0.992111	0.043252	0.002618
178	L224_334	1	2	0.075589	0.007889	0.043252	0.002618
179	L1305_69	0	1	0.996149	0.986561	0.003841	0.003443
179	L1305_69	1	2	0.003851	0.013439	0.003841	0.003443
180	L865_419	0	1	0.995831	0.892675	0.004153	0.009264
180	L865_419	1	2	0.004169	0.107325	0.004153	0.009264
181	L1143_364	0	1	0.855845	0.981598	0.023485	0.004264
181	L1143_364	1	2	0.144155	0.018402	0.023485	0.004264
182	L254_376	0	1	0.995564	0.980191	0.004420	0.004280
182	L254_376	1	2	0.004436	0.019809	0.004420	0.004280
183	L561_373	0	1	0.995053	0.986677	0.004924	0.003665
183	L561_373	1	2	0.004947	0.013323	0.004924	0.003665
184	L3_293	0	1	0.995517	0.989249	0.004467	0.003221
184	L3_293	1	2	0.004483	0.010751	0.004467	0.003221
185	L392_364	0	1	0.991836	0.978151	0.005740	0.004612
185	L392_364	1	2	0.008164	0.021849	0.005740	0.004612
186	L1074_407	0	1	0.924922	0.987725	0.035855	0.003260
186	L1074_407	1	2	0.075078	0.012275	0.035855	0.003260
187	L1178_32	0	1	0.993888	0.986622	0.006078	0.003549
187	L1178_32	1	2	0.006112	0.013378	0.006078	0.003549
188	L1238_83	0	1	0.938297	0.999058	0.018851	0.000940
188	L1238_83	1	2	0.061703	0.000942	0.018851	0.000940
189	L697_350	0	1	0.995304	0.977469	0.004673	0.004546
189	L697_350	1	2	0.004696	0.022531	0.004673	0.004546
190	L637_41	0	1	0.995545	0.955425	0.004438	0.006165
190	L637_41	1	2	0.004455	0.044575	0.004438	0.006165
191	L1396_385	0	1	0.995714	0.992772	0.004268	0.002545
191	L1396_385	1	2	0.004286	0.007228	0.004268	0.002545
192	L1484_27	0	1	0.996084	0.854096	0.003900	0.010429
192	L1484_27	1	2	0.003916	0.145904	0.003900	0.010429
193	L1653_362	0	1	0.991299	0.991695	0.006128	0.002754
193	L1653_362	1	2	0.008701	0.008305	0.006128	0.002754
194	L944_400	0	1	0.995549	0.977172	0.004428	0.004513
194	L944_400	1	2	0.004451	0.022828	0.004428	0.004513
195	L1209_358	0	1	0.995223	0.986721	0.004760	0.003523
195	L1209_358	1	2	0.004777	0.013279	0.004760	0.003523
196	L183_50	0	1	0.995676	0.990274	0.004302	0.003060
196	L183_50	1	2	0.004324	0.009726	0.004302	0.003060
197	L1065_12	0	1	0.995281	0.991478	0.004698	0.002831
197	L1065_12	1	2	0.004719	0.008522	0.004698	0.002831
198	L188_425	0	1	0.994293	0.985985	0.005413	0.003680
198	L188_425	1	2	0.005707	0.014015	0.005413	0.003680
199	L419_57	0	1	0.888225	0.998111	0.020642	0.001336
199	L419_57	1	2	0.111775	0.001889	0.020642	0.001336
