UponCompletionOf_1000000_sweeps
LocNumber LocName AlleleNumber AlleleName FreqInPop0 FreqInPop1 SDInPop0 SDinPop1
0	LdDocent_Contig_37945_58	0	1	0.574479	0.997745	0.032853	0.001424
0	LdDocent_Contig_37945_58	1	2	0.425521	0.002255	0.032853	0.001424
1	LdDocent_Contig_84104_422	0	1	0.997719	0.990588	0.003218	0.003040
1	LdDocent_Contig_84104_422	1	2	0.002281	0.009412	0.003218	0.003040
2	LdDocent_Contig_376_468	0	1	0.993959	0.985726	0.004933	0.003599
2	LdDocent_Contig_376_468	1	2	0.006041	0.014274	0.004933	0.003599
3	LdDocent_Contig_56542_417	0	1	0.952725	0.999546	0.013584	0.000641
3	LdDocent_Contig_56542_417	1	2	0.047275	0.000454	0.013584	0.000641
4	LdDocent_Contig_67329_467	0	1	0.997736	0.979903	0.003188	0.004394
4	LdDocent_Contig_67329_467	1	2	0.002264	0.020097	0.003188	0.004394
5	LdDocent_Contig_86535_357	0	1	0.997852	0.979875	0.003030	0.004297
5	LdDocent_Contig_86535_357	1	2	0.002148	0.020125	0.003030	0.004297
6	LdDocent_Contig_1589_34	0	1	0.997658	0.985941	0.003301	0.003542
6	LdDocent_Contig_1589_34	1	2	0.002342	0.014059	0.003301	0.003542
7	LdDocent_Contig_60726_107	0	1	0.998070	0.984393	0.002725	0.003701
7	LdDocent_Contig_60726_107	1	2	0.001930	0.015607	0.002725	0.003701
8	LdDocent_Contig_931_447	0	1	0.997796	0.989899	0.003113	0.003100
8	LdDocent_Contig_931_447	1	2	0.002204	0.010101	0.003113	0.003100
9	LdDocent_Contig_142_112	0	1	0.997419	0.985181	0.003523	0.003646
9	LdDocent_Contig_142_112	1	2	0.002581	0.014819	0.003523	0.003646
10	LdDocent_Contig_826_64	0	1	0.998116	0.956677	0.002652	0.005962
10	LdDocent_Contig_826_64	1	2	0.001884	0.043323	0.002652	0.005962
11	LdDocent_Contig_1600_411	0	1	0.997800	0.989615	0.003104	0.003186
11	LdDocent_Contig_1600_411	1	2	0.002200	0.010385	0.003104	0.003186
12	LdDocent_Contig_6814_386	0	1	0.927951	0.988553	0.019560	0.003355
12	LdDocent_Contig_6814_386	1	2	0.072049	0.011447	0.019560	0.003355
13	LdDocent_Contig_2753_359	0	1	0.997962	0.991381	0.002875	0.002780
13	LdDocent_Contig_2753_359	1	2	0.002038	0.008619	0.002875	0.002780
14	LdDocent_Contig_56486_405	0	1	0.401891	0.994760	0.031619	0.002294
14	LdDocent_Contig_56486_405	1	2	0.598109	0.005240	0.031619	0.002294
15	LdDocent_Contig_92730_110	0	1	0.993967	0.974071	0.004907	0.004711
15	LdDocent_Contig_92730_110	1	2	0.006033	0.025929	0.004907	0.004711
16	LdDocent_Contig_83061_73	0	1	0.997806	0.982719	0.003090	0.003983
16	LdDocent_Contig_83061_73	1	2	0.002194	0.017281	0.003090	0.003983
17	LdDocent_Contig_80753_403	0	1	0.997698	0.990671	0.003251	0.003014
17	LdDocent_Contig_80753_403	1	2	0.002302	0.009329	0.003251	0.003014
18	LdDocent_Contig_536_406	0	1	0.997888	0.986944	0.002977	0.003526
18	LdDocent_Contig_536_406	1	2	0.002112	0.013056	0.002977	0.003526
19	LdDocent_Contig_884_523	0	1	0.997760	0.990525	0.003155	0.003058
19	LdDocent_Contig_884_523	1	2	0.002240	0.009475	0.003155	0.003058
20	LdDocent_Contig_616_332	0	1	0.997811	0.973980	0.003044	0.004656
20	LdDocent_Contig_616_332	1	2	0.002189	0.026020	0.003044	0.004656
21	LdDocent_Contig_16107_139	0	1	0.997550	0.962408	0.003431	0.006107
21	LdDocent_Contig_16107_139	1	2	0.002450	0.037592	0.003431	0.006107
22	LdDocent_Contig_64241_356	0	1	0.997797	0.980192	0.003104	0.004330
22	LdDocent_Contig_64241_356	1	2	0.002203	0.019808	0.003104	0.004330
23	LdDocent_Contig_5187_138	0	1	0.997929	0.980808	0.002920	0.004101
23	LdDocent_Contig_5187_138	1	2	0.002071	0.019192	0.002920	0.004101
24	LdDocent_Contig_1635_376	0	1	0.997812	0.980577	0.003083	0.004246
24	LdDocent_Contig_1635_376	1	2	0.002188	0.019423	0.003083	0.004246
25	LdDocent_Contig_87_326	0	1	0.998085	0.977560	0.002697	0.004395
25	LdDocent_Contig_87_326	1	2	0.001915	0.022440	0.002697	0.004395
26	LdDocent_Contig_6436_40	0	1	0.994835	0.994045	0.007262	0.002327
26	LdDocent_Contig_6436_40	1	2	0.005165	0.005955	0.007262	0.002327
27	LdDocent_Contig_13628_392	0	1	0.995994	0.990475	0.004674	0.003017
27	LdDocent_Contig_13628_392	1	2	0.004006	0.009525	0.004674	0.003017
28	LdDocent_Contig_11_43	0	1	0.997423	0.941324	0.003592	0.007046
28	LdDocent_Contig_11_43	1	2	0.002577	0.058676	0.003592	0.007046
29	LdDocent_Contig_755_490	0	1	0.997820	0.974965	0.003061	0.004893
29	LdDocent_Contig_755_490	1	2	0.002180	0.025035	0.003061	0.004893
30	LdDocent_Contig_12191_94	0	1	0.997980	0.989735	0.002850	0.003010
30	LdDocent_Contig_12191_94	1	2	0.002020	0.010265	0.002850	0.003010
31	LdDocent_Contig_56342_434	0	1	0.992778	0.990377	0.005851	0.003105
31	LdDocent_Contig_56342_434	1	2	0.007222	0.009623	0.005851	0.003105
32	LdDocent_Contig_80302_44	0	1	0.930466	0.999491	0.017001	0.000717
32	LdDocent_Contig_80302_44	1	2	0.069534	0.000509	0.017001	0.000717
33	LdDocent_Contig_2099_104	0	1	0.076692	0.997741	0.018612	0.001427
33	LdDocent_Contig_2099_104	1	2	0.923308	0.002259	0.018612	0.001427
34	LdDocent_Contig_156_432	0	1	0.966816	0.999535	0.011202	0.000657
34	LdDocent_Contig_156_432	1	2	0.033184	0.000465	0.011202	0.000657
35	LdDocent_Contig_90773_136	0	1	0.971200	0.998485	0.010543	0.001222
35	LdDocent_Contig_90773_136	1	2	0.028800	0.001515	0.010543	0.001222
36	LdDocent_Contig_686_403	0	1	0.997872	0.985051	0.003002	0.003763
36	LdDocent_Contig_686_403	1	2	0.002128	0.014949	0.003002	0.003763
37	LdDocent_Contig_61074_386	0	1	0.013345	0.993067	0.007485	0.002521
37	LdDocent_Contig_61074_386	1	2	0.986655	0.006933	0.007485	0.002521
38	LdDocent_Contig_30206_114	0	1	0.973727	0.997826	0.011026	0.001390
38	LdDocent_Contig_30206_114	1	2	0.026273	0.002174	0.011026	0.001390
39	LdDocent_Contig_2389_50	0	2	0.481398	0.479458	0.070226	0.014972
39	LdDocent_Contig_2389_50	1	1	0.518602	0.520542	0.070226	0.014972
40	LdDocent_Contig_63069_410	0	1	0.993082	0.993334	0.005613	0.002607
40	LdDocent_Contig_63069_410	1	2	0.006918	0.006666	0.005613	0.002607
41	LdDocent_Contig_7564_403	0	1	0.993464	0.975836	0.005307	0.004930
41	LdDocent_Contig_7564_403	1	2	0.006536	0.024164	0.005307	0.004930
42	LdDocent_Contig_18105_445	0	1	0.997760	0.990406	0.003154	0.003097
42	LdDocent_Contig_18105_445	1	2	0.002240	0.009594	0.003154	0.003097
43	LdDocent_Contig_295_343	0	1	0.997882	0.981393	0.002993	0.004172
43	LdDocent_Contig_295_343	1	2	0.002118	0.018607	0.002993	0.004172
44	LdDocent_Contig_1438_37	0	1	0.998063	0.992479	0.002723	0.002567
44	LdDocent_Contig_1438_37	1	2	0.001937	0.007521	0.002723	0.002567
45	LdDocent_Contig_631_17	0	1	0.198154	0.994997	0.026659	0.002137
45	LdDocent_Contig_631_17	1	2	0.801846	0.005003	0.026659	0.002137
46	LdDocent_Contig_34118_98	0	1	0.998029	0.976794	0.002787	0.004541
46	LdDocent_Contig_34118_98	1	2	0.001971	0.023206	0.002787	0.004541
47	LdDocent_Contig_1900_402	0	1	0.997712	0.938590	0.003213	0.007132
47	LdDocent_Contig_1900_402	1	2	0.002288	0.061410	0.003213	0.007132
48	LdDocent_Contig_56001_309	0	1	0.997715	0.985952	0.003218	0.003794
48	LdDocent_Contig_56001_309	1	2	0.002285	0.014048	0.003218	0.003794
49	LdDocent_Contig_95990_58	0	1	0.979516	0.980277	0.009543	0.004422
49	LdDocent_Contig_95990_58	1	2	0.020484	0.019723	0.009543	0.004422
50	LdDocent_Contig_32321_134	0	1	0.139562	0.995319	0.023860	0.001993
50	LdDocent_Contig_32321_134	1	2	0.860438	0.004681	0.023860	0.001993
51	LdDocent_Contig_1643_122	0	1	0.002139	0.450742	0.003018	0.015324
51	LdDocent_Contig_1643_122	1	2	0.997861	0.549258	0.003018	0.015324
52	LdDocent_Contig_91691_466	0	1	0.996895	0.986206	0.004193	0.003769
52	LdDocent_Contig_91691_466	1	2	0.003105	0.013794	0.004193	0.003769
53	LdDocent_Contig_74479_108	0	1	0.997987	0.917764	0.002834	0.008554
53	LdDocent_Contig_74479_108	1	2	0.002013	0.082236	0.002834	0.008554
54	LdDocent_Contig_672_99	0	1	0.943978	0.999557	0.014279	0.000627
54	LdDocent_Contig_672_99	1	2	0.056022	0.000443	0.014279	0.000627
55	LdDocent_Contig_1814_354	0	1	0.961197	0.999492	0.012367	0.000714
55	LdDocent_Contig_1814_354	1	2	0.038803	0.000508	0.012367	0.000714
56	LdDocent_Contig_15676_383	0	1	0.997919	0.993237	0.002937	0.002462
56	LdDocent_Contig_15676_383	1	2	0.002081	0.006763	0.002937	0.002462
57	LdDocent_Contig_15645_331	0	1	0.998045	0.985683	0.002756	0.003612
57	LdDocent_Contig_15645_331	1	2	0.001955	0.014317	0.002756	0.003612
58	LdDocent_Contig_51444_401	0	1	0.997880	0.983066	0.002986	0.003903
58	LdDocent_Contig_51444_401	1	2	0.002120	0.016934	0.002986	0.003903
59	LdDocent_Contig_93903_49	0	1	0.997643	0.990264	0.003319	0.002991
59	LdDocent_Contig_93903_49	1	2	0.002357	0.009736	0.003319	0.002991
60	LdDocent_Contig_55987_437	0	1	0.998013	0.974404	0.002801	0.004812
60	LdDocent_Contig_55987_437	1	2	0.001987	0.025596	0.002801	0.004812
61	LdDocent_Contig_7318_394	0	1	0.997845	0.989098	0.003038	0.003196
61	LdDocent_Contig_7318_394	1	2	0.002155	0.010902	0.003038	0.003196
62	LdDocent_Contig_14692_50	0	1	0.997873	0.990716	0.002997	0.002996
62	LdDocent_Contig_14692_50	1	2	0.002127	0.009284	0.002997	0.002996
63	LdDocent_Contig_60842_48	0	1	0.998052	0.975870	0.002747	0.004540
63	LdDocent_Contig_60842_48	1	2	0.001948	0.024130	0.002747	0.004540
64	LdDocent_Contig_72998_14	0	1	0.997861	0.991973	0.003012	0.002746
64	LdDocent_Contig_72998_14	1	2	0.002139	0.008027	0.003012	0.002746
65	LdDocent_Contig_7538_103	0	1	0.996220	0.991489	0.004389	0.002848
65	LdDocent_Contig_7538_103	1	2	0.003780	0.008511	0.004389	0.002848
66	LdDocent_Contig_683_19	0	1	0.998115	0.990666	0.002660	0.002866
66	LdDocent_Contig_683_19	1	2	0.001885	0.009334	0.002660	0.002866
67	LdDocent_Contig_257_407	0	1	0.719072	0.997556	0.031395	0.001544
67	LdDocent_Contig_257_407	1	2	0.280928	0.002444	0.031395	0.001544
68	LdDocent_Contig_5947_310	0	1	0.102126	0.727251	0.023084	0.013258
68	LdDocent_Contig_5947_310	1	2	0.897874	0.272749	0.023084	0.013258
69	LdDocent_Contig_5106_408	0	1	0.742298	0.996780	0.034874	0.001718
69	LdDocent_Contig_5106_408	1	2	0.257702	0.003220	0.034874	0.001718
70	LdDocent_Contig_91609_11	0	1	0.992548	0.964645	0.005992	0.005939
70	LdDocent_Contig_91609_11	1	2	0.007452	0.035355	0.005992	0.005939
71	LdDocent_Contig_84063_14	0	1	0.995972	0.991680	0.005357	0.002771
71	LdDocent_Contig_84063_14	1	2	0.004028	0.008320	0.005357	0.002771
72	LdDocent_Contig_19332_430	0	1	0.942862	0.999597	0.020196	0.000571
72	LdDocent_Contig_19332_430	1	2	0.057138	0.000403	0.020196	0.000571
73	LdDocent_Contig_16348_134	0	1	0.943222	0.999530	0.014461	0.000664
73	LdDocent_Contig_16348_134	1	2	0.056778	0.000470	0.014461	0.000664
74	LdDocent_Contig_5304_12	0	1	0.952657	0.999542	0.016802	0.000647
74	LdDocent_Contig_5304_12	1	2	0.047343	0.000458	0.016802	0.000647
75	LdDocent_Contig_80681_384	0	1	0.628777	0.997755	0.033884	0.001417
75	LdDocent_Contig_80681_384	1	2	0.371223	0.002245	0.033884	0.001417
76	LdDocent_Contig_7184_46	0	1	0.998079	0.979669	0.002708	0.004148
76	LdDocent_Contig_7184_46	1	2	0.001921	0.020331	0.002708	0.004148
77	LdDocent_Contig_74577_57	0	1	0.998146	0.992641	0.002614	0.002514
77	LdDocent_Contig_74577_57	1	2	0.001854	0.007359	0.002614	0.002514
78	LdDocent_Contig_57890_429	0	1	0.997951	0.986267	0.002892	0.003463
78	LdDocent_Contig_57890_429	1	2	0.002049	0.013733	0.002892	0.003463
79	LdDocent_Contig_96151_9	0	1	0.997893	0.967423	0.002970	0.005230
79	LdDocent_Contig_96151_9	1	2	0.002107	0.032577	0.002970	0.005230
80	LdDocent_Contig_1235_19	0	1	0.888737	0.998684	0.019967	0.001074
80	LdDocent_Contig_1235_19	1	2	0.111263	0.001316	0.019967	0.001074
81	LdDocent_Contig_16044_389	0	1	0.997967	0.991320	0.002868	0.002803
81	LdDocent_Contig_16044_389	1	2	0.002033	0.008680	0.002868	0.002803
82	LdDocent_Contig_8487_141	0	1	0.033700	0.995719	0.012253	0.002087
82	LdDocent_Contig_8487_141	1	2	0.966300	0.004281	0.012253	0.002087
83	LdDocent_Contig_92672_101	0	1	0.945665	0.799292	0.014874	0.012739
83	LdDocent_Contig_92672_101	1	2	0.054335	0.200708	0.014874	0.012739
84	LdDocent_Contig_83520_23	0	1	0.997801	0.989499	0.003075	0.003098
84	LdDocent_Contig_83520_23	1	2	0.002199	0.010501	0.003075	0.003098
85	LdDocent_Contig_74588_389	0	1	0.997679	0.987413	0.003267	0.003537
85	LdDocent_Contig_74588_389	1	2	0.002321	0.012587	0.003267	0.003537
86	LdDocent_Contig_6262_459	0	1	0.973663	0.980747	0.020480	0.004059
86	LdDocent_Contig_6262_459	1	2	0.026337	0.019253	0.020480	0.004059
87	LdDocent_Contig_1171_8	0	1	0.316270	0.984473	0.029539	0.003908
87	LdDocent_Contig_1171_8	1	2	0.683730	0.015527	0.029539	0.003908
88	LdDocent_Contig_18_354	0	1	0.017293	0.996444	0.008467	0.001849
88	LdDocent_Contig_18_354	1	2	0.982707	0.003556	0.008467	0.001849
89	LdDocent_Contig_81251_341	0	1	0.969355	0.999502	0.011020	0.000704
89	LdDocent_Contig_81251_341	1	2	0.030645	0.000498	0.011020	0.000704
90	LdDocent_Contig_5625_436	0	1	0.949358	0.999563	0.013421	0.000616
90	LdDocent_Contig_5625_436	1	2	0.050642	0.000437	0.013421	0.000616
91	LdDocent_Contig_15609_391	0	1	0.885769	0.999510	0.021265	0.000693
91	LdDocent_Contig_15609_391	1	2	0.114231	0.000490	0.021265	0.000693
92	LdDocent_Contig_82354_396	0	1	0.993936	0.976417	0.004931	0.004706
92	LdDocent_Contig_82354_396	1	2	0.006064	0.023583	0.004931	0.004706
93	LdDocent_Contig_17880_388	0	2	0.993265	0.908642	0.005470	0.009357
93	LdDocent_Contig_17880_388	1	1	0.006735	0.091358	0.005470	0.009357
94	LdDocent_Contig_16527_454	0	1	0.977502	0.920681	0.009469	0.008426
94	LdDocent_Contig_16527_454	1	2	0.022498	0.079319	0.009469	0.008426
95	LdDocent_Contig_22_433	0	1	0.904853	0.999550	0.018651	0.000636
95	LdDocent_Contig_22_433	1	2	0.095147	0.000450	0.018651	0.000636
96	LdDocent_Contig_13428_103	0	1	0.976994	0.993482	0.009682	0.002549
96	LdDocent_Contig_13428_103	1	2	0.023006	0.006518	0.009682	0.002549
97	LdDocent_Contig_6009_395	0	1	0.965911	0.999541	0.011473	0.000649
97	LdDocent_Contig_6009_395	1	2	0.034089	0.000459	0.011473	0.000649
98	LdDocent_Contig_250_15	0	1	0.917937	0.999538	0.017332	0.000652
98	LdDocent_Contig_250_15	1	2	0.082063	0.000462	0.017332	0.000652
99	LdDocent_Contig_801_381	0	1	0.978050	0.990208	0.013660	0.003007
99	LdDocent_Contig_801_381	1	2	0.021950	0.009792	0.013660	0.003007
100	LdDocent_Contig_66057_9	0	1	0.994119	0.991999	0.004779	0.002733
100	LdDocent_Contig_66057_9	1	2	0.005881	0.008001	0.004779	0.002733
101	LdDocent_Contig_91667_33	0	1	0.993167	0.954225	0.005555	0.006700
101	LdDocent_Contig_91667_33	1	2	0.006833	0.045775	0.005555	0.006700
102	LdDocent_Contig_64322_138	0	1	0.997951	0.941906	0.002889	0.007496
102	LdDocent_Contig_64322_138	1	2	0.002049	0.058094	0.002889	0.007496
103	LdDocent_Contig_627_11	0	1	0.998012	0.989384	0.002803	0.003113
103	LdDocent_Contig_627_11	1	2	0.001988	0.010616	0.002803	0.003113
104	LdDocent_Contig_95524_427	0	1	0.995097	0.986103	0.006433	0.003546
104	LdDocent_Contig_95524_427	1	2	0.004903	0.013897	0.006433	0.003546
105	LdDocent_Contig_6_383	0	1	0.997960	0.991429	0.002876	0.002765
105	LdDocent_Contig_6_383	1	2	0.002040	0.008571	0.002876	0.002765
106	LdDocent_Contig_95782_119	0	1	0.997631	0.960526	0.003334	0.006233
106	LdDocent_Contig_95782_119	1	2	0.002369	0.039474	0.003334	0.006233
107	LdDocent_Contig_2297_131	0	1	0.997928	0.991476	0.002931	0.002755
107	LdDocent_Contig_2297_131	1	2	0.002072	0.008524	0.002931	0.002755
108	LdDocent_Contig_8080_113	0	1	0.997723	0.985349	0.003210	0.003579
108	LdDocent_Contig_8080_113	1	2	0.002277	0.014651	0.003210	0.003579
109	LdDocent_Contig_85639_426	0	1	0.997861	0.983853	0.003017	0.003825
109	LdDocent_Contig_85639_426	1	2	0.002139	0.016147	0.003017	0.003825
110	LdDocent_Contig_60410_392	0	1	0.985791	0.977005	0.007526	0.004499
110	LdDocent_Contig_60410_392	1	2	0.014209	0.022995	0.007526	0.004499
111	LdDocent_Contig_50533_301	0	1	0.951227	0.996821	0.013496	0.001696
111	LdDocent_Contig_50533_301	1	2	0.048773	0.003179	0.013496	0.001696
112	LdDocent_Contig_34132_66	0	1	0.997993	0.928990	0.002827	0.008091
112	LdDocent_Contig_34132_66	1	2	0.002007	0.071010	0.002827	0.008091
113	LdDocent_Contig_1183_492	0	1	0.978917	0.997625	0.009138	0.001494
113	LdDocent_Contig_1183_492	1	2	0.021083	0.002375	0.009138	0.001494
114	LdDocent_Contig_3482_420	0	1	0.900134	0.987411	0.018865	0.003401
114	LdDocent_Contig_3482_420	1	2	0.099866	0.012589	0.018865	0.003401
115	LdDocent_Contig_85138_21	0	1	0.992920	0.973195	0.005761	0.005132
115	LdDocent_Contig_85138_21	1	2	0.007080	0.026805	0.005761	0.005132
116	LdDocent_Contig_92640_436	0	1	0.955858	0.997870	0.012714	0.001345
116	LdDocent_Contig_92640_436	1	2	0.044142	0.002130	0.012714	0.001345
117	LdDocent_Contig_94363_340	0	1	0.615529	0.978553	0.029998	0.004375
117	LdDocent_Contig_94363_340	1	2	0.384471	0.021447	0.029998	0.004375
118	LdDocent_Contig_31849_33	0	1	0.952979	0.905417	0.014083	0.009237
118	LdDocent_Contig_31849_33	1	2	0.047021	0.094583	0.014083	0.009237
119	LdDocent_Contig_63_36	0	1	0.948692	0.998729	0.013556	0.001037
119	LdDocent_Contig_63_36	1	2	0.051308	0.001271	0.013556	0.001037
120	LdDocent_Contig_58042_41	0	1	0.997875	0.991971	0.002995	0.002742
120	LdDocent_Contig_58042_41	1	2	0.002125	0.008029	0.002995	0.002742
121	LdDocent_Contig_132_427	0	1	0.023358	0.996866	0.009823	0.001752
121	LdDocent_Contig_132_427	1	2	0.976642	0.003134	0.009823	0.001752
122	LdDocent_Contig_1772_121	0	1	0.976035	0.989433	0.010071	0.003100
122	LdDocent_Contig_1772_121	1	2	0.023965	0.010567	0.010071	0.003100
123	LdDocent_Contig_93107_422	0	1	0.997934	0.989238	0.002909	0.003301
123	LdDocent_Contig_93107_422	1	2	0.002066	0.010762	0.002909	0.003301
124	LdDocent_Contig_1481_423	0	1	0.967180	0.612804	0.011101	0.014067
124	LdDocent_Contig_1481_423	1	2	0.032820	0.387196	0.011101	0.014067
125	LdDocent_Contig_2364_439	0	1	0.998089	0.621425	0.002694	0.014150
125	LdDocent_Contig_2364_439	1	2	0.001911	0.378575	0.002694	0.014150
126	LdDocent_Contig_93488_498	0	1	0.990803	0.991721	0.007470	0.002827
126	LdDocent_Contig_93488_498	1	2	0.009197	0.008279	0.007470	0.002827
127	LdDocent_Contig_1447_75	0	2	0.990685	0.582273	0.005852	0.014511
127	LdDocent_Contig_1447_75	1	1	0.009315	0.417727	0.005852	0.014511
128	LdDocent_Contig_30350_410	0	1	0.997897	0.989758	0.002963	0.003143
128	LdDocent_Contig_30350_410	1	2	0.002103	0.010242	0.002963	0.003143
129	LdDocent_Contig_311_397	0	1	0.997647	0.980626	0.003316	0.004138
129	LdDocent_Contig_311_397	1	2	0.002353	0.019374	0.003316	0.004138
130	LdDocent_Contig_36582_322	0	1	0.997680	0.990969	0.003242	0.002792
130	LdDocent_Contig_36582_322	1	2	0.002320	0.009031	0.003242	0.002792
131	LdDocent_Contig_7713_355	0	1	0.969187	0.998470	0.011865	0.001248
131	LdDocent_Contig_7713_355	1	2	0.030813	0.001530	0.011865	0.001248
132	LdDocent_Contig_1407_483	0	1	0.997975	0.962580	0.002839	0.005449
132	LdDocent_Contig_1407_483	1	2	0.002025	0.037420	0.002839	0.005449
133	LdDocent_Contig_18722_40	0	1	0.997821	0.944218	0.003052	0.007028
133	LdDocent_Contig_18722_40	1	2	0.002179	0.055782	0.003052	0.007028
134	LdDocent_Contig_68637_134	0	1	0.997571	0.337974	0.003423	0.014677
134	LdDocent_Contig_68637_134	1	2	0.002429	0.662026	0.003423	0.014677
135	LdDocent_Contig_59658_364	0	1	0.992840	0.970502	0.005718	0.005137
135	LdDocent_Contig_59658_364	1	2	0.007160	0.029498	0.005718	0.005137
136	LdDocent_Contig_52519_420	0	1	0.964765	0.999528	0.011839	0.000668
136	LdDocent_Contig_52519_420	1	2	0.035235	0.000472	0.011839	0.000668
137	LdDocent_Contig_752_383	0	1	0.005736	0.998693	0.004658	0.001068
137	LdDocent_Contig_752_383	1	2	0.994264	0.001307	0.004658	0.001068
138	LdDocent_Contig_24534_432	0	1	0.984646	0.991796	0.008127	0.002802
138	LdDocent_Contig_24534_432	1	2	0.015354	0.008204	0.008127	0.002802
139	LdDocent_Contig_25093_449	0	2	0.988218	0.806089	0.007377	0.012233
139	LdDocent_Contig_25093_449	1	1	0.011782	0.193911	0.007377	0.012233
140	LdDocent_Contig_95448_16	0	1	0.997890	0.964245	0.002969	0.005977
140	LdDocent_Contig_95448_16	1	2	0.002110	0.035755	0.002969	0.005977
141	LdDocent_Contig_596_393	0	1	0.963229	0.999511	0.012362	0.000691
141	LdDocent_Contig_596_393	1	2	0.036771	0.000489	0.012362	0.000691
142	LdDocent_Contig_527_494	0	1	0.985197	0.992975	0.007841	0.002557
142	LdDocent_Contig_527_494	1	2	0.014803	0.007025	0.007841	0.002557
143	LdDocent_Contig_200_339	0	1	0.998110	0.983349	0.002663	0.003734
143	LdDocent_Contig_200_339	1	2	0.001890	0.016651	0.002663	0.003734
144	LdDocent_Contig_52407_95	0	1	0.996889	0.944853	0.004383	0.006904
144	LdDocent_Contig_52407_95	1	2	0.003111	0.055147	0.004383	0.006904
145	LdDocent_Contig_836_77	0	1	0.005869	0.502421	0.004767	0.014655
145	LdDocent_Contig_836_77	1	2	0.994131	0.497579	0.004767	0.014655
146	LdDocent_Contig_95152_97	0	1	0.997332	0.984905	0.003638	0.003833
146	LdDocent_Contig_95152_97	1	2	0.002668	0.015095	0.003638	0.003833
147	LdDocent_Contig_75463_414	0	1	0.997897	0.993258	0.002959	0.002451
147	LdDocent_Contig_75463_414	1	2	0.002103	0.006742	0.002959	0.002451
148	LdDocent_Contig_8151_404	0	1	0.997732	0.992492	0.003201	0.002730
148	LdDocent_Contig_8151_404	1	2	0.002268	0.007508	0.003201	0.002730
149	LdDocent_Contig_93081_398	0	1	0.997682	0.988499	0.003260	0.003366
149	LdDocent_Contig_93081_398	1	2	0.002318	0.011501	0.003260	0.003366
150	LdDocent_Contig_671_38	0	1	0.009899	0.988188	0.006344	0.003319
150	LdDocent_Contig_671_38	1	2	0.990101	0.011812	0.006344	0.003319
151	LdDocent_Contig_2003_49	0	1	0.762212	0.999493	0.028937	0.000714
151	LdDocent_Contig_2003_49	1	2	0.237788	0.000507	0.028937	0.000714
152	LdDocent_Contig_5593_130	0	1	0.993473	0.976485	0.005297	0.004693
152	LdDocent_Contig_5593_130	1	2	0.006527	0.023515	0.005297	0.004693
153	LdDocent_Contig_1759_312	0	1	0.969311	0.999556	0.011008	0.000629
153	LdDocent_Contig_1759_312	1	2	0.030689	0.000444	0.011008	0.000629
154	LdDocent_Contig_815_46	0	1	0.997975	0.992414	0.002855	0.002591
154	LdDocent_Contig_815_46	1	2	0.002025	0.007586	0.002855	0.002591
155	LdDocent_Contig_29501_373	0	1	0.997980	0.992933	0.002853	0.002569
155	LdDocent_Contig_29501_373	1	2	0.002020	0.007067	0.002853	0.002569
156	LdDocent_Contig_2757_399	0	1	0.899085	0.999498	0.020122	0.000710
156	LdDocent_Contig_2757_399	1	2	0.100915	0.000502	0.020122	0.000710
157	LdDocent_Contig_56197_394	0	1	0.998010	0.992347	0.002799	0.002610
157	LdDocent_Contig_56197_394	1	2	0.001990	0.007653	0.002799	0.002610
158	LdDocent_Contig_55838_22	0	1	0.998031	0.987862	0.002777	0.003282
158	LdDocent_Contig_55838_22	1	2	0.001969	0.012138	0.002777	0.003282
159	LdDocent_Contig_68613_84	0	1	0.023411	0.541632	0.009823	0.015262
159	LdDocent_Contig_68613_84	1	2	0.976589	0.458368	0.009823	0.015262
160	LdDocent_Contig_940_379	0	1	0.017951	0.998547	0.008369	0.001191
160	LdDocent_Contig_940_379	1	2	0.982049	0.001453	0.008369	0.001191
161	LdDocent_Contig_7979_42	0	1	0.960466	0.999530	0.012555	0.000665
161	LdDocent_Contig_7979_42	1	2	0.039534	0.000470	0.012555	0.000665
162	LdDocent_Contig_36542_62	0	1	0.988619	0.613761	0.007131	0.015430
162	LdDocent_Contig_36542_62	1	2	0.011381	0.386239	0.007131	0.015430
163	LdDocent_Contig_18877_34	0	1	0.950729	0.997255	0.013736	0.001724
163	LdDocent_Contig_18877_34	1	2	0.049271	0.002745	0.013736	0.001724
164	LdDocent_Contig_7109_58	0	1	0.935319	0.997554	0.016417	0.001545
164	LdDocent_Contig_7109_58	1	2	0.064681	0.002446	0.016417	0.001545
165	LdDocent_Contig_6647_39	0	1	0.954727	0.999505	0.014306	0.000700
165	LdDocent_Contig_6647_39	1	2	0.045273	0.000495	0.014306	0.000700
166	LdDocent_Contig_31548_378	0	1	0.970497	0.996021	0.011351	0.001925
166	LdDocent_Contig_31548_378	1	2	0.029503	0.003979	0.011351	0.001925
167	LdDocent_Contig_1026_343	0	1	0.997942	0.993048	0.002903	0.002526
167	LdDocent_Contig_1026_343	1	2	0.002058	0.006952	0.002903	0.002526
168	LdDocent_Contig_1186_486	0	1	0.997720	0.991509	0.003212	0.002899
168	LdDocent_Contig_1186_486	1	2	0.002280	0.008491	0.003212	0.002899
169	LdDocent_Contig_6471_364	0	1	0.858393	0.982277	0.023162	0.004190
169	LdDocent_Contig_6471_364	1	2	0.141607	0.017723	0.023162	0.004190
170	LdDocent_Contig_88057_115	0	1	0.998038	0.993293	0.002769	0.002440
170	LdDocent_Contig_88057_115	1	2	0.001962	0.006707	0.002769	0.002440
171	LdDocent_Contig_3159_380	0	1	0.997788	0.987908	0.003119	0.003539
171	LdDocent_Contig_3159_380	1	2	0.002212	0.012092	0.003119	0.003539
172	LdDocent_Contig_60825_73	0	1	0.043658	0.981270	0.013914	0.004314
172	LdDocent_Contig_60825_73	1	2	0.956342	0.018730	0.013914	0.004314
173	LdDocent_Contig_133_465	0	1	0.120360	0.999515	0.024165	0.000684
173	LdDocent_Contig_133_465	1	2	0.879640	0.000485	0.024165	0.000684
174	LdDocent_Contig_5548_407	0	1	0.821915	0.998523	0.026020	0.001204
174	LdDocent_Contig_5548_407	1	2	0.178085	0.001477	0.026020	0.001204
175	LdDocent_Contig_73096_334	0	1	0.997621	0.979886	0.003337	0.004409
175	LdDocent_Contig_73096_334	1	2	0.002379	0.020114	0.003337	0.004409
176	LdDocent_Contig_1931_379	0	1	0.997732	0.836474	0.003193	0.011454
176	LdDocent_Contig_1931_379	1	2	0.002268	0.163526	0.003193	0.011454
177	LdDocent_Contig_67427_465	0	1	0.997922	0.976116	0.002922	0.004678
177	LdDocent_Contig_67427_465	1	2	0.002078	0.023884	0.002922	0.004678
178	LdDocent_Contig_1754_390	0	1	0.993443	0.701487	0.005332	0.014034
178	LdDocent_Contig_1754_390	1	2	0.006557	0.298513	0.005332	0.014034
179	LdDocent_Contig_55695_22	0	1	0.967522	0.999518	0.011635	0.000681
179	LdDocent_Contig_55695_22	1	2	0.032478	0.000482	0.011635	0.000681
180	LdDocent_Contig_555_371	0	1	0.026768	0.995576	0.010729	0.002096
180	LdDocent_Contig_555_371	1	2	0.973232	0.004424	0.010729	0.002096
181	LdDocent_Contig_56630_399	0	1	0.997836	0.868614	0.003044	0.010340
181	LdDocent_Contig_56630_399	1	2	0.002164	0.131386	0.003044	0.010340
182	LdDocent_Contig_63017_408	0	1	0.998040	0.904225	0.002766	0.008772
182	LdDocent_Contig_63017_408	1	2	0.001960	0.095775	0.002766	0.008772
183	LdDocent_Contig_2786_363	0	1	0.945789	0.927400	0.019656	0.007692
183	LdDocent_Contig_2786_363	1	2	0.054211	0.072600	0.019656	0.007692
184	LdDocent_Contig_967_360	0	1	0.997896	0.896437	0.002964	0.009213
184	LdDocent_Contig_967_360	1	2	0.002104	0.103563	0.002964	0.009213
185	LdDocent_Contig_5815_452	0	1	0.989926	0.909854	0.006749	0.008712
185	LdDocent_Contig_5815_452	1	2	0.010074	0.090146	0.006749	0.008712
186	LdDocent_Contig_947_112	0	1	0.998013	0.986747	0.002806	0.003457
186	LdDocent_Contig_947_112	1	2	0.001987	0.013253	0.002806	0.003457
187	LdDocent_Contig_59780_91	0	1	0.997427	0.970619	0.003619	0.005342
187	LdDocent_Contig_59780_91	1	2	0.002573	0.029381	0.003619	0.005342
188	LdDocent_Contig_1854_15	0	1	0.998025	0.990392	0.002786	0.002949
188	LdDocent_Contig_1854_15	1	2	0.001975	0.009608	0.002786	0.002949
189	LdDocent_Contig_15456_449	0	1	0.989691	0.971093	0.006462	0.005264
189	LdDocent_Contig_15456_449	1	2	0.010309	0.028907	0.006462	0.005264
190	LdDocent_Contig_5930_404	0	1	0.997903	0.988456	0.002959	0.003244
190	LdDocent_Contig_5930_404	1	2	0.002097	0.011544	0.002959	0.003244
191	LdDocent_Contig_37548_397	0	1	0.997820	0.951168	0.003055	0.006841
191	LdDocent_Contig_37548_397	1	2	0.002180	0.048832	0.003055	0.006841
192	LdDocent_Contig_26351_351	0	1	0.869606	0.824324	0.021571	0.011889
192	LdDocent_Contig_26351_351	1	2	0.130394	0.175676	0.021571	0.011889
193	LdDocent_Contig_5195_327	0	1	0.997948	0.951539	0.002888	0.006470
193	LdDocent_Contig_5195_327	1	2	0.002052	0.048461	0.002888	0.006470
194	LdDocent_Contig_8958_53	0	1	0.997791	0.977714	0.003109	0.004646
194	LdDocent_Contig_8958_53	1	2	0.002209	0.022286	0.003109	0.004646
195	LdDocent_Contig_2571_8	0	1	0.997869	0.986257	0.003006	0.003584
195	LdDocent_Contig_2571_8	1	2	0.002131	0.013743	0.003006	0.003584
196	LdDocent_Contig_3461_11	0	1	0.993840	0.972852	0.005010	0.004930
196	LdDocent_Contig_3461_11	1	2	0.006160	0.027148	0.005010	0.004930
197	LdDocent_Contig_7945_395	0	1	0.958494	0.999554	0.012523	0.000629
197	LdDocent_Contig_7945_395	1	2	0.041506	0.000446	0.012523	0.000629
198	LdDocent_Contig_91572_481	0	1	0.959446	0.993392	0.012847	0.002581
198	LdDocent_Contig_91572_481	1	2	0.040554	0.006608	0.012847	0.002581
199	LdDocent_Contig_27577_415	0	1	0.997529	0.954932	0.003488	0.006388
199	LdDocent_Contig_27577_415	1	2	0.002471	0.045068	0.003488	0.006388
