1000000_sweeps	IndivName	1.000/0.000/0.000/0.000	0.000/0.000/0.000/1.000	0.000/0.500/0.500/0.000	0.250/0.250/0.250/0.250	0.500/0.250/0.250/0.000	0.000/0.250/0.250/0.500
1	NoName	0.00000	1.00000	0.00000	0.00000	0.00000	0.00000
2	NoName	0.00000	1.00000	0.00000	0.00000	0.00000	0.00000
3	NoName	0.00000	0.99999	0.00000	0.00000	0.00000	0.00001
4	NoName	0.00000	0.99972	0.00000	0.00000	0.00000	0.00028
5	NoName	0.00000	1.00000	0.00000	0.00000	0.00000	0.00000
6	NoName	0.00000	1.00000	0.00000	0.00000	0.00000	0.00000
7	NoName	0.00000	1.00000	0.00000	0.00000	0.00000	0.00000
8	NoName	0.00000	1.00000	0.00000	0.00000	0.00000	0.00000
9	NoName	0.00000	1.00000	0.00000	0.00000	0.00000	0.00000
10	NoName	0.00000	0.00000	0.00000	0.01173	0.98826	0.00000
11	NoName	1.00000	0.00000	0.00000	0.00000	0.00000	0.00000
12	NoName	0.00000	0.98406	0.00000	0.00270	0.00000	0.01323
13	NoName	0.00000	1.00000	0.00000	0.00000	0.00000	0.00000
14	NoName	0.00000	1.00000	0.00000	0.00000	0.00000	0.00000
15	NoName	0.00000	1.00000	0.00000	0.00000	0.00000	0.00000
16	NoName	0.00000	0.99992	0.00000	0.00000	0.00000	0.00008
17	NoName	1.00000	0.00000	0.00000	0.00000	0.00000	0.00000
18	NoName	0.99323	0.00000	0.00000	0.00061	0.00616	0.00000
19	NoName	0.00000	0.99535	0.00000	0.00081	0.00000	0.00385
20	NoName	1.00000	0.00000	0.00000	0.00000	0.00000	0.00000
21	NoName	0.79551	0.00000	0.00000	0.12748	0.07699	0.00002
22	NoName	0.00000	0.99958	0.00000	0.00000	0.00000	0.00041
23	NoName	0.99929	0.00000	0.00000	0.00000	0.00071	0.00000
24	NoName	1.00000	0.00000	0.00000	0.00000	0.00000	0.00000
25	NoName	0.99999	0.00000	0.00000	0.00000	0.00001	0.00000
26	NoName	0.00000	1.00000	0.00000	0.00000	0.00000	0.00000
27	NoName	0.00000	1.00000	0.00000	0.00000	0.00000	0.00000
28	NoName	0.00000	0.99842	0.00000	0.00000	0.00000	0.00158
29	NoName	0.00000	1.00000	0.00000	0.00000	0.00000	0.00000
30	NoName	1.00000	0.00000	0.00000	0.00000	0.00000	0.00000
31	NoName	0.99976	0.00000	0.00000	0.00000	0.00024	0.00000
32	NoName	0.00000	0.99904	0.00000	0.00004	0.00000	0.00092
33	NoName	0.99999	0.00000	0.00000	0.00000	0.00001	0.00000
34	NoName	0.00000	0.99802	0.00000	0.00017	0.00000	0.00181
35	NoName	0.00000	0.99976	0.00000	0.00000	0.00000	0.00024
36	NoName	0.00000	1.00000	0.00000	0.00000	0.00000	0.00000
37	NoName	1.00000	0.00000	0.00000	0.00000	0.00000	0.00000
38	NoName	1.00000	0.00000	0.00000	0.00000	0.00000	0.00000
39	NoName	0.00000	1.00000	0.00000	0.00000	0.00000	0.00000
40	NoName	0.00000	1.00000	0.00000	0.00000	0.00000	0.00000
41	NoName	0.00000	1.00000	0.00000	0.00000	0.00000	0.00000
42	NoName	0.00000	1.00000	0.00000	0.00000	0.00000	0.00000
43	NoName	0.99696	0.00000	0.00000	0.00000	0.00304	0.00000
44	NoName	0.00000	0.99937	0.00000	0.00000	0.00000	0.00063
45	NoName	1.00000	0.00000	0.00000	0.00000	0.00000	0.00000
46	NoName	0.00000	0.99841	0.00000	0.00000	0.00000	0.00159
47	NoName	0.00000	1.00000	0.00000	0.00000	0.00000	0.00000
48	NoName	0.99996	0.00000	0.00000	0.00000	0.00004	0.00000
49	NoName	1.00000	0.00000	0.00000	0.00000	0.00000	0.00000
50	NoName	0.00000	0.99999	0.00000	0.00000	0.00000	0.00001
51	NoName	0.00000	1.00000	0.00000	0.00000	0.00000	0.00000
52	NoName	0.00000	1.00000	0.00000	0.00000	0.00000	0.00000
53	NoName	0.01690	0.00000	0.00000	0.00342	0.97968	0.00000
54	NoName	0.00000	1.00000	0.00000	0.00000	0.00000	0.00000
55	NoName	0.00000	1.00000	0.00000	0.00000	0.00000	0.00000
56	NoName	0.99896	0.00000	0.00000	0.00002	0.00102	0.00000
57	NoName	0.00000	1.00000	0.00000	0.00000	0.00000	0.00000
58	NoName	0.00000	1.00000	0.00000	0.00000	0.00000	0.00000
59	NoName	0.00000	1.00000	0.00000	0.00000	0.00000	0.00000
60	NoName	0.00000	1.00000	0.00000	0.00000	0.00000	0.00000
61	NoName	0.00000	1.00000	0.00000	0.00000	0.00000	0.00000
62	NoName	0.00000	1.00000	0.00000	0.00000	0.00000	0.00000
63	NoName	0.00000	1.00000	0.00000	0.00000	0.00000	0.00000
64	NoName	0.00000	1.00000	0.00000	0.00000	0.00000	0.00000
65	NoName	0.00000	1.00000	0.00000	0.00000	0.00000	0.00000
66	NoName	1.00000	0.00000	0.00000	0.00000	0.00000	0.00000
67	NoName	0.00000	1.00000	0.00000	0.00000	0.00000	0.00000
68	NoName	0.00000	1.00000	0.00000	0.00000	0.00000	0.00000
69	NoName	0.00000	0.99934	0.00000	0.00002	0.00000	0.00064
70	NoName	0.00000	0.99996	0.00000	0.00000	0.00000	0.00004
71	NoName	0.00000	1.00000	0.00000	0.00000	0.00000	0.00000
72	NoName	0.00000	1.00000	0.00000	0.00000	0.00000	0.00000
73	NoName	0.00000	0.99995	0.00000	0.00000	0.00000	0.00005
74	NoName	0.00000	1.00000	0.00000	0.00000	0.00000	0.00000
75	NoName	0.00000	0.99997	0.00000	0.00000	0.00000	0.00003
76	NoName	0.00000	1.00000	0.00000	0.00000	0.00000	0.00000
77	NoName	1.00000	0.00000	0.00000	0.00000	0.00000	0.00000
78	NoName	0.99996	0.00000	0.00000	0.00000	0.00004	0.00000
79	NoName	1.00000	0.00000	0.00000	0.00000	0.00000	0.00000
80	NoName	0.00000	0.99785	0.00000	0.00018	0.00000	0.00197
81	NoName	0.00000	1.00000	0.00000	0.00000	0.00000	0.00000
82	NoName	0.98787	0.00000	0.00000	0.00174	0.01040	0.00000
83	NoName	1.00000	0.00000	0.00000	0.00000	0.00000	0.00000
84	NoName	0.00000	1.00000	0.00000	0.00000	0.00000	0.00000
85	NoName	1.00000	0.00000	0.00000	0.00000	0.00000	0.00000
86	NoName	0.99991	0.00000	0.00000	0.00000	0.00009	0.00000
87	NoName	0.00000	1.00000	0.00000	0.00000	0.00000	0.00000
88	NoName	1.00000	0.00000	0.00000	0.00000	0.00000	0.00000
89	NoName	0.00000	1.00000	0.00000	0.00000	0.00000	0.00000
90	NoName	0.00000	1.00000	0.00000	0.00000	0.00000	0.00000
91	NoName	0.99971	0.00000	0.00000	0.00000	0.00029	0.00000
92	NoName	0.00000	0.00000	0.00001	0.00033	0.00000	0.99967
93	NoName	0.00000	1.00000	0.00000	0.00000	0.00000	0.00000
94	NoName	0.99990	0.00000	0.00000	0.00000	0.00010	0.00000
95	NoName	0.00000	1.00000	0.00000	0.00000	0.00000	0.00000
96	NoName	0.00000	1.00000	0.00000	0.00000	0.00000	0.00000
97	NoName	0.99999	0.00000	0.00000	0.00000	0.00001	0.00000
98	NoName	0.00000	0.99999	0.00000	0.00000	0.00000	0.00001
99	NoName	0.00001	0.99648	0.00003	0.00047	0.00001	0.00301
100	NoName	0.00000	1.00000	0.00000	0.00000	0.00000	0.00000
101	NoName	0.00000	0.99994	0.00000	0.00000	0.00000	0.00006
102	NoName	0.00000	0.99999	0.00000	0.00000	0.00000	0.00001
103	NoName	0.00000	1.00000	0.00000	0.00000	0.00000	0.00000
104	NoName	0.00000	1.00000	0.00000	0.00000	0.00000	0.00000
105	NoName	0.00000	0.99973	0.00000	0.00000	0.00000	0.00026
106	NoName	0.00000	1.00000	0.00000	0.00000	0.00000	0.00000
107	NoName	0.00000	1.00000	0.00000	0.00000	0.00000	0.00000
108	NoName	1.00000	0.00000	0.00000	0.00000	0.00000	0.00000
109	NoName	0.00000	1.00000	0.00000	0.00000	0.00000	0.00000
110	NoName	0.00000	1.00000	0.00000	0.00000	0.00000	0.00000
111	NoName	0.00000	1.00000	0.00000	0.00000	0.00000	0.00000
112	NoName	0.98785	0.00000	0.00000	0.00000	0.01215	0.00000
113	NoName	0.99999	0.00000	0.00000	0.00000	0.00001	0.00000
114	NoName	0.00000	1.00000	0.00000	0.00000	0.00000	0.00000
115	NoName	0.00000	1.00000	0.00000	0.00000	0.00000	0.00000
116	NoName	0.78371	0.00000	0.00000	0.00002	0.21627	0.00000
117	NoName	0.00000	1.00000	0.00000	0.00000	0.00000	0.00000
118	NoName	1.00000	0.00000	0.00000	0.00000	0.00000	0.00000
119	NoName	1.00000	0.00000	0.00000	0.00000	0.00000	0.00000
120	NoName	0.00000	0.99999	0.00000	0.00000	0.00000	0.00001
121	NoName	0.00000	1.00000	0.00000	0.00000	0.00000	0.00000
122	NoName	0.00000	1.00000	0.00000	0.00000	0.00000	0.00000
123	NoName	0.00045	0.99246	0.00022	0.00144	0.00019	0.00525
124	NoName	0.00000	1.00000	0.00000	0.00000	0.00000	0.00000
125	NoName	0.00000	0.99987	0.00000	0.00000	0.00000	0.00013
126	NoName	0.00000	1.00000	0.00000	0.00000	0.00000	0.00000
127	NoName	0.00000	1.00000	0.00000	0.00000	0.00000	0.00000
128	NoName	0.00000	1.00000	0.00000	0.00000	0.00000	0.00000
129	NoName	0.00000	0.99999	0.00000	0.00000	0.00000	0.00001
130	NoName	0.00000	0.99999	0.00000	0.00000	0.00000	0.00001
131	NoName	1.00000	0.00000	0.00000	0.00000	0.00000	0.00000
132	NoName	0.00000	1.00000	0.00000	0.00000	0.00000	0.00000
133	NoName	0.00000	1.00000	0.00000	0.00000	0.00000	0.00000
134	NoName	0.00000	1.00000	0.00000	0.00000	0.00000	0.00000
135	NoName	0.00000	1.00000	0.00000	0.00000	0.00000	0.00000
136	NoName	0.00000	1.00000	0.00000	0.00000	0.00000	0.00000
137	NoName	0.00000	1.00000	0.00000	0.00000	0.00000	0.00000
138	NoName	0.99996	0.00000	0.00000	0.00000	0.00004	0.00000
139	NoName	0.99974	0.00000	0.00000	0.00000	0.00026	0.00000
140	NoName	1.00000	0.00000	0.00000	0.00000	0.00000	0.00000
141	NoName	0.82756	0.00000	0.00000	0.00256	0.16988	0.00000
142	NoName	0.01129	0.00000	0.00000	0.00110	0.98761	0.00000
143	NoName	0.00000	1.00000	0.00000	0.00000	0.00000	0.00000
144	NoName	0.99999	0.00000	0.00000	0.00000	0.00001	0.00000
145	NoName	1.00000	0.00000	0.00000	0.00000	0.00000	0.00000
146	NoName	1.00000	0.00000	0.00000	0.00000	0.00000	0.00000
147	NoName	0.99990	0.00000	0.00000	0.00000	0.00010	0.00000
148	NoName	1.00000	0.00000	0.00000	0.00000	0.00000	0.00000
149	NoName	0.99999	0.00000	0.00000	0.00000	0.00001	0.00000
150	NoName	1.00000	0.00000	0.00000	0.00000	0.00000	0.00000
151	NoName	0.00000	0.99999	0.00000	0.00000	0.00000	0.00001
152	NoName	0.00017	0.98110	0.00010	0.00697	0.00018	0.01149
153	NoName	0.00000	0.99987	0.00000	0.00000	0.00000	0.00013
154	NoName	0.00000	1.00000	0.00000	0.00000	0.00000	0.00000
155	NoName	0.00000	1.00000	0.00000	0.00000	0.00000	0.00000
156	NoName	0.00000	0.99997	0.00000	0.00000	0.00000	0.00003
157	NoName	0.00000	1.00000	0.00000	0.00000	0.00000	0.00000
158	NoName	0.00000	1.00000	0.00000	0.00000	0.00000	0.00000
159	NoName	0.00000	1.00000	0.00000	0.00000	0.00000	0.00000
160	NoName	0.00000	0.99999	0.00000	0.00000	0.00000	0.00001
161	NoName	0.00000	1.00000	0.00000	0.00000	0.00000	0.00000
162	NoName	1.00000	0.00000	0.00000	0.00000	0.00000	0.00000
163	NoName	0.00000	1.00000	0.00000	0.00000	0.00000	0.00000
164	NoName	0.00000	1.00000	0.00000	0.00000	0.00000	0.00000
165	NoName	0.00000	0.99854	0.00000	0.00010	0.00000	0.00136
166	NoName	1.00000	0.00000	0.00000	0.00000	0.00000	0.00000
167	NoName	1.00000	0.00000	0.00000	0.00000	0.00000	0.00000
168	NoName	0.99999	0.00000	0.00000	0.00000	0.00001	0.00000
169	NoName	0.00000	1.00000	0.00000	0.00000	0.00000	0.00000
170	NoName	0.00000	1.00000	0.00000	0.00000	0.00000	0.00000
171	NoName	0.00000	1.00000	0.00000	0.00000	0.00000	0.00000
172	NoName	0.00000	0.99990	0.00000	0.00000	0.00000	0.00010
173	NoName	1.00000	0.00000	0.00000	0.00000	0.00000	0.00000
174	NoName	0.00000	1.00000	0.00000	0.00000	0.00000	0.00000
175	NoName	0.00000	0.99997	0.00000	0.00000	0.00000	0.00003
176	NoName	0.00000	1.00000	0.00000	0.00000	0.00000	0.00000
177	NoName	0.00000	1.00000	0.00000	0.00000	0.00000	0.00000
178	NoName	1.00000	0.00000	0.00000	0.00000	0.00000	0.00000
179	NoName	1.00000	0.00000	0.00000	0.00000	0.00000	0.00000
180	NoName	0.00000	1.00000	0.00000	0.00000	0.00000	0.00000
181	NoName	0.00000	1.00000	0.00000	0.00000	0.00000	0.00000
182	NoName	0.99996	0.00000	0.00000	0.00000	0.00004	0.00000
183	NoName	0.00000	1.00000	0.00000	0.00000	0.00000	0.00000
184	NoName	0.00000	1.00000	0.00000	0.00000	0.00000	0.00000
185	NoName	0.00000	0.99999	0.00000	0.00000	0.00000	0.00001
186	NoName	1.00000	0.00000	0.00000	0.00000	0.00000	0.00000
187	NoName	0.00000	1.00000	0.00000	0.00000	0.00000	0.00000
188	NoName	0.00000	1.00000	0.00000	0.00000	0.00000	0.00000
189	NoName	0.00000	1.00000	0.00000	0.00000	0.00000	0.00000
190	NoName	0.00000	0.99997	0.00000	0.00000	0.00000	0.00003
191	NoName	1.00000	0.00000	0.00000	0.00000	0.00000	0.00000
192	NoName	1.00000	0.00000	0.00000	0.00000	0.00000	0.00000
193	NoName	0.99962	0.00000	0.00000	0.00000	0.00038	0.00000
194	NoName	0.00000	1.00000	0.00000	0.00000	0.00000	0.00000
195	NoName	0.00000	1.00000	0.00000	0.00000	0.00000	0.00000
196	NoName	0.00000	1.00000	0.00000	0.00000	0.00000	0.00000
197	NoName	0.00000	0.99887	0.00000	0.00005	0.00000	0.00107
198	NoName	0.00000	0.99999	0.00000	0.00000	0.00000	0.00001
199	NoName	0.00000	0.99999	0.00000	0.00000	0.00000	0.00001
200	NoName	0.00000	0.00000	0.99526	0.00379	0.00001	0.00095
201	NoName	0.00000	1.00000	0.00000	0.00000	0.00000	0.00000
202	NoName	0.00000	1.00000	0.00000	0.00000	0.00000	0.00000
203	NoName	0.00000	0.99825	0.00000	0.00011	0.00000	0.00164
204	NoName	0.00000	1.00000	0.00000	0.00000	0.00000	0.00000
205	NoName	0.00000	1.00000	0.00000	0.00000	0.00000	0.00000
206	NoName	0.00000	1.00000	0.00000	0.00000	0.00000	0.00000
207	NoName	0.00000	1.00000	0.00000	0.00000	0.00000	0.00000
208	NoName	0.00000	1.00000	0.00000	0.00000	0.00000	0.00000
209	NoName	0.00000	0.99999	0.00000	0.00000	0.00000	0.00001
210	NoName	0.00000	1.00000	0.00000	0.00000	0.00000	0.00000
211	NoName	0.00000	0.00988	0.00000	0.00012	0.00000	0.99000
212	NoName	0.00000	1.00000	0.00000	0.00000	0.00000	0.00000
213	NoName	0.99999	0.00000	0.00000	0.00000	0.00001	0.00000
214	NoName	0.99998	0.00000	0.00000	0.00000	0.00002	0.00000
215	NoName	0.00000	1.00000	0.00000	0.00000	0.00000	0.00000
216	NoName	0.00000	1.00000	0.00000	0.00000	0.00000	0.00000
217	NoName	0.00000	1.00000	0.00000	0.00000	0.00000	0.00000
218	NoName	0.00000	1.00000	0.00000	0.00000	0.00000	0.00000
219	NoName	0.00000	1.00000	0.00000	0.00000	0.00000	0.00000
220	NoName	0.00000	0.99967	0.00000	0.00001	0.00000	0.00032
221	NoName	0.00000	1.00000	0.00000	0.00000	0.00000	0.00000
222	NoName	0.00000	1.00000	0.00000	0.00000	0.00000	0.00000
223	NoName	0.00000	0.99999	0.00000	0.00000	0.00000	0.00001
224	NoName	0.00000	1.00000	0.00000	0.00000	0.00000	0.00000
225	NoName	0.00000	1.00000	0.00000	0.00000	0.00000	0.00000
226	NoName	0.99905	0.00000	0.00000	0.00000	0.00095	0.00000
227	NoName	0.00000	1.00000	0.00000	0.00000	0.00000	0.00000
228	NoName	0.00000	0.99992	0.00000	0.00000	0.00000	0.00008
229	NoName	0.98393	0.00000	0.00000	0.00252	0.01355	0.00000
230	NoName	0.00000	1.00000	0.00000	0.00000	0.00000	0.00000
231	NoName	0.00000	1.00000	0.00000	0.00000	0.00000	0.00000
232	NoName	0.00000	0.99975	0.00000	0.00000	0.00000	0.00025
233	NoName	1.00000	0.00000	0.00000	0.00000	0.00000	0.00000
234	NoName	0.00000	1.00000	0.00000	0.00000	0.00000	0.00000
235	NoName	0.00000	1.00000	0.00000	0.00000	0.00000	0.00000
236	NoName	0.00000	1.00000	0.00000	0.00000	0.00000	0.00000
237	NoName	0.00000	1.00000	0.00000	0.00000	0.00000	0.00000
238	NoName	0.00000	1.00000	0.00000	0.00000	0.00000	0.00000
239	NoName	1.00000	0.00000	0.00000	0.00000	0.00000	0.00000
240	NoName	0.99998	0.00000	0.00000	0.00000	0.00002	0.00000
241	NoName	1.00000	0.00000	0.00000	0.00000	0.00000	0.00000
242	NoName	1.00000	0.00000	0.00000	0.00000	0.00000	0.00000
243	NoName	0.00000	1.00000	0.00000	0.00000	0.00000	0.00000
244	NoName	1.00000	0.00000	0.00000	0.00000	0.00000	0.00000
245	NoName	1.00000	0.00000	0.00000	0.00000	0.00000	0.00000
246	NoName	0.00000	1.00000	0.00000	0.00000	0.00000	0.00000
247	NoName	0.00000	1.00000	0.00000	0.00000	0.00000	0.00000
248	NoName	0.00000	1.00000	0.00000	0.00000	0.00000	0.00000
249	NoName	0.00000	0.99999	0.00000	0.00000	0.00000	0.00001
250	NoName	0.00000	1.00000	0.00000	0.00000	0.00000	0.00000
251	NoName	0.00000	1.00000	0.00000	0.00000	0.00000	0.00000
252	NoName	0.00000	1.00000	0.00000	0.00000	0.00000	0.00000
253	NoName	0.00000	1.00000	0.00000	0.00000	0.00000	0.00000
254	NoName	0.00000	1.00000	0.00000	0.00000	0.00000	0.00000
255	NoName	0.00000	1.00000	0.00000	0.00000	0.00000	0.00000
256	NoName	0.00000	1.00000	0.00000	0.00000	0.00000	0.00000
257	NoName	0.00000	1.00000	0.00000	0.00000	0.00000	0.00000
258	NoName	0.00000	1.00000	0.00000	0.00000	0.00000	0.00000
259	NoName	0.00000	1.00000	0.00000	0.00000	0.00000	0.00000
260	NoName	0.00000	0.99962	0.00000	0.00001	0.00000	0.00037
261	NoName	0.00000	1.00000	0.00000	0.00000	0.00000	0.00000
262	NoName	0.00000	1.00000	0.00000	0.00000	0.00000	0.00000
263	NoName	0.00000	1.00000	0.00000	0.00000	0.00000	0.00000
264	NoName	0.00000	1.00000	0.00000	0.00000	0.00000	0.00000
265	NoName	0.00000	0.06626	0.00000	0.89662	0.00000	0.03712
266	NoName	0.00000	1.00000	0.00000	0.00000	0.00000	0.00000
267	NoName	0.00000	1.00000	0.00000	0.00000	0.00000	0.00000
268	NoName	0.00000	1.00000	0.00000	0.00000	0.00000	0.00000
269	NoName	0.00000	0.99999	0.00000	0.00000	0.00000	0.00001
270	NoName	0.00000	1.00000	0.00000	0.00000	0.00000	0.00000
271	NoName	0.00000	1.00000	0.00000	0.00000	0.00000	0.00000
272	NoName	0.00000	1.00000	0.00000	0.00000	0.00000	0.00000
273	NoName	0.00000	1.00000	0.00000	0.00000	0.00000	0.00000
274	NoName	0.00000	1.00000	0.00000	0.00000	0.00000	0.00000
275	NoName	0.00000	1.00000	0.00000	0.00000	0.00000	0.00000
276	NoName	0.00000	1.00000	0.00000	0.00000	0.00000	0.00000
277	NoName	0.00000	1.00000	0.00000	0.00000	0.00000	0.00000
278	NoName	0.00000	1.00000	0.00000	0.00000	0.00000	0.00000
279	NoName	0.00000	1.00000	0.00000	0.00000	0.00000	0.00000
280	NoName	0.00000	0.99999	0.00000	0.00000	0.00000	0.00001
281	NoName	0.00000	1.00000	0.00000	0.00000	0.00000	0.00000
282	NoName	0.00000	1.00000	0.00000	0.00000	0.00000	0.00000
283	NoName	1.00000	0.00000	0.00000	0.00000	0.00000	0.00000
284	NoName	0.00000	0.99996	0.00000	0.00000	0.00000	0.00004
285	NoName	0.00000	1.00000	0.00000	0.00000	0.00000	0.00000
286	NoName	0.00000	1.00000	0.00000	0.00000	0.00000	0.00000
287	NoName	0.00000	1.00000	0.00000	0.00000	0.00000	0.00000
288	NoName	0.00000	1.00000	0.00000	0.00000	0.00000	0.00000
289	NoName	0.00000	1.00000	0.00000	0.00000	0.00000	0.00000
290	NoName	0.00000	1.00000	0.00000	0.00000	0.00000	0.00000
291	NoName	0.00000	1.00000	0.00000	0.00000	0.00000	0.00000
292	NoName	0.00000	1.00000	0.00000	0.00000	0.00000	0.00000
293	NoName	0.00000	1.00000	0.00000	0.00000	0.00000	0.00000
294	NoName	0.00000	1.00000	0.00000	0.00000	0.00000	0.00000
295	NoName	0.00000	1.00000	0.00000	0.00000	0.00000	0.00000
296	NoName	1.00000	0.00000	0.00000	0.00000	0.00000	0.00000
297	NoName	0.00000	1.00000	0.00000	0.00000	0.00000	0.00000
298	NoName	0.00000	0.99987	0.00000	0.00000	0.00000	0.00013
299	NoName	0.99998	0.00000	0.00000	0.00000	0.00002	0.00000
300	NoName	0.00000	1.00000	0.00000	0.00000	0.00000	0.00000
301	NoName	0.00000	1.00000	0.00000	0.00000	0.00000	0.00000
302	NoName	0.00000	1.00000	0.00000	0.00000	0.00000	0.00000
303	NoName	0.00000	1.00000	0.00000	0.00000	0.00000	0.00000
304	NoName	0.00000	1.00000	0.00000	0.00000	0.00000	0.00000
305	NoName	0.00000	1.00000	0.00000	0.00000	0.00000	0.00000
306	NoName	0.00000	0.99996	0.00000	0.00000	0.00000	0.00004
307	NoName	0.00000	1.00000	0.00000	0.00000	0.00000	0.00000
308	NoName	0.00000	1.00000	0.00000	0.00000	0.00000	0.00000
309	NoName	0.00000	1.00000	0.00000	0.00000	0.00000	0.00000
310	NoName	0.00000	1.00000	0.00000	0.00000	0.00000	0.00000
311	NoName	0.00000	0.98467	0.00000	0.00573	0.00001	0.00958
312	NoName	0.00000	1.00000	0.00000	0.00000	0.00000	0.00000
313	NoName	0.00000	1.00000	0.00000	0.00000	0.00000	0.00000
314	NoName	0.00000	1.00000	0.00000	0.00000	0.00000	0.00000
315	NoName	0.00000	0.99993	0.00000	0.00000	0.00000	0.00007
316	NoName	0.00000	1.00000	0.00000	0.00000	0.00000	0.00000
317	NoName	0.00000	1.00000	0.00000	0.00000	0.00000	0.00000
318	NoName	0.00000	1.00000	0.00000	0.00000	0.00000	0.00000
319	NoName	0.00000	0.99623	0.00000	0.00000	0.00000	0.00377
320	NoName	0.00000	1.00000	0.00000	0.00000	0.00000	0.00000
321	NoName	0.00000	0.99999	0.00000	0.00000	0.00000	0.00001
322	NoName	0.00000	0.99993	0.00000	0.00000	0.00000	0.00007
323	NoName	0.00000	0.99995	0.00000	0.00000	0.00000	0.00005
324	NoName	0.00000	1.00000	0.00000	0.00000	0.00000	0.00000
325	NoName	0.00000	0.99998	0.00000	0.00000	0.00000	0.00002
326	NoName	0.00000	0.99996	0.00000	0.00000	0.00000	0.00004
327	NoName	0.00000	1.00000	0.00000	0.00000	0.00000	0.00000
328	NoName	0.00000	1.00000	0.00000	0.00000	0.00000	0.00000
329	NoName	0.00000	1.00000	0.00000	0.00000	0.00000	0.00000
330	NoName	0.00001	0.99282	0.00002	0.00169	0.00003	0.00542
331	NoName	0.00000	1.00000	0.00000	0.00000	0.00000	0.00000
332	NoName	0.00000	1.00000	0.00000	0.00000	0.00000	0.00000
333	NoName	0.00000	1.00000	0.00000	0.00000	0.00000	0.00000
334	NoName	0.00000	1.00000	0.00000	0.00000	0.00000	0.00000
335	NoName	0.00000	0.99999	0.00000	0.00000	0.00000	0.00001
336	NoName	0.00000	0.99824	0.00000	0.00016	0.00000	0.00160
337	NoName	0.00000	1.00000	0.00000	0.00000	0.00000	0.00000
338	NoName	0.00000	1.00000	0.00000	0.00000	0.00000	0.00000
339	NoName	0.00000	1.00000	0.00000	0.00000	0.00000	0.00000
340	NoName	0.00000	0.00000	0.98749	0.00074	0.00000	0.01176
341	NoName	0.00000	1.00000	0.00000	0.00000	0.00000	0.00000
342	NoName	0.00000	1.00000	0.00000	0.00000	0.00000	0.00000
343	NoName	0.00000	0.00038	0.00000	0.00000	0.00000	0.99962
344	NoName	0.00000	0.99985	0.00000	0.00000	0.00000	0.00015
345	NoName	0.00000	1.00000	0.00000	0.00000	0.00000	0.00000
346	NoName	0.00000	0.99953	0.00000	0.00001	0.00000	0.00046
347	NoName	0.00000	0.00003	0.00000	0.00011	0.00000	0.99987
348	NoName	0.00000	1.00000	0.00000	0.00000	0.00000	0.00000
349	NoName	0.00000	1.00000	0.00000	0.00000	0.00000	0.00000
350	NoName	0.00000	1.00000	0.00000	0.00000	0.00000	0.00000
351	NoName	0.00000	0.99999	0.00000	0.00000	0.00000	0.00001
352	NoName	0.00000	1.00000	0.00000	0.00000	0.00000	0.00000
353	NoName	0.00000	0.99996	0.00000	0.00000	0.00000	0.00004
354	NoName	0.00000	0.99878	0.00000	0.00007	0.00000	0.00115
355	NoName	1.00000	0.00000	0.00000	0.00000	0.00000	0.00000
356	NoName	0.00000	0.99999	0.00000	0.00000	0.00000	0.00001
357	NoName	0.00000	1.00000	0.00000	0.00000	0.00000	0.00000
358	NoName	0.00000	0.99384	0.00000	0.00125	0.00000	0.00490
359	NoName	0.00000	1.00000	0.00000	0.00000	0.00000	0.00000
360	NoName	0.00000	1.00000	0.00000	0.00000	0.00000	0.00000
361	NoName	1.00000	0.00000	0.00000	0.00000	0.00000	0.00000
362	NoName	1.00000	0.00000	0.00000	0.00000	0.00000	0.00000
363	NoName	0.00000	1.00000	0.00000	0.00000	0.00000	0.00000
364	NoName	0.00000	0.99998	0.00000	0.00000	0.00000	0.00002
365	NoName	0.00000	0.99999	0.00000	0.00000	0.00000	0.00001
366	NoName	0.00000	1.00000	0.00000	0.00000	0.00000	0.00000
367	NoName	0.00000	1.00000	0.00000	0.00000	0.00000	0.00000
368	NoName	1.00000	0.00000	0.00000	0.00000	0.00000	0.00000
369	NoName	0.00000	0.99989	0.00000	0.00000	0.00000	0.00011
370	NoName	0.00000	1.00000	0.00000	0.00000	0.00000	0.00000
371	NoName	0.00000	1.00000	0.00000	0.00000	0.00000	0.00000
372	NoName	0.00000	0.99995	0.00000	0.00000	0.00000	0.00005
373	NoName	0.00000	0.99999	0.00000	0.00000	0.00000	0.00001
374	NoName	0.99978	0.00000	0.00000	0.00000	0.00022	0.00000
375	NoName	0.00000	0.99996	0.00000	0.00000	0.00000	0.00004
376	NoName	0.13590	0.84386	0.00368	0.00352	0.00548	0.00757
377	NoName	1.00000	0.00000	0.00000	0.00000	0.00000	0.00000
378	NoName	0.99980	0.00000	0.00000	0.00000	0.00020	0.00000
379	NoName	0.00000	1.00000	0.00000	0.00000	0.00000	0.00000
380	NoName	0.00000	1.00000	0.00000	0.00000	0.00000	0.00000
381	NoName	0.00000	1.00000	0.00000	0.00000	0.00000	0.00000
382	NoName	0.99999	0.00000	0.00000	0.00000	0.00001	0.00000
383	NoName	0.00000	1.00000	0.00000	0.00000	0.00000	0.00000
384	NoName	0.00000	1.00000	0.00000	0.00000	0.00000	0.00000
385	NoName	0.00000	1.00000	0.00000	0.00000	0.00000	0.00000
386	NoName	0.00000	1.00000	0.00000	0.00000	0.00000	0.00000
387	NoName	0.99960	0.00000	0.00000	0.00000	0.00040	0.00000
388	NoName	0.00000	1.00000	0.00000	0.00000	0.00000	0.00000
389	NoName	0.00000	1.00000	0.00000	0.00000	0.00000	0.00000
390	NoName	0.00000	1.00000	0.00000	0.00000	0.00000	0.00000
391	NoName	0.00000	0.99634	0.00000	0.00041	0.00000	0.00325
392	NoName	0.00000	0.99997	0.00000	0.00000	0.00000	0.00003
393	NoName	0.00000	0.99998	0.00000	0.00000	0.00000	0.00002
394	NoName	0.00000	1.00000	0.00000	0.00000	0.00000	0.00000
395	NoName	0.00000	1.00000	0.00000	0.00000	0.00000	0.00000
396	NoName	0.00000	1.00000	0.00000	0.00000	0.00000	0.00000
397	NoName	0.00000	1.00000	0.00000	0.00000	0.00000	0.00000
398	NoName	0.00006	0.99438	0.00008	0.00101	0.00006	0.00441
399	NoName	0.00000	1.00000	0.00000	0.00000	0.00000	0.00000
400	NoName	0.00000	1.00000	0.00000	0.00000	0.00000	0.00000
401	NoName	0.00000	0.99686	0.00000	0.00039	0.00000	0.00274
402	NoName	0.00000	0.99997	0.00000	0.00000	0.00000	0.00003
403	NoName	0.00000	1.00000	0.00000	0.00000	0.00000	0.00000
404	NoName	0.00000	0.99999	0.00000	0.00000	0.00000	0.00001
405	NoName	0.00000	1.00000	0.00000	0.00000	0.00000	0.00000
406	NoName	0.00000	1.00000	0.00000	0.00000	0.00000	0.00000
407	NoName	0.00000	1.00000	0.00000	0.00000	0.00000	0.00000
408	NoName	0.00000	1.00000	0.00000	0.00000	0.00000	0.00000
409	NoName	0.00000	1.00000	0.00000	0.00000	0.00000	0.00000
410	NoName	0.00000	1.00000	0.00000	0.00000	0.00000	0.00000
411	NoName	0.99998	0.00000	0.00000	0.00000	0.00002	0.00000
412	NoName	0.00000	1.00000	0.00000	0.00000	0.00000	0.00000
413	NoName	0.00000	0.99999	0.00000	0.00000	0.00000	0.00001
414	NoName	0.00000	1.00000	0.00000	0.00000	0.00000	0.00000
415	NoName	0.00000	0.99961	0.00000	0.00001	0.00000	0.00038
416	NoName	0.00000	1.00000	0.00000	0.00000	0.00000	0.00000
417	NoName	0.00000	1.00000	0.00000	0.00000	0.00000	0.00000
418	NoName	0.00000	1.00000	0.00000	0.00000	0.00000	0.00000
419	NoName	0.00000	1.00000	0.00000	0.00000	0.00000	0.00000
420	NoName	0.00000	1.00000	0.00000	0.00000	0.00000	0.00000
421	NoName	0.00000	1.00000	0.00000	0.00000	0.00000	0.00000
422	NoName	0.00000	0.99999	0.00000	0.00000	0.00000	0.00001
423	NoName	0.00000	0.99961	0.00000	0.00001	0.00000	0.00038
424	NoName	0.00000	1.00000	0.00000	0.00000	0.00000	0.00000
425	NoName	0.00000	1.00000	0.00000	0.00000	0.00000	0.00000
426	NoName	0.00000	0.99998	0.00000	0.00000	0.00000	0.00002
427	NoName	0.00000	0.99996	0.00000	0.00000	0.00000	0.00004
428	NoName	0.00000	1.00000	0.00000	0.00000	0.00000	0.00000
429	NoName	0.00000	1.00000	0.00000	0.00000	0.00000	0.00000
430	NoName	0.00000	1.00000	0.00000	0.00000	0.00000	0.00000
431	NoName	0.00000	1.00000	0.00000	0.00000	0.00000	0.00000
432	NoName	0.00000	1.00000	0.00000	0.00000	0.00000	0.00000
433	NoName	0.00000	1.00000	0.00000	0.00000	0.00000	0.00000
434	NoName	0.00000	0.99999	0.00000	0.00000	0.00000	0.00001
435	NoName	0.00000	1.00000	0.00000	0.00000	0.00000	0.00000
436	NoName	1.00000	0.00000	0.00000	0.00000	0.00000	0.00000
437	NoName	0.00000	1.00000	0.00000	0.00000	0.00000	0.00000
438	NoName	0.00000	1.00000	0.00000	0.00000	0.00000	0.00000
439	NoName	0.00000	1.00000	0.00000	0.00000	0.00000	0.00000
440	NoName	0.00000	0.99999	0.00000	0.00000	0.00000	0.00001
441	NoName	0.00000	1.00000	0.00000	0.00000	0.00000	0.00000
442	NoName	0.00000	1.00000	0.00000	0.00000	0.00000	0.00000
443	NoName	0.00000	1.00000	0.00000	0.00000	0.00000	0.00000
444	NoName	0.00000	1.00000	0.00000	0.00000	0.00000	0.00000
445	NoName	0.00000	0.99979	0.00000	0.00000	0.00000	0.00021
446	NoName	0.00000	1.00000	0.00000	0.00000	0.00000	0.00000
447	NoName	0.00000	0.99999	0.00000	0.00000	0.00000	0.00001
448	NoName	0.00000	1.00000	0.00000	0.00000	0.00000	0.00000
449	NoName	0.00000	1.00000	0.00000	0.00000	0.00000	0.00000
450	NoName	0.00000	1.00000	0.00000	0.00000	0.00000	0.00000
451	NoName	0.00000	1.00000	0.00000	0.00000	0.00000	0.00000
452	NoName	0.00000	0.99847	0.00000	0.00011	0.00000	0.00142
453	NoName	0.00000	1.00000	0.00000	0.00000	0.00000	0.00000
454	NoName	0.00000	1.00000	0.00000	0.00000	0.00000	0.00000
455	NoName	0.00000	0.99995	0.00000	0.00000	0.00000	0.00005
456	NoName	0.00000	1.00000	0.00000	0.00000	0.00000	0.00000
457	NoName	0.00000	0.99999	0.00000	0.00000	0.00000	0.00001
458	NoName	0.00000	1.00000	0.00000	0.00000	0.00000	0.00000
459	NoName	0.00000	1.00000	0.00000	0.00000	0.00000	0.00000
460	NoName	1.00000	0.00000	0.00000	0.00000	0.00000	0.00000
461	NoName	0.00000	1.00000	0.00000	0.00000	0.00000	0.00000
462	NoName	0.00000	1.00000	0.00000	0.00000	0.00000	0.00000
463	NoName	0.29674	0.67614	0.00486	0.00483	0.00948	0.00794
464	NoName	1.00000	0.00000	0.00000	0.00000	0.00000	0.00000
465	NoName	0.00000	1.00000	0.00000	0.00000	0.00000	0.00000
466	NoName	0.00000	1.00000	0.00000	0.00000	0.00000	0.00000
467	NoName	0.00000	0.99603	0.00001	0.00044	0.00000	0.00351
468	NoName	0.00000	1.00000	0.00000	0.00000	0.00000	0.00000
469	NoName	0.00000	1.00000	0.00000	0.00000	0.00000	0.00000
470	NoName	0.00000	1.00000	0.00000	0.00000	0.00000	0.00000
471	NoName	0.00000	1.00000	0.00000	0.00000	0.00000	0.00000
472	NoName	0.00000	1.00000	0.00000	0.00000	0.00000	0.00000
473	NoName	0.00000	1.00000	0.00000	0.00000	0.00000	0.00000
474	NoName	0.00002	0.99344	0.00004	0.00136	0.00003	0.00511
475	NoName	0.00000	1.00000	0.00000	0.00000	0.00000	0.00000
476	NoName	0.00000	1.00000	0.00000	0.00000	0.00000	0.00000
477	NoName	0.00000	1.00000	0.00000	0.00000	0.00000	0.00000
478	NoName	0.00000	1.00000	0.00000	0.00000	0.00000	0.00000
479	NoName	0.00000	0.99783	0.00000	0.00001	0.00000	0.00216
480	NoName	0.00000	1.00000	0.00000	0.00000	0.00000	0.00000
481	NoName	0.00000	0.99999	0.00000	0.00000	0.00000	0.00001
482	NoName	0.00000	1.00000	0.00000	0.00000	0.00000	0.00000
483	NoName	0.00000	1.00000	0.00000	0.00000	0.00000	0.00000
484	NoName	0.00000	0.99997	0.00000	0.00000	0.00000	0.00003
485	NoName	0.00000	1.00000	0.00000	0.00000	0.00000	0.00000
486	NoName	0.00000	1.00000	0.00000	0.00000	0.00000	0.00000
487	NoName	0.00000	1.00000	0.00000	0.00000	0.00000	0.00000
488	NoName	0.00000	1.00000	0.00000	0.00000	0.00000	0.00000
489	NoName	0.00000	1.00000	0.00000	0.00000	0.00000	0.00000
490	NoName	0.00000	1.00000	0.00000	0.00000	0.00000	0.00000
491	NoName	0.00000	1.00000	0.00000	0.00000	0.00000	0.00000
492	NoName	0.00000	0.99999	0.00000	0.00000	0.00000	0.00001
493	NoName	0.00000	0.99999	0.00000	0.00000	0.00000	0.00001
494	NoName	0.00001	0.13253	0.00000	0.82231	0.00023	0.04492
495	NoName	0.00000	1.00000	0.00000	0.00000	0.00000	0.00000
496	NoName	0.00000	1.00000	0.00000	0.00000	0.00000	0.00000
497	NoName	0.00000	1.00000	0.00000	0.00000	0.00000	0.00000
498	NoName	0.00000	1.00000	0.00000	0.00000	0.00000	0.00000
499	NoName	0.00000	1.00000	0.00000	0.00000	0.00000	0.00000
500	NoName	0.01276	0.09340	0.00031	0.82237	0.03000	0.04116
501	NoName	0.00000	0.99998	0.00000	0.00000	0.00000	0.00002
502	NoName	0.00000	0.99813	0.00000	0.00013	0.00000	0.00173
503	NoName	0.00000	1.00000	0.00000	0.00000	0.00000	0.00000
504	NoName	0.00000	1.00000	0.00000	0.00000	0.00000	0.00000
505	NoName	0.00000	1.00000	0.00000	0.00000	0.00000	0.00000
506	NoName	0.99999	0.00000	0.00000	0.00000	0.00001	0.00000
507	NoName	1.00000	0.00000	0.00000	0.00000	0.00000	0.00000
508	NoName	0.00000	1.00000	0.00000	0.00000	0.00000	0.00000
509	NoName	0.00000	1.00000	0.00000	0.00000	0.00000	0.00000
510	NoName	0.00000	1.00000	0.00000	0.00000	0.00000	0.00000
511	NoName	0.00000	1.00000	0.00000	0.00000	0.00000	0.00000
512	NoName	0.00000	1.00000	0.00000	0.00000	0.00000	0.00000
513	NoName	0.65397	0.00000	0.00000	0.00004	0.34599	0.00000
514	NoName	0.00000	1.00000	0.00000	0.00000	0.00000	0.00000
515	NoName	1.00000	0.00000	0.00000	0.00000	0.00000	0.00000
516	NoName	0.00000	0.99808	0.00000	0.00011	0.00000	0.00181
517	NoName	0.00000	1.00000	0.00000	0.00000	0.00000	0.00000
518	NoName	1.00000	0.00000	0.00000	0.00000	0.00000	0.00000
519	NoName	0.00000	0.99983	0.00000	0.00000	0.00000	0.00017
520	NoName	0.00000	1.00000	0.00000	0.00000	0.00000	0.00000
521	NoName	0.00000	1.00000	0.00000	0.00000	0.00000	0.00000
522	NoName	0.00000	1.00000	0.00000	0.00000	0.00000	0.00000
523	NoName	0.00000	1.00000	0.00000	0.00000	0.00000	0.00000
524	NoName	0.00000	1.00000	0.00000	0.00000	0.00000	0.00000
525	NoName	0.00000	0.99999	0.00000	0.00000	0.00000	0.00001
526	NoName	0.00000	0.99999	0.00000	0.00000	0.00000	0.00001
527	NoName	0.00000	1.00000	0.00000	0.00000	0.00000	0.00000
528	NoName	0.00000	0.99990	0.00000	0.00000	0.00000	0.00010
529	NoName	0.00088	0.99264	0.00031	0.00117	0.00025	0.00474
530	NoName	0.00000	1.00000	0.00000	0.00000	0.00000	0.00000
531	NoName	0.00000	1.00000	0.00000	0.00000	0.00000	0.00000
532	NoName	0.00000	1.00000	0.00000	0.00000	0.00000	0.00000
533	NoName	0.99999	0.00000	0.00000	0.00000	0.00001	0.00000
534	NoName	0.00000	1.00000	0.00000	0.00000	0.00000	0.00000
535	NoName	0.00000	1.00000	0.00000	0.00000	0.00000	0.00000
536	NoName	0.00000	1.00000	0.00000	0.00000	0.00000	0.00000
537	NoName	0.99998	0.00000	0.00000	0.00000	0.00002	0.00000
538	NoName	0.00000	0.98775	0.00000	0.00405	0.00000	0.00820
539	NoName	0.00000	1.00000	0.00000	0.00000	0.00000	0.00000
540	NoName	0.98840	0.00000	0.00000	0.00124	0.01036	0.00000
541	NoName	1.00000	0.00000	0.00000	0.00000	0.00000	0.00000
542	NoName	1.00000	0.00000	0.00000	0.00000	0.00000	0.00000
543	NoName	0.00000	1.00000	0.00000	0.00000	0.00000	0.00000
544	NoName	0.00000	1.00000	0.00000	0.00000	0.00000	0.00000
545	NoName	0.00000	1.00000	0.00000	0.00000	0.00000	0.00000
546	NoName	0.00000	1.00000	0.00000	0.00000	0.00000	0.00000
547	NoName	0.00000	1.00000	0.00000	0.00000	0.00000	0.00000
548	NoName	0.99952	0.00000	0.00000	0.00000	0.00047	0.00000
549	NoName	0.00000	1.00000	0.00000	0.00000	0.00000	0.00000
550	NoName	0.00000	1.00000	0.00000	0.00000	0.00000	0.00000
551	NoName	1.00000	0.00000	0.00000	0.00000	0.00000	0.00000
552	NoName	0.00000	1.00000	0.00000	0.00000	0.00000	0.00000
553	NoName	0.00000	0.99744	0.00000	0.00002	0.00000	0.00254
554	NoName	0.00000	1.00000	0.00000	0.00000	0.00000	0.00000
555	NoName	0.00000	1.00000	0.00000	0.00000	0.00000	0.00000
556	NoName	0.00000	0.00000	0.99433	0.00491	0.00001	0.00074
557	NoName	0.00000	1.00000	0.00000	0.00000	0.00000	0.00000
558	NoName	0.00000	1.00000	0.00000	0.00000	0.00000	0.00000
559	NoName	1.00000	0.00000	0.00000	0.00000	0.00000	0.00000
560	NoName	1.00000	0.00000	0.00000	0.00000	0.00000	0.00000
561	NoName	1.00000	0.00000	0.00000	0.00000	0.00000	0.00000
562	NoName	1.00000	0.00000	0.00000	0.00000	0.00000	0.00000
563	NoName	0.00000	0.99997	0.00000	0.00000	0.00000	0.00003
564	NoName	0.00000	1.00000	0.00000	0.00000	0.00000	0.00000
565	NoName	1.00000	0.00000	0.00000	0.00000	0.00000	0.00000
566	NoName	0.00000	1.00000	0.00000	0.00000	0.00000	0.00000
567	NoName	0.12044	0.86015	0.00350	0.00338	0.00505	0.00749
568	NoName	1.00000	0.00000	0.00000	0.00000	0.00000	0.00000
569	NoName	0.00000	1.00000	0.00000	0.00000	0.00000	0.00000
570	NoName	0.00000	1.00000	0.00000	0.00000	0.00000	0.00000
571	NoName	0.00000	1.00000	0.00000	0.00000	0.00000	0.00000
572	NoName	0.00000	1.00000	0.00000	0.00000	0.00000	0.00000
573	NoName	0.00000	0.99998	0.00000	0.00000	0.00000	0.00002
574	NoName	0.00000	0.99999	0.00000	0.00000	0.00000	0.00001
575	NoName	0.00000	0.00000	0.00000	0.00401	0.99599	0.00000
576	NoName	0.00000	1.00000	0.00000	0.00000	0.00000	0.00000
577	NoName	1.00000	0.00000	0.00000	0.00000	0.00000	0.00000
578	NoName	0.00000	1.00000	0.00000	0.00000	0.00000	0.00000
579	NoName	0.00000	0.99488	0.00000	0.00000	0.00000	0.00512
580	NoName	0.00000	0.99993	0.00000	0.00000	0.00000	0.00007
581	NoName	0.00000	1.00000	0.00000	0.00000	0.00000	0.00000
582	NoName	0.00000	1.00000	0.00000	0.00000	0.00000	0.00000
583	NoName	0.00000	0.99926	0.00000	0.00002	0.00000	0.00072
584	NoName	0.00000	0.99994	0.00000	0.00000	0.00000	0.00006
585	NoName	0.00000	1.00000	0.00000	0.00000	0.00000	0.00000
586	NoName	0.00000	1.00000	0.00000	0.00000	0.00000	0.00000
587	NoName	0.00000	1.00000	0.00000	0.00000	0.00000	0.00000
588	NoName	0.00000	1.00000	0.00000	0.00000	0.00000	0.00000
589	NoName	0.00000	1.00000	0.00000	0.00000	0.00000	0.00000
590	NoName	0.00000	1.00000	0.00000	0.00000	0.00000	0.00000
591	NoName	0.00000	0.99675	0.00000	0.00033	0.00000	0.00293
592	NoName	0.00000	1.00000	0.00000	0.00000	0.00000	0.00000
593	NoName	0.00000	1.00000	0.00000	0.00000	0.00000	0.00000
594	NoName	0.00000	1.00000	0.00000	0.00000	0.00000	0.00000
595	NoName	0.00000	1.00000	0.00000	0.00000	0.00000	0.00000
596	NoName	0.00000	0.24149	0.00000	0.10554	0.00000	0.65297
597	NoName	0.00000	0.99999	0.00000	0.00000	0.00000	0.00001
598	NoName	0.00000	0.99789	0.00000	0.00014	0.00000	0.00198
599	NoName	0.00000	0.99959	0.00000	0.00001	0.00000	0.00041
600	NoName	0.00000	1.00000	0.00000	0.00000	0.00000	0.00000
601	NoName	0.00000	0.99797	0.00000	0.00021	0.00000	0.00181
602	NoName	0.99981	0.00000	0.00000	0.00000	0.00019	0.00000
603	NoName	0.99922	0.00000	0.00000	0.00001	0.00077	0.00000
604	NoName	0.00000	0.99998	0.00000	0.00000	0.00000	0.00002
605	NoName	0.00000	0.99992	0.00000	0.00000	0.00000	0.00008
606	NoName	0.00000	1.00000	0.00000	0.00000	0.00000	0.00000
607	NoName	0.00000	1.00000	0.00000	0.00000	0.00000	0.00000
608	NoName	0.00000	1.00000	0.00000	0.00000	0.00000	0.00000
609	NoName	0.00000	1.00000	0.00000	0.00000	0.00000	0.00000
610	NoName	0.99376	0.00000	0.00000	0.00000	0.00624	0.00000
611	NoName	0.00000	1.00000	0.00000	0.00000	0.00000	0.00000
612	NoName	0.00000	1.00000	0.00000	0.00000	0.00000	0.00000
613	NoName	0.00000	1.00000	0.00000	0.00000	0.00000	0.00000
614	NoName	0.00000	0.99997	0.00000	0.00000	0.00000	0.00003
615	NoName	0.00000	1.00000	0.00000	0.00000	0.00000	0.00000
616	NoName	0.00000	1.00000	0.00000	0.00000	0.00000	0.00000
617	NoName	0.00000	1.00000	0.00000	0.00000	0.00000	0.00000
618	NoName	0.00000	1.00000	0.00000	0.00000	0.00000	0.00000
619	NoName	0.00000	1.00000	0.00000	0.00000	0.00000	0.00000
620	NoName	0.00000	1.00000	0.00000	0.00000	0.00000	0.00000
621	NoName	0.00000	1.00000	0.00000	0.00000	0.00000	0.00000
622	NoName	0.00000	0.99988	0.00000	0.00000	0.00000	0.00012
623	NoName	0.00000	1.00000	0.00000	0.00000	0.00000	0.00000
624	NoName	0.00000	1.00000	0.00000	0.00000	0.00000	0.00000
625	NoName	0.00000	1.00000	0.00000	0.00000	0.00000	0.00000
626	NoName	0.00000	0.99846	0.00000	0.00011	0.00000	0.00143
627	NoName	0.00000	1.00000	0.00000	0.00000	0.00000	0.00000
628	NoName	0.00000	1.00000	0.00000	0.00000	0.00000	0.00000
629	NoName	0.00000	1.00000	0.00000	0.00000	0.00000	0.00000
630	NoName	0.00000	1.00000	0.00000	0.00000	0.00000	0.00000
631	NoName	0.00000	1.00000	0.00000	0.00000	0.00000	0.00000
632	NoName	1.00000	0.00000	0.00000	0.00000	0.00000	0.00000
633	NoName	0.00000	0.99999	0.00000	0.00000	0.00000	0.00001
634	NoName	0.00000	1.00000	0.00000	0.00000	0.00000	0.00000
635	NoName	0.00000	1.00000	0.00000	0.00000	0.00000	0.00000
636	NoName	0.00000	0.99981	0.00000	0.00000	0.00000	0.00019
637	NoName	0.00000	1.00000	0.00000	0.00000	0.00000	0.00000
638	NoName	0.00000	1.00000	0.00000	0.00000	0.00000	0.00000
639	NoName	0.00000	1.00000	0.00000	0.00000	0.00000	0.00000
640	NoName	0.00000	1.00000	0.00000	0.00000	0.00000	0.00000
641	NoName	0.00000	0.99998	0.00000	0.00000	0.00000	0.00002
642	NoName	0.00000	1.00000	0.00000	0.00000	0.00000	0.00000
643	NoName	0.00000	1.00000	0.00000	0.00000	0.00000	0.00000
644	NoName	0.00000	0.00000	0.00000	0.00049	0.00000	0.99951
645	NoName	0.00000	1.00000	0.00000	0.00000	0.00000	0.00000
646	NoName	0.00000	0.99999	0.00000	0.00000	0.00000	0.00001
647	NoName	0.00000	1.00000	0.00000	0.00000	0.00000	0.00000
648	NoName	0.00000	1.00000	0.00000	0.00000	0.00000	0.00000
649	NoName	0.00000	0.99981	0.00000	0.00000	0.00000	0.00019
650	NoName	1.00000	0.00000	0.00000	0.00000	0.00000	0.00000
651	NoName	0.00000	1.00000	0.00000	0.00000	0.00000	0.00000
652	NoName	0.00000	1.00000	0.00000	0.00000	0.00000	0.00000
653	NoName	0.99990	0.00000	0.00000	0.00000	0.00010	0.00000
654	NoName	0.00000	0.99996	0.00000	0.00000	0.00000	0.00004
655	NoName	0.00000	1.00000	0.00000	0.00000	0.00000	0.00000
656	NoName	0.00000	1.00000	0.00000	0.00000	0.00000	0.00000
657	NoName	0.00000	1.00000	0.00000	0.00000	0.00000	0.00000
658	NoName	0.00000	1.00000	0.00000	0.00000	0.00000	0.00000
659	NoName	0.99899	0.00000	0.00000	0.00002	0.00099	0.00000
660	NoName	0.00000	0.99987	0.00000	0.00000	0.00000	0.00012
661	NoName	0.00000	1.00000	0.00000	0.00000	0.00000	0.00000
662	NoName	0.00000	1.00000	0.00000	0.00000	0.00000	0.00000
663	NoName	0.00000	0.99850	0.00000	0.00010	0.00000	0.00140
664	NoName	1.00000	0.00000	0.00000	0.00000	0.00000	0.00000
665	NoName	0.00000	0.98137	0.00000	0.00551	0.00000	0.01313
666	NoName	1.00000	0.00000	0.00000	0.00000	0.00000	0.00000
667	NoName	1.00000	0.00000	0.00000	0.00000	0.00000	0.00000
668	NoName	0.99997	0.00000	0.00000	0.00000	0.00003	0.00000
669	NoName	1.00000	0.00000	0.00000	0.00000	0.00000	0.00000
670	NoName	0.99879	0.00000	0.00000	0.00000	0.00120	0.00000
671	NoName	0.00000	0.99999	0.00000	0.00000	0.00000	0.00001
672	NoName	0.00000	1.00000	0.00000	0.00000	0.00000	0.00000
673	NoName	0.00000	1.00000	0.00000	0.00000	0.00000	0.00000
674	NoName	0.00000	0.99584	0.00000	0.00064	0.00000	0.00351
675	NoName	0.00000	1.00000	0.00000	0.00000	0.00000	0.00000
676	NoName	0.00000	0.99998	0.00000	0.00000	0.00000	0.00002
677	NoName	0.00000	1.00000	0.00000	0.00000	0.00000	0.00000
678	NoName	1.00000	0.00000	0.00000	0.00000	0.00000	0.00000
679	NoName	0.00000	1.00000	0.00000	0.00000	0.00000	0.00000
680	NoName	0.00000	1.00000	0.00000	0.00000	0.00000	0.00000
681	NoName	0.00000	1.00000	0.00000	0.00000	0.00000	0.00000
682	NoName	0.00000	1.00000	0.00000	0.00000	0.00000	0.00000
683	NoName	0.00000	1.00000	0.00000	0.00000	0.00000	0.00000
684	NoName	0.00000	1.00000	0.00000	0.00000	0.00000	0.00000
685	NoName	0.00000	1.00000	0.00000	0.00000	0.00000	0.00000
686	NoName	0.00000	1.00000	0.00000	0.00000	0.00000	0.00000
687	NoName	0.00000	1.00000	0.00000	0.00000	0.00000	0.00000
688	NoName	0.00000	1.00000	0.00000	0.00000	0.00000	0.00000
689	NoName	0.00000	1.00000	0.00000	0.00000	0.00000	0.00000
690	NoName	0.00000	1.00000	0.00000	0.00000	0.00000	0.00000
691	NoName	0.00000	1.00000	0.00000	0.00000	0.00000	0.00000
692	NoName	0.00000	1.00000	0.00000	0.00000	0.00000	0.00000
693	NoName	0.00000	0.99998	0.00000	0.00000	0.00000	0.00002
694	NoName	0.00000	0.99996	0.00000	0.00000	0.00000	0.00004
695	NoName	0.00000	1.00000	0.00000	0.00000	0.00000	0.00000
696	NoName	0.00000	1.00000	0.00000	0.00000	0.00000	0.00000
697	NoName	0.00000	0.99991	0.00000	0.00000	0.00000	0.00009
698	NoName	0.00000	0.99993	0.00000	0.00000	0.00000	0.00007
699	NoName	0.00000	0.99985	0.00000	0.00000	0.00000	0.00015
700	NoName	0.00000	1.00000	0.00000	0.00000	0.00000	0.00000
701	NoName	1.00000	0.00000	0.00000	0.00000	0.00000	0.00000
702	NoName	1.00000	0.00000	0.00000	0.00000	0.00000	0.00000
703	NoName	0.99999	0.00000	0.00000	0.00000	0.00001	0.00000
704	NoName	0.99414	0.00000	0.00000	0.00046	0.00539	0.00000
705	NoName	0.00000	0.99999	0.00000	0.00000	0.00000	0.00001
706	NoName	0.00000	1.00000	0.00000	0.00000	0.00000	0.00000
707	NoName	0.99994	0.00000	0.00000	0.00000	0.00006	0.00000
708	NoName	0.00000	1.00000	0.00000	0.00000	0.00000	0.00000
709	NoName	0.00000	0.99999	0.00000	0.00000	0.00000	0.00001
710	NoName	0.00000	1.00000	0.00000	0.00000	0.00000	0.00000
711	NoName	0.00000	1.00000	0.00000	0.00000	0.00000	0.00000
712	NoName	0.00000	1.00000	0.00000	0.00000	0.00000	0.00000
713	NoName	0.00000	1.00000	0.00000	0.00000	0.00000	0.00000
714	NoName	1.00000	0.00000	0.00000	0.00000	0.00000	0.00000
715	NoName	0.00000	0.99989	0.00000	0.00000	0.00000	0.00010
716	NoName	0.00000	1.00000	0.00000	0.00000	0.00000	0.00000
717	NoName	0.00000	0.99999	0.00000	0.00000	0.00000	0.00001
718	NoName	0.99996	0.00000	0.00000	0.00000	0.00004	0.00000
719	NoName	0.00000	1.00000	0.00000	0.00000	0.00000	0.00000
720	NoName	0.00000	1.00000	0.00000	0.00000	0.00000	0.00000
721	NoName	0.00000	1.00000	0.00000	0.00000	0.00000	0.00000
722	NoName	0.00000	1.00000	0.00000	0.00000	0.00000	0.00000
723	NoName	0.00000	1.00000	0.00000	0.00000	0.00000	0.00000
724	NoName	0.00000	0.99955	0.00000	0.00001	0.00000	0.00044
725	NoName	0.00000	0.98844	0.00000	0.00162	0.00000	0.00993
726	NoName	0.00000	1.00000	0.00000	0.00000	0.00000	0.00000
727	NoName	0.00000	1.00000	0.00000	0.00000	0.00000	0.00000
728	NoName	0.00000	0.99377	0.00000	0.00092	0.00000	0.00531
729	NoName	0.00000	1.00000	0.00000	0.00000	0.00000	0.00000
730	NoName	0.00000	1.00000	0.00000	0.00000	0.00000	0.00000
731	NoName	0.00000	1.00000	0.00000	0.00000	0.00000	0.00000
732	NoName	1.00000	0.00000	0.00000	0.00000	0.00000	0.00000
733	NoName	0.00000	0.99998	0.00000	0.00000	0.00000	0.00002
734	NoName	0.00000	0.99998	0.00000	0.00000	0.00000	0.00002
735	NoName	0.00000	1.00000	0.00000	0.00000	0.00000	0.00000
736	NoName	0.00000	0.99977	0.00000	0.00000	0.00000	0.00023
737	NoName	0.00000	1.00000	0.00000	0.00000	0.00000	0.00000
738	NoName	1.00000	0.00000	0.00000	0.00000	0.00000	0.00000
739	NoName	0.00000	0.99957	0.00000	0.00000	0.00000	0.00043
740	NoName	0.00000	1.00000	0.00000	0.00000	0.00000	0.00000
741	NoName	1.00000	0.00000	0.00000	0.00000	0.00000	0.00000
742	NoName	0.00000	1.00000	0.00000	0.00000	0.00000	0.00000
743	NoName	0.00000	0.99942	0.00000	0.00000	0.00000	0.00058
744	NoName	0.00000	1.00000	0.00000	0.00000	0.00000	0.00000
745	NoName	1.00000	0.00000	0.00000	0.00000	0.00000	0.00000
746	NoName	0.00000	1.00000	0.00000	0.00000	0.00000	0.00000
747	NoName	0.00000	0.99999	0.00000	0.00000	0.00000	0.00001
748	NoName	0.00000	1.00000	0.00000	0.00000	0.00000	0.00000
749	NoName	0.00000	1.00000	0.00000	0.00000	0.00000	0.00000
750	NoName	0.85014	0.11482	0.00339	0.00752	0.02005	0.00408
751	NoName	0.00000	1.00000	0.00000	0.00000	0.00000	0.00000
752	NoName	0.00000	1.00000	0.00000	0.00000	0.00000	0.00000
753	NoName	0.00000	1.00000	0.00000	0.00000	0.00000	0.00000
754	NoName	0.00000	1.00000	0.00000	0.00000	0.00000	0.00000
755	NoName	0.00000	0.99999	0.00000	0.00000	0.00000	0.00001
756	NoName	0.00000	1.00000	0.00000	0.00000	0.00000	0.00000
757	NoName	0.00000	0.99770	0.00000	0.00014	0.00000	0.00217
758	NoName	0.00000	0.99992	0.00000	0.00000	0.00000	0.00008
759	NoName	1.00000	0.00000	0.00000	0.00000	0.00000	0.00000
760	NoName	1.00000	0.00000	0.00000	0.00000	0.00000	0.00000
761	NoName	0.00000	0.99995	0.00000	0.00000	0.00000	0.00005
762	NoName	0.00000	1.00000	0.00000	0.00000	0.00000	0.00000
763	NoName	0.00000	1.00000	0.00000	0.00000	0.00000	0.00000
764	NoName	0.00000	1.00000	0.00000	0.00000	0.00000	0.00000
765	NoName	0.00000	1.00000	0.00000	0.00000	0.00000	0.00000
766	NoName	0.00000	1.00000	0.00000	0.00000	0.00000	0.00000
767	NoName	0.00000	1.00000	0.00000	0.00000	0.00000	0.00000
768	NoName	0.00000	0.99935	0.00000	0.00000	0.00000	0.00065
769	NoName	0.00000	0.99969	0.00000	0.00000	0.00000	0.00030
770	NoName	0.00000	1.00000	0.00000	0.00000	0.00000	0.00000
771	NoName	0.00000	1.00000	0.00000	0.00000	0.00000	0.00000
772	NoName	0.00000	1.00000	0.00000	0.00000	0.00000	0.00000
773	NoName	0.00000	0.99999	0.00000	0.00000	0.00000	0.00001
774	NoName	0.00000	0.99978	0.00000	0.00000	0.00000	0.00022
775	NoName	0.00000	1.00000	0.00000	0.00000	0.00000	0.00000
776	NoName	0.00000	1.00000	0.00000	0.00000	0.00000	0.00000
