UponCompletionOf_1000000_sweeps
LocNumber LocName AlleleNumber AlleleName FreqInPop0 FreqInPop1 SDInPop0 SDinPop1
0	LdDocent_Contig_1276_33	0	1	0.021315	0.412077	0.008960	0.014320
0	LdDocent_Contig_1276_33	1	2	0.978685	0.587923	0.008960	0.014320
1	LdDocent_Contig_13985_367	0	1	0.997929	0.893900	0.002919	0.009333
1	LdDocent_Contig_13985_367	1	2	0.002071	0.106100	0.002919	0.009333
2	LdDocent_Contig_62739_33	0	1	0.916780	0.996456	0.018541	0.001899
2	LdDocent_Contig_62739_33	1	2	0.083220	0.003544	0.018541	0.001899
3	LdDocent_Contig_6588_437	0	1	0.998012	0.842629	0.002794	0.010633
3	LdDocent_Contig_6588_437	1	2	0.001988	0.157371	0.002794	0.010633
4	LdDocent_Contig_66458_63	0	1	0.997890	0.990856	0.002975	0.002946
4	LdDocent_Contig_66458_63	1	2	0.002110	0.009144	0.002975	0.002946
5	LdDocent_Contig_74577_57	0	1	0.998129	0.992651	0.002640	0.002512
5	LdDocent_Contig_74577_57	1	2	0.001871	0.007349	0.002640	0.002512
6	LdDocent_Contig_5099_92	0	1	0.773830	0.998645	0.026237	0.001114
6	LdDocent_Contig_5099_92	1	2	0.226170	0.001355	0.026237	0.001114
7	LdDocent_Contig_51286_373	0	1	0.983887	0.969412	0.008393	0.005499
7	LdDocent_Contig_51286_373	1	2	0.016113	0.030588	0.008393	0.005499
8	LdDocent_Contig_1583_367	0	1	0.973939	0.981280	0.020829	0.003998
8	LdDocent_Contig_1583_367	1	2	0.026061	0.018720	0.020829	0.003998
9	LdDocent_Contig_77839_91	0	2	0.790773	0.359994	0.026565	0.014800
9	LdDocent_Contig_77839_91	1	1	0.209227	0.640006	0.026565	0.014800
10	LdDocent_Contig_7184_46	0	1	0.998074	0.979681	0.002718	0.004144
10	LdDocent_Contig_7184_46	1	2	0.001926	0.020319	0.002718	0.004144
11	LdDocent_Contig_6898_461	0	1	0.989111	0.738824	0.006815	0.012912
11	LdDocent_Contig_6898_461	1	2	0.010889	0.261176	0.006815	0.012912
12	LdDocent_Contig_254_411	0	1	0.002013	0.993012	0.002838	0.002611
12	LdDocent_Contig_254_411	1	2	0.997987	0.006988	0.002838	0.002611
13	LdDocent_Contig_95222_129	0	1	0.153450	0.248571	0.024257	0.013260
13	LdDocent_Contig_95222_129	1	2	0.846550	0.751429	0.024257	0.013260
14	LdDocent_Contig_24317_315	0	1	0.993102	0.758397	0.005601	0.013693
14	LdDocent_Contig_24317_315	1	2	0.006898	0.241603	0.005601	0.013693
15	LdDocent_Contig_17847_465	0	2	0.969893	0.842118	0.011575	0.011434
15	LdDocent_Contig_17847_465	1	1	0.030107	0.157882	0.011575	0.011434
16	LdDocent_Contig_66889_29	0	1	0.997825	0.987794	0.003062	0.003428
16	LdDocent_Contig_66889_29	1	2	0.002175	0.012206	0.003062	0.003428
17	LdDocent_Contig_5672_442	0	1	0.997826	0.992178	0.003069	0.002673
17	LdDocent_Contig_5672_442	1	2	0.002174	0.007822	0.003069	0.002673
18	LdDocent_Contig_98_468	0	1	0.997952	0.990369	0.002890	0.002955
18	LdDocent_Contig_98_468	1	2	0.002048	0.009631	0.002890	0.002955
19	LdDocent_Contig_3159_380	0	1	0.997790	0.987916	0.003111	0.003541
19	LdDocent_Contig_3159_380	1	2	0.002210	0.012084	0.003111	0.003541
20	LdDocent_Contig_88450_464	0	2	0.981967	0.829198	0.009488	0.011922
20	LdDocent_Contig_88450_464	1	1	0.018033	0.170802	0.009488	0.011922
21	LdDocent_Contig_84063_14	0	1	0.995033	0.991847	0.006294	0.002778
21	LdDocent_Contig_84063_14	1	2	0.004967	0.008153	0.006294	0.002778
22	LdDocent_Contig_6037_101	0	1	0.961992	0.999499	0.012775	0.000707
22	LdDocent_Contig_6037_101	1	2	0.038008	0.000501	0.012775	0.000707
23	LdDocent_Contig_5307_467	0	1	0.993957	0.993095	0.004905	0.002510
23	LdDocent_Contig_5307_467	1	2	0.006043	0.006905	0.004905	0.002510
24	LdDocent_Contig_73_392	0	1	0.981710	0.597091	0.008508	0.014195
24	LdDocent_Contig_73_392	1	2	0.018290	0.402909	0.008508	0.014195
25	LdDocent_Contig_1236_34	0	1	0.993719	0.990999	0.008793	0.002763
25	LdDocent_Contig_1236_34	1	2	0.006281	0.009001	0.008793	0.002763
26	LdDocent_Contig_83082_314	0	1	0.997860	0.988301	0.002992	0.003178
26	LdDocent_Contig_83082_314	1	2	0.002140	0.011699	0.002992	0.003178
27	LdDocent_Contig_67620_119	0	1	0.997732	0.985313	0.003193	0.003827
27	LdDocent_Contig_67620_119	1	2	0.002268	0.014687	0.003193	0.003827
28	LdDocent_Contig_7538_103	0	1	0.996206	0.991502	0.004399	0.002843
28	LdDocent_Contig_7538_103	1	2	0.003794	0.008498	0.004399	0.002843
29	LdDocent_Contig_72874_463	0	1	0.990503	0.991805	0.013208	0.002647
29	LdDocent_Contig_72874_463	1	2	0.009497	0.008195	0.013208	0.002647
30	LdDocent_Contig_718_137	0	1	0.992154	0.986750	0.006291	0.003621
30	LdDocent_Contig_718_137	1	2	0.007846	0.013250	0.006291	0.003621
31	LdDocent_Contig_5574_400	0	1	0.997803	0.977527	0.003101	0.004492
31	LdDocent_Contig_5574_400	1	2	0.002197	0.022473	0.003101	0.004492
32	LdDocent_Contig_1438_37	0	1	0.998053	0.992490	0.002744	0.002565
32	LdDocent_Contig_1438_37	1	2	0.001947	0.007510	0.002744	0.002565
33	LdDocent_Contig_2059_130	0	1	0.997827	0.992634	0.003065	0.002678
33	LdDocent_Contig_2059_130	1	2	0.002173	0.007366	0.003065	0.002678
34	LdDocent_Contig_7192_363	0	1	0.997041	0.962664	0.004161	0.005901
34	LdDocent_Contig_7192_363	1	2	0.002959	0.037336	0.004161	0.005901
35	LdDocent_Contig_55008_490	0	1	0.987279	0.981309	0.007965	0.004306
35	LdDocent_Contig_55008_490	1	2	0.012721	0.018691	0.007965	0.004306
36	LdDocent_Contig_608_527	0	1	0.010760	0.996660	0.006831	0.001784
36	LdDocent_Contig_608_527	1	2	0.989240	0.003340	0.006831	0.001784
37	LdDocent_Contig_92672_101	0	1	0.946307	0.799231	0.014764	0.012709
37	LdDocent_Contig_92672_101	1	2	0.053693	0.200769	0.014764	0.012709
38	LdDocent_Contig_95088_379	0	1	0.997713	0.992108	0.003215	0.002868
38	LdDocent_Contig_95088_379	1	2	0.002287	0.007892	0.003215	0.002868
39	LdDocent_Contig_1402_439	0	1	0.932820	0.999565	0.015960	0.000614
39	LdDocent_Contig_1402_439	1	2	0.067180	0.000435	0.015960	0.000614
40	LdDocent_Contig_7170_403	0	1	0.969711	0.913783	0.015257	0.008403
40	LdDocent_Contig_7170_403	1	2	0.030289	0.086217	0.015257	0.008403
41	LdDocent_Contig_2942_110	0	1	0.997937	0.992399	0.002907	0.002596
41	LdDocent_Contig_2942_110	1	2	0.002063	0.007601	0.002907	0.002596
42	LdDocent_Contig_80797_118	0	1	0.986207	0.990167	0.007307	0.002882
42	LdDocent_Contig_80797_118	1	2	0.013793	0.009833	0.007307	0.002882
43	LdDocent_Contig_79592_414	0	1	0.997830	0.986728	0.003059	0.003588
43	LdDocent_Contig_79592_414	1	2	0.002170	0.013272	0.003059	0.003588
44	LdDocent_Contig_69533_417	0	1	0.985676	0.919134	0.008911	0.008298
44	LdDocent_Contig_69533_417	1	2	0.014324	0.080866	0.008911	0.008298
45	LdDocent_Contig_5362_82	0	1	0.997557	0.950918	0.003358	0.006615
45	LdDocent_Contig_5362_82	1	2	0.002443	0.049082	0.003358	0.006615
46	LdDocent_Contig_2564_66	0	1	0.998057	0.993436	0.002741	0.002390
46	LdDocent_Contig_2564_66	1	2	0.001943	0.006564	0.002741	0.002390
47	LdDocent_Contig_36993_35	0	1	0.998085	0.988001	0.002705	0.003242
47	LdDocent_Contig_36993_35	1	2	0.001915	0.011999	0.002705	0.003242
48	LdDocent_Contig_1050_136	0	1	0.998099	0.991043	0.002676	0.002749
48	LdDocent_Contig_1050_136	1	2	0.001901	0.008957	0.002676	0.002749
49	LdDocent_Contig_18290_404	0	1	0.908962	0.999561	0.017884	0.000620
49	LdDocent_Contig_18290_404	1	2	0.091038	0.000439	0.017884	0.000620
50	LdDocent_Contig_20036_452	0	1	0.989908	0.994900	0.006341	0.002166
50	LdDocent_Contig_20036_452	1	2	0.010092	0.005100	0.006341	0.002166
51	LdDocent_Contig_91609_11	0	1	0.992502	0.964684	0.006015	0.005934
51	LdDocent_Contig_91609_11	1	2	0.007498	0.035316	0.006015	0.005934
52	LdDocent_Contig_7306_383	0	1	0.976699	0.970170	0.014039	0.005118
52	LdDocent_Contig_7306_383	1	2	0.023301	0.029830	0.014039	0.005118
53	LdDocent_Contig_88_383	0	1	0.793330	0.998744	0.024286	0.001029
53	LdDocent_Contig_88_383	1	2	0.206670	0.001256	0.024286	0.001029
54	LdDocent_Contig_13051_144	0	1	0.997627	0.972442	0.003310	0.004849
54	LdDocent_Contig_13051_144	1	2	0.002373	0.027558	0.003310	0.004849
55	LdDocent_Contig_15237_23	0	1	0.997514	0.949594	0.003504	0.006534
55	LdDocent_Contig_15237_23	1	2	0.002486	0.050406	0.003504	0.006534
56	LdDocent_Contig_5879_36	0	1	0.017620	0.985050	0.008244	0.003764
56	LdDocent_Contig_5879_36	1	2	0.982380	0.014950	0.008244	0.003764
57	LdDocent_Contig_15456_449	0	1	0.989785	0.971076	0.006446	0.005270
57	LdDocent_Contig_15456_449	1	2	0.010215	0.028924	0.006446	0.005270
58	LdDocent_Contig_95152_97	0	1	0.997327	0.984906	0.003641	0.003834
58	LdDocent_Contig_95152_97	1	2	0.002673	0.015094	0.003641	0.003834
59	LdDocent_Contig_20806_397	0	1	0.997776	0.992418	0.003135	0.002589
59	LdDocent_Contig_20806_397	1	2	0.002224	0.007582	0.003135	0.002589
60	LdDocent_Contig_2287_379	0	1	0.019814	0.994478	0.009238	0.002353
60	LdDocent_Contig_2287_379	1	2	0.980186	0.005522	0.009238	0.002353
61	LdDocent_Contig_57504_43	0	1	0.997572	0.993334	0.003418	0.002602
61	LdDocent_Contig_57504_43	1	2	0.002428	0.006666	0.003418	0.002602
62	LdDocent_Contig_3868_38	0	1	0.997825	0.988570	0.003066	0.003351
62	LdDocent_Contig_3868_38	1	2	0.002175	0.011430	0.003066	0.003351
63	LdDocent_Contig_35977_139	0	1	0.997836	0.933107	0.003054	0.007440
63	LdDocent_Contig_35977_139	1	2	0.002164	0.066893	0.003054	0.007440
64	LdDocent_Contig_3698_393	0	1	0.997951	0.855253	0.002886	0.010433
64	LdDocent_Contig_3698_393	1	2	0.002049	0.144747	0.002886	0.010433
65	LdDocent_Contig_1722_466	0	2	0.993752	0.490054	0.005118	0.014670
65	LdDocent_Contig_1722_466	1	1	0.006248	0.509946	0.005118	0.014670
66	LdDocent_Contig_292_140	0	1	0.993314	0.874424	0.005438	0.010154
66	LdDocent_Contig_292_140	1	2	0.006686	0.125576	0.005438	0.010154
67	LdDocent_Contig_72998_14	0	1	0.997857	0.991972	0.003028	0.002741
67	LdDocent_Contig_72998_14	1	2	0.002143	0.008028	0.003028	0.002741
68	LdDocent_Contig_2465_75	0	1	0.997963	0.985153	0.002870	0.003631
68	LdDocent_Contig_2465_75	1	2	0.002037	0.014847	0.002870	0.003631
69	LdDocent_Contig_8505_368	0	1	0.020010	0.989643	0.009317	0.003177
69	LdDocent_Contig_8505_368	1	2	0.979990	0.010357	0.009317	0.003177
70	LdDocent_Contig_18297_138	0	1	0.997252	0.979572	0.003784	0.004480
70	LdDocent_Contig_18297_138	1	2	0.002748	0.020428	0.003784	0.004480
71	LdDocent_Contig_22442_427	0	1	0.997859	0.971612	0.003031	0.005062
71	LdDocent_Contig_22442_427	1	2	0.002141	0.028388	0.003031	0.005062
72	LdDocent_Contig_20128_26	0	1	0.996525	0.984071	0.004334	0.003970
72	LdDocent_Contig_20128_26	1	2	0.003475	0.015929	0.004334	0.003970
73	LdDocent_Contig_93405_379	0	1	0.990460	0.971053	0.005976	0.004940
73	LdDocent_Contig_93405_379	1	2	0.009540	0.028947	0.005976	0.004940
74	LdDocent_Contig_93561_362	0	1	0.993568	0.992121	0.005219	0.002693
74	LdDocent_Contig_93561_362	1	2	0.006432	0.007879	0.005219	0.002693
75	LdDocent_Contig_13900_389	0	1	0.997701	0.948694	0.003239	0.006838
75	LdDocent_Contig_13900_389	1	2	0.002299	0.051306	0.003239	0.006838
76	LdDocent_Contig_168_103	0	1	0.988932	0.770772	0.006959	0.013000
76	LdDocent_Contig_168_103	1	2	0.011068	0.229228	0.006959	0.013000
77	LdDocent_Contig_935_140	0	1	0.989582	0.588388	0.006642	0.014962
77	LdDocent_Contig_935_140	1	2	0.010418	0.411612	0.006642	0.014962
78	LdDocent_Contig_6407_358	0	1	0.613731	0.995625	0.030518	0.002059
78	LdDocent_Contig_6407_358	1	2	0.386269	0.004375	0.030518	0.002059
79	LdDocent_Contig_15025_409	0	1	0.993412	0.863601	0.005301	0.009927
79	LdDocent_Contig_15025_409	1	2	0.006588	0.136399	0.005301	0.009927
80	LdDocent_Contig_7902_345	0	1	0.987316	0.891984	0.017632	0.009137
80	LdDocent_Contig_7902_345	1	2	0.012684	0.108016	0.017632	0.009137
81	LdDocent_Contig_1289_121	0	1	0.953933	0.852340	0.017548	0.010645
81	LdDocent_Contig_1289_121	1	2	0.046067	0.147660	0.017548	0.010645
82	LdDocent_Contig_5278_119	0	1	0.997171	0.971372	0.003908	0.005313
82	LdDocent_Contig_5278_119	1	2	0.002829	0.028628	0.003908	0.005313
83	LdDocent_Contig_3155_425	0	1	0.864860	0.998664	0.021379	0.001090
83	LdDocent_Contig_3155_425	1	2	0.135140	0.001336	0.021379	0.001090
84	LdDocent_Contig_66759_112	0	1	0.997395	0.982954	0.003665	0.004042
84	LdDocent_Contig_66759_112	1	2	0.002605	0.017046	0.003665	0.004042
85	LdDocent_Contig_1118_8	0	1	0.926252	0.999545	0.016478	0.000643
85	LdDocent_Contig_1118_8	1	2	0.073748	0.000455	0.016478	0.000643
86	LdDocent_Contig_79960_434	0	1	0.563897	0.783366	0.031390	0.012462
86	LdDocent_Contig_79960_434	1	2	0.436103	0.216634	0.031390	0.012462
87	LdDocent_Contig_359_399	0	1	0.997905	0.930073	0.002950	0.007568
87	LdDocent_Contig_359_399	1	2	0.002095	0.069927	0.002950	0.007568
88	LdDocent_Contig_34076_10	0	1	0.500984	0.998711	0.030382	0.001051
88	LdDocent_Contig_34076_10	1	2	0.499016	0.001289	0.030382	0.001051
89	LdDocent_Contig_20999_406	0	1	0.990074	0.950752	0.008033	0.006492
89	LdDocent_Contig_20999_406	1	2	0.009926	0.049248	0.008033	0.006492
90	LdDocent_Contig_954_459	0	1	0.997903	0.991063	0.002961	0.002886
90	LdDocent_Contig_954_459	1	2	0.002097	0.008937	0.002961	0.002886
91	LdDocent_Contig_1949_86	0	1	0.997979	0.978537	0.002855	0.004372
91	LdDocent_Contig_1949_86	1	2	0.002021	0.021463	0.002855	0.004372
92	LdDocent_Contig_1419_120	0	1	0.997776	0.981547	0.003122	0.004148
92	LdDocent_Contig_1419_120	1	2	0.002224	0.018453	0.003122	0.004148
93	LdDocent_Contig_57890_429	0	1	0.997949	0.986267	0.002895	0.003461
93	LdDocent_Contig_57890_429	1	2	0.002051	0.013733	0.002895	0.003461
94	LdDocent_Contig_27577_415	0	1	0.997514	0.954968	0.003502	0.006376
94	LdDocent_Contig_27577_415	1	2	0.002486	0.045032	0.003502	0.006376
95	LdDocent_Contig_790_438	0	1	0.993998	0.988864	0.004891	0.003125
95	LdDocent_Contig_790_438	1	2	0.006002	0.011136	0.004891	0.003125
96	LdDocent_Contig_22136_393	0	1	0.393140	0.995561	0.031991	0.002097
96	LdDocent_Contig_22136_393	1	2	0.606860	0.004439	0.031991	0.002097
97	LdDocent_Contig_1585_417	0	1	0.997810	0.870042	0.003082	0.010417
97	LdDocent_Contig_1585_417	1	2	0.002190	0.129958	0.003082	0.010417
98	LdDocent_Contig_30158_257	0	1	0.997903	0.961239	0.002958	0.006197
98	LdDocent_Contig_30158_257	1	2	0.002097	0.038761	0.002958	0.006197
99	LdDocent_Contig_13_96	0	1	0.985471	0.985911	0.007692	0.003674
99	LdDocent_Contig_13_96	1	2	0.014529	0.014089	0.007692	0.003674
100	LdDocent_Contig_1852_85	0	1	0.951556	0.999518	0.013926	0.000681
100	LdDocent_Contig_1852_85	1	2	0.048444	0.000482	0.013926	0.000681
101	LdDocent_Contig_68801_463	0	1	0.998049	0.990756	0.002748	0.002837
101	LdDocent_Contig_68801_463	1	2	0.001951	0.009244	0.002748	0.002837
102	LdDocent_Contig_64815_411	0	1	0.997781	0.960302	0.003128	0.006193
102	LdDocent_Contig_64815_411	1	2	0.002219	0.039698	0.003128	0.006193
103	LdDocent_Contig_503_92	0	1	0.917154	0.999544	0.017941	0.000643
103	LdDocent_Contig_503_92	1	2	0.082846	0.000456	0.017941	0.000643
104	LdDocent_Contig_686_403	0	1	0.997882	0.985049	0.002988	0.003766
104	LdDocent_Contig_686_403	1	2	0.002118	0.014951	0.002988	0.003766
105	LdDocent_Contig_55045_105	0	1	0.103440	0.759569	0.020089	0.012998
105	LdDocent_Contig_55045_105	1	2	0.896560	0.240431	0.020089	0.012998
106	LdDocent_Contig_3899_397	0	1	0.997911	0.980377	0.002946	0.004287
106	LdDocent_Contig_3899_397	1	2	0.002089	0.019623	0.002946	0.004287
107	LdDocent_Contig_16527_454	0	1	0.977421	0.920754	0.009505	0.008422
107	LdDocent_Contig_16527_454	1	2	0.022579	0.079246	0.009505	0.008422
108	LdDocent_Contig_368_104	0	1	0.988554	0.993241	0.007178	0.002458
108	LdDocent_Contig_368_104	1	2	0.011446	0.006759	0.007178	0.002458
109	LdDocent_Contig_72344_144	0	1	0.996899	0.978503	0.004176	0.004529
109	LdDocent_Contig_72344_144	1	2	0.003101	0.021497	0.004176	0.004529
110	LdDocent_Contig_58707_436	0	1	0.997784	0.983241	0.003126	0.004090
110	LdDocent_Contig_58707_436	1	2	0.002216	0.016759	0.003126	0.004090
111	LdDocent_Contig_88440_85	0	2	0.997427	0.942730	0.003629	0.007221
111	LdDocent_Contig_88440_85	1	1	0.002573	0.057270	0.003629	0.007221
112	LdDocent_Contig_91112_94	0	2	0.002145	0.008124	0.003022	0.002778
112	LdDocent_Contig_91112_94	1	1	0.997855	0.991876	0.003022	0.002778
113	LdDocent_Contig_172_60	0	1	0.959076	0.999540	0.012352	0.000652
113	LdDocent_Contig_172_60	1	2	0.040924	0.000460	0.012352	0.000652
114	LdDocent_Contig_2767_425	0	1	0.997887	0.992668	0.002982	0.002667
114	LdDocent_Contig_2767_425	1	2	0.002113	0.007332	0.002982	0.002667
115	LdDocent_Contig_30350_410	0	1	0.997901	0.989741	0.002961	0.003149
115	LdDocent_Contig_30350_410	1	2	0.002099	0.010259	0.002961	0.003149
116	LdDocent_Contig_65043_38	0	1	0.997938	0.992802	0.002913	0.002614
116	LdDocent_Contig_65043_38	1	2	0.002062	0.007198	0.002913	0.002614
117	LdDocent_Contig_69820_346	0	1	0.997736	0.977183	0.003182	0.004870
117	LdDocent_Contig_69820_346	1	2	0.002264	0.022817	0.003182	0.004870
118	LdDocent_Contig_670_478	0	1	0.993636	0.991366	0.005169	0.002944
118	LdDocent_Contig_670_478	1	2	0.006364	0.008634	0.005169	0.002944
119	LdDocent_Contig_8487_141	0	1	0.031649	0.996543	0.012367	0.001851
119	LdDocent_Contig_8487_141	1	2	0.968351	0.003457	0.012367	0.001851
120	LdDocent_Contig_1935_91	0	1	0.997873	0.959516	0.002981	0.005818
120	LdDocent_Contig_1935_91	1	2	0.002127	0.040484	0.002981	0.005818
121	LdDocent_Contig_6886_108	0	1	0.997719	0.987382	0.003212	0.003539
121	LdDocent_Contig_6886_108	1	2	0.002281	0.012618	0.003212	0.003539
122	LdDocent_Contig_61650_466	0	1	0.074072	0.956931	0.017478	0.006540
122	LdDocent_Contig_61650_466	1	2	0.925928	0.043069	0.017478	0.006540
123	LdDocent_Contig_68168_309	0	1	0.997900	0.977966	0.002960	0.004595
123	LdDocent_Contig_68168_309	1	2	0.002100	0.022034	0.002960	0.004595
124	LdDocent_Contig_50531_445	0	1	0.997990	0.993495	0.002831	0.002365
124	LdDocent_Contig_50531_445	1	2	0.002010	0.006505	0.002831	0.002365
125	LdDocent_Contig_34273_350	0	1	0.943527	0.973435	0.014941	0.004988
125	LdDocent_Contig_34273_350	1	2	0.056473	0.026565	0.014941	0.004988
126	LdDocent_Contig_87910_402	0	1	0.997932	0.981242	0.002910	0.004110
126	LdDocent_Contig_87910_402	1	2	0.002068	0.018758	0.002910	0.004110
127	LdDocent_Contig_96111_324	0	1	0.989317	0.984925	0.006709	0.003798
127	LdDocent_Contig_96111_324	1	2	0.010683	0.015075	0.006709	0.003798
128	LdDocent_Contig_1523_70	0	1	0.997948	0.993113	0.002896	0.002507
128	LdDocent_Contig_1523_70	1	2	0.002052	0.006887	0.002896	0.002507
129	LdDocent_Contig_1827_336	0	1	0.997896	0.976615	0.002972	0.004571
129	LdDocent_Contig_1827_336	1	2	0.002104	0.023385	0.002972	0.004571
130	LdDocent_Contig_88403_16	0	1	0.998114	0.965509	0.002662	0.005390
130	LdDocent_Contig_88403_16	1	2	0.001886	0.034491	0.002662	0.005390
131	LdDocent_Contig_74432_382	0	1	0.993378	0.897017	0.005376	0.009282
131	LdDocent_Contig_74432_382	1	2	0.006622	0.102983	0.005376	0.009282
132	LdDocent_Contig_83889_467	0	1	0.636001	0.998695	0.029572	0.001077
132	LdDocent_Contig_83889_467	1	2	0.363999	0.001305	0.029572	0.001077
133	LdDocent_Contig_61554_18	0	1	0.998011	0.983372	0.002803	0.003830
133	LdDocent_Contig_61554_18	1	2	0.001989	0.016628	0.002803	0.003830
134	LdDocent_Contig_50102_11	0	1	0.997846	0.993180	0.003032	0.002482
134	LdDocent_Contig_50102_11	1	2	0.002154	0.006820	0.003032	0.002482
135	LdDocent_Contig_22232_67	0	1	0.966413	0.999500	0.012026	0.000708
135	LdDocent_Contig_22232_67	1	2	0.033587	0.000500	0.012026	0.000708
136	LdDocent_Contig_3166_66	0	1	0.997816	0.968824	0.003075	0.005460
136	LdDocent_Contig_3166_66	1	2	0.002184	0.031176	0.003075	0.005460
137	LdDocent_Contig_314_39	0	1	0.990046	0.298386	0.006245	0.013340
137	LdDocent_Contig_314_39	1	2	0.009954	0.701614	0.006245	0.013340
138	LdDocent_Contig_50611_479	0	1	0.997777	0.988147	0.003133	0.003473
138	LdDocent_Contig_50611_479	1	2	0.002223	0.011853	0.003133	0.003473
139	LdDocent_Contig_814_432	0	1	0.882271	0.999498	0.021468	0.000709
139	LdDocent_Contig_814_432	1	2	0.117729	0.000502	0.021468	0.000709
140	LdDocent_Contig_29486_72	0	1	0.998074	0.976185	0.002713	0.004567
140	LdDocent_Contig_29486_72	1	2	0.001926	0.023815	0.002713	0.004567
141	LdDocent_Contig_95108_34	0	1	0.993687	0.939441	0.005128	0.007420
141	LdDocent_Contig_95108_34	1	2	0.006313	0.060559	0.005128	0.007420
142	LdDocent_Contig_650_40	0	1	0.997105	0.987494	0.003896	0.003298
142	LdDocent_Contig_650_40	1	2	0.002895	0.012506	0.003896	0.003298
143	LdDocent_Contig_35672_447	0	1	0.997947	0.986178	0.002891	0.003606
143	LdDocent_Contig_35672_447	1	2	0.002053	0.013822	0.002891	0.003606
144	LdDocent_Contig_92358_102	0	1	0.993776	0.989364	0.005052	0.003119
144	LdDocent_Contig_92358_102	1	2	0.006224	0.010636	0.005052	0.003119
145	LdDocent_Contig_1328_36	0	1	0.998080	0.991549	0.002715	0.002731
145	LdDocent_Contig_1328_36	1	2	0.001920	0.008451	0.002715	0.002731
146	LdDocent_Contig_6059_390	0	1	0.992406	0.992535	0.006162	0.002716
146	LdDocent_Contig_6059_390	1	2	0.007594	0.007465	0.006162	0.002716
147	LdDocent_Contig_1011_519	0	1	0.596740	0.999518	0.034155	0.000682
147	LdDocent_Contig_1011_519	1	2	0.403260	0.000482	0.034155	0.000682
148	LdDocent_Contig_69562_71	0	1	0.945073	0.968600	0.033500	0.005102
148	LdDocent_Contig_69562_71	1	2	0.054927	0.031400	0.033500	0.005102
149	LdDocent_Contig_34609_429	0	1	0.997675	0.987969	0.003274	0.003379
149	LdDocent_Contig_34609_429	1	2	0.002325	0.012031	0.003274	0.003379
150	LdDocent_Contig_555_371	0	1	0.025275	0.995690	0.010740	0.002101
150	LdDocent_Contig_555_371	1	2	0.974725	0.004310	0.010740	0.002101
151	LdDocent_Contig_58774_132	0	1	0.997820	0.973201	0.003074	0.005041
151	LdDocent_Contig_58774_132	1	2	0.002180	0.026799	0.003074	0.005041
152	LdDocent_Contig_24682_102	0	1	0.989716	0.993856	0.006465	0.002399
152	LdDocent_Contig_24682_102	1	2	0.010284	0.006144	0.006465	0.002399
153	LdDocent_Contig_71514_401	0	1	0.997655	0.989792	0.003302	0.003134
153	LdDocent_Contig_71514_401	1	2	0.002345	0.010208	0.003302	0.003134
154	LdDocent_Contig_1629_400	0	1	0.948128	0.999564	0.013733	0.000615
154	LdDocent_Contig_1629_400	1	2	0.051872	0.000436	0.013733	0.000615
155	LdDocent_Contig_12602_422	0	1	0.997912	0.992439	0.002948	0.002581
155	LdDocent_Contig_12602_422	1	2	0.002088	0.007561	0.002948	0.002581
156	LdDocent_Contig_23010_476	0	1	0.997914	0.979556	0.002943	0.004259
156	LdDocent_Contig_23010_476	1	2	0.002086	0.020444	0.002943	0.004259
157	LdDocent_Contig_73912_413	0	1	0.997731	0.972949	0.003195	0.005184
157	LdDocent_Contig_73912_413	1	2	0.002269	0.027051	0.003195	0.005184
158	LdDocent_Contig_9155_368	0	1	0.993498	0.981029	0.005163	0.004000
158	LdDocent_Contig_9155_368	1	2	0.006502	0.018971	0.005163	0.004000
159	LdDocent_Contig_6920_137	0	1	0.997602	0.993280	0.003310	0.002478
159	LdDocent_Contig_6920_137	1	2	0.002398	0.006720	0.003310	0.002478
160	LdDocent_Contig_71998_388	0	1	0.997548	0.989926	0.003453	0.003093
160	LdDocent_Contig_71998_388	1	2	0.002452	0.010074	0.003453	0.003093
161	LdDocent_Contig_86476_29	0	1	0.997754	0.992566	0.003164	0.002695
161	LdDocent_Contig_86476_29	1	2	0.002246	0.007434	0.003164	0.002695
162	LdDocent_Contig_14851_408	0	1	0.996866	0.961011	0.004218	0.006024
162	LdDocent_Contig_14851_408	1	2	0.003134	0.038989	0.004218	0.006024
163	LdDocent_Contig_18493_369	0	1	0.808869	0.992499	0.046628	0.002560
163	LdDocent_Contig_18493_369	1	2	0.191131	0.007501	0.046628	0.002560
164	LdDocent_Contig_63069_410	0	1	0.993115	0.993328	0.005610	0.002609
164	LdDocent_Contig_63069_410	1	2	0.006885	0.006672	0.005610	0.002609
165	LdDocent_Contig_5961_352	0	1	0.010657	0.996604	0.006761	0.001814
165	LdDocent_Contig_5961_352	1	2	0.989343	0.003396	0.006761	0.001814
166	LdDocent_Contig_1759_312	0	1	0.969184	0.999556	0.011045	0.000627
166	LdDocent_Contig_1759_312	1	2	0.030816	0.000444	0.011045	0.000627
167	LdDocent_Contig_879_336	0	1	0.006380	0.997590	0.005184	0.001520
167	LdDocent_Contig_879_336	1	2	0.993620	0.002410	0.005184	0.001520
168	LdDocent_Contig_7945_395	0	1	0.958544	0.999554	0.012507	0.000630
168	LdDocent_Contig_7945_395	1	2	0.041456	0.000446	0.012507	0.000630
169	LdDocent_Contig_73527_499	0	1	0.998045	0.980029	0.002755	0.004593
169	LdDocent_Contig_73527_499	1	2	0.001955	0.019971	0.002755	0.004593
170	LdDocent_Contig_90285_342	0	1	0.997860	0.945361	0.003017	0.006950
170	LdDocent_Contig_90285_342	1	2	0.002140	0.054639	0.003017	0.006950
171	LdDocent_Contig_81828_436	0	1	0.997703	0.991519	0.003246	0.002896
171	LdDocent_Contig_81828_436	1	2	0.002297	0.008481	0.003246	0.002896
172	LdDocent_Contig_92_51	0	1	0.014028	0.995137	0.007469	0.002109
172	LdDocent_Contig_92_51	1	2	0.985972	0.004863	0.007469	0.002109
173	LdDocent_Contig_68815_372	0	1	0.994146	0.977745	0.004757	0.004354
173	LdDocent_Contig_68815_372	1	2	0.005854	0.022255	0.004757	0.004354
174	LdDocent_Contig_2016_435	0	1	0.997626	0.775542	0.003348	0.013013
174	LdDocent_Contig_2016_435	1	2	0.002374	0.224458	0.003348	0.013013
175	LdDocent_Contig_10432_143	0	1	0.858387	0.954665	0.022160	0.006136
175	LdDocent_Contig_10432_143	1	2	0.141613	0.045335	0.022160	0.006136
176	LdDocent_Contig_1756_66	0	1	0.998095	0.986019	0.002687	0.003418
176	LdDocent_Contig_1756_66	1	2	0.001905	0.013981	0.002687	0.003418
177	LdDocent_Contig_19136_144	0	1	0.389917	0.998522	0.032473	0.001208
177	LdDocent_Contig_19136_144	1	2	0.610083	0.001478	0.032473	0.001208
178	LdDocent_Contig_34180_70	0	1	0.997914	0.989273	0.002947	0.003144
178	LdDocent_Contig_34180_70	1	2	0.002086	0.010727	0.002947	0.003144
179	LdDocent_Contig_53109_28	0	1	0.968861	0.999534	0.011181	0.000658
179	LdDocent_Contig_53109_28	1	2	0.031139	0.000466	0.011181	0.000658
180	LdDocent_Contig_38846_389	0	1	0.997916	0.962610	0.002931	0.005568
180	LdDocent_Contig_38846_389	1	2	0.002084	0.037390	0.002931	0.005568
181	LdDocent_Contig_1334_465	0	1	0.005958	0.995713	0.004848	0.002016
181	LdDocent_Contig_1334_465	1	2	0.994042	0.004287	0.004848	0.002016
182	LdDocent_Contig_1745_380	0	1	0.997884	0.949134	0.002972	0.006653
182	LdDocent_Contig_1745_380	1	2	0.002116	0.050866	0.002972	0.006653
183	LdDocent_Contig_20299_482	0	1	0.938424	0.983039	0.027085	0.003887
183	LdDocent_Contig_20299_482	1	2	0.061576	0.016961	0.027085	0.003887
184	LdDocent_Contig_14643_33	0	1	0.981814	0.995692	0.008490	0.002025
184	LdDocent_Contig_14643_33	1	2	0.018186	0.004308	0.008490	0.002025
185	LdDocent_Contig_61311_421	0	1	0.997950	0.991690	0.002888	0.002841
185	LdDocent_Contig_61311_421	1	2	0.002050	0.008310	0.002888	0.002841
186	LdDocent_Contig_1657_34	0	1	0.969204	0.999511	0.011046	0.000691
186	LdDocent_Contig_1657_34	1	2	0.030796	0.000489	0.011046	0.000691
187	LdDocent_Contig_1183_492	0	1	0.978763	0.997628	0.009193	0.001492
187	LdDocent_Contig_1183_492	1	2	0.021237	0.002372	0.009193	0.001492
188	LdDocent_Contig_6342_311	0	1	0.964146	0.999528	0.012071	0.000667
188	LdDocent_Contig_6342_311	1	2	0.035854	0.000472	0.012071	0.000667
189	LdDocent_Contig_1040_425	0	1	0.987945	0.994368	0.016733	0.002199
189	LdDocent_Contig_1040_425	1	2	0.012055	0.005632	0.016733	0.002199
190	LdDocent_Contig_52123_371	0	1	0.997889	0.989242	0.002974	0.003152
190	LdDocent_Contig_52123_371	1	2	0.002111	0.010758	0.002974	0.003152
191	LdDocent_Contig_715_109	0	1	0.996705	0.940605	0.004481	0.007189
191	LdDocent_Contig_715_109	1	2	0.003295	0.059395	0.004481	0.007189
192	LdDocent_Contig_27161_35	0	1	0.993221	0.900098	0.005536	0.009414
192	LdDocent_Contig_27161_35	1	2	0.006779	0.099902	0.005536	0.009414
193	LdDocent_Contig_12377_140	0	1	0.997915	0.816099	0.002941	0.011852
193	LdDocent_Contig_12377_140	1	2	0.002085	0.183901	0.002941	0.011852
194	LdDocent_Contig_65614_7	0	1	0.942615	0.998680	0.014615	0.001101
194	LdDocent_Contig_65614_7	1	2	0.057385	0.001320	0.014615	0.001101
195	LdDocent_Contig_265_37	0	1	0.990601	0.957138	0.007257	0.006330
195	LdDocent_Contig_265_37	1	2	0.009399	0.042862	0.007257	0.006330
196	LdDocent_Contig_1307_442	0	1	0.078049	0.832578	0.017323	0.011172
196	LdDocent_Contig_1307_442	1	2	0.921951	0.167422	0.017323	0.011172
197	LdDocent_Contig_6436_40	0	1	0.994825	0.994048	0.007270	0.002328
197	LdDocent_Contig_6436_40	1	2	0.005175	0.005952	0.007270	0.002328
198	LdDocent_Contig_1740_404	0	1	0.997926	0.993173	0.002926	0.002483
198	LdDocent_Contig_1740_404	1	2	0.002074	0.006827	0.002926	0.002483
199	LdDocent_Contig_57974_380	0	1	0.998129	0.991936	0.002630	0.002604
199	LdDocent_Contig_57974_380	1	2	0.001871	0.008064	0.002630	0.002604
