UponCompletionOf_1000000_sweeps
LocNumber LocName AlleleNumber AlleleName FreqInPop0 FreqInPop1 SDInPop0 SDinPop1
0	LdDocent_Contig_1811_365	0	1	0.997981	0.993339	0.002850	0.002424
0	LdDocent_Contig_1811_365	1	2	0.002019	0.006661	0.002850	0.002424
1	LdDocent_Contig_1724_19	0	1	0.997928	0.983316	0.002924	0.003843
1	LdDocent_Contig_1724_19	1	2	0.002072	0.016684	0.002924	0.003843
2	LdDocent_Contig_84309_371	0	1	0.997142	0.982827	0.004026	0.003960
2	LdDocent_Contig_84309_371	1	2	0.002858	0.017173	0.004026	0.003960
3	LdDocent_Contig_64713_69	0	1	0.927434	0.999535	0.017159	0.000656
3	LdDocent_Contig_64713_69	1	2	0.072566	0.000465	0.017159	0.000656
4	LdDocent_Contig_197_114	0	1	0.998062	0.989037	0.002730	0.003086
4	LdDocent_Contig_197_114	1	2	0.001938	0.010963	0.002730	0.003086
5	LdDocent_Contig_80137_105	0	1	0.997831	0.979967	0.003051	0.004379
5	LdDocent_Contig_80137_105	1	2	0.002169	0.020033	0.003051	0.004379
6	LdDocent_Contig_648_369	0	1	0.832292	0.996979	0.023170	0.001627
6	LdDocent_Contig_648_369	1	2	0.167708	0.003021	0.023170	0.001627
7	LdDocent_Contig_3166_66	0	1	0.997812	0.968837	0.003086	0.005455
7	LdDocent_Contig_3166_66	1	2	0.002188	0.031163	0.003086	0.005455
8	LdDocent_Contig_35977_139	0	1	0.997845	0.933142	0.003033	0.007429
8	LdDocent_Contig_35977_139	1	2	0.002155	0.066858	0.003033	0.007429
9	LdDocent_Contig_5189_370	0	2	0.990273	0.582396	0.006437	0.014912
9	LdDocent_Contig_5189_370	1	1	0.009727	0.417604	0.006437	0.014912
10	LdDocent_Contig_80753_403	0	1	0.997696	0.990682	0.003248	0.003004
10	LdDocent_Contig_80753_403	1	2	0.002304	0.009318	0.003248	0.003004
11	LdDocent_Contig_22232_67	0	1	0.966300	0.999500	0.012077	0.000706
11	LdDocent_Contig_22232_67	1	2	0.033700	0.000500	0.012077	0.000706
12	LdDocent_Contig_748_8	0	1	0.997853	0.985290	0.003023	0.003707
12	LdDocent_Contig_748_8	1	2	0.002147	0.014710	0.003023	0.003707
13	LdDocent_Contig_5195_327	0	1	0.997930	0.951699	0.002919	0.006446
13	LdDocent_Contig_5195_327	1	2	0.002070	0.048301	0.002919	0.006446
14	LdDocent_Contig_24682_102	0	1	0.989696	0.993864	0.006466	0.002396
14	LdDocent_Contig_24682_102	1	2	0.010304	0.006136	0.006466	0.002396
15	LdDocent_Contig_858_335	0	1	0.997651	0.775823	0.003315	0.013063
15	LdDocent_Contig_858_335	1	2	0.002349	0.224177	0.003315	0.013063
16	LdDocent_Contig_2054_505	0	1	0.997756	0.981770	0.003160	0.004197
16	LdDocent_Contig_2054_505	1	2	0.002244	0.018230	0.003160	0.004197
17	LdDocent_Contig_8454_442	0	1	0.997974	0.972606	0.002852	0.004886
17	LdDocent_Contig_8454_442	1	2	0.002026	0.027394	0.002852	0.004886
18	LdDocent_Contig_1275_383	0	1	0.998054	0.987868	0.002745	0.003283
18	LdDocent_Contig_1275_383	1	2	0.001946	0.012132	0.002745	0.003283
19	LdDocent_Contig_24656_389	0	1	0.567029	0.985598	0.033949	0.003755
19	LdDocent_Contig_24656_389	1	2	0.432971	0.014402	0.033949	0.003755
20	LdDocent_Contig_1710_58	0	1	0.962839	0.998524	0.012481	0.001206
20	LdDocent_Contig_1710_58	1	2	0.037161	0.001476	0.012481	0.001206
21	LdDocent_Contig_2756_412	0	1	0.942294	0.999552	0.014687	0.000634
21	LdDocent_Contig_2756_412	1	2	0.057706	0.000448	0.014687	0.000634
22	LdDocent_Contig_7302_328	0	1	0.997298	0.989793	0.003613	0.003041
22	LdDocent_Contig_7302_328	1	2	0.002702	0.010207	0.003613	0.003041
23	LdDocent_Contig_27173_76	0	1	0.997728	0.984530	0.003189	0.003679
23	LdDocent_Contig_27173_76	1	2	0.002272	0.015470	0.003189	0.003679
24	LdDocent_Contig_52771_138	0	1	0.992567	0.913025	0.006014	0.008944
24	LdDocent_Contig_52771_138	1	2	0.007433	0.086975	0.006014	0.008944
25	LdDocent_Contig_384_321	0	1	0.973440	0.998512	0.010346	0.001212
25	LdDocent_Contig_384_321	1	2	0.026560	0.001488	0.010346	0.001212
26	LdDocent_Contig_31898_418	0	1	0.997770	0.988803	0.003148	0.003281
26	LdDocent_Contig_31898_418	1	2	0.002230	0.011197	0.003148	0.003281
27	LdDocent_Contig_1852_85	0	1	0.951475	0.999518	0.013958	0.000681
27	LdDocent_Contig_1852_85	1	2	0.048525	0.000482	0.013958	0.000681
28	LdDocent_Contig_8071_81	0	1	0.997382	0.993326	0.003696	0.002430
28	LdDocent_Contig_8071_81	1	2	0.002618	0.006674	0.003696	0.002430
29	LdDocent_Contig_65614_7	0	1	0.942888	0.998652	0.014529	0.001102
29	LdDocent_Contig_65614_7	1	2	0.057112	0.001348	0.014529	0.001102
30	LdDocent_Contig_315_366	0	1	0.997902	0.988397	0.002959	0.003265
30	LdDocent_Contig_315_366	1	2	0.002098	0.011603	0.002959	0.003265
31	LdDocent_Contig_5278_119	0	1	0.997174	0.971406	0.003912	0.005304
31	LdDocent_Contig_5278_119	1	2	0.002826	0.028594	0.003912	0.005304
32	LdDocent_Contig_64819_431	0	1	0.997923	0.969544	0.002923	0.005271
32	LdDocent_Contig_64819_431	1	2	0.002077	0.030456	0.002923	0.005271
33	LdDocent_Contig_24277_98	0	1	0.965379	0.996781	0.011248	0.001704
33	LdDocent_Contig_24277_98	1	2	0.034621	0.003219	0.011248	0.001704
34	LdDocent_Contig_77008_93	0	1	0.878113	0.999583	0.029954	0.000590
34	LdDocent_Contig_77008_93	1	2	0.121887	0.000417	0.029954	0.000590
35	LdDocent_Contig_257_407	0	1	0.718817	0.997557	0.031396	0.001544
35	LdDocent_Contig_257_407	1	2	0.281183	0.002443	0.031396	0.001544
36	LdDocent_Contig_25093_449	0	2	0.988172	0.806272	0.007398	0.012235
36	LdDocent_Contig_25093_449	1	1	0.011828	0.193728	0.007398	0.012235
37	LdDocent_Contig_6048_73	0	1	0.997963	0.993022	0.002873	0.002535
37	LdDocent_Contig_6048_73	1	2	0.002037	0.006978	0.002873	0.002535
38	LdDocent_Contig_2225_409	0	1	0.001943	0.998700	0.002741	0.001064
38	LdDocent_Contig_2225_409	1	2	0.998057	0.001300	0.002741	0.001064
39	LdDocent_Contig_1544_499	0	1	0.997954	0.985024	0.002886	0.003661
39	LdDocent_Contig_1544_499	1	2	0.002046	0.014976	0.002886	0.003661
40	LdDocent_Contig_11498_456	0	1	0.997696	0.991234	0.003250	0.002993
40	LdDocent_Contig_11498_456	1	2	0.002304	0.008766	0.003250	0.002993
41	LdDocent_Contig_6451_52	0	1	0.963475	0.998503	0.012281	0.001221
41	LdDocent_Contig_6451_52	1	2	0.036525	0.001497	0.012281	0.001221
42	LdDocent_Contig_2739_120	0	1	0.998038	0.969695	0.002763	0.005006
42	LdDocent_Contig_2739_120	1	2	0.001962	0.030305	0.002763	0.005006
43	LdDocent_Contig_36665_42	0	1	0.965985	0.999511	0.011491	0.000689
43	LdDocent_Contig_36665_42	1	2	0.034015	0.000489	0.011491	0.000689
44	LdDocent_Contig_14227_467	0	1	0.966573	0.998706	0.011254	0.001055
44	LdDocent_Contig_14227_467	1	2	0.033427	0.001294	0.011254	0.001055
45	LdDocent_Contig_1433_455	0	1	0.946479	0.999558	0.014166	0.000627
45	LdDocent_Contig_1433_455	1	2	0.053521	0.000442	0.014166	0.000627
46	LdDocent_Contig_24534_432	0	1	0.984554	0.991807	0.008174	0.002797
46	LdDocent_Contig_24534_432	1	2	0.015446	0.008193	0.008174	0.002797
47	LdDocent_Contig_664_128	0	1	0.314292	0.989703	0.030551	0.003228
47	LdDocent_Contig_664_128	1	2	0.685708	0.010297	0.030551	0.003228
48	LdDocent_Contig_60532_46	0	1	0.997776	0.990872	0.003139	0.002946
48	LdDocent_Contig_60532_46	1	2	0.002224	0.009128	0.003139	0.002946
49	LdDocent_Contig_9177_452	0	1	0.997674	0.988036	0.003283	0.003503
49	LdDocent_Contig_9177_452	1	2	0.002326	0.011964	0.003283	0.003503
50	LdDocent_Contig_72768_63	0	1	0.997927	0.984269	0.002913	0.003728
50	LdDocent_Contig_72768_63	1	2	0.002073	0.015731	0.002913	0.003728
51	LdDocent_Contig_2452_429	0	1	0.993489	0.977178	0.005287	0.004655
51	LdDocent_Contig_2452_429	1	2	0.006511	0.022822	0.005287	0.004655
52	LdDocent_Contig_18013_371	0	1	0.997757	0.986377	0.003164	0.003683
52	LdDocent_Contig_18013_371	1	2	0.002243	0.013623	0.003164	0.003683
53	LdDocent_Contig_1931_379	0	1	0.997725	0.836619	0.003203	0.011430
53	LdDocent_Contig_1931_379	1	2	0.002275	0.163381	0.003203	0.011430
54	LdDocent_Contig_34882_446	0	1	0.997944	0.985618	0.002894	0.003519
54	LdDocent_Contig_34882_446	1	2	0.002056	0.014382	0.002894	0.003519
55	LdDocent_Contig_27899_8	0	1	0.933124	0.943168	0.016771	0.007137
55	LdDocent_Contig_27899_8	1	2	0.066876	0.056832	0.016771	0.007137
56	LdDocent_Contig_15672_434	0	1	0.997607	0.990323	0.003376	0.003122
56	LdDocent_Contig_15672_434	1	2	0.002393	0.009677	0.003376	0.003122
57	LdDocent_Contig_75487_42	0	1	0.997515	0.987383	0.003454	0.003433
57	LdDocent_Contig_75487_42	1	2	0.002485	0.012617	0.003454	0.003433
58	LdDocent_Contig_6226_357	0	1	0.997852	0.980728	0.003022	0.004117
58	LdDocent_Contig_6226_357	1	2	0.002148	0.019272	0.003022	0.004117
59	LdDocent_Contig_2750_91	0	1	0.997937	0.991380	0.002907	0.002784
59	LdDocent_Contig_2750_91	1	2	0.002063	0.008620	0.002907	0.002784
60	LdDocent_Contig_795_439	0	1	0.997898	0.986935	0.002961	0.003408
60	LdDocent_Contig_795_439	1	2	0.002102	0.013065	0.002961	0.003408
61	LdDocent_Contig_933_443	0	1	0.994228	0.989015	0.004690	0.003087
61	LdDocent_Contig_933_443	1	2	0.005772	0.010985	0.004690	0.003087
62	LdDocent_Contig_71485_135	0	1	0.997835	0.990896	0.003052	0.002941
62	LdDocent_Contig_71485_135	1	2	0.002165	0.009104	0.003052	0.002941
63	LdDocent_Contig_34839_463	0	1	0.997486	0.991885	0.003545	0.002771
63	LdDocent_Contig_34839_463	1	2	0.002514	0.008115	0.003545	0.002771
64	LdDocent_Contig_13997_103	0	1	0.998112	0.974712	0.002660	0.004601
64	LdDocent_Contig_13997_103	1	2	0.001888	0.025288	0.002660	0.004601
65	LdDocent_Contig_3482_420	0	1	0.899405	0.987443	0.018959	0.003392
65	LdDocent_Contig_3482_420	1	2	0.100595	0.012557	0.018959	0.003392
66	LdDocent_Contig_15609_391	0	1	0.885473	0.999510	0.021309	0.000692
66	LdDocent_Contig_15609_391	1	2	0.114527	0.000490	0.021309	0.000692
67	LdDocent_Contig_11442_420	0	1	0.998014	0.955076	0.002805	0.006111
67	LdDocent_Contig_11442_420	1	2	0.001986	0.044924	0.002805	0.006111
68	LdDocent_Contig_1937_458	0	1	0.997489	0.973452	0.003476	0.004923
68	LdDocent_Contig_1937_458	1	2	0.002511	0.026548	0.003476	0.004923
69	LdDocent_Contig_6327_340	0	1	0.765463	0.999537	0.026143	0.000654
69	LdDocent_Contig_6327_340	1	2	0.234537	0.000463	0.026143	0.000654
70	LdDocent_Contig_18259_310	0	1	0.677316	0.999478	0.031872	0.000738
70	LdDocent_Contig_18259_310	1	2	0.322684	0.000522	0.031872	0.000738
71	LdDocent_Contig_60410_392	0	1	0.985667	0.977061	0.007592	0.004486
71	LdDocent_Contig_60410_392	1	2	0.014333	0.022939	0.007592	0.004486
72	LdDocent_Contig_3427_65	0	1	0.977100	0.995968	0.009636	0.001895
72	LdDocent_Contig_3427_65	1	2	0.022900	0.004032	0.009636	0.001895
73	LdDocent_Contig_12687_339	0	1	0.997704	0.888320	0.003208	0.009795
73	LdDocent_Contig_12687_339	1	2	0.002296	0.111680	0.003208	0.009795
74	LdDocent_Contig_93340_36	0	1	0.997651	0.981074	0.003313	0.004351
74	LdDocent_Contig_93340_36	1	2	0.002349	0.018926	0.003313	0.004351
75	LdDocent_Contig_642_418	0	1	0.996529	0.986417	0.004477	0.003498
75	LdDocent_Contig_642_418	1	2	0.003471	0.013583	0.004477	0.003498
76	LdDocent_Contig_5015_373	0	1	0.989375	0.981273	0.006679	0.004095
76	LdDocent_Contig_5015_373	1	2	0.010625	0.018727	0.006679	0.004095
77	LdDocent_Contig_1303_365	0	1	0.997604	0.988854	0.003383	0.003262
77	LdDocent_Contig_1303_365	1	2	0.002396	0.011146	0.003383	0.003262
78	LdDocent_Contig_815_46	0	1	0.997966	0.992425	0.002869	0.002583
78	LdDocent_Contig_815_46	1	2	0.002034	0.007575	0.002869	0.002583
79	LdDocent_Contig_15643_369	0	1	0.997933	0.993048	0.002916	0.002527
79	LdDocent_Contig_15643_369	1	2	0.002067	0.006952	0.002916	0.002527
80	LdDocent_Contig_1378_140	0	1	0.997818	0.993225	0.003074	0.002465
80	LdDocent_Contig_1378_140	1	2	0.002182	0.006775	0.003074	0.002465
81	LdDocent_Contig_69888_361	0	1	0.988700	0.858005	0.007069	0.010925
81	LdDocent_Contig_69888_361	1	2	0.011300	0.141995	0.007069	0.010925
82	LdDocent_Contig_1523_70	0	1	0.997938	0.993115	0.002904	0.002508
82	LdDocent_Contig_1523_70	1	2	0.002062	0.006885	0.002904	0.002508
83	LdDocent_Contig_5548_407	0	1	0.832831	0.995754	0.025908	0.002225
83	LdDocent_Contig_5548_407	1	2	0.167169	0.004246	0.025908	0.002225
84	LdDocent_Contig_3176_388	0	1	0.997475	0.992347	0.003486	0.002644
84	LdDocent_Contig_3176_388	1	2	0.002525	0.007653	0.003486	0.002644
85	LdDocent_Contig_15323_432	0	1	0.979961	0.992917	0.009338	0.002574
85	LdDocent_Contig_15323_432	1	2	0.020039	0.007083	0.009338	0.002574
86	LdDocent_Contig_6079_434	0	1	0.150849	0.305400	0.022653	0.013626
86	LdDocent_Contig_6079_434	1	2	0.849151	0.694600	0.022653	0.013626
87	LdDocent_Contig_29172_435	0	1	0.996976	0.938337	0.004244	0.007499
87	LdDocent_Contig_29172_435	1	2	0.003024	0.061663	0.004244	0.007499
88	LdDocent_Contig_1260_354	0	1	0.472147	0.904863	0.032139	0.008802
88	LdDocent_Contig_1260_354	1	2	0.527853	0.095137	0.032139	0.008802
89	LdDocent_Contig_503_92	0	1	0.917365	0.999543	0.017901	0.000646
89	LdDocent_Contig_503_92	1	2	0.082635	0.000457	0.017901	0.000646
90	LdDocent_Contig_60418_73	0	1	0.968588	0.999510	0.011274	0.000692
90	LdDocent_Contig_60418_73	1	2	0.031412	0.000490	0.011274	0.000692
91	LdDocent_Contig_27243_7	0	1	0.869650	0.995309	0.020688	0.001994
91	LdDocent_Contig_27243_7	1	2	0.130350	0.004691	0.020688	0.001994
92	LdDocent_Contig_1539_383	0	1	0.901195	0.998756	0.018548	0.001038
92	LdDocent_Contig_1539_383	1	2	0.098805	0.001244	0.018548	0.001038
93	LdDocent_Contig_27474_401	0	1	0.997681	0.986169	0.003266	0.003607
93	LdDocent_Contig_27474_401	1	2	0.002319	0.013831	0.003266	0.003607
94	LdDocent_Contig_5500_459	0	1	0.997762	0.896613	0.003148	0.009028
94	LdDocent_Contig_5500_459	1	2	0.002238	0.103387	0.003148	0.009028
95	LdDocent_Contig_69533_417	0	1	0.985710	0.919249	0.008914	0.008283
95	LdDocent_Contig_69533_417	1	2	0.014290	0.080751	0.008914	0.008283
96	LdDocent_Contig_1399_88	0	1	0.966691	0.999548	0.011198	0.000639
96	LdDocent_Contig_1399_88	1	2	0.033309	0.000452	0.011198	0.000639
97	LdDocent_Contig_1332_425	0	1	0.915877	0.996802	0.017852	0.001704
97	LdDocent_Contig_1332_425	1	2	0.084123	0.003198	0.017852	0.001704
98	LdDocent_Contig_35183_450	0	1	0.997049	0.990675	0.004075	0.002884
98	LdDocent_Contig_35183_450	1	2	0.002951	0.009325	0.004075	0.002884
99	LdDocent_Contig_1657_34	0	1	0.969101	0.999513	0.011072	0.000689
99	LdDocent_Contig_1657_34	1	2	0.030899	0.000487	0.011072	0.000689
100	LdDocent_Contig_25628_107	0	1	0.801571	0.997493	0.025764	0.001582
100	LdDocent_Contig_25628_107	1	2	0.198429	0.002507	0.025764	0.001582
101	LdDocent_Contig_16044_389	0	1	0.997957	0.991334	0.002883	0.002801
101	LdDocent_Contig_16044_389	1	2	0.002043	0.008666	0.002883	0.002801
102	LdDocent_Contig_30221_20	0	1	0.997839	0.991894	0.003046	0.002767
102	LdDocent_Contig_30221_20	1	2	0.002161	0.008106	0.003046	0.002767
103	LdDocent_Contig_71921_38	0	1	0.929302	0.997739	0.016273	0.001427
103	LdDocent_Contig_71921_38	1	2	0.070698	0.002261	0.016273	0.001427
104	LdDocent_Contig_7458_48	0	2	0.992481	0.961021	0.005988	0.005974
104	LdDocent_Contig_7458_48	1	1	0.007519	0.038979	0.005988	0.005974
105	LdDocent_Contig_290_116	0	1	0.989757	0.792193	0.006424	0.012342
105	LdDocent_Contig_290_116	1	2	0.010243	0.207807	0.006424	0.012342
106	LdDocent_Contig_84158_445	0	1	0.997914	0.985454	0.002942	0.003669
106	LdDocent_Contig_84158_445	1	2	0.002086	0.014546	0.002942	0.003669
107	LdDocent_Contig_8075_29	0	1	0.997921	0.992601	0.002929	0.002691
107	LdDocent_Contig_8075_29	1	2	0.002079	0.007399	0.002929	0.002691
108	LdDocent_Contig_329_469	0	1	0.997840	0.885551	0.003045	0.009640
108	LdDocent_Contig_329_469	1	2	0.002160	0.114449	0.003045	0.009640
109	LdDocent_Contig_34626_57	0	1	0.987845	0.992975	0.007408	0.002660
109	LdDocent_Contig_34626_57	1	2	0.012155	0.007025	0.007408	0.002660
110	LdDocent_Contig_7527_139	0	1	0.997818	0.962062	0.003054	0.005925
110	LdDocent_Contig_7527_139	1	2	0.002182	0.037938	0.003054	0.005925
111	LdDocent_Contig_1772_121	0	1	0.975854	0.989454	0.010149	0.003092
111	LdDocent_Contig_1772_121	1	2	0.024146	0.010546	0.010149	0.003092
112	LdDocent_Contig_93488_498	0	1	0.990720	0.991738	0.007511	0.002823
112	LdDocent_Contig_93488_498	1	2	0.009280	0.008262	0.007511	0.002823
113	LdDocent_Contig_5132_456	0	2	0.997984	0.697467	0.002850	0.014293
113	LdDocent_Contig_5132_456	1	1	0.002016	0.302533	0.002850	0.014293
114	LdDocent_Contig_25631_95	0	1	0.961682	0.997696	0.012189	0.001452
114	LdDocent_Contig_25631_95	1	2	0.038318	0.002304	0.012189	0.001452
115	LdDocent_Contig_86047_322	0	1	0.997783	0.959125	0.003124	0.006073
115	LdDocent_Contig_86047_322	1	2	0.002217	0.040875	0.003124	0.006073
116	LdDocent_Contig_51338_419	0	1	0.997932	0.892779	0.002918	0.009265
116	LdDocent_Contig_51338_419	1	2	0.002068	0.107221	0.002918	0.009265
117	LdDocent_Contig_1444_463	0	1	0.997016	0.991782	0.004113	0.002686
117	LdDocent_Contig_1444_463	1	2	0.002984	0.008218	0.004113	0.002686
118	LdDocent_Contig_87054_34	0	1	0.997961	0.984921	0.002874	0.003682
118	LdDocent_Contig_87054_34	1	2	0.002039	0.015079	0.002874	0.003682
119	LdDocent_Contig_69262_495	0	1	0.997496	0.911178	0.003522	0.009014
119	LdDocent_Contig_69262_495	1	2	0.002504	0.088822	0.003522	0.009014
120	LdDocent_Contig_63523_351	0	2	0.997743	0.984602	0.003182	0.003768
120	LdDocent_Contig_63523_351	1	1	0.002257	0.015398	0.003182	0.003768
121	LdDocent_Contig_36097_16	0	1	0.988850	0.962309	0.006994	0.005964
121	LdDocent_Contig_36097_16	1	2	0.011150	0.037691	0.006994	0.005964
122	LdDocent_Contig_1311_419	0	1	0.997553	0.984696	0.003355	0.003649
122	LdDocent_Contig_1311_419	1	2	0.002447	0.015304	0.003355	0.003649
123	LdDocent_Contig_2901_428	0	1	0.976316	0.997679	0.010728	0.001720
123	LdDocent_Contig_2901_428	1	2	0.023684	0.002321	0.010728	0.001720
124	LdDocent_Contig_5854_133	0	2	0.997876	0.926908	0.002998	0.008162
124	LdDocent_Contig_5854_133	1	1	0.002124	0.073092	0.002998	0.008162
125	LdDocent_Contig_3461_11	0	1	0.993824	0.972870	0.005024	0.004921
125	LdDocent_Contig_3461_11	1	2	0.006176	0.027130	0.005024	0.004921
126	LdDocent_Contig_221_86	0	1	0.997803	0.973570	0.003064	0.004734
126	LdDocent_Contig_221_86	1	2	0.002197	0.026430	0.003064	0.004734
127	LdDocent_Contig_22239_72	0	2	0.532126	0.704050	0.032093	0.013813
127	LdDocent_Contig_22239_72	1	1	0.467874	0.295950	0.032093	0.013813
128	LdDocent_Contig_1402_439	0	1	0.932563	0.999565	0.016004	0.000614
128	LdDocent_Contig_1402_439	1	2	0.067437	0.000435	0.016004	0.000614
129	LdDocent_Contig_672_99	0	1	0.943649	0.999559	0.014358	0.000623
129	LdDocent_Contig_672_99	1	2	0.056351	0.000441	0.014358	0.000623
130	LdDocent_Contig_12502_13	0	1	0.990131	0.992540	0.006208	0.002547
130	LdDocent_Contig_12502_13	1	2	0.009869	0.007460	0.006208	0.002547
131	LdDocent_Contig_1457_393	0	1	0.993148	0.966556	0.005589	0.005541
131	LdDocent_Contig_1457_393	1	2	0.006852	0.033444	0.005589	0.005541
132	LdDocent_Contig_74588_389	0	1	0.997682	0.987409	0.003270	0.003537
132	LdDocent_Contig_74588_389	1	2	0.002318	0.012591	0.003270	0.003537
133	LdDocent_Contig_50746_30	0	1	0.757866	0.845089	0.027011	0.011001
133	LdDocent_Contig_50746_30	1	2	0.242134	0.154911	0.027011	0.011001
134	LdDocent_Contig_51759_53	0	1	0.997819	0.991820	0.003071	0.002793
134	LdDocent_Contig_51759_53	1	2	0.002181	0.008180	0.003071	0.002793
135	LdDocent_Contig_58302_102	0	1	0.946487	0.999347	0.014949	0.000949
135	LdDocent_Contig_58302_102	1	2	0.053513	0.000653	0.014949	0.000949
136	LdDocent_Contig_52538_70	0	1	0.997719	0.883449	0.003216	0.010010
136	LdDocent_Contig_52538_70	1	2	0.002281	0.116551	0.003216	0.010010
137	LdDocent_Contig_826_64	0	1	0.998099	0.956788	0.002676	0.005946
137	LdDocent_Contig_826_64	1	2	0.001901	0.043212	0.002676	0.005946
138	LdDocent_Contig_19991_347	0	1	0.968183	0.996794	0.011414	0.001712
138	LdDocent_Contig_19991_347	1	2	0.031817	0.003206	0.011414	0.001712
139	LdDocent_Contig_6336_459	0	1	0.997967	0.722369	0.002866	0.013259
139	LdDocent_Contig_6336_459	1	2	0.002033	0.277631	0.002866	0.013259
140	LdDocent_Contig_1158_113	0	1	0.997951	0.922792	0.002888	0.007799
140	LdDocent_Contig_1158_113	1	2	0.002049	0.077208	0.002888	0.007799
141	LdDocent_Contig_75288_327	0	1	0.021818	0.995917	0.009761	0.001921
141	LdDocent_Contig_75288_327	1	2	0.978182	0.004083	0.009761	0.001921
142	LdDocent_Contig_51875_12	0	1	0.996496	0.990446	0.004581	0.003149
142	LdDocent_Contig_51875_12	1	2	0.003504	0.009554	0.004581	0.003149
143	LdDocent_Contig_22027_75	0	1	0.990679	0.985794	0.006857	0.003831
143	LdDocent_Contig_22027_75	1	2	0.009321	0.014206	0.006857	0.003831
144	LdDocent_Contig_5114_355	0	1	0.851954	0.996434	0.024342	0.001904
144	LdDocent_Contig_5114_355	1	2	0.148046	0.003566	0.024342	0.001904
145	LdDocent_Contig_729_126	0	1	0.998076	0.987295	0.002719	0.003313
145	LdDocent_Contig_729_126	1	2	0.001924	0.012705	0.002719	0.003313
146	LdDocent_Contig_6208_136	0	1	0.997745	0.958826	0.003163	0.006195
146	LdDocent_Contig_6208_136	1	2	0.002255	0.041174	0.003163	0.006195
147	LdDocent_Contig_7979_42	0	1	0.960212	0.999530	0.012637	0.000664
147	LdDocent_Contig_7979_42	1	2	0.039788	0.000470	0.012637	0.000664
148	LdDocent_Contig_12842_432	0	1	0.988256	0.980720	0.007373	0.004214
148	LdDocent_Contig_12842_432	1	2	0.011744	0.019280	0.007373	0.004214
149	LdDocent_Contig_1728_9	0	1	0.003248	0.991053	0.004014	0.002873
149	LdDocent_Contig_1728_9	1	2	0.996752	0.008947	0.004014	0.002873
150	LdDocent_Contig_7318_394	0	1	0.997832	0.989107	0.003059	0.003197
150	LdDocent_Contig_7318_394	1	2	0.002168	0.010893	0.003059	0.003197
151	LdDocent_Contig_83877_38	0	1	0.997735	0.987218	0.003167	0.003341
151	LdDocent_Contig_83877_38	1	2	0.002265	0.012782	0.003167	0.003341
152	LdDocent_Contig_20157_26	0	1	0.903439	0.999526	0.019780	0.000669
152	LdDocent_Contig_20157_26	1	2	0.096561	0.000474	0.019780	0.000669
153	LdDocent_Contig_3168_53	0	1	0.215104	0.779586	0.025136	0.012200
153	LdDocent_Contig_3168_53	1	2	0.784896	0.220414	0.025136	0.012200
154	LdDocent_Contig_1765_362	0	1	0.963440	0.999520	0.012286	0.000680
154	LdDocent_Contig_1765_362	1	2	0.036560	0.000480	0.012286	0.000680
155	LdDocent_Contig_10199_293	0	1	0.997776	0.989696	0.003132	0.003162
155	LdDocent_Contig_10199_293	1	2	0.002224	0.010304	0.003132	0.003162
156	LdDocent_Contig_1983_105	0	1	0.997804	0.987216	0.003099	0.003586
156	LdDocent_Contig_1983_105	1	2	0.002196	0.012784	0.003099	0.003586
157	LdDocent_Contig_13428_103	0	1	0.976847	0.993487	0.009733	0.002543
157	LdDocent_Contig_13428_103	1	2	0.023153	0.006513	0.009733	0.002543
158	LdDocent_Contig_1022_397	0	1	0.997701	0.989474	0.003211	0.003097
158	LdDocent_Contig_1022_397	1	2	0.002299	0.010526	0.003211	0.003097
159	LdDocent_Contig_29428_436	0	1	0.437758	0.414908	0.032209	0.014939
159	LdDocent_Contig_29428_436	1	2	0.562242	0.585092	0.032209	0.014939
160	LdDocent_Contig_29860_458	0	1	0.990020	0.951672	0.007363	0.006816
160	LdDocent_Contig_29860_458	1	2	0.009980	0.048328	0.007363	0.006816
161	LdDocent_Contig_699_378	0	1	0.998031	0.992401	0.002775	0.002600
161	LdDocent_Contig_699_378	1	2	0.001969	0.007599	0.002775	0.002600
162	LdDocent_Contig_64014_133	0	1	0.997764	0.992112	0.003158	0.002694
162	LdDocent_Contig_64014_133	1	2	0.002236	0.007888	0.003158	0.002694
163	LdDocent_Contig_6049_412	0	1	0.997795	0.982794	0.003116	0.004196
163	LdDocent_Contig_6049_412	1	2	0.002205	0.017206	0.003116	0.004196
164	LdDocent_Contig_93341_74	0	1	0.981313	0.977829	0.008701	0.004426
164	LdDocent_Contig_93341_74	1	2	0.018687	0.022171	0.008701	0.004426
165	LdDocent_Contig_5775_134	0	1	0.997932	0.992225	0.002919	0.002656
165	LdDocent_Contig_5775_134	1	2	0.002068	0.007775	0.002919	0.002656
166	LdDocent_Contig_34296_483	0	1	0.002653	0.064005	0.003709	0.007840
166	LdDocent_Contig_34296_483	1	2	0.997347	0.935995	0.003709	0.007840
167	LdDocent_Contig_530_20	0	1	0.997498	0.942914	0.003510	0.007445
167	LdDocent_Contig_530_20	1	2	0.002502	0.057086	0.003510	0.007445
168	LdDocent_Contig_88673_390	0	1	0.997876	0.991422	0.002997	0.002927
168	LdDocent_Contig_88673_390	1	2	0.002124	0.008578	0.002997	0.002927
169	LdDocent_Contig_73978_457	0	1	0.997732	0.986497	0.003198	0.003526
169	LdDocent_Contig_73978_457	1	2	0.002268	0.013503	0.003198	0.003526
170	LdDocent_Contig_6748_453	0	1	0.997871	0.991976	0.003005	0.002740
170	LdDocent_Contig_6748_453	1	2	0.002129	0.008024	0.003005	0.002740
171	LdDocent_Contig_7418_480	0	1	0.993944	0.942147	0.004923	0.007109
171	LdDocent_Contig_7418_480	1	2	0.006056	0.057853	0.004923	0.007109
172	LdDocent_Contig_85847_414	0	1	0.997827	0.991634	0.003062	0.002857
172	LdDocent_Contig_85847_414	1	2	0.002173	0.008366	0.003062	0.002857
173	LdDocent_Contig_943_15	0	1	0.997991	0.985700	0.002835	0.003607
173	LdDocent_Contig_943_15	1	2	0.002009	0.014300	0.002835	0.003607
174	LdDocent_Contig_72682_33	0	1	0.997982	0.990475	0.002847	0.002923
174	LdDocent_Contig_72682_33	1	2	0.002018	0.009525	0.002847	0.002923
175	LdDocent_Contig_29486_72	0	1	0.998064	0.976195	0.002725	0.004563
175	LdDocent_Contig_29486_72	1	2	0.001936	0.023805	0.002725	0.004563
176	LdDocent_Contig_63433_418	0	1	0.013172	0.989146	0.007778	0.003318
176	LdDocent_Contig_63433_418	1	2	0.986828	0.010854	0.007778	0.003318
177	LdDocent_Contig_53669_84	0	1	0.465555	0.568993	0.031331	0.014787
177	LdDocent_Contig_53669_84	1	2	0.534445	0.431007	0.031331	0.014787
178	LdDocent_Contig_71587_71	0	1	0.934678	0.999504	0.017133	0.000702
178	LdDocent_Contig_71587_71	1	2	0.065322	0.000496	0.017133	0.000702
179	LdDocent_Contig_891_456	0	1	0.997996	0.992666	0.002825	0.002665
179	LdDocent_Contig_891_456	1	2	0.002004	0.007334	0.002825	0.002665
180	LdDocent_Contig_55488_107	0	1	0.997910	0.993125	0.002949	0.002500
180	LdDocent_Contig_55488_107	1	2	0.002090	0.006875	0.002949	0.002500
181	LdDocent_Contig_84162_115	0	1	0.997891	0.993218	0.002969	0.002466
181	LdDocent_Contig_84162_115	1	2	0.002109	0.006782	0.002969	0.002466
182	LdDocent_Contig_27_441	0	1	0.061672	0.997136	0.015577	0.001546
182	LdDocent_Contig_27_441	1	2	0.938328	0.002864	0.015577	0.001546
183	LdDocent_Contig_84063_14	0	1	0.996317	0.991626	0.004977	0.002761
183	LdDocent_Contig_84063_14	1	2	0.003683	0.008374	0.004977	0.002761
184	LdDocent_Contig_940_379	0	1	0.021586	0.997428	0.009087	0.001634
184	LdDocent_Contig_940_379	1	2	0.978414	0.002572	0.009087	0.001634
185	LdDocent_Contig_84483_18	0	1	0.852519	0.995688	0.022849	0.002039
185	LdDocent_Contig_84483_18	1	2	0.147481	0.004312	0.022849	0.002039
186	LdDocent_Contig_26351_351	0	1	0.868551	0.824623	0.021728	0.011839
186	LdDocent_Contig_26351_351	1	2	0.131449	0.175377	0.021728	0.011839
187	LdDocent_Contig_1276_33	0	1	0.021379	0.411625	0.008983	0.014325
187	LdDocent_Contig_1276_33	1	2	0.978621	0.588375	0.008983	0.014325
188	LdDocent_Contig_3163_44	0	1	0.997919	0.991881	0.002937	0.002772
188	LdDocent_Contig_3163_44	1	2	0.002081	0.008119	0.002937	0.002772
189	LdDocent_Contig_2099_104	0	1	0.072727	0.997949	0.018249	0.001408
189	LdDocent_Contig_2099_104	1	2	0.927273	0.002051	0.018249	0.001408
190	LdDocent_Contig_27577_415	0	1	0.997507	0.954972	0.003512	0.006382
190	LdDocent_Contig_27577_415	1	2	0.002493	0.045028	0.003512	0.006382
191	LdDocent_Contig_2521_375	0	1	0.694654	0.991307	0.029698	0.002804
191	LdDocent_Contig_2521_375	1	2	0.305346	0.008693	0.029698	0.002804
192	LdDocent_Contig_72640_425	0	2	0.680748	0.367567	0.030639	0.015425
192	LdDocent_Contig_72640_425	1	1	0.319252	0.632433	0.030639	0.015425
193	LdDocent_Contig_25825_133	0	1	0.993768	0.987160	0.005070	0.003601
193	LdDocent_Contig_25825_133	1	2	0.006232	0.012840	0.005070	0.003601
194	LdDocent_Contig_814_432	0	1	0.882064	0.999499	0.021480	0.000708
194	LdDocent_Contig_814_432	1	2	0.117936	0.000501	0.021480	0.000708
195	LdDocent_Contig_2609_395	0	1	0.993349	0.962918	0.005402	0.005865
195	LdDocent_Contig_2609_395	1	2	0.006651	0.037082	0.005402	0.005865
196	LdDocent_Contig_67427_465	0	1	0.997905	0.976157	0.002960	0.004667
196	LdDocent_Contig_67427_465	1	2	0.002095	0.023843	0.002960	0.004667
197	LdDocent_Contig_88645_448	0	1	0.976936	0.997513	0.009693	0.001571
197	LdDocent_Contig_88645_448	1	2	0.023064	0.002487	0.009693	0.001571
198	LdDocent_Contig_92340_422	0	1	0.973892	0.887320	0.010087	0.009394
198	LdDocent_Contig_92340_422	1	2	0.026108	0.112680	0.010087	0.009394
199	LdDocent_Contig_1235_19	0	1	0.887940	0.998690	0.020108	0.001070
199	LdDocent_Contig_1235_19	1	2	0.112060	0.001310	0.020108	0.001070
