776101_sweeps	1.000/0.000/0.000/0.000	0.000/0.000/0.000/1.000	0.000/0.500/0.500/0.000	0.250/0.250/0.250/0.250	0.500/0.250/0.250/0.000	0.000/0.250/0.250/0.500
1	0.00000	0.99999	0.00000	0.00000	0.00000	0.00001
2	0.00000	0.99999	0.00000	0.00000	0.00000	0.00001
3	0.00000	0.99996	0.00000	0.00000	0.00000	0.00004
4	0.00000	0.94218	0.00000	0.00321	0.00000	0.05461
5	0.00000	0.99992	0.00000	0.00000	0.00000	0.00008
6	0.00000	0.99732	0.00000	0.00000	0.00000	0.00267
7	0.00000	0.61723	0.00000	0.00937	0.00000	0.37340
8	0.00000	0.99808	0.00000	0.00000	0.00000	0.00192
9	0.00000	0.99998	0.00000	0.00000	0.00000	0.00002
10	0.00000	0.00000	0.00000	0.03871	0.96129	0.00000
11	0.99999	0.00000	0.00000	0.00000	0.00001	0.00000
12	0.00000	0.99836	0.00000	0.00000	0.00000	0.00164
13	0.00000	0.99995	0.00000	0.00000	0.00000	0.00005
14	0.00000	0.99977	0.00000	0.00000	0.00000	0.00023
15	0.00000	0.99999	0.00000	0.00000	0.00000	0.00001
16	0.00000	0.93015	0.00000	0.00367	0.00000	0.06618
17	0.99999	0.00000	0.00000	0.00000	0.00001	0.00000
18	0.43894	0.00000	0.00097	0.09066	0.46933	0.00010
19	0.00000	0.78087	0.00001	0.04094	0.00000	0.17818
20	1.00000	0.00000	0.00000	0.00000	0.00000	0.00000
21	0.64595	0.00001	0.00206	0.09876	0.25242	0.00081
22	0.00000	0.99940	0.00000	0.00000	0.00000	0.00060
23	0.99678	0.00000	0.00000	0.00001	0.00322	0.00000
24	0.99993	0.00000	0.00000	0.00000	0.00007	0.00000
25	0.99999	0.00000	0.00000	0.00000	0.00001	0.00000
26	0.00000	0.99996	0.00000	0.00000	0.00000	0.00004
27	0.00000	0.99987	0.00000	0.00000	0.00000	0.00013
28	0.00000	0.97532	0.00000	0.00000	0.00000	0.02468
29	0.00000	0.99997	0.00000	0.00000	0.00000	0.00003
30	0.99995	0.00000	0.00000	0.00000	0.00005	0.00000
31	0.99996	0.00000	0.00000	0.00000	0.00004	0.00000
32	0.00000	0.87634	0.00000	0.01536	0.00000	0.10830
33	0.99911	0.00000	0.00000	0.00000	0.00089	0.00000
34	0.00789	0.00016	0.00064	0.92794	0.05180	0.01156
35	0.00000	0.98891	0.00000	0.00012	0.00000	0.01097
36	0.00000	1.00000	0.00000	0.00000	0.00000	0.00000
37	0.99999	0.00000	0.00000	0.00000	0.00001	0.00000
38	0.99999	0.00000	0.00000	0.00000	0.00001	0.00000
39	0.00000	0.99981	0.00000	0.00000	0.00000	0.00019
40	0.00000	1.00000	0.00000	0.00000	0.00000	0.00000
41	0.00000	0.99992	0.00000	0.00000	0.00000	0.00008
42	0.00000	0.99972	0.00000	0.00000	0.00000	0.00028
43	0.24119	0.00000	0.00000	0.00002	0.75879	0.00000
44	0.00000	0.99999	0.00000	0.00000	0.00000	0.00001
45	0.99999	0.00000	0.00000	0.00000	0.00001	0.00000
46	0.00000	0.99958	0.00000	0.00000	0.00000	0.00042
47	0.00000	0.99995	0.00000	0.00000	0.00000	0.00005
48	0.99917	0.00000	0.00000	0.00000	0.00083	0.00000
49	0.99980	0.00000	0.00000	0.00000	0.00020	0.00000
50	0.00000	0.99228	0.00000	0.00003	0.00000	0.00769
51	0.00000	0.99994	0.00000	0.00000	0.00000	0.00006
52	0.00000	0.99997	0.00000	0.00000	0.00000	0.00003
53	0.99159	0.00000	0.00000	0.00000	0.00841	0.00000
54	0.00000	0.99998	0.00000	0.00000	0.00000	0.00002
55	0.00000	0.99996	0.00000	0.00000	0.00000	0.00004
56	0.58640	0.00000	0.00000	0.14451	0.26909	0.00000
57	0.00000	0.99996	0.00000	0.00000	0.00000	0.00004
58	0.00000	1.00000	0.00000	0.00000	0.00000	0.00000
59	0.00000	0.99256	0.00000	0.00004	0.00000	0.00740
60	0.00000	0.99999	0.00000	0.00000	0.00000	0.00001
61	0.00000	0.99998	0.00000	0.00000	0.00000	0.00002
62	0.00000	0.99998	0.00000	0.00000	0.00000	0.00002
63	0.00000	1.00000	0.00000	0.00000	0.00000	0.00000
64	0.00000	0.99992	0.00000	0.00000	0.00000	0.00008
65	0.00000	0.99995	0.00000	0.00000	0.00000	0.00005
66	0.99971	0.00000	0.00000	0.00000	0.00029	0.00000
67	0.00000	0.99999	0.00000	0.00000	0.00000	0.00001
68	0.00000	0.99782	0.00000	0.00000	0.00000	0.00218
69	0.00000	0.96695	0.00000	0.00106	0.00000	0.03199
70	0.00000	0.99955	0.00000	0.00000	0.00000	0.00045
71	0.00000	0.99999	0.00000	0.00000	0.00000	0.00001
72	0.00000	0.99999	0.00000	0.00000	0.00000	0.00001
73	0.00000	0.99789	0.00000	0.00000	0.00000	0.00210
74	0.00000	0.99991	0.00000	0.00000	0.00000	0.00009
75	0.00000	0.99998	0.00000	0.00000	0.00000	0.00002
76	0.00000	0.99968	0.00000	0.00000	0.00000	0.00032
77	0.99999	0.00000	0.00000	0.00000	0.00001	0.00000
78	1.00000	0.00000	0.00000	0.00000	0.00000	0.00000
79	0.99163	0.00000	0.00000	0.00001	0.00836	0.00000
80	0.00000	0.99268	0.00000	0.00004	0.00000	0.00728
81	0.00000	0.99988	0.00000	0.00000	0.00000	0.00012
82	0.60970	0.00001	0.00267	0.11819	0.26825	0.00118
83	0.99997	0.00000	0.00000	0.00000	0.00003	0.00000
84	0.00000	0.99994	0.00000	0.00000	0.00000	0.00006
85	0.99999	0.00000	0.00000	0.00000	0.00001	0.00000
86	0.99978	0.00000	0.00000	0.00000	0.00022	0.00000
87	0.00000	0.99999	0.00000	0.00000	0.00000	0.00001
88	0.99986	0.00000	0.00000	0.00000	0.00014	0.00000
89	0.00000	0.99979	0.00000	0.00000	0.00000	0.00021
90	0.00000	0.99997	0.00000	0.00000	0.00000	0.00003
91	0.99583	0.00000	0.00000	0.00002	0.00415	0.00000
92	0.00000	0.00000	0.00000	0.00322	0.00000	0.99678
93	0.00000	0.99972	0.00000	0.00000	0.00000	0.00028
94	0.92688	0.00000	0.00000	0.00349	0.06963	0.00000
95	0.00000	0.99996	0.00000	0.00000	0.00000	0.00004
96	0.00000	0.95159	0.00000	0.00003	0.00000	0.04838
97	0.99997	0.00000	0.00000	0.00000	0.00003	0.00000
98	0.00000	0.98696	0.00000	0.00002	0.00000	0.01303
99	0.00011	0.63080	0.00759	0.10329	0.00309	0.25511
100	0.00000	0.99997	0.00000	0.00000	0.00000	0.00003
101	0.00000	0.99960	0.00000	0.00000	0.00000	0.00040
102	0.00000	0.99889	0.00000	0.00000	0.00000	0.00111
103	0.00000	0.99975	0.00000	0.00000	0.00000	0.00025
104	0.00000	1.00000	0.00000	0.00000	0.00000	0.00000
105	0.00000	0.92071	0.00000	0.00587	0.00000	0.07342
106	0.00000	0.99967	0.00000	0.00000	0.00000	0.00033
107	0.00000	0.99999	0.00000	0.00000	0.00000	0.00001
108	0.99918	0.00000	0.00000	0.00000	0.00082	0.00000
109	0.00000	0.99999	0.00000	0.00000	0.00000	0.00001
110	0.00000	1.00000	0.00000	0.00000	0.00000	0.00000
111	0.00000	0.99976	0.00000	0.00000	0.00000	0.00024
112	0.99865	0.00000	0.00000	0.00000	0.00135	0.00000
113	0.99944	0.00000	0.00000	0.00000	0.00056	0.00000
114	0.00000	0.99993	0.00000	0.00000	0.00000	0.00007
115	0.00000	0.99983	0.00000	0.00000	0.00000	0.00017
116	0.11240	0.00000	0.00000	0.00011	0.88750	0.00000
117	0.00000	0.99999	0.00000	0.00000	0.00000	0.00001
118	0.99993	0.00000	0.00000	0.00000	0.00007	0.00000
119	1.00000	0.00000	0.00000	0.00000	0.00000	0.00000
120	0.00000	0.99970	0.00000	0.00000	0.00000	0.00030
121	0.00000	0.99992	0.00000	0.00000	0.00000	0.00008
122	0.00000	0.99975	0.00000	0.00000	0.00000	0.00025
123	0.00211	0.49611	0.03118	0.16582	0.01811	0.28666
124	0.00000	0.99829	0.00000	0.00000	0.00000	0.00171
125	0.00000	0.99505	0.00000	0.00002	0.00000	0.00493
126	0.00000	1.00000	0.00000	0.00000	0.00000	0.00000
127	0.00000	0.99999	0.00000	0.00000	0.00000	0.00001
128	0.00000	0.96776	0.00000	0.00005	0.00000	0.03219
129	0.00000	0.99810	0.00000	0.00000	0.00000	0.00190
130	0.00000	0.99253	0.00000	0.00000	0.00000	0.00747
131	0.99970	0.00000	0.00000	0.00000	0.00030	0.00000
132	0.00000	0.99997	0.00000	0.00000	0.00000	0.00003
133	0.00000	0.99999	0.00000	0.00000	0.00000	0.00001
134	0.00000	0.99836	0.00000	0.00000	0.00000	0.00164
135	0.00000	1.00000	0.00000	0.00000	0.00000	0.00000
136	0.00000	0.99984	0.00000	0.00000	0.00000	0.00016
137	0.00000	0.99997	0.00000	0.00000	0.00000	0.00003
138	0.99647	0.00000	0.00000	0.00001	0.00352	0.00000
139	0.25948	0.00000	0.00000	0.00315	0.73737	0.00000
140	0.99999	0.00000	0.00000	0.00000	0.00001	0.00000
141	0.88868	0.00000	0.00000	0.00053	0.11079	0.00000
142	0.66350	0.00000	0.00000	0.00002	0.33648	0.00000
143	0.00000	0.99993	0.00000	0.00000	0.00000	0.00007
144	0.99957	0.00000	0.00000	0.00000	0.00043	0.00000
145	1.00000	0.00000	0.00000	0.00000	0.00000	0.00000
146	0.99999	0.00000	0.00000	0.00000	0.00001	0.00000
147	0.99935	0.00000	0.00000	0.00000	0.00065	0.00000
148	1.00000	0.00000	0.00000	0.00000	0.00000	0.00000
149	0.99999	0.00000	0.00000	0.00000	0.00001	0.00000
150	0.99992	0.00000	0.00000	0.00000	0.00008	0.00000
151	0.00000	0.99228	0.00000	0.00003	0.00000	0.00770
152	0.25744	0.09510	0.15630	0.16246	0.20445	0.12426
153	0.00000	0.99854	0.00000	0.00000	0.00000	0.00145
154	0.00000	0.99996	0.00000	0.00000	0.00000	0.00004
155	0.00000	0.99916	0.00000	0.00000	0.00000	0.00084
156	0.00000	0.99994	0.00000	0.00000	0.00000	0.00006
157	0.00000	0.99998	0.00000	0.00000	0.00000	0.00002
158	0.00000	0.99998	0.00000	0.00000	0.00000	0.00002
159	0.00000	0.99998	0.00000	0.00000	0.00000	0.00002
160	0.00000	0.99963	0.00000	0.00000	0.00000	0.00036
161	0.00000	0.99999	0.00000	0.00000	0.00000	0.00001
162	1.00000	0.00000	0.00000	0.00000	0.00000	0.00000
163	0.00000	0.99999	0.00000	0.00000	0.00000	0.00001
164	0.00000	1.00000	0.00000	0.00000	0.00000	0.00000
165	0.00001	0.69470	0.00196	0.07490	0.00065	0.22779
166	0.99999	0.00000	0.00000	0.00000	0.00001	0.00000
167	1.00000	0.00000	0.00000	0.00000	0.00000	0.00000
168	0.97918	0.00000	0.00000	0.00000	0.02081	0.00000
169	0.00000	0.99998	0.00000	0.00000	0.00000	0.00002
170	0.00000	0.97330	0.00000	0.00031	0.00000	0.02639
171	0.00000	0.99999	0.00000	0.00000	0.00000	0.00001
172	0.00000	0.99999	0.00000	0.00000	0.00000	0.00001
173	0.99999	0.00000	0.00000	0.00000	0.00001	0.00000
174	0.00000	0.99995	0.00000	0.00000	0.00000	0.00005
175	0.00000	0.99913	0.00000	0.00000	0.00000	0.00087
176	0.00000	0.99999	0.00000	0.00000	0.00000	0.00001
177	0.00000	1.00000	0.00000	0.00000	0.00000	0.00000
178	0.99999	0.00000	0.00000	0.00000	0.00001	0.00000
179	1.00000	0.00000	0.00000	0.00000	0.00000	0.00000
180	0.00000	0.99999	0.00000	0.00000	0.00000	0.00001
181	0.00000	0.99998	0.00000	0.00000	0.00000	0.00002
182	0.99933	0.00000	0.00000	0.00000	0.00067	0.00000
183	0.00000	0.99999	0.00000	0.00000	0.00000	0.00001
184	0.00000	0.99990	0.00000	0.00000	0.00000	0.00010
185	0.00000	0.99995	0.00000	0.00000	0.00000	0.00005
186	1.00000	0.00000	0.00000	0.00000	0.00000	0.00000
187	0.00000	0.99989	0.00000	0.00000	0.00000	0.00011
188	0.00000	0.99998	0.00000	0.00000	0.00000	0.00002
189	0.00000	0.99997	0.00000	0.00000	0.00000	0.00003
190	0.00000	0.38653	0.00000	0.00545	0.00000	0.60802
191	0.99943	0.00000	0.00000	0.00000	0.00057	0.00000
192	0.99999	0.00000	0.00000	0.00000	0.00001	0.00000
193	0.99998	0.00000	0.00000	0.00000	0.00002	0.00000
194	0.00000	0.99997	0.00000	0.00000	0.00000	0.00003
195	0.00000	0.99875	0.00000	0.00000	0.00000	0.00125
196	0.00000	0.99995	0.00000	0.00000	0.00000	0.00005
197	0.00000	0.99033	0.00000	0.00009	0.00000	0.00958
198	0.00000	0.99995	0.00000	0.00000	0.00000	0.00005
199	0.00000	0.99951	0.00000	0.00000	0.00000	0.00049
200	0.00000	0.00000	0.99685	0.00069	0.00000	0.00245
201	0.00000	0.99999	0.00000	0.00000	0.00000	0.00001
202	0.00000	0.99998	0.00000	0.00000	0.00000	0.00002
203	0.00000	0.93044	0.00000	0.00331	0.00000	0.06624
204	0.00000	0.99990	0.00000	0.00000	0.00000	0.00010
205	0.00000	0.99998	0.00000	0.00000	0.00000	0.00002
206	0.00000	0.99999	0.00000	0.00000	0.00000	0.00001
207	0.00000	0.99997	0.00000	0.00000	0.00000	0.00003
208	0.00000	0.99989	0.00000	0.00000	0.00000	0.00011
209	0.00000	1.00000	0.00000	0.00000	0.00000	0.00000
210	0.00000	0.99995	0.00000	0.00000	0.00000	0.00005
211	0.00000	0.35519	0.00000	0.00004	0.00000	0.64476
212	0.00000	0.99997	0.00000	0.00000	0.00000	0.00003
213	0.99979	0.00000	0.00000	0.00000	0.00021	0.00000
214	0.99977	0.00000	0.00000	0.00000	0.00023	0.00000
215	0.00000	0.99998	0.00000	0.00000	0.00000	0.00002
216	0.00000	1.00000	0.00000	0.00000	0.00000	0.00000
217	0.00000	1.00000	0.00000	0.00000	0.00000	0.00000
218	0.00000	0.99999	0.00000	0.00000	0.00000	0.00001
219	0.00000	0.99989	0.00000	0.00000	0.00000	0.00011
220	0.00000	0.80504	0.00002	0.03273	0.00000	0.16221
221	0.00000	0.99984	0.00000	0.00000	0.00000	0.00016
222	0.00000	0.99999	0.00000	0.00000	0.00000	0.00001
223	0.00000	0.98224	0.00000	0.00029	0.00000	0.01748
224	0.00000	1.00000	0.00000	0.00000	0.00000	0.00000
225	0.00000	0.99992	0.00000	0.00000	0.00000	0.00008
226	0.99994	0.00000	0.00000	0.00000	0.00006	0.00000
227	0.00000	0.99988	0.00000	0.00000	0.00000	0.00012
228	0.00000	0.99195	0.00000	0.00006	0.00000	0.00799
229	0.66482	0.00000	0.00100	0.08312	0.25081	0.00025
230	0.00000	0.99987	0.00000	0.00000	0.00000	0.00013
231	0.00000	0.99993	0.00000	0.00000	0.00000	0.00007
232	0.00000	0.97390	0.00000	0.00054	0.00000	0.02555
233	0.99987	0.00000	0.00000	0.00000	0.00013	0.00000
234	0.00000	0.99905	0.00000	0.00000	0.00000	0.00095
235	0.00000	0.99991	0.00000	0.00000	0.00000	0.00009
236	0.00000	0.99994	0.00000	0.00000	0.00000	0.00006
237	0.00000	0.99999	0.00000	0.00000	0.00000	0.00001
238	0.00000	0.99999	0.00000	0.00000	0.00000	0.00001
239	1.00000	0.00000	0.00000	0.00000	0.00000	0.00000
240	0.99999	0.00000	0.00000	0.00000	0.00001	0.00000
241	0.99998	0.00000	0.00000	0.00000	0.00002	0.00000
242	0.99991	0.00000	0.00000	0.00000	0.00009	0.00000
243	0.00000	0.99998	0.00000	0.00000	0.00000	0.00002
244	1.00000	0.00000	0.00000	0.00000	0.00000	0.00000
245	0.99996	0.00000	0.00000	0.00000	0.00004	0.00000
246	0.00000	0.99988	0.00000	0.00000	0.00000	0.00012
247	0.00000	0.99998	0.00000	0.00000	0.00000	0.00002
248	0.00000	0.99996	0.00000	0.00000	0.00000	0.00004
249	0.00000	1.00000	0.00000	0.00000	0.00000	0.00000
250	0.00000	0.99999	0.00000	0.00000	0.00000	0.00001
251	0.00000	0.99997	0.00000	0.00000	0.00000	0.00003
252	0.00000	1.00000	0.00000	0.00000	0.00000	0.00000
253	0.00000	0.99998	0.00000	0.00000	0.00000	0.00002
254	0.00000	0.99999	0.00000	0.00000	0.00000	0.00001
255	0.00000	0.99967	0.00000	0.00000	0.00000	0.00033
256	0.00000	0.99976	0.00000	0.00000	0.00000	0.00024
257	0.00000	0.99994	0.00000	0.00000	0.00000	0.00006
258	0.00000	0.99995	0.00000	0.00000	0.00000	0.00005
259	0.00000	1.00000	0.00000	0.00000	0.00000	0.00000
260	0.00000	0.87065	0.00000	0.01508	0.00000	0.11427
261	0.00000	0.99998	0.00000	0.00000	0.00000	0.00002
262	0.00000	0.99996	0.00000	0.00000	0.00000	0.00004
263	0.00000	0.99999	0.00000	0.00000	0.00000	0.00001
264	0.00000	0.99996	0.00000	0.00000	0.00000	0.00004
265	0.00000	0.00035	0.00001	0.98377	0.00069	0.01518
266	0.00000	1.00000	0.00000	0.00000	0.00000	0.00000
267	0.00000	0.99987	0.00000	0.00000	0.00000	0.00013
268	0.00000	1.00000	0.00000	0.00000	0.00000	0.00000
269	0.00000	0.99887	0.00000	0.00000	0.00000	0.00113
270	0.00000	0.99979	0.00000	0.00000	0.00000	0.00021
271	0.00000	0.99999	0.00000	0.00000	0.00000	0.00001
272	0.00000	0.99934	0.00000	0.00000	0.00000	0.00066
273	0.00000	1.00000	0.00000	0.00000	0.00000	0.00000
274	0.00000	0.99998	0.00000	0.00000	0.00000	0.00002
275	0.00000	0.99989	0.00000	0.00000	0.00000	0.00011
276	0.00000	0.99998	0.00000	0.00000	0.00000	0.00002
277	0.00000	1.00000	0.00000	0.00000	0.00000	0.00000
278	0.00000	0.99987	0.00000	0.00000	0.00000	0.00013
279	0.00000	0.99976	0.00000	0.00000	0.00000	0.00024
280	0.00000	0.99957	0.00000	0.00000	0.00000	0.00043
281	0.00000	0.99967	0.00000	0.00000	0.00000	0.00033
282	0.00000	0.99992	0.00000	0.00000	0.00000	0.00008
283	0.99999	0.00000	0.00000	0.00000	0.00001	0.00000
284	0.00000	0.97096	0.00000	0.00053	0.00000	0.02851
285	0.00000	0.99999	0.00000	0.00000	0.00000	0.00001
286	0.00000	0.99999	0.00000	0.00000	0.00000	0.00001
287	0.00000	1.00000	0.00000	0.00000	0.00000	0.00000
288	0.00000	0.99996	0.00000	0.00000	0.00000	0.00004
289	0.00000	0.99957	0.00000	0.00000	0.00000	0.00043
290	0.00000	0.99977	0.00000	0.00000	0.00000	0.00023
291	0.00000	0.99993	0.00000	0.00000	0.00000	0.00007
292	0.00000	0.51004	0.00000	0.00159	0.00000	0.48838
293	0.00000	0.99997	0.00000	0.00000	0.00000	0.00003
294	0.00000	0.99999	0.00000	0.00000	0.00000	0.00001
295	0.00000	0.99994	0.00000	0.00000	0.00000	0.00006
296	0.99982	0.00000	0.00000	0.00000	0.00018	0.00000
297	0.00000	0.99928	0.00000	0.00000	0.00000	0.00072
298	0.00000	0.88052	0.00004	0.00918	0.00000	0.11025
299	0.99999	0.00000	0.00000	0.00000	0.00001	0.00000
300	0.00000	0.99967	0.00000	0.00000	0.00000	0.00033
301	0.00000	0.99996	0.00000	0.00000	0.00000	0.00004
302	0.00000	0.99999	0.00000	0.00000	0.00000	0.00001
303	0.00000	0.99993	0.00000	0.00000	0.00000	0.00007
304	0.00000	0.99999	0.00000	0.00000	0.00000	0.00001
305	0.00000	0.99977	0.00000	0.00000	0.00000	0.00023
306	0.00000	0.99979	0.00000	0.00000	0.00000	0.00021
307	0.00000	0.99996	0.00000	0.00000	0.00000	0.00004
308	0.00000	0.99999	0.00000	0.00000	0.00000	0.00001
309	0.00000	1.00000	0.00000	0.00000	0.00000	0.00000
310	0.00000	0.99992	0.00000	0.00000	0.00000	0.00008
311	0.00201	0.41098	0.03946	0.21279	0.02395	0.31082
312	0.00000	0.99999	0.00000	0.00000	0.00000	0.00001
313	0.00000	0.99998	0.00000	0.00000	0.00000	0.00002
314	0.00000	0.99997	0.00000	0.00000	0.00000	0.00003
315	0.00000	0.93916	0.00000	0.00000	0.00000	0.06084
316	0.00000	0.99989	0.00000	0.00000	0.00000	0.00011
317	0.00000	0.99999	0.00000	0.00000	0.00000	0.00001
318	0.00000	0.99997	0.00000	0.00000	0.00000	0.00003
319	0.00000	0.05170	0.00000	0.19007	0.00000	0.75823
320	0.00000	0.99693	0.00000	0.00000	0.00000	0.00307
321	0.00000	0.99990	0.00000	0.00000	0.00000	0.00010
322	0.00000	0.99821	0.00000	0.00000	0.00000	0.00179
323	0.00000	0.99996	0.00000	0.00000	0.00000	0.00004
324	0.00000	0.99996	0.00000	0.00000	0.00000	0.00004
325	0.00000	0.19961	0.00000	0.00071	0.00000	0.79967
326	0.00000	0.99685	0.00000	0.00001	0.00000	0.00314
327	0.00000	0.99982	0.00000	0.00000	0.00000	0.00018
328	0.00000	0.99998	0.00000	0.00000	0.00000	0.00002
329	0.00000	0.99982	0.00000	0.00000	0.00000	0.00018
330	0.00000	0.88743	0.00001	0.01197	0.00000	0.10060
331	0.00000	0.99992	0.00000	0.00000	0.00000	0.00008
332	0.00000	0.99995	0.00000	0.00000	0.00000	0.00005
333	0.00000	0.99769	0.00000	0.00000	0.00000	0.00231
334	0.00000	0.95793	0.00000	0.00001	0.00000	0.04206
335	0.00000	0.99999	0.00000	0.00000	0.00000	0.00001
336	0.00000	0.91467	0.00000	0.00635	0.00000	0.07898
337	0.00000	0.99997	0.00000	0.00000	0.00000	0.00003
338	0.00000	0.99999	0.00000	0.00000	0.00000	0.00001
339	0.00000	0.99995	0.00000	0.00000	0.00000	0.00005
340	0.00000	0.00000	0.89231	0.00071	0.00000	0.10698
341	0.00000	0.99998	0.00000	0.00000	0.00000	0.00002
342	0.00000	0.99995	0.00000	0.00000	0.00000	0.00005
343	0.00000	0.00000	0.00000	0.00043	0.00000	0.99957
344	0.00000	0.99998	0.00000	0.00000	0.00000	0.00002
345	0.00000	0.99997	0.00000	0.00000	0.00000	0.00003
346	0.00000	0.74313	0.00001	0.04445	0.00000	0.21241
347	0.00000	0.98814	0.00000	0.00000	0.00000	0.01186
348	0.00000	0.99998	0.00000	0.00000	0.00000	0.00002
349	0.00000	0.99828	0.00000	0.00000	0.00000	0.00172
350	0.00000	0.99995	0.00000	0.00000	0.00000	0.00005
351	0.00000	0.99334	0.00000	0.00002	0.00000	0.00664
352	0.00000	1.00000	0.00000	0.00000	0.00000	0.00000
353	0.00000	0.99781	0.00000	0.00000	0.00000	0.00219
354	0.04533	0.23360	0.10149	0.26344	0.10844	0.24771
355	0.99999	0.00000	0.00000	0.00000	0.00001	0.00000
356	0.00000	1.00000	0.00000	0.00000	0.00000	0.00000
357	0.00000	0.99990	0.00000	0.00000	0.00000	0.00010
358	0.00013	0.56026	0.00652	0.14489	0.00334	0.28487
359	0.00000	0.99993	0.00000	0.00000	0.00000	0.00007
360	0.00000	0.99911	0.00000	0.00000	0.00000	0.00089
361	0.99992	0.00000	0.00000	0.00000	0.00008	0.00000
362	1.00000	0.00000	0.00000	0.00000	0.00000	0.00000
363	0.00000	0.99960	0.00000	0.00000	0.00000	0.00040
364	0.00000	0.99995	0.00000	0.00000	0.00000	0.00005
365	0.00000	0.99985	0.00000	0.00000	0.00000	0.00015
366	0.00000	0.99976	0.00000	0.00000	0.00000	0.00024
367	0.00000	0.99999	0.00000	0.00000	0.00000	0.00001
368	0.99984	0.00000	0.00000	0.00000	0.00016	0.00000
369	0.00000	0.99968	0.00000	0.00000	0.00000	0.00032
370	0.00000	0.99992	0.00000	0.00000	0.00000	0.00008
371	0.00000	0.99998	0.00000	0.00000	0.00000	0.00002
372	0.00000	0.99999	0.00000	0.00000	0.00000	0.00001
373	0.00000	0.96920	0.00000	0.00072	0.00000	0.03008
374	0.99996	0.00000	0.00000	0.00000	0.00004	0.00000
375	0.00000	0.99389	0.00000	0.00000	0.00000	0.00610
376	0.13898	0.19680	0.16527	0.16619	0.15195	0.18082
377	0.99984	0.00000	0.00000	0.00000	0.00016	0.00000
378	0.99742	0.00000	0.00000	0.00001	0.00257	0.00000
379	0.00000	0.99982	0.00000	0.00000	0.00000	0.00018
380	0.00000	0.99964	0.00000	0.00000	0.00000	0.00036
381	0.00000	0.99999	0.00000	0.00000	0.00000	0.00001
382	0.99811	0.00000	0.00000	0.00000	0.00189	0.00000
383	0.00000	0.99990	0.00000	0.00000	0.00000	0.00010
384	0.00000	0.99925	0.00000	0.00000	0.00000	0.00075
385	0.00000	0.99999	0.00000	0.00000	0.00000	0.00001
386	0.00000	0.99970	0.00000	0.00000	0.00000	0.00030
387	0.48508	0.00000	0.00000	0.02279	0.49213	0.00000
388	0.00000	0.99999	0.00000	0.00000	0.00000	0.00001
389	0.00000	0.99996	0.00000	0.00000	0.00000	0.00004
390	0.00000	0.99995	0.00000	0.00000	0.00000	0.00005
391	0.00000	0.94193	0.00000	0.00326	0.00000	0.05481
392	0.00000	0.99978	0.00000	0.00000	0.00000	0.00022
393	0.00000	0.56811	0.00000	0.00228	0.00000	0.42962
394	0.00000	0.99995	0.00000	0.00000	0.00000	0.00005
395	0.00000	0.99954	0.00000	0.00000	0.00000	0.00046
396	0.00000	0.99999	0.00000	0.00000	0.00000	0.00001
397	0.00000	0.99872	0.00000	0.00000	0.00000	0.00128
398	0.00715	0.52288	0.06043	0.12470	0.02964	0.25519
399	0.00000	0.99998	0.00000	0.00000	0.00000	0.00002
400	0.00000	0.99999	0.00000	0.00000	0.00000	0.00001
401	0.00000	0.79812	0.00018	0.03493	0.00004	0.16674
402	0.00000	0.99989	0.00000	0.00000	0.00000	0.00011
403	0.00000	0.99986	0.00000	0.00000	0.00000	0.00014
404	0.00000	0.98914	0.00000	0.00005	0.00000	0.01081
405	0.00000	0.99991	0.00000	0.00000	0.00000	0.00009
406	0.00000	0.99980	0.00000	0.00000	0.00000	0.00020
407	0.00000	0.99991	0.00000	0.00000	0.00000	0.00009
408	0.00000	1.00000	0.00000	0.00000	0.00000	0.00000
409	0.00000	0.99998	0.00000	0.00000	0.00000	0.00002
410	0.00000	0.99991	0.00000	0.00000	0.00000	0.00009
411	0.99994	0.00000	0.00000	0.00000	0.00006	0.00000
412	0.00000	0.99998	0.00000	0.00000	0.00000	0.00002
413	0.00000	0.99984	0.00000	0.00000	0.00000	0.00016
414	0.00000	0.99995	0.00000	0.00000	0.00000	0.00005
415	0.00000	0.97600	0.00000	0.00040	0.00000	0.02360
416	0.00000	0.99998	0.00000	0.00000	0.00000	0.00002
417	0.00000	0.99997	0.00000	0.00000	0.00000	0.00003
418	0.00000	0.99998	0.00000	0.00000	0.00000	0.00002
419	0.00000	0.99996	0.00000	0.00000	0.00000	0.00004
420	0.00000	0.99998	0.00000	0.00000	0.00000	0.00002
421	0.00000	1.00000	0.00000	0.00000	0.00000	0.00000
422	0.00000	0.95876	0.00000	0.00166	0.00000	0.03958
423	0.00000	0.97818	0.00000	0.00043	0.00000	0.02139
424	0.00000	0.99990	0.00000	0.00000	0.00000	0.00010
425	0.00000	0.99993	0.00000	0.00000	0.00000	0.00007
426	0.00000	0.99999	0.00000	0.00000	0.00000	0.00001
427	0.00000	0.99986	0.00000	0.00000	0.00000	0.00014
428	0.00000	0.99999	0.00000	0.00000	0.00000	0.00001
429	0.00000	0.99998	0.00000	0.00000	0.00000	0.00002
430	0.00000	0.99951	0.00000	0.00000	0.00000	0.00049
431	0.00000	0.99999	0.00000	0.00000	0.00000	0.00001
432	0.00000	0.99997	0.00000	0.00000	0.00000	0.00003
433	0.00000	0.99989	0.00000	0.00000	0.00000	0.00011
434	0.00000	0.98332	0.00000	0.00019	0.00000	0.01649
435	0.00000	0.99999	0.00000	0.00000	0.00000	0.00001
436	1.00000	0.00000	0.00000	0.00000	0.00000	0.00000
437	0.00000	0.99997	0.00000	0.00000	0.00000	0.00003
438	0.00000	0.99998	0.00000	0.00000	0.00000	0.00002
439	0.00000	0.99997	0.00000	0.00000	0.00000	0.00003
440	0.00000	0.98846	0.00000	0.00000	0.00000	0.01154
441	0.00000	0.99970	0.00000	0.00000	0.00000	0.00030
442	0.00000	0.99997	0.00000	0.00000	0.00000	0.00003
443	0.00000	1.00000	0.00000	0.00000	0.00000	0.00000
444	0.00000	0.99985	0.00000	0.00000	0.00000	0.00015
445	0.00000	0.99998	0.00000	0.00000	0.00000	0.00002
446	0.00000	0.99999	0.00000	0.00000	0.00000	0.00001
447	0.00000	0.99765	0.00000	0.00000	0.00000	0.00235
448	0.00000	0.99998	0.00000	0.00000	0.00000	0.00002
449	0.00000	0.99998	0.00000	0.00000	0.00000	0.00002
450	0.00000	0.99936	0.00000	0.00000	0.00000	0.00064
451	0.00000	0.99995	0.00000	0.00000	0.00000	0.00005
452	0.24428	0.00001	0.00141	0.42994	0.32247	0.00189
453	0.00000	0.99998	0.00000	0.00000	0.00000	0.00002
454	0.00000	0.99997	0.00000	0.00000	0.00000	0.00003
455	0.00000	0.99952	0.00000	0.00000	0.00000	0.00048
456	0.00000	1.00000	0.00000	0.00000	0.00000	0.00000
457	0.00000	0.99991	0.00000	0.00000	0.00000	0.00009
458	0.00000	0.99988	0.00000	0.00000	0.00000	0.00012
459	0.00000	0.99994	0.00000	0.00000	0.00000	0.00006
460	1.00000	0.00000	0.00000	0.00000	0.00000	0.00000
461	0.00000	0.99996	0.00000	0.00000	0.00000	0.00004
462	0.00000	0.99999	0.00000	0.00000	0.00000	0.00001
463	0.00001	0.69760	0.00205	0.07344	0.00067	0.22624
464	1.00000	0.00000	0.00000	0.00000	0.00000	0.00000
465	0.00000	0.99402	0.00000	0.00000	0.00000	0.00598
466	0.00000	0.99988	0.00000	0.00000	0.00000	0.00012
467	0.00000	0.90904	0.00000	0.00735	0.00000	0.08360
468	0.00000	0.99996	0.00000	0.00000	0.00000	0.00004
469	0.00000	0.99996	0.00000	0.00000	0.00000	0.00004
470	0.00000	0.99021	0.00000	0.00006	0.00000	0.00972
471	0.00000	0.99991	0.00000	0.00000	0.00000	0.00009
472	0.00000	1.00000	0.00000	0.00000	0.00000	0.00000
473	0.00000	0.99998	0.00000	0.00000	0.00000	0.00002
474	0.00000	0.75854	0.00004	0.04889	0.00001	0.19252
475	0.00000	0.99902	0.00000	0.00000	0.00000	0.00098
476	0.00000	0.99998	0.00000	0.00000	0.00000	0.00002
477	0.00000	0.99966	0.00000	0.00000	0.00000	0.00034
478	0.00000	0.99999	0.00000	0.00000	0.00000	0.00001
479	0.00000	0.81020	0.00000	0.01439	0.00000	0.17540
480	0.00000	0.99999	0.00000	0.00000	0.00000	0.00001
481	0.00000	1.00000	0.00000	0.00000	0.00000	0.00000
482	0.00000	0.99998	0.00000	0.00000	0.00000	0.00002
483	0.00000	0.99999	0.00000	0.00000	0.00000	0.00001
484	0.00000	0.99978	0.00000	0.00000	0.00000	0.00022
485	0.00000	0.99996	0.00000	0.00000	0.00000	0.00004
486	0.00000	0.99979	0.00000	0.00000	0.00000	0.00021
487	0.00000	0.99968	0.00000	0.00000	0.00000	0.00032
488	0.00000	0.99998	0.00000	0.00000	0.00000	0.00002
489	0.00000	1.00000	0.00000	0.00000	0.00000	0.00000
490	0.00000	0.99998	0.00000	0.00000	0.00000	0.00002
491	0.00000	0.99998	0.00000	0.00000	0.00000	0.00002
492	0.00000	0.97042	0.00000	0.00055	0.00000	0.02903
493	0.00000	0.99996	0.00000	0.00000	0.00000	0.00004
494	0.00000	0.98338	0.00000	0.00027	0.00000	0.01635
495	0.00000	0.99985	0.00000	0.00000	0.00000	0.00015
496	0.00000	0.99996	0.00000	0.00000	0.00000	0.00004
497	0.00000	0.99999	0.00000	0.00000	0.00000	0.00001
498	0.00000	0.99999	0.00000	0.00000	0.00000	0.00001
499	0.00000	0.99992	0.00000	0.00000	0.00000	0.00008
500	0.17254	0.11314	0.13856	0.22222	0.19525	0.15829
501	0.00000	0.99998	0.00000	0.00000	0.00000	0.00002
502	0.00000	0.83317	0.00001	0.02378	0.00000	0.14305
503	0.00000	0.99999	0.00000	0.00000	0.00000	0.00001
504	0.00000	0.99987	0.00000	0.00000	0.00000	0.00013
505	0.00000	0.99998	0.00000	0.00000	0.00000	0.00002
506	0.99934	0.00000	0.00000	0.00000	0.00066	0.00000
507	1.00000	0.00000	0.00000	0.00000	0.00000	0.00000
508	0.00000	0.34903	0.00000	0.00956	0.00000	0.64141
509	0.00000	0.99960	0.00000	0.00000	0.00000	0.00040
510	0.00000	0.99998	0.00000	0.00000	0.00000	0.00002
511	0.00000	0.99999	0.00000	0.00000	0.00000	0.00001
512	0.00000	1.00000	0.00000	0.00000	0.00000	0.00000
513	0.99994	0.00000	0.00000	0.00000	0.00006	0.00000
514	0.00000	0.99913	0.00000	0.00000	0.00000	0.00087
515	0.99999	0.00000	0.00000	0.00000	0.00001	0.00000
516	0.00000	0.99097	0.00000	0.00009	0.00000	0.00893
517	0.00000	0.99999	0.00000	0.00000	0.00000	0.00001
518	0.99994	0.00000	0.00000	0.00000	0.00006	0.00000
519	0.00000	0.99932	0.00000	0.00000	0.00000	0.00068
520	0.00000	0.99999	0.00000	0.00000	0.00000	0.00001
521	0.00000	1.00000	0.00000	0.00000	0.00000	0.00000
522	0.00000	0.99999	0.00000	0.00000	0.00000	0.00001
523	0.00000	1.00000	0.00000	0.00000	0.00000	0.00000
524	0.00000	0.99998	0.00000	0.00000	0.00000	0.00002
525	0.00000	0.99976	0.00000	0.00000	0.00000	0.00024
526	0.00000	0.99550	0.00000	0.00001	0.00000	0.00449
527	0.00000	0.99999	0.00000	0.00000	0.00000	0.00001
528	0.00000	0.99655	0.00000	0.00001	0.00000	0.00344
529	0.00118	0.59716	0.02566	0.10948	0.01106	0.25546
530	0.00000	0.99996	0.00000	0.00000	0.00000	0.00004
531	0.00000	0.99998	0.00000	0.00000	0.00000	0.00002
532	0.00000	0.99994	0.00000	0.00000	0.00000	0.00006
533	0.99997	0.00000	0.00000	0.00000	0.00003	0.00000
534	0.00000	0.99996	0.00000	0.00000	0.00000	0.00004
535	0.00000	0.99989	0.00000	0.00000	0.00000	0.00011
536	0.00000	0.99993	0.00000	0.00000	0.00000	0.00007
537	0.99997	0.00000	0.00000	0.00000	0.00003	0.00000
538	0.00000	0.97059	0.00000	0.00088	0.00000	0.02854
539	0.00000	0.99995	0.00000	0.00000	0.00000	0.00005
540	0.98545	0.00000	0.00000	0.00021	0.01434	0.00000
541	1.00000	0.00000	0.00000	0.00000	0.00000	0.00000
542	1.00000	0.00000	0.00000	0.00000	0.00000	0.00000
543	0.00000	0.99986	0.00000	0.00000	0.00000	0.00014
544	0.00000	0.99994	0.00000	0.00000	0.00000	0.00006
545	0.00000	1.00000	0.00000	0.00000	0.00000	0.00000
546	0.00000	0.99983	0.00000	0.00000	0.00000	0.00017
547	0.00000	0.99385	0.00000	0.00000	0.00000	0.00615
548	0.98221	0.00000	0.00000	0.00031	0.01748	0.00000
549	0.00000	0.97993	0.00000	0.00000	0.00000	0.02007
550	0.00000	0.99997	0.00000	0.00000	0.00000	0.00003
551	1.00000	0.00000	0.00000	0.00000	0.00000	0.00000
552	0.00000	0.99998	0.00000	0.00000	0.00000	0.00002
553	0.00000	0.99963	0.00000	0.00000	0.00000	0.00037
554	0.00000	1.00000	0.00000	0.00000	0.00000	0.00000
555	0.00000	0.96965	0.00000	0.00000	0.00000	0.03035
556	0.00000	0.00000	0.44956	0.04778	0.00000	0.50266
557	0.00000	0.99994	0.00000	0.00000	0.00000	0.00006
558	0.00000	0.99997	0.00000	0.00000	0.00000	0.00003
559	1.00000	0.00000	0.00000	0.00000	0.00000	0.00000
560	0.99999	0.00000	0.00000	0.00000	0.00001	0.00000
561	1.00000	0.00000	0.00000	0.00000	0.00000	0.00000
562	1.00000	0.00000	0.00000	0.00000	0.00000	0.00000
563	0.00000	0.99991	0.00000	0.00000	0.00000	0.00009
564	0.00000	0.99999	0.00000	0.00000	0.00000	0.00001
565	1.00000	0.00000	0.00000	0.00000	0.00000	0.00000
566	0.00000	0.99871	0.00000	0.00000	0.00000	0.00129
567	0.65253	0.00001	0.00128	0.09576	0.24992	0.00050
568	0.99999	0.00000	0.00000	0.00000	0.00001	0.00000
569	0.00000	0.98622	0.00000	0.00000	0.00000	0.01378
570	0.00000	1.00000	0.00000	0.00000	0.00000	0.00000
571	0.00000	0.99995	0.00000	0.00000	0.00000	0.00005
572	0.00000	0.99995	0.00000	0.00000	0.00000	0.00005
573	0.00000	0.97669	0.00000	0.00013	0.00000	0.02317
574	0.00000	0.99948	0.00000	0.00000	0.00000	0.00052
575	0.00000	0.00000	0.00000	0.00162	0.99838	0.00000
576	0.00000	0.99994	0.00000	0.00000	0.00000	0.00006
577	1.00000	0.00000	0.00000	0.00000	0.00000	0.00000
578	0.00000	0.99998	0.00000	0.00000	0.00000	0.00002
579	0.00000	0.49643	0.00000	0.00067	0.00000	0.50291
580	0.00000	0.84592	0.00001	0.02107	0.00000	0.13300
581	0.00000	0.99976	0.00000	0.00000	0.00000	0.00024
582	0.00000	0.99949	0.00000	0.00000	0.00000	0.00051
583	0.00000	0.80396	0.00002	0.02835	0.00000	0.16767
584	0.00000	0.99978	0.00000	0.00000	0.00000	0.00022
585	0.00000	0.99991	0.00000	0.00000	0.00000	0.00009
586	0.00000	0.99999	0.00000	0.00000	0.00000	0.00001
587	0.00000	0.99996	0.00000	0.00000	0.00000	0.00004
588	0.00000	0.99992	0.00000	0.00000	0.00000	0.00008
589	0.00000	1.00000	0.00000	0.00000	0.00000	0.00000
590	0.00000	0.99508	0.00000	0.00000	0.00000	0.00492
591	0.00000	0.99938	0.00000	0.00000	0.00000	0.00062
592	0.00000	0.90497	0.00000	0.00834	0.00000	0.08669
593	0.00000	0.99993	0.00000	0.00000	0.00000	0.00007
594	0.00000	0.99998	0.00000	0.00000	0.00000	0.00002
595	0.00000	1.00000	0.00000	0.00000	0.00000	0.00000
596	0.00004	0.00052	0.47043	0.23867	0.07772	0.21262
597	0.00000	0.99856	0.00000	0.00000	0.00000	0.00144
598	0.00000	0.19777	0.00000	0.06527	0.00000	0.73696
599	0.00000	0.79144	0.00000	0.00093	0.00000	0.20764
600	0.00000	1.00000	0.00000	0.00000	0.00000	0.00000
601	0.00000	0.91692	0.00003	0.00656	0.00000	0.07649
602	0.99173	0.00000	0.00000	0.00000	0.00826	0.00000
603	0.97076	0.00000	0.00000	0.00082	0.02842	0.00000
604	0.00000	0.99998	0.00000	0.00000	0.00000	0.00002
605	0.00000	0.99802	0.00000	0.00000	0.00000	0.00198
606	0.00000	0.99998	0.00000	0.00000	0.00000	0.00002
607	0.00000	0.99998	0.00000	0.00000	0.00000	0.00002
608	0.00000	0.99999	0.00000	0.00000	0.00000	0.00001
609	0.00000	0.99989	0.00000	0.00000	0.00000	0.00011
610	0.99612	0.00000	0.00000	0.00001	0.00388	0.00000
611	0.00000	0.99994	0.00000	0.00000	0.00000	0.00006
612	0.00000	1.00000	0.00000	0.00000	0.00000	0.00000
613	0.00000	0.99998	0.00000	0.00000	0.00000	0.00002
614	0.00000	0.98846	0.00000	0.00013	0.00000	0.01140
615	0.00000	0.99967	0.00000	0.00000	0.00000	0.00033
616	0.00000	0.99996	0.00000	0.00000	0.00000	0.00004
617	0.00000	0.99994	0.00000	0.00000	0.00000	0.00006
618	0.00000	0.99995	0.00000	0.00000	0.00000	0.00005
619	0.00000	0.98626	0.00000	0.00007	0.00000	0.01367
620	0.00000	0.99989	0.00000	0.00000	0.00000	0.00011
621	0.00000	0.99999	0.00000	0.00000	0.00000	0.00001
622	0.00000	0.99918	0.00000	0.00000	0.00000	0.00082
623	0.00000	0.99981	0.00000	0.00000	0.00000	0.00019
624	0.00000	0.99967	0.00000	0.00000	0.00000	0.00033
625	0.00000	0.99994	0.00000	0.00000	0.00000	0.00006
626	0.00000	0.95062	0.00000	0.00235	0.00000	0.04702
627	0.00000	0.99998	0.00000	0.00000	0.00000	0.00002
628	0.00000	0.99996	0.00000	0.00000	0.00000	0.00004
629	0.00000	0.99995	0.00000	0.00000	0.00000	0.00005
630	0.00000	0.99995	0.00000	0.00000	0.00000	0.00005
631	0.00000	0.99997	0.00000	0.00000	0.00000	0.00003
632	0.99999	0.00000	0.00000	0.00000	0.00001	0.00000
633	0.00000	0.48210	0.00000	0.00003	0.00000	0.51787
634	0.00000	0.99999	0.00000	0.00000	0.00000	0.00001
635	0.00000	0.99999	0.00000	0.00000	0.00000	0.00001
636	0.00000	0.81245	0.00001	0.03056	0.00000	0.15698
637	0.00000	0.99273	0.00000	0.00003	0.00000	0.00724
638	0.00000	0.99901	0.00000	0.00000	0.00000	0.00099
639	0.00000	0.99995	0.00000	0.00000	0.00000	0.00005
640	0.00000	0.99997	0.00000	0.00000	0.00000	0.00003
641	0.00000	0.99993	0.00000	0.00000	0.00000	0.00007
642	0.00000	0.99982	0.00000	0.00000	0.00000	0.00018
643	0.00000	0.99999	0.00000	0.00000	0.00000	0.00001
644	0.00000	0.00213	0.00000	0.00006	0.00000	0.99781
645	0.00000	0.99990	0.00000	0.00000	0.00000	0.00010
646	0.00000	0.99939	0.00000	0.00000	0.00000	0.00061
647	0.00000	0.99998	0.00000	0.00000	0.00000	0.00002
648	0.00000	0.99997	0.00000	0.00000	0.00000	0.00003
649	0.00000	0.99786	0.00000	0.00000	0.00000	0.00214
650	0.99999	0.00000	0.00000	0.00000	0.00001	0.00000
651	0.00000	0.99994	0.00000	0.00000	0.00000	0.00006
652	0.00000	0.99993	0.00000	0.00000	0.00000	0.00007
653	0.97748	0.00000	0.00000	0.00050	0.02202	0.00000
654	0.00000	0.99988	0.00000	0.00000	0.00000	0.00012
655	0.00000	0.99963	0.00000	0.00000	0.00000	0.00037
656	0.00000	0.99981	0.00000	0.00000	0.00000	0.00019
657	0.00000	0.99992	0.00000	0.00000	0.00000	0.00008
658	0.00000	1.00000	0.00000	0.00000	0.00000	0.00000
659	0.97071	0.00000	0.00000	0.00072	0.02857	0.00000
660	0.00000	0.99706	0.00000	0.00001	0.00000	0.00293
661	0.00000	0.99982	0.00000	0.00000	0.00000	0.00018
662	0.00000	0.99944	0.00000	0.00000	0.00000	0.00056
663	0.00000	0.94815	0.00000	0.00258	0.00000	0.04927
664	1.00000	0.00000	0.00000	0.00000	0.00000	0.00000
665	0.00000	0.99421	0.00000	0.00002	0.00000	0.00577
666	0.99986	0.00000	0.00000	0.00000	0.00014	0.00000
667	0.99999	0.00000	0.00000	0.00000	0.00001	0.00000
668	0.99994	0.00000	0.00000	0.00000	0.00006	0.00000
669	0.99999	0.00000	0.00000	0.00000	0.00001	0.00000
670	0.99803	0.00000	0.00000	0.00000	0.00197	0.00000
671	0.00000	0.99979	0.00000	0.00000	0.00000	0.00021
672	0.00000	0.99999	0.00000	0.00000	0.00000	0.00001
673	0.00000	0.99997	0.00000	0.00000	0.00000	0.00003
674	0.00000	0.83587	0.00001	0.02365	0.00000	0.14047
675	0.00000	0.99941	0.00000	0.00000	0.00000	0.00059
676	0.00000	0.99838	0.00000	0.00000	0.00000	0.00162
677	0.00000	0.99997	0.00000	0.00000	0.00000	0.00003
678	0.99996	0.00000	0.00000	0.00000	0.00004	0.00000
679	0.00000	0.99999	0.00000	0.00000	0.00000	0.00001
680	0.00000	0.99999	0.00000	0.00000	0.00000	0.00001
681	0.00000	0.99997	0.00000	0.00000	0.00000	0.00003
682	0.00000	0.99999	0.00000	0.00000	0.00000	0.00001
683	0.00000	0.99999	0.00000	0.00000	0.00000	0.00001
684	0.00000	0.99599	0.00000	0.00001	0.00000	0.00400
685	0.00000	0.99995	0.00000	0.00000	0.00000	0.00005
686	0.00000	0.99997	0.00000	0.00000	0.00000	0.00003
687	0.00000	0.99997	0.00000	0.00000	0.00000	0.00003
688	0.00000	0.99996	0.00000	0.00000	0.00000	0.00004
689	0.00000	0.99987	0.00000	0.00000	0.00000	0.00013
690	0.00000	0.99978	0.00000	0.00000	0.00000	0.00022
691	0.00000	0.99985	0.00000	0.00000	0.00000	0.00015
692	0.00000	0.99997	0.00000	0.00000	0.00000	0.00003
693	0.00000	0.99954	0.00000	0.00000	0.00000	0.00046
694	0.00000	0.65168	0.00032	0.09686	0.00013	0.25102
695	0.00000	0.99925	0.00000	0.00000	0.00000	0.00075
696	0.00000	1.00000	0.00000	0.00000	0.00000	0.00000
697	0.00000	0.98499	0.00000	0.00016	0.00000	0.01485
698	0.00000	0.99590	0.00000	0.00001	0.00000	0.00409
699	0.00000	0.99326	0.00000	0.00000	0.00000	0.00674
700	0.00000	0.99990	0.00000	0.00000	0.00000	0.00010
701	0.99993	0.00000	0.00000	0.00000	0.00007	0.00000
702	1.00000	0.00000	0.00000	0.00000	0.00000	0.00000
703	0.99997	0.00000	0.00000	0.00000	0.00003	0.00000
704	0.64068	0.00000	0.00136	0.09924	0.25824	0.00048
705	0.00000	0.99992	0.00000	0.00000	0.00000	0.00008
706	0.00000	0.98783	0.00000	0.00010	0.00000	0.01207
707	0.99974	0.00000	0.00000	0.00000	0.00026	0.00000
708	0.00000	0.99998	0.00000	0.00000	0.00000	0.00002
709	0.00000	0.99999	0.00000	0.00000	0.00000	0.00001
710	0.00000	0.99999	0.00000	0.00000	0.00000	0.00001
711	0.00000	0.99839	0.00000	0.00000	0.00000	0.00161
712	0.00000	0.99999	0.00000	0.00000	0.00000	0.00001
713	0.00000	0.99997	0.00000	0.00000	0.00000	0.00003
714	0.99944	0.00000	0.00000	0.00000	0.00056	0.00000
715	0.00000	0.88459	0.00000	0.01210	0.00000	0.10331
716	0.00000	0.99998	0.00000	0.00000	0.00000	0.00002
717	0.00000	0.99985	0.00000	0.00000	0.00000	0.00015
718	0.99991	0.00000	0.00000	0.00000	0.00009	0.00000
719	0.00000	0.99991	0.00000	0.00000	0.00000	0.00009
720	0.00000	0.99999	0.00000	0.00000	0.00000	0.00001
721	0.00000	0.99733	0.00000	0.00000	0.00000	0.00267
722	0.00000	0.99957	0.00000	0.00000	0.00000	0.00043
723	0.00000	0.99990	0.00000	0.00000	0.00000	0.00010
724	0.00000	0.77497	0.00046	0.04063	0.00009	0.18386
725	0.00000	0.00221	0.00002	0.92265	0.00022	0.07490
726	0.00000	0.99999	0.00000	0.00000	0.00000	0.00001
727	0.00000	0.99998	0.00000	0.00000	0.00000	0.00002
728	0.00000	0.74056	0.00041	0.05723	0.00015	0.20165
729	0.00000	0.99984	0.00000	0.00000	0.00000	0.00016
730	0.00000	0.99997	0.00000	0.00000	0.00000	0.00003
731	0.00000	0.99985	0.00000	0.00000	0.00000	0.00015
732	0.99999	0.00000	0.00000	0.00000	0.00001	0.00000
733	0.00000	0.99995	0.00000	0.00000	0.00000	0.00005
734	0.00000	0.99997	0.00000	0.00000	0.00000	0.00003
735	0.00000	1.00000	0.00000	0.00000	0.00000	0.00000
736	0.00000	0.97070	0.00000	0.00051	0.00000	0.02879
737	0.00000	0.99998	0.00000	0.00000	0.00000	0.00002
738	1.00000	0.00000	0.00000	0.00000	0.00000	0.00000
739	0.00000	0.87869	0.00000	0.01332	0.00000	0.10799
740	0.00000	0.99996	0.00000	0.00000	0.00000	0.00004
741	1.00000	0.00000	0.00000	0.00000	0.00000	0.00000
742	0.00000	0.99996	0.00000	0.00000	0.00000	0.00004
743	0.00000	0.99997	0.00000	0.00000	0.00000	0.00003
744	0.00000	0.99999	0.00000	0.00000	0.00000	0.00001
745	0.99999	0.00000	0.00000	0.00000	0.00001	0.00000
746	0.00000	0.99995	0.00000	0.00000	0.00000	0.00005
747	0.00000	0.99907	0.00000	0.00000	0.00000	0.00093
748	0.00000	0.99997	0.00000	0.00000	0.00000	0.00003
749	0.00000	0.99956	0.00000	0.00000	0.00000	0.00044
750	0.18934	0.14553	0.16596	0.16623	0.17740	0.15553
751	0.00000	0.99994	0.00000	0.00000	0.00000	0.00006
752	0.00000	1.00000	0.00000	0.00000	0.00000	0.00000
753	0.00000	0.99999	0.00000	0.00000	0.00000	0.00001
754	0.00000	0.99996	0.00000	0.00000	0.00000	0.00004
755	0.00000	0.99045	0.00000	0.00004	0.00000	0.00951
756	0.00000	0.99994	0.00000	0.00000	0.00000	0.00006
757	0.00000	0.95384	0.00000	0.00172	0.00000	0.04444
758	0.00000	0.95385	0.00000	0.00187	0.00000	0.04428
759	0.99994	0.00000	0.00000	0.00000	0.00006	0.00000
760	0.99999	0.00000	0.00000	0.00000	0.00001	0.00000
761	0.00000	0.00251	0.00000	0.23730	0.00000	0.76019
762	0.00000	0.99996	0.00000	0.00000	0.00000	0.00004
763	0.00000	0.99999	0.00000	0.00000	0.00000	0.00001
764	0.00000	0.99997	0.00000	0.00000	0.00000	0.00003
765	0.00000	0.99997	0.00000	0.00000	0.00000	0.00003
766	0.00000	0.99986	0.00000	0.00000	0.00000	0.00014
767	0.00000	0.99998	0.00000	0.00000	0.00000	0.00002
768	0.00000	0.99994	0.00000	0.00000	0.00000	0.00006
769	0.00000	0.99935	0.00000	0.00000	0.00000	0.00065
770	0.00000	0.99981	0.00000	0.00000	0.00000	0.00019
771	0.00000	1.00000	0.00000	0.00000	0.00000	0.00000
772	0.00000	0.99951	0.00000	0.00000	0.00000	0.00049
773	0.00000	0.86383	0.00000	0.01442	0.00000	0.12174
774	0.00000	0.99912	0.00000	0.00000	0.00000	0.00088
775	0.00000	0.99998	0.00000	0.00000	0.00000	0.00002
776	0.00000	0.99990	0.00000	0.00000	0.00000	0.00010
