Sample	Passed Filter	Low Quality	Too Many N	Too short
Blank-1.r1r2_fastp	692974.0	0.0	0.0	18212.0
Blank-2.r1r2_fastp	1110994.0	0.0	0.0	24110.0
COPE-0469.r1r2_fastp	1021100.0	0.0	0.0	20576.0
COPE-0470.r1r2_fastp	5290394.0	0.0	0.0	113550.0
COPE-0471.r1r2_fastp	3751604.0	0.0	0.0	65510.0
COPE-0472.r1r2_fastp	759070.0	0.0	0.0	37854.0
COPE-0473.r1r2_fastp	804758.0	0.0	0.0	30848.0
COPE-0474.r1r2_fastp	12296562.0	0.0	0.0	225560.0
COPE-0475.r1r2_fastp	11205632.0	0.0	0.0	223734.0
COPE-0476.r1r2_fastp	13855234.0	0.0	0.0	313770.0
COPE-0477.r1r2_fastp	1650684.0	0.0	0.0	32314.0
COPE-0478.r1r2_fastp	1768858.0	0.0	0.0	85034.0
COPE-0479.r1r2_fastp	3335430.0	0.0	0.0	149250.0
COPE-0480.r1r2_fastp	470646.0	0.0	0.0	8370.0
COPE-0481.r1r2_fastp	7695992.0	0.0	0.0	268062.0
COPE-0482.r1r2_fastp	9362970.0	0.0	0.0	198398.0
COPE-0483.r1r2_fastp	4927112.0	0.0	0.0	87846.0
COPE-0484.r1r2_fastp	2973806.0	0.0	0.0	133696.0
COPE-0485.r1r2_fastp	1221848.0	0.0	0.0	57330.0
COPE-0486.r1r2_fastp	1542736.0	0.0	0.0	376404.0
COPE-0487.r1r2_fastp	1424590.0	0.0	0.0	66878.0
COPE-0488.r1r2_fastp	3757280.0	0.0	0.0	195738.0
COPE-0489.r1r2_fastp	258504.0	0.0	0.0	6158.0
COPE-0490.r1r2_fastp	82322.0	0.0	0.0	4414.0
COPE-0491.r1r2_fastp	5351538.0	0.0	0.0	105308.0
COPE-0492.r1r2_fastp	2905300.0	0.0	0.0	189486.0
COPE-0493.r1r2_fastp	3482816.0	0.0	0.0	157570.0
COPE-0494.r1r2_fastp	3617150.0	0.0	0.0	72176.0
COPE-0495.r1r2_fastp	4955234.0	0.0	0.0	281210.0
COPE-0496.r1r2_fastp	694350.0	0.0	0.0	37952.0
COPE-0497.r1r2_fastp	2051190.0	0.0	0.0	39448.0
COPE-0498.r1r2_fastp	10447736.0	0.0	0.0	287452.0
COPE-0499.r1r2_fastp	24860042.0	0.0	0.0	5533726.0
COPE-0500.r1r2_fastp	1269246.0	0.0	0.0	38624.0
COPE-0501.r1r2_fastp	1327436.0	0.0	0.0	236970.0
COPE-0502.r1r2_fastp	46422.0	0.0	0.0	816.0
COPE-0503.r1r2_fastp	1643056.0	0.0	0.0	32782.0
COPE-0504.r1r2_fastp	4609850.0	0.0	0.0	78286.0
COPE-0505.r1r2_fastp	4688526.0	0.0	0.0	415022.0
COPE-0506.r1r2_fastp	1770432.0	0.0	0.0	175492.0
COPE-0507.r1r2_fastp	5306988.0	0.0	0.0	100514.0
COPE-0508.r1r2_fastp	10400784.0	0.0	0.0	247812.0
COPE-0509.r1r2_fastp	1003814.0	0.0	0.0	36446.0
COPE-0510.r1r2_fastp	6417304.0	0.0	0.0	97776.0
COPE-0511.r1r2_fastp	2692592.0	0.0	0.0	139612.0
COPE-0512.r1r2_fastp	3512658.0	0.0	0.0	105758.0
COPE-0513.r1r2_fastp	7332.0	0.0	0.0	136.0
COPE-0514.r1r2_fastp	6574508.0	0.0	0.0	348442.0
COPE-0515.r1r2_fastp	2810542.0	0.0	0.0	56518.0
COPE-0516.r1r2_fastp	936.0	0.0	0.0	228.0
COPE-0517.r1r2_fastp	6146818.0	0.0	0.0	114642.0
COPE-0518.r1r2_fastp	689300.0	0.0	0.0	55752.0
COPE-0519.r1r2_fastp	1318424.0	0.0	0.0	145092.0
COPE-0520.r1r2_fastp	558492.0	0.0	0.0	8072.0
COPE-0521.r1r2_fastp	2254362.0	0.0	0.0	40324.0
COPE-0522.r1r2_fastp	6084754.0	0.0	0.0	114768.0
COPE-0523.r1r2_fastp	569788.0	0.0	0.0	10644.0
COPE-0524.r1r2_fastp	812896.0	0.0	0.0	44140.0
COPE-0525.r1r2_fastp	6806884.0	0.0	0.0	312878.0
COPE-0526.r1r2_fastp	1699784.0	0.0	0.0	572534.0
COPE-0527.r1r2_fastp	724640.0	0.0	0.0	14390.0
COPE-0528.r1r2_fastp	4838792.0	0.0	0.0	82304.0
COPE-0529.r1r2_fastp	8697970.0	0.0	0.0	140810.0
COPE-0530.r1r2_fastp	5275516.0	0.0	0.0	123750.0
COPE-0531.r1r2_fastp	3517442.0	0.0	0.0	67576.0
COPE-0532.r1r2_fastp	1274056.0	0.0	0.0	64392.0
COPE-0533.r1r2_fastp	706.0	0.0	0.0	14.0
COPE-0534.r1r2_fastp	3883102.0	0.0	0.0	81610.0
COPE-0535.r1r2_fastp	2444636.0	0.0	0.0	44422.0
COPE-0536.r1r2_fastp	998596.0	0.0	0.0	18498.0
COPE-0537.r1r2_fastp	2471694.0	0.0	0.0	151444.0
COPE-0538.r1r2_fastp	2689926.0	0.0	0.0	64118.0
COPE-0539.r1r2_fastp	1787938.0	0.0	0.0	40130.0
COPE-0540.r1r2_fastp	904754.0	0.0	0.0	45062.0
COPE-0541.r1r2_fastp	876816.0	0.0	0.0	18430.0
COPE-0542.r1r2_fastp	1568680.0	0.0	0.0	32504.0
COPE-0543.r1r2_fastp	6243016.0	0.0	0.0	113146.0
COPE-0544.r1r2_fastp	1127730.0	0.0	0.0	16520.0
COPE-0545.r1r2_fastp	1166900.0	0.0	0.0	39238.0
COPE-0546.r1r2_fastp	2273082.0	0.0	0.0	44762.0
COPE-0547.r1r2_fastp	2287702.0	0.0	0.0	39028.0
COPE-0548.r1r2_fastp	726468.0	0.0	0.0	59056.0
COPE-0549.r1r2_fastp	379806.0	0.0	0.0	22176.0
COPE-0550.r1r2_fastp	1140676.0	0.0	0.0	20308.0
COPE-0551.r1r2_fastp	3117662.0	0.0	0.0	174820.0
COPE-0552.r1r2_fastp	1426048.0	0.0	0.0	59110.0
COPE-0553.r1r2_fastp	312118.0	0.0	0.0	19618.0
COPE-0554.r1r2_fastp	637764.0	0.0	0.0	52356.0
COPE-0555.r1r2_fastp	4067828.0	0.0	0.0	192408.0
COPE-0556.r1r2_fastp	9379134.0	0.0	0.0	438078.0
COPE-0557.r1r2_fastp	2761342.0	0.0	0.0	145418.0
COPE-0558.r1r2_fastp	1109224.0	0.0	0.0	44846.0
COPE-0559.r1r2_fastp	1920680.0	0.0	0.0	157898.0
COPE-0560.r1r2_fastp	8830602.0	0.0	0.0	137416.0
COPE-0561.r1r2_fastp	2960920.0	0.0	0.0	64630.0
COPE-0562.r1r2_fastp	39718.0	0.0	0.0	1942.0
COPE-0563.r1r2_fastp	2449626.0	0.0	0.0	101718.0
COPE-0564.r1r2_fastp	1544.0	0.0	0.0	44.0
COPE-0565.r1r2_fastp	21447484.0	0.0	0.0	462616.0
COPE-0566.r1r2_fastp	2816002.0	0.0	0.0	763692.0
COPE-0567.r1r2_fastp	3950120.0	0.0	0.0	67466.0
COPE-0568.r1r2_fastp	204496.0	0.0	0.0	3396.0
COPE-0569.r1r2_fastp	1148704.0	0.0	0.0	133324.0
COPE-0570.r1r2_fastp	11856296.0	0.0	0.0	155000.0
COPE-0571.r1r2_fastp	380430.0	0.0	0.0	7586.0
COPE-0572.r1r2_fastp	2399922.0	0.0	0.0	46056.0
COPE-0573.r1r2_fastp	1051074.0	0.0	0.0	55952.0
COPE-0574.r1r2_fastp	5130.0	0.0	0.0	108.0
COPE-0575.r1r2_fastp	4108078.0	0.0	0.0	73852.0
COPE-0576.r1r2_fastp	2459886.0	0.0	0.0	54060.0
COPE-0577.r1r2_fastp	1002006.0	0.0	0.0	46162.0
COPE-0578.r1r2_fastp	551556.0	0.0	0.0	10254.0
COPE-0579.r1r2_fastp	10599134.0	0.0	0.0	234324.0
COPE-0580.r1r2_fastp	602576.0	0.0	0.0	26066.0
COPE-0581.r1r2_fastp	2132.0	0.0	0.0	32.0
COPE-0582.r1r2_fastp	21072884.0	0.0	0.0	4867132.0
COPE-0583.r1r2_fastp	2083178.0	0.0	0.0	90612.0
COPE-0584.r1r2_fastp	21366936.0	0.0	0.0	377420.0
COPE-0585.r1r2_fastp	225696.0	0.0	0.0	9406.0
COPE-0586.r1r2_fastp	1715948.0	0.0	0.0	169830.0
COPE-0587.r1r2_fastp	4786428.0	0.0	0.0	1653798.0
COPE-0588.r1r2_fastp	3980318.0	0.0	0.0	81006.0
COPE-0589.r1r2_fastp	7923612.0	0.0	0.0	166350.0
COPE-0590.r1r2_fastp	7892.0	0.0	0.0	128.0
COPE-0591.r1r2_fastp	2611300.0	0.0	0.0	115744.0
COPE-0592.r1r2_fastp	3294324.0	0.0	0.0	56622.0
COPE-0593.r1r2_fastp	1203316.0	0.0	0.0	93790.0
COPE-0594.r1r2_fastp	3528972.0	0.0	0.0	176288.0
COPE-0595.r1r2_fastp	9661952.0	0.0	0.0	206940.0
COPE-0596.r1r2_fastp	21047680.0	0.0	0.0	350372.0
COPE-0597.r1r2_fastp	6664590.0	0.0	0.0	145192.0
COPE-0598.r1r2_fastp	67372.0	0.0	0.0	1884.0
COPE-0599.r1r2_fastp	200126.0	0.0	0.0	3714.0
COPE-0600.r1r2_fastp	10009696.0	0.0	0.0	182662.0
COPE-0601.r1r2_fastp	5504524.0	0.0	0.0	96958.0
COPE-0602.r1r2_fastp	4656410.0	0.0	0.0	99398.0
COPE-0603.r1r2_fastp	1583450.0	0.0	0.0	21906.0
COPE-0604.r1r2_fastp	705840.0	0.0	0.0	10660.0
COPE-0605.r1r2_fastp	475782.0	0.0	0.0	15390.0
COPE-0606.r1r2_fastp	283900.0	0.0	0.0	19866.0
COPE-0607.r1r2_fastp	10415754.0	0.0	0.0	252522.0
COPE-0608.r1r2_fastp	2366134.0	0.0	0.0	83162.0
COPE-0609.r1r2_fastp	6492.0	0.0	0.0	190.0
COPE-0610.r1r2_fastp	4307308.0	0.0	0.0	159236.0
COPE-0611.r1r2_fastp	10729744.0	0.0	0.0	222910.0
COPE-0612.r1r2_fastp	3307270.0	0.0	0.0	137318.0
COPE-0613.r1r2_fastp	7756974.0	0.0	0.0	144482.0
COPE-0614.r1r2_fastp	9054602.0	0.0	0.0	2376246.0
COPE-0615.r1r2_fastp	2714580.0	0.0	0.0	247500.0
COPE-0616.r1r2_fastp	8275522.0	0.0	0.0	395176.0
COPE-0617.r1r2_fastp	2077452.0	0.0	0.0	603954.0
COPE-0618.r1r2_fastp	8586344.0	0.0	0.0	209152.0
COPE-0619.r1r2_fastp	1712162.0	0.0	0.0	27300.0
COPE-0620.r1r2_fastp	2239502.0	0.0	0.0	124914.0
COPE-0621.r1r2_fastp	3201722.0	0.0	0.0	430986.0
COPE-0622.r1r2_fastp	288138.0	0.0	0.0	13480.0
COPE-0623.r1r2_fastp	5303476.0	0.0	0.0	1201502.0
COPE-0624.r1r2_fastp	3280106.0	0.0	0.0	358302.0
COPE-0625.r1r2_fastp	152912.0	0.0	0.0	12802.0
COPE-0626.r1r2_fastp	1169756.0	0.0	0.0	17614.0
COPE-0627.r1r2_fastp	2891312.0	0.0	0.0	44832.0
COPE-0628.r1r2_fastp	37600.0	0.0	0.0	634.0
COPE-0629.r1r2_fastp	3220914.0	0.0	0.0	45772.0
COPE-0630.r1r2_fastp	6811636.0	0.0	0.0	126998.0
COPE-0631.r1r2_fastp	5517316.0	0.0	0.0	293992.0
COPE-0632.r1r2_fastp	659334.0	0.0	0.0	27326.0
COPE-0633.r1r2_fastp	7953478.0	0.0	0.0	290810.0
COPE-0634.r1r2_fastp	7026950.0	0.0	0.0	135752.0
COPE-0635.r1r2_fastp	435220.0	0.0	0.0	13834.0
COPE-0636.r1r2_fastp	4387968.0	0.0	0.0	64666.0
COPE-0637.r1r2_fastp	7875688.0	0.0	0.0	276304.0
COPE-0638.r1r2_fastp	4482646.0	0.0	0.0	96884.0
COPE-0639.r1r2_fastp	9010400.0	0.0	0.0	388738.0
COPE-0640.r1r2_fastp	15094962.0	0.0	0.0	260898.0
COPE-0641.r1r2_fastp	22668.0	0.0	0.0	1420.0
COPE-0642.r1r2_fastp	1450132.0	0.0	0.0	109392.0
COPE-0643.r1r2_fastp	1277012.0	0.0	0.0	94456.0
COPE-0644.r1r2_fastp	1495126.0	0.0	0.0	72234.0
COPE-0645.r1r2_fastp	10577598.0	0.0	0.0	518146.0
COPE-0646.r1r2_fastp	703678.0	0.0	0.0	16298.0
COPE-0647.r1r2_fastp	3860420.0	0.0	0.0	174754.0
COPE-0648.r1r2_fastp	258024.0	0.0	0.0	4314.0
COPE-0649.r1r2_fastp	7741270.0	0.0	0.0	170134.0
COPE-0650.r1r2_fastp	7785286.0	0.0	0.0	136520.0
COPE-0651.r1r2_fastp	2536964.0	0.0	0.0	54502.0
COPE-0652.r1r2_fastp	1933438.0	0.0	0.0	83218.0
COPE-0653.r1r2_fastp	1968266.0	0.0	0.0	37852.0
COPE-0654.r1r2_fastp	1995136.0	0.0	0.0	108226.0
COPE-0655.r1r2_fastp	2071954.0	0.0	0.0	135120.0
COPE-0656.r1r2_fastp	743918.0	0.0	0.0	13438.0
COPE-0657.r1r2_fastp	5706236.0	0.0	0.0	120220.0
COPE-0658.r1r2_fastp	1247032.0	0.0	0.0	273100.0
COPE-0659.r1r2_fastp	625796.0	0.0	0.0	13446.0
COPE-0660.r1r2_fastp	1776398.0	0.0	0.0	34550.0
COPE-0661.r1r2_fastp	14682558.0	0.0	0.0	237660.0
COPE-0662.r1r2_fastp	4244880.0	0.0	0.0	253720.0
COPE-0663.r1r2_fastp	14965540.0	0.0	0.0	271876.0
COPE-0664.r1r2_fastp	5395940.0	0.0	0.0	83348.0
COPE-0665.r1r2_fastp	2949092.0	0.0	0.0	48830.0
COPE-0666.r1r2_fastp	149896.0	0.0	0.0	4692.0
COPE-0667.r1r2_fastp	5869974.0	0.0	0.0	299160.0
COPE-0668.r1r2_fastp	914516.0	0.0	0.0	58568.0
COPE-0669.r1r2_fastp	563476.0	0.0	0.0	48696.0
COPE-0670.r1r2_fastp	287484.0	0.0	0.0	6554.0
COPE-0671.r1r2_fastp	2063856.0	0.0	0.0	32576.0
COPE-0672.r1r2_fastp	877412.0	0.0	0.0	43182.0
COPE-0673.r1r2_fastp	2843320.0	0.0	0.0	41530.0
COPE-0674.r1r2_fastp	7732546.0	0.0	0.0	172024.0
COPE-0675.r1r2_fastp	17543398.0	0.0	0.0	346470.0
COPE-0676.r1r2_fastp	3670786.0	0.0	0.0	148930.0
COPE-0677.r1r2_fastp	11410104.0	0.0	0.0	255488.0
COPE-0678.r1r2_fastp	1691374.0	0.0	0.0	31132.0
COPE-0679.r1r2_fastp	1396620.0	0.0	0.0	39638.0
COPE-0680.r1r2_fastp	3846790.0	0.0	0.0	146992.0
COPE-0681.r1r2_fastp	1436536.0	0.0	0.0	24292.0
COPE-0682.r1r2_fastp	8091124.0	0.0	0.0	172636.0
COPE-0683.r1r2_fastp	6773120.0	0.0	0.0	143602.0
COPE-0684.r1r2_fastp	2881224.0	0.0	0.0	55576.0
COPE-0685.r1r2_fastp	1948762.0	0.0	0.0	105984.0
COPE-0686.r1r2_fastp	1444372.0	0.0	0.0	23866.0
COPE-0687.r1r2_fastp	604540.0	0.0	0.0	13078.0
COPE-0688.r1r2_fastp	3945650.0	0.0	0.0	65836.0
COPE-0689.r1r2_fastp	10150.0	0.0	0.0	160.0
COPE-0690.r1r2_fastp	2868688.0	0.0	0.0	171606.0
COPE-0691.r1r2_fastp	18392.0	0.0	0.0	398.0
COPE-0692.r1r2_fastp	2249530.0	0.0	0.0	490520.0
COPE-0693.r1r2_fastp	2771078.0	0.0	0.0	46418.0
COPE-0694.r1r2_fastp	5034540.0	0.0	0.0	105966.0
COPE-0695.r1r2_fastp	6653422.0	0.0	0.0	239800.0
COPE-0696.r1r2_fastp	6384462.0	0.0	0.0	108606.0
COPE-0697.r1r2_fastp	2914030.0	0.0	0.0	62866.0
COPE-0698.r1r2_fastp	382426.0	0.0	0.0	15244.0
COPE-0699.r1r2_fastp	23759080.0	0.0	0.0	363792.0
COPE-0700.r1r2_fastp	5559338.0	0.0	0.0	118608.0
COPE-0701.r1r2_fastp	828112.0	0.0	0.0	11076.0
COPE-0702.r1r2_fastp	7480974.0	0.0	0.0	156834.0
COPE-0703.r1r2_fastp	2488188.0	0.0	0.0	52924.0
COPE-0704.r1r2_fastp	1041140.0	0.0	0.0	65120.0
COPE-0705.r1r2_fastp	16828156.0	0.0	0.0	353500.0
COPE-0706.r1r2_fastp	3281452.0	0.0	0.0	169394.0
COPE-0707.r1r2_fastp	381772.0	0.0	0.0	141824.0
COPE-0708.r1r2_fastp	9955092.0	0.0	0.0	392714.0
COPE-0709.r1r2_fastp	9282960.0	0.0	0.0	289538.0
COPE-0710.r1r2_fastp	45088.0	0.0	0.0	2280.0
COPE-0711.r1r2_fastp	4838198.0	0.0	0.0	317986.0
COPE-0712.r1r2_fastp	4832980.0	0.0	0.0	99890.0
COPE-0713.r1r2_fastp	4423530.0	0.0	0.0	158300.0
COPE-0714.r1r2_fastp	14798.0	0.0	0.0	206.0
COPE-0715.r1r2_fastp	506486.0	0.0	0.0	9578.0
COPE-0716.r1r2_fastp	6752412.0	0.0	0.0	144760.0
COPE-0717.r1r2_fastp	4520166.0	0.0	0.0	83640.0
COPE-0718.r1r2_fastp	5205090.0	0.0	0.0	201312.0
COPE-0719.r1r2_fastp	3253238.0	0.0	0.0	171536.0
COPE-0720.r1r2_fastp	1300574.0	0.0	0.0	98864.0
COPE-0721.r1r2_fastp	3693730.0	0.0	0.0	202754.0
COPE-0722.r1r2_fastp	4972784.0	0.0	0.0	101656.0
COPE-0723.r1r2_fastp	4795500.0	0.0	0.0	444198.0
COPE-0724.r1r2_fastp	361052.0	0.0	0.0	32704.0
COPE-0725.r1r2_fastp	6625462.0	0.0	0.0	249414.0
COPE-0726.r1r2_fastp	7620850.0	0.0	0.0	156232.0
COPE-0727.r1r2_fastp	738940.0	0.0	0.0	23806.0
COPE-0728.r1r2_fastp	801116.0	0.0	0.0	17432.0
COPE-0729.r1r2_fastp	3255948.0	0.0	0.0	70808.0
COPE-0730.r1r2_fastp	2305370.0	0.0	0.0	42116.0
COPE-0731.r1r2_fastp	2008422.0	0.0	0.0	93100.0
COPE-0732.r1r2_fastp	3487760.0	0.0	0.0	65180.0
COPE-0733.r1r2_fastp	13192.0	0.0	0.0	242.0
COPE-0734.r1r2_fastp	7164272.0	0.0	0.0	286128.0
COPE-0735.r1r2_fastp	17883418.0	0.0	0.0	346906.0
COPE-0736.r1r2_fastp	213858.0	0.0	0.0	4180.0
COPE-0737.r1r2_fastp	2464516.0	0.0	0.0	58586.0
COPE-0738.r1r2_fastp	4936322.0	0.0	0.0	124956.0
COPE-0739.r1r2_fastp	5245390.0	0.0	0.0	112642.0
COPE-0740.r1r2_fastp	568746.0	0.0	0.0	8398.0
COPE-0741.r1r2_fastp	3681270.0	0.0	0.0	64620.0
COPE-0742.r1r2_fastp	2470624.0	0.0	0.0	40590.0
COPE-0743.r1r2_fastp	1885294.0	0.0	0.0	43422.0
COPE-0744.r1r2_fastp	14362484.0	0.0	0.0	232300.0
COPE-0745.r1r2_fastp	287226.0	0.0	0.0	6268.0
COPE-0746.r1r2_fastp	5791940.0	0.0	0.0	194082.0
COPE-0747.r1r2_fastp	355580.0	0.0	0.0	8154.0
COPE-0748.r1r2_fastp	8415594.0	0.0	0.0	155466.0
COPE-0749.r1r2_fastp	10441434.0	0.0	0.0	200680.0
COPE-0750.r1r2_fastp	2867164.0	0.0	0.0	51378.0
COPE-0751.r1r2_fastp	1343546.0	0.0	0.0	55288.0
COPE-0752.r1r2_fastp	4975872.0	0.0	0.0	101856.0
COPE-0753.r1r2_fastp	5212788.0	0.0	0.0	87784.0
COPE-0754.r1r2_fastp	7934768.0	0.0	0.0	164014.0
COPE-0755.r1r2_fastp	13420654.0	0.0	0.0	262596.0
COPE-0756.r1r2_fastp	4963300.0	0.0	0.0	84030.0
COPE-0757.r1r2_fastp	2743502.0	0.0	0.0	48716.0
COPE-0758.r1r2_fastp	8384342.0	0.0	0.0	148198.0
COPE-0759.r1r2_fastp	4320226.0	0.0	0.0	76792.0
COPE-0760.r1r2_fastp	900322.0	0.0	0.0	51712.0
COPE-0761.r1r2_fastp	405434.0	0.0	0.0	5624.0
COPE-0762.r1r2_fastp	3719394.0	0.0	0.0	69316.0
COPE-0763.r1r2_fastp	9351686.0	0.0	0.0	482512.0
COPE-0764.r1r2_fastp	635870.0	0.0	0.0	9538.0
COPE-0765.r1r2_fastp	9851580.0	0.0	0.0	200562.0
COPE-0766.r1r2_fastp	2399990.0	0.0	0.0	44798.0
COPE-0767.r1r2_fastp	4174808.0	0.0	0.0	71912.0
COPE-0768.r1r2_fastp	5002494.0	0.0	0.0	97994.0
COPE-0769.r1r2_fastp	3046256.0	0.0	0.0	136980.0
COPE-0770.r1r2_fastp	4523574.0	0.0	0.0	87314.0
COPE-0771.r1r2_fastp	3712854.0	0.0	0.0	63834.0
COPE-0772.r1r2_fastp	11808708.0	0.0	0.0	207648.0
COPE-0773.r1r2_fastp	4103080.0	0.0	0.0	75530.0
COPE-0774.r1r2_fastp	257520.0	0.0	0.0	11526.0
COPE-0775.r1r2_fastp	2497104.0	0.0	0.0	137912.0
COPE-0776.r1r2_fastp	1194808.0	0.0	0.0	255684.0
COPE-0777.r1r2_fastp	25654.0	0.0	0.0	8112.0
COPE-0778.r1r2_fastp	3306426.0	0.0	0.0	77970.0
COPE-0779.r1r2_fastp	31274.0	0.0	0.0	638.0
COPE-0780.r1r2_fastp	619918.0	0.0	0.0	58084.0
COPE-0781.r1r2_fastp	479160.0	0.0	0.0	8866.0
COPE-0782.r1r2_fastp	18380386.0	0.0	0.0	352654.0
COPE-0783.r1r2_fastp	502648.0	0.0	0.0	9358.0
COPE-0784.r1r2_fastp	2307646.0	0.0	0.0	87628.0
COPE-0785.r1r2_fastp	7910240.0	0.0	0.0	132166.0
COPE-0786.r1r2_fastp	779808.0	0.0	0.0	40482.0
COPE-0787.r1r2_fastp	533952.0	0.0	0.0	9640.0
COPE-0788.r1r2_fastp	19363328.0	0.0	0.0	323784.0
COPE-0789.r1r2_fastp	5388642.0	0.0	0.0	113130.0
COPE-0790.r1r2_fastp	3645292.0	0.0	0.0	70028.0
COPE-0791.r1r2_fastp	9589930.0	0.0	0.0	214740.0
COPE-0792.r1r2_fastp	239658.0	0.0	0.0	4950.0
COPE-0793.r1r2_fastp	646916.0	0.0	0.0	13600.0
COPE-0794.r1r2_fastp	1511842.0	0.0	0.0	31926.0
COPE-0795.r1r2_fastp	1381626.0	0.0	0.0	25084.0
COPE-0796.r1r2_fastp	9051066.0	0.0	0.0	195400.0
COPE-0797.r1r2_fastp	3978810.0	0.0	0.0	76650.0
COPE-0798.r1r2_fastp	2031332.0	0.0	0.0	42888.0
COPE-0799.r1r2_fastp	18132640.0	0.0	0.0	346974.0
COPE-0800.r1r2_fastp	5211836.0	0.0	0.0	87606.0
COPE-0801.r1r2_fastp	23558364.0	0.0	0.0	473866.0
COPE-0802.r1r2_fastp	109182.0	0.0	0.0	7486.0
COPE-0803.r1r2_fastp	3352362.0	0.0	0.0	85460.0
COPE-0804.r1r2_fastp	217260.0	0.0	0.0	7350.0
COPE-0805.r1r2_fastp	5203568.0	0.0	0.0	97948.0
COPE-0806.r1r2_fastp	466616.0	0.0	0.0	9338.0
COPE-0807.r1r2_fastp	408258.0	0.0	0.0	6334.0
COPE-0808.r1r2_fastp	3607662.0	0.0	0.0	77022.0
COPE-0809.r1r2_fastp	3969458.0	0.0	0.0	86596.0
COPE-0810.r1r2_fastp	301492.0	0.0	0.0	6036.0
COPE-0811.r1r2_fastp	648918.0	0.0	0.0	35030.0
COPE-0812.r1r2_fastp	3025380.0	0.0	0.0	58926.0
COPE-0813.r1r2_fastp	3518994.0	0.0	0.0	58756.0
COPE-0814.r1r2_fastp	6876488.0	0.0	0.0	93098.0
COPE-0815.r1r2_fastp	1368022.0	0.0	0.0	77080.0
COPE-0816.r1r2_fastp	2402464.0	0.0	0.0	76458.0
COPE-0817.r1r2_fastp	636896.0	0.0	0.0	15886.0
COPE-0818.r1r2_fastp	10837420.0	0.0	0.0	245310.0
COPE-0819.r1r2_fastp	3595056.0	0.0	0.0	62058.0
COPE-0820.r1r2_fastp	659550.0	0.0	0.0	12234.0
COPE-0821.r1r2_fastp	3700582.0	0.0	0.0	173798.0
COPE-0822.r1r2_fastp	8832246.0	0.0	0.0	331478.0
COPE-0823.r1r2_fastp	2080462.0	0.0	0.0	33154.0
COPE-0824.r1r2_fastp	1295342.0	0.0	0.0	63664.0
COPE-0825.r1r2_fastp	286152.0	0.0	0.0	5576.0
COPE-0826.r1r2_fastp	9930206.0	0.0	0.0	172376.0
COPE-0827.r1r2_fastp	36162.0	0.0	0.0	1402.0
COPE-0828.r1r2_fastp	602652.0	0.0	0.0	15114.0
COPE-0829.r1r2_fastp	553744.0	0.0	0.0	8998.0
COPE-0830.r1r2_fastp	2310406.0	0.0	0.0	34472.0
COPE-0831.r1r2_fastp	25341648.0	0.0	0.0	492826.0
COPE-0832.r1r2_fastp	116734.0	0.0	0.0	1882.0
COPE-0833.r1r2_fastp	20658124.0	0.0	0.0	396456.0
COPE-0834.r1r2_fastp	820984.0	0.0	0.0	11828.0
COPE-0835.r1r2_fastp	416284.0	0.0	0.0	8512.0
COPE-0836.r1r2_fastp	6227570.0	0.0	0.0	290442.0
COPE-0837.r1r2_fastp	3451228.0	0.0	0.0	70332.0
COPE-0838.r1r2_fastp	121888.0	0.0	0.0	3060.0
COPE-0839.r1r2_fastp	35992.0	0.0	0.0	908.0
COPE-0840.r1r2_fastp	5191528.0	0.0	0.0	95882.0
COPE-0841.r1r2_fastp	7364236.0	0.0	0.0	122672.0
COPE-0842.r1r2_fastp	4169418.0	0.0	0.0	285420.0
COPE-0843.r1r2_fastp	1411224.0	0.0	0.0	79626.0
COPE-0844.r1r2_fastp	9050.0	0.0	0.0	172.0
COPE-0845.r1r2_fastp	358336.0	0.0	0.0	6690.0
COPE-0846.r1r2_fastp	11160916.0	0.0	0.0	240694.0
COPE-0847.r1r2_fastp	321520.0	0.0	0.0	14552.0
COPE-0848.r1r2_fastp	7461472.0	0.0	0.0	303660.0
COPE-0849.r1r2_fastp	6502400.0	0.0	0.0	132346.0
COPE-0850.r1r2_fastp	1041850.0	0.0	0.0	128038.0
COPE-0851.r1r2_fastp	8274478.0	0.0	0.0	156272.0
COPE-0852.r1r2_fastp	779602.0	0.0	0.0	46138.0
COPE-0853.r1r2_fastp	3117506.0	0.0	0.0	52434.0
COPE-0854.r1r2_fastp	472084.0	0.0	0.0	10132.0
COPE-0855.r1r2_fastp	299818.0	0.0	0.0	4862.0
COPE-0856.r1r2_fastp	1473576.0	0.0	0.0	105524.0
COPE-0857.r1r2_fastp	5947946.0	0.0	0.0	81820.0
COPE-0858.r1r2_fastp	159642.0	0.0	0.0	18828.0
COPE-0859.r1r2_fastp	180696.0	0.0	0.0	9598.0
COPE-0860.r1r2_fastp	1351408.0	0.0	0.0	233568.0
COPE-0861.r1r2_fastp	668532.0	0.0	0.0	11924.0
COPE-0862.r1r2_fastp	3500052.0	0.0	0.0	59504.0
COPE-0863.r1r2_fastp	1036086.0	0.0	0.0	51630.0
COPE-0864.r1r2_fastp	3451572.0	0.0	0.0	235378.0
COPE-0865.r1r2_fastp	734020.0	0.0	0.0	52348.0
COPE-0866.r1r2_fastp	32603982.0	0.0	0.0	638892.0
COPE-0867.r1r2_fastp	4346752.0	0.0	0.0	81226.0
COPE-0868.r1r2_fastp	4686248.0	0.0	0.0	89902.0
COPE-0869.r1r2_fastp	1581400.0	0.0	0.0	729158.0
COPE-0870.r1r2_fastp	7567256.0	0.0	0.0	136410.0
COPE-0871.r1r2_fastp	3419856.0	0.0	0.0	66052.0
COPE-0872.r1r2_fastp	11481690.0	0.0	0.0	231540.0
COPE-0873.r1r2_fastp	815900.0	0.0	0.0	18646.0
COPE-0874.r1r2_fastp	1000872.0	0.0	0.0	27012.0
COPE-0875.r1r2_fastp	88900.0	0.0	0.0	1910.0
COPE-0876.r1r2_fastp	28908128.0	0.0	0.0	623274.0
COPE-0877.r1r2_fastp	882400.0	0.0	0.0	18932.0
COPE-0878.r1r2_fastp	6659440.0	0.0	0.0	158456.0
COPE-0879.r1r2_fastp	12980670.0	0.0	0.0	317174.0
COPE-0880.r1r2_fastp	160968.0	0.0	0.0	3632.0
COPE-0881.r1r2_fastp	1756.0	0.0	0.0	122.0
COPE-0882.r1r2_fastp	3527198.0	0.0	0.0	72986.0
COPE-0883.r1r2_fastp	33055668.0	0.0	0.0	585590.0
COPE-0884.r1r2_fastp	110654.0	0.0	0.0	1748.0
COPE-0885.r1r2_fastp	1823666.0	0.0	0.0	43116.0
COPE-0886.r1r2_fastp	4998550.0	0.0	0.0	221588.0
COPE-0887.r1r2_fastp	1014356.0	0.0	0.0	14476.0
COPE-0888.r1r2_fastp	2125060.0	0.0	0.0	47636.0
COPE-0889.r1r2_fastp	10859242.0	0.0	0.0	161002.0
COPE-0890.r1r2_fastp	2848424.0	0.0	0.0	62732.0
COPE-0891.r1r2_fastp	4361280.0	0.0	0.0	74522.0
COPE-0892.r1r2_fastp	5775628.0	0.0	0.0	105162.0
COPE-0893.r1r2_fastp	1720502.0	0.0	0.0	33730.0
COPE-0894.r1r2_fastp	5101876.0	0.0	0.0	295246.0
COPE-0895.r1r2_fastp	7444242.0	0.0	0.0	150094.0
COPE-0896.r1r2_fastp	69294.0	0.0	0.0	3154.0
COPE-0897.r1r2_fastp	3033526.0	0.0	0.0	60982.0
COPE-0898.r1r2_fastp	2106790.0	0.0	0.0	32202.0
COPE-0899.r1r2_fastp	2714248.0	0.0	0.0	60322.0
COPE-0900.r1r2_fastp	2573332.0	0.0	0.0	55646.0
COPE-0901.r1r2_fastp	12170288.0	0.0	0.0	255012.0
COPE-0902.r1r2_fastp	3317746.0	0.0	0.0	64670.0
COPE-0903.r1r2_fastp	4274198.0	0.0	0.0	81696.0
COPE-0904.r1r2_fastp	1154824.0	0.0	0.0	51064.0
COPE-0905.r1r2_fastp	352648.0	0.0	0.0	4788.0
COPE-0906.r1r2_fastp	448642.0	0.0	0.0	8252.0
COPE-0907.r1r2_fastp	23280750.0	0.0	0.0	524346.0
COPE-0908.r1r2_fastp	11313066.0	0.0	0.0	624734.0
COPE-0909.r1r2_fastp	4799158.0	0.0	0.0	93998.0
COPE-0910.r1r2_fastp	355454.0	0.0	0.0	6000.0
COPE-0911.r1r2_fastp	10128004.0	0.0	0.0	212624.0
COPE-0912.r1r2_fastp	4810572.0	0.0	0.0	89542.0
COPE-0913.r1r2_fastp	1568978.0	0.0	0.0	77344.0
COPE-0914.r1r2_fastp	3286414.0	0.0	0.0	55296.0
COPE-0915.r1r2_fastp	203926.0	0.0	0.0	3384.0
COPE-0916.r1r2_fastp	10679850.0	0.0	0.0	373136.0
COPE-0917.r1r2_fastp	683500.0	0.0	0.0	9798.0
COPE-0918.r1r2_fastp	2959800.0	0.0	0.0	58164.0
COPE-0919.r1r2_fastp	4111498.0	0.0	0.0	545878.0
COPE-0920.r1r2_fastp	9220628.0	0.0	0.0	190940.0
COPE-0921.r1r2_fastp	8707678.0	0.0	0.0	160504.0
COPE-0922.r1r2_fastp	314650.0	0.0	0.0	20600.0
COPE-0923.r1r2_fastp	527806.0	0.0	0.0	9040.0
COPE-0924.r1r2_fastp	8533192.0	0.0	0.0	164152.0
COPE-0925.r1r2_fastp	5653776.0	0.0	0.0	101932.0
COPE-0926.r1r2_fastp	9611342.0	0.0	0.0	402586.0
COPE-0927.r1r2_fastp	417892.0	0.0	0.0	7052.0
COPE-0928.r1r2_fastp	5509328.0	0.0	0.0	87494.0
COPE-0929.r1r2_fastp	4119044.0	0.0	0.0	72422.0
COPE-0930.r1r2_fastp	3000176.0	0.0	0.0	56844.0
COPE-0931.r1r2_fastp	16741180.0	0.0	0.0	372546.0
COPE-0932.r1r2_fastp	3969874.0	0.0	0.0	85232.0
COPE-0933.r1r2_fastp	4224796.0	0.0	0.0	163364.0
COPE-0934.r1r2_fastp	40178696.0	0.0	0.0	972180.0
COPE-0935.r1r2_fastp	771566.0	0.0	0.0	18804.0
COPE-0936.r1r2_fastp	6539718.0	0.0	0.0	136168.0
COPE-0937.r1r2_fastp	2125832.0	0.0	0.0	45050.0
COPE-0938.r1r2_fastp	4392042.0	0.0	0.0	68658.0
COPE-0939.r1r2_fastp	6712682.0	0.0	0.0	117664.0
COPE-0940.r1r2_fastp	17657366.0	0.0	0.0	312134.0
COPE-0941.r1r2_fastp	6978638.0	0.0	0.0	159572.0
COPE-0942.r1r2_fastp	9547222.0	0.0	0.0	216946.0
COPE-0943.r1r2_fastp	2812172.0	0.0	0.0	133264.0
COPE-0944.r1r2_fastp	2435284.0	0.0	0.0	52720.0
COPE-0945.r1r2_fastp	1477148.0	0.0	0.0	70070.0
COPE-0946.r1r2_fastp	77452.0	0.0	0.0	2160.0
COPE-0947.r1r2_fastp	10396828.0	0.0	0.0	249046.0
COPE-0948.r1r2_fastp	7274034.0	0.0	0.0	167062.0
COPE-0949.r1r2_fastp	1605282.0	0.0	0.0	99144.0
COPE-0950.r1r2_fastp	1445106.0	0.0	0.0	20324.0
COPE-0951.r1r2_fastp	1132186.0	0.0	0.0	24802.0
COPE-0952.r1r2_fastp	5942196.0	0.0	0.0	116658.0
COPE-0953.r1r2_fastp	916034.0	0.0	0.0	14554.0
COPE-0954.r1r2_fastp	447154.0	0.0	0.0	24654.0
COPE-0955.r1r2_fastp	614434.0	0.0	0.0	14318.0
COPE-0956.r1r2_fastp	7359532.0	0.0	0.0	112682.0
COPE-0957.r1r2_fastp	259962.0	0.0	0.0	9608.0
COPE-0958.r1r2_fastp	9157084.0	0.0	0.0	163732.0
COPE-0959.r1r2_fastp	2322.0	0.0	0.0	264.0
COPE-0960.r1r2_fastp	11263364.0	0.0	0.0	245922.0
COPE-0961.r1r2_fastp	3976916.0	0.0	0.0	64796.0
COPE-0962.r1r2_fastp	2063136.0	0.0	0.0	32454.0
COPE-0963.r1r2_fastp	2019036.0	0.0	0.0	99066.0
COPE-0964.r1r2_fastp	1867894.0	0.0	0.0	39702.0
COPE-0965.r1r2_fastp	3838462.0	0.0	0.0	71072.0
COPE-0966.r1r2_fastp	2454760.0	0.0	0.0	53788.0
COPE-0967.r1r2_fastp	3310760.0	0.0	0.0	59170.0
COPE-0968.r1r2_fastp	1018658.0	0.0	0.0	47762.0
COPE-0969.r1r2_fastp	241096.0	0.0	0.0	7322.0
COPE-0970.r1r2_fastp	8228678.0	0.0	0.0	186298.0
COPE-0971.r1r2_fastp	9449152.0	0.0	0.0	172194.0
COPE-0972.r1r2_fastp	4278250.0	0.0	0.0	74330.0
COPE-0973.r1r2_fastp	10490870.0	0.0	0.0	223474.0
COPE-0974.r1r2_fastp	4227800.0	0.0	0.0	74230.0
COPE-0975.r1r2_fastp	7272046.0	0.0	0.0	148120.0
COPE-0976.r1r2_fastp	3459224.0	0.0	0.0	170532.0
COPE-0977.r1r2_fastp	5498558.0	0.0	0.0	98066.0
COPE-0978.r1r2_fastp	1028386.0	0.0	0.0	23140.0
COPE-0979.r1r2_fastp	504018.0	0.0	0.0	26460.0
COPE-0980.r1r2_fastp	8708960.0	0.0	0.0	178810.0
COPE-0981.r1r2_fastp	5917368.0	0.0	0.0	113246.0
COPE-0982.r1r2_fastp	7858116.0	0.0	0.0	183774.0
COPE-0983.r1r2_fastp	6293120.0	0.0	0.0	289186.0
COPE-0984.r1r2_fastp	609294.0	0.0	0.0	13584.0
COPE-0985.r1r2_fastp	5106212.0	0.0	0.0	105782.0
COPE-0986.r1r2_fastp	125310.0	0.0	0.0	3920.0
COPE-0987.r1r2_fastp	16391280.0	0.0	0.0	273014.0
COPE-0988.r1r2_fastp	6041912.0	0.0	0.0	110076.0
COPE-0989.r1r2_fastp	3904098.0	0.0	0.0	73622.0
COPE-0990.r1r2_fastp	6218202.0	0.0	0.0	472204.0
COPE-0991.r1r2_fastp	3365592.0	0.0	0.0	188970.0
COPE-0992.r1r2_fastp	5080744.0	0.0	0.0	82602.0
COPE-0993.r1r2_fastp	2975484.0	0.0	0.0	49752.0
COPE-0994.r1r2_fastp	5766428.0	0.0	0.0	99812.0
COPE-0995.r1r2_fastp	16014502.0	0.0	0.0	341726.0
COPE-0996.r1r2_fastp	6093986.0	0.0	0.0	118792.0
COPE-0997.r1r2_fastp	297018.0	0.0	0.0	17678.0
COPE-0998.r1r2_fastp	1280430.0	0.0	0.0	19876.0
COPE-0999.r1r2_fastp	5454074.0	0.0	0.0	307548.0
COPE-1000.r1r2_fastp	1379576.0	0.0	0.0	20198.0
COPE-1001.r1r2_fastp	5158422.0	0.0	0.0	80364.0
COPE-1002.r1r2_fastp	2270436.0	0.0	0.0	138480.0
COPE-1003.r1r2_fastp	1751140.0	0.0	0.0	40138.0
COPE-1004.r1r2_fastp	2743688.0	0.0	0.0	61164.0
COPE-1005.r1r2_fastp	851004.0	0.0	0.0	28578.0
COPE-1006.r1r2_fastp	1027960.0	0.0	0.0	37368.0
COPE-1007.r1r2_fastp	16797858.0	0.0	0.0	336484.0
COPE-1008.r1r2_fastp	3992270.0	0.0	0.0	156090.0
COPE-1009.r1r2_fastp	1775770.0	0.0	0.0	33288.0
COPE-1010.r1r2_fastp	6672594.0	0.0	0.0	101116.0
COPE-1011.r1r2_fastp	499828.0	0.0	0.0	9862.0
COPE-1012.r1r2_fastp	1158530.0	0.0	0.0	14030.0
COPE-1013.r1r2_fastp	614270.0	0.0	0.0	40362.0
COPE-1014.r1r2_fastp	4700670.0	0.0	0.0	108140.0
COPE-1015.r1r2_fastp	9277998.0	0.0	0.0	185748.0
COPE-1016.r1r2_fastp	9409960.0	0.0	0.0	166000.0
COPE-1017.r1r2_fastp	14936152.0	0.0	0.0	373732.0
COPE-1018.r1r2_fastp	996958.0	0.0	0.0	17626.0
COPE-1019.r1r2_fastp	6505136.0	0.0	0.0	120416.0
COPE-1020.r1r2_fastp	3520596.0	0.0	0.0	57178.0
COPE-1021.r1r2_fastp	998144.0	0.0	0.0	102708.0
COPE-1022.r1r2_fastp	7476.0	0.0	0.0	1330.0
COPE-1023.r1r2_fastp	1186954.0	0.0	0.0	18872.0
COPE-1024.r1r2_fastp	7244484.0	0.0	0.0	157246.0
COPE-1025.r1r2_fastp	698176.0	0.0	0.0	134356.0
COPE-1026.r1r2_fastp	2808264.0	0.0	0.0	384800.0
COPE-1027.r1r2_fastp	9567206.0	0.0	0.0	543764.0
COPE-1028.r1r2_fastp	14022754.0	0.0	0.0	217760.0
COPE-1029.r1r2_fastp	1956750.0	0.0	0.0	37852.0
COPE-1030.r1r2_fastp	5458576.0	0.0	0.0	123078.0
COPE-1031.r1r2_fastp	3201418.0	0.0	0.0	71948.0
COPE-1032.r1r2_fastp	5010026.0	0.0	0.0	101966.0
COPE-1033.r1r2_fastp	2486074.0	0.0	0.0	132528.0
COPE-1034.r1r2_fastp	4225156.0	0.0	0.0	90152.0
COPE-1035.r1r2_fastp	9422730.0	0.0	0.0	356584.0
COPE-1036.r1r2_fastp	1169004.0	0.0	0.0	127152.0
COPE-1037.r1r2_fastp	1218268.0	0.0	0.0	56562.0
COPE-1038.r1r2_fastp	2590742.0	0.0	0.0	102638.0
COPE-1039.r1r2_fastp	2878444.0	0.0	0.0	111298.0
COPE-1040.r1r2_fastp	3022946.0	0.0	0.0	63416.0
COPE-1041.r1r2_fastp	1146056.0	0.0	0.0	62408.0
COPE-1042.r1r2_fastp	10358742.0	0.0	0.0	166298.0
COPE-1043.r1r2_fastp	2532252.0	0.0	0.0	48020.0
COPE-1044.r1r2_fastp	1540742.0	0.0	0.0	69184.0
COPE-1045.r1r2_fastp	1984556.0	0.0	0.0	134494.0
COPE-1046.r1r2_fastp	11467306.0	0.0	0.0	446164.0
COPE-1047.r1r2_fastp	6305204.0	0.0	0.0	354154.0
COPE-1048.r1r2_fastp	11603294.0	0.0	0.0	270266.0
COPE-1049.r1r2_fastp	4614448.0	0.0	0.0	90306.0
COPE-1050.r1r2_fastp	6996964.0	0.0	0.0	266536.0
COPE-1051.r1r2_fastp	3591210.0	0.0	0.0	63084.0
COPE-1052.r1r2_fastp	163224.0	0.0	0.0	38708.0
COPE-1053.r1r2_fastp	2982422.0	0.0	0.0	140958.0
COPE-1054.r1r2_fastp	1548508.0	0.0	0.0	29430.0
COPE-1055.r1r2_fastp	1504972.0	0.0	0.0	53120.0
COPE-1056.r1r2_fastp	7872502.0	0.0	0.0	168726.0
COPE-1057.r1r2_fastp	750.0	0.0	0.0	10.0
COPE-1058.r1r2_fastp	4810312.0	0.0	0.0	65888.0
COPE-1059.r1r2_fastp	15545716.0	0.0	0.0	264004.0
COPE-1060.r1r2_fastp	8879662.0	0.0	0.0	446088.0
COPE-1061.r1r2_fastp	2305680.0	0.0	0.0	121688.0
COPE-1062.r1r2_fastp	1507114.0	0.0	0.0	24306.0
COPE-1063.r1r2_fastp	10933216.0	0.0	0.0	460446.0
COPE-1064.r1r2_fastp	511290.0	0.0	0.0	25874.0
COPE-1065.r1r2_fastp	295668.0	0.0	0.0	17472.0
COPE-1066.r1r2_fastp	46534.0	0.0	0.0	2586.0
COPE-1067.r1r2_fastp	899452.0	0.0	0.0	23730.0
COPE-1068.r1r2_fastp	9428374.0	0.0	0.0	500348.0
COPE-1069.r1r2_fastp	1341668.0	0.0	0.0	19312.0
COPE-1070.r1r2_fastp	2706510.0	0.0	0.0	59986.0
COPE-1071.r1r2_fastp	1524822.0	0.0	0.0	79318.0
COPE-1072.r1r2_fastp	13020118.0	0.0	0.0	232182.0
COPE-1073.r1r2_fastp	7137920.0	0.0	0.0	137640.0
COPE-1074.r1r2_fastp	6206992.0	0.0	0.0	125954.0
COPE-1075.r1r2_fastp	8261566.0	0.0	0.0	154534.0
COPE-1076.r1r2_fastp	1949018.0	0.0	0.0	124410.0
COPE-1077.r1r2_fastp	75760.0	0.0	0.0	1278.0
COPE-1078.r1r2_fastp	1297010.0	0.0	0.0	21402.0
COPE-1079.r1r2_fastp	12859240.0	0.0	0.0	217586.0
COPE-1080.r1r2_fastp	4044204.0	0.0	0.0	84756.0
COPE-1081.r1r2_fastp	4857408.0	0.0	0.0	97466.0
COPE-1082.r1r2_fastp	1545660.0	0.0	0.0	73836.0
COPE-1083.r1r2_fastp	4504.0	0.0	0.0	118.0
COPE-1084.r1r2_fastp	958256.0	0.0	0.0	26106.0
COPE-1085.r1r2_fastp	2144930.0	0.0	0.0	27848.0
COPE-1086.r1r2_fastp	2233518.0	0.0	0.0	95164.0
COPE-1087.r1r2_fastp	2972666.0	0.0	0.0	54972.0
COPE-1088.r1r2_fastp	1029886.0	0.0	0.0	33348.0
COPE-1089.r1r2_fastp	2929036.0	0.0	0.0	195096.0
COPE-1090.r1r2_fastp	1360766.0	0.0	0.0	625904.0
COPE-1091.r1r2_fastp	1074476.0	0.0	0.0	19568.0
COPE-1092.r1r2_fastp	402214.0	0.0	0.0	6792.0
COPE-1093.r1r2_fastp	4696286.0	0.0	0.0	104986.0
COPE-1094.r1r2_fastp	1093776.0	0.0	0.0	22742.0
COPE-1095.r1r2_fastp	11105730.0	0.0	0.0	202534.0
COPE-1096.r1r2_fastp	1891658.0	0.0	0.0	36972.0
COPE-1097.r1r2_fastp	25217270.0	0.0	0.0	4459466.0
COPE-1098.r1r2_fastp	1451888.0	0.0	0.0	60004.0
COPE-1099.r1r2_fastp	1141218.0	0.0	0.0	22970.0
COPE-1100.r1r2_fastp	3794944.0	0.0	0.0	78676.0
COPE-1101.r1r2_fastp	1084188.0	0.0	0.0	25544.0
COPE-1102.r1r2_fastp	275028.0	0.0	0.0	4950.0
COPE-1103.r1r2_fastp	13799748.0	0.0	0.0	259224.0
COPE-1104.r1r2_fastp	165880.0	0.0	0.0	3244.0
COPE-1105.r1r2_fastp	4391992.0	0.0	0.0	179712.0
COPE-1106.r1r2_fastp	7838148.0	0.0	0.0	169058.0
COPE-1107.r1r2_fastp	4541546.0	0.0	0.0	80894.0
COPE-1108.r1r2_fastp	13509568.0	0.0	0.0	406392.0
COPE-1109.r1r2_fastp	449470.0	0.0	0.0	9344.0
COPE-1110.r1r2_fastp	6749046.0	0.0	0.0	150714.0
COPE-1111.r1r2_fastp	4758884.0	0.0	0.0	171268.0
COPE-1112.r1r2_fastp	3590982.0	0.0	0.0	157552.0
COPE-1113.r1r2_fastp	402036.0	0.0	0.0	20758.0
COPE-1114.r1r2_fastp	3005174.0	0.0	0.0	130426.0
COPE-1115.r1r2_fastp	11245676.0	0.0	0.0	211060.0
COPE-1116.r1r2_fastp	5249646.0	0.0	0.0	177674.0
COPE-1117.r1r2_fastp	5806500.0	0.0	0.0	98582.0
COPE-1118.r1r2_fastp	1238708.0	0.0	0.0	20760.0
COPE-1119.r1r2_fastp	8655696.0	0.0	0.0	432076.0
COPE-1120.r1r2_fastp	659720.0	0.0	0.0	40424.0
COPE-1121.r1r2_fastp	10498194.0	0.0	0.0	173644.0
COPE-1122.r1r2_fastp	4664730.0	0.0	0.0	98130.0
COPE-1123.r1r2_fastp	1187722.0	0.0	0.0	22526.0
COPE-1124.r1r2_fastp	1021744.0	0.0	0.0	16504.0
COPE-1125.r1r2_fastp	5536616.0	0.0	0.0	112580.0
COPE-1126.r1r2_fastp	14094082.0	0.0	0.0	260882.0
COPE-1127.r1r2_fastp	1540504.0	0.0	0.0	31948.0
COPE-1128.r1r2_fastp	9811088.0	0.0	0.0	375314.0
COPE-1129.r1r2_fastp	940000.0	0.0	0.0	13836.0
COPE-1130.r1r2_fastp	1193770.0	0.0	0.0	19084.0
COPE-1131.r1r2_fastp	5992474.0	0.0	0.0	249356.0
COPE-1132.r1r2_fastp	3307878.0	0.0	0.0	49116.0
COPE-1133.r1r2_fastp	3198.0	0.0	0.0	62.0
COPE-1134.r1r2_fastp	374786.0	0.0	0.0	8384.0
COPE-1135.r1r2_fastp	3867262.0	0.0	0.0	67000.0
COPE-1136.r1r2_fastp	8324034.0	0.0	0.0	304218.0
COPE-1137.r1r2_fastp	943000.0	0.0	0.0	15920.0
COPE-1138.r1r2_fastp	10854588.0	0.0	0.0	587382.0
COPE-1139.r1r2_fastp	4272016.0	0.0	0.0	75090.0
COPE-1140.r1r2_fastp	3345222.0	0.0	0.0	68578.0
COPE-1141.r1r2_fastp	2795522.0	0.0	0.0	793190.0
COPE-1142.r1r2_fastp	5646994.0	0.0	0.0	122046.0
COPE-1143.r1r2_fastp	3311862.0	0.0	0.0	56036.0
COPE-1144.r1r2_fastp	2588782.0	0.0	0.0	111360.0
COPE-1145.r1r2_fastp	5037248.0	0.0	0.0	92126.0
COPE-1146.r1r2_fastp	11954518.0	0.0	0.0	465488.0
COPE-1147.r1r2_fastp	57858.0	0.0	0.0	16230.0
COPE-1148.r1r2_fastp	3014220.0	0.0	0.0	47406.0
COPE-1149.r1r2_fastp	2667624.0	0.0	0.0	50668.0
COPE-1150.r1r2_fastp	951456.0	0.0	0.0	44344.0
COPE-1151.r1r2_fastp	384682.0	0.0	0.0	16590.0
COPE-1152.r1r2_fastp	6279182.0	0.0	0.0	111912.0
COPE-1153.r1r2_fastp	724262.0	0.0	0.0	13212.0
COPE-1154.r1r2_fastp	9869530.0	0.0	0.0	438072.0
COPE-1155.r1r2_fastp	2398182.0	0.0	0.0	119820.0
COPE-1156.r1r2_fastp	5530762.0	0.0	0.0	241552.0
COPE-1157.r1r2_fastp	1817620.0	0.0	0.0	126034.0
COPE-1158.r1r2_fastp	83472.0	0.0	0.0	6742.0
COPE-1159.r1r2_fastp	9442102.0	0.0	0.0	372680.0
COPE-1160.r1r2_fastp	9094834.0	0.0	0.0	154328.0
COPE-1161.r1r2_fastp	12647904.0	0.0	0.0	255354.0
COPE-1162.r1r2_fastp	454416.0	0.0	0.0	17322.0
COPE-1163.r1r2_fastp	343398.0	0.0	0.0	5168.0
COPE-1164.r1r2_fastp	114236.0	0.0	0.0	2464.0
COPE-1165.r1r2_fastp	465850.0	0.0	0.0	30742.0
COPE-1166.r1r2_fastp	3950672.0	0.0	0.0	184336.0
COPE-1167.r1r2_fastp	9979766.0	0.0	0.0	185426.0
COPE-1168.r1r2_fastp	5855216.0	0.0	0.0	97080.0
COPE-1169.r1r2_fastp	15210132.0	0.0	0.0	249232.0
COPE-1170.r1r2_fastp	1709328.0	0.0	0.0	75202.0
COPE-1171.r1r2_fastp	3609932.0	0.0	0.0	74578.0
COPE-1172.r1r2_fastp	6227418.0	0.0	0.0	146278.0
COPE-1173.r1r2_fastp	8815326.0	0.0	0.0	178536.0
COPE-1174.r1r2_fastp	7367632.0	0.0	0.0	129780.0
COPE-1175.r1r2_fastp	778244.0	0.0	0.0	50334.0
COPE-1176.r1r2_fastp	2162750.0	0.0	0.0	35832.0
COPE-1177.r1r2_fastp	1096902.0	0.0	0.0	48870.0
COPE-1178.r1r2_fastp	14288168.0	0.0	0.0	311480.0
COPE-1179.r1r2_fastp	5091546.0	0.0	0.0	96082.0
COPE-1180.r1r2_fastp	1042096.0	0.0	0.0	18556.0
COPE-1181.r1r2_fastp	122514.0	0.0	0.0	2318.0
COPE-1182.r1r2_fastp	1307810.0	0.0	0.0	21826.0
COPE-1183.r1r2_fastp	2744602.0	0.0	0.0	61306.0
COPE-1184.r1r2_fastp	5575172.0	0.0	0.0	95900.0
COPE-1185.r1r2_fastp	7928728.0	0.0	0.0	130496.0
COPE-1186.r1r2_fastp	5780208.0	0.0	0.0	76096.0
COPE-1187.r1r2_fastp	486094.0	0.0	0.0	20994.0
COPE-1188.r1r2_fastp	15720802.0	0.0	0.0	301682.0
COPE-1189.r1r2_fastp	940518.0	0.0	0.0	49502.0
COPE-1190.r1r2_fastp	1514228.0	0.0	0.0	75882.0
COPE-1191.r1r2_fastp	1759208.0	0.0	0.0	111622.0
COPE-1192.r1r2_fastp	70050.0	0.0	0.0	1272.0
COPE-1193.r1r2_fastp	1504646.0	0.0	0.0	412586.0
COPE-1194.r1r2_fastp	12770224.0	0.0	0.0	213578.0
COPE-1195.r1r2_fastp	914168.0	0.0	0.0	16156.0
COPE-1196.r1r2_fastp	4649022.0	0.0	0.0	1549008.0
COPE-1197.r1r2_fastp	5046272.0	0.0	0.0	113422.0
COPE-1198.r1r2_fastp	808190.0	0.0	0.0	27544.0
COPE-1199.r1r2_fastp	10858958.0	0.0	0.0	262710.0
COPE-1200.r1r2_fastp	819252.0	0.0	0.0	13714.0
COPE-1201.r1r2_fastp	2604902.0	0.0	0.0	48366.0
COPE-1202.r1r2_fastp	3431866.0	0.0	0.0	55576.0
COPE-1203.r1r2_fastp	4920152.0	0.0	0.0	404528.0
COPE-1204.r1r2_fastp	377064.0	0.0	0.0	7032.0
COPE-1205.r1r2_fastp	3654522.0	0.0	0.0	68224.0
COPE-1206.r1r2_fastp	3144966.0	0.0	0.0	138736.0
COPE-1207.r1r2_fastp	9455250.0	0.0	0.0	219072.0
COPE-1208.r1r2_fastp	3250526.0	0.0	0.0	54192.0
COPE-1209.r1r2_fastp	2264352.0	0.0	0.0	48310.0
COPE-1210.r1r2_fastp	6758618.0	0.0	0.0	104152.0
COPE-1211.r1r2_fastp	11443940.0	0.0	0.0	224984.0
COPE-1212.r1r2_fastp	1243338.0	0.0	0.0	30336.0
COPE-1213.r1r2_fastp	668192.0	0.0	0.0	30144.0
COPE-1214.r1r2_fastp	711594.0	0.0	0.0	12598.0
COPE-1215.r1r2_fastp	505682.0	0.0	0.0	10410.0
COPE-1216.r1r2_fastp	1834646.0	0.0	0.0	88198.0
COPE-1217.r1r2_fastp	1345498.0	0.0	0.0	30392.0
COPE-1218.r1r2_fastp	532462.0	0.0	0.0	13708.0
COPE-1219.r1r2_fastp	4042080.0	0.0	0.0	75644.0
COPE-1220.r1r2_fastp	406742.0	0.0	0.0	8180.0
COPE-1221.r1r2_fastp	7311624.0	0.0	0.0	425688.0
COPE-1222.r1r2_fastp	1887530.0	0.0	0.0	30978.0
COPE-1223.r1r2_fastp	1781606.0	0.0	0.0	32426.0
COPE-1224.r1r2_fastp	4193282.0	0.0	0.0	83038.0
COPE-1225.r1r2_fastp	1303688.0	0.0	0.0	18190.0
COPE-1226.r1r2_fastp	5986836.0	0.0	0.0	223322.0
COPE-1227.r1r2_fastp	4474528.0	0.0	0.0	311578.0
COPE-1228.r1r2_fastp	885828.0	0.0	0.0	43100.0
COPE-1229.r1r2_fastp	65169922.0	0.0	0.0	1235888.0
COPE-1230.r1r2_fastp	8178770.0	0.0	0.0	163472.0
COPE-1231.r1r2_fastp	15136382.0	0.0	0.0	297458.0
COPE-1232.r1r2_fastp	3341504.0	0.0	0.0	65960.0
COPE-1233.r1r2_fastp	4738386.0	0.0	0.0	102016.0
COPE-1234.r1r2_fastp	34013594.0	0.0	0.0	615908.0
COPE-1235.r1r2_fastp	3418086.0	0.0	0.0	57612.0
COPE-1236.r1r2_fastp	1990184.0	0.0	0.0	31340.0
COPE-1237.r1r2_fastp	2850108.0	0.0	0.0	57244.0
COPE-1238.r1r2_fastp	10713332.0	0.0	0.0	534154.0
COPE-1239.r1r2_fastp	46578.0	0.0	0.0	4892.0
COPE-1240.r1r2_fastp	2724520.0	0.0	0.0	51068.0
COPE-1241.r1r2_fastp	5790968.0	0.0	0.0	126210.0
COPE-1242.r1r2_fastp	434814.0	0.0	0.0	8334.0
COPE-1243.r1r2_fastp	4338528.0	0.0	0.0	69700.0
COPE-1244.r1r2_fastp	56398.0	0.0	0.0	2526.0
COPE-1245.r1r2_fastp	7117630.0	0.0	0.0	313696.0
COPE-1246.r1r2_fastp	1731894.0	0.0	0.0	25392.0
COPE-1247.r1r2_fastp	38558.0	0.0	0.0	714.0
COPE-1248.r1r2_fastp	5443924.0	0.0	0.0	99264.0
COPE-1249.r1r2_fastp	1702206.0	0.0	0.0	195876.0
COPE-1250.r1r2_fastp	159012.0	0.0	0.0	3334.0
COPE-1251.r1r2_fastp	5132212.0	0.0	0.0	112232.0
COPE-1252.r1r2_fastp	4710872.0	0.0	0.0	87498.0
COPE-1253.r1r2_fastp	6537300.0	0.0	0.0	117232.0
COPE-1254.r1r2_fastp	4804594.0	0.0	0.0	127772.0
COPE-1255.r1r2_fastp	815104.0	0.0	0.0	18070.0
COPE-1256.r1r2_fastp	9204962.0	0.0	0.0	225612.0
COPE-1257.r1r2_fastp	2530842.0	0.0	0.0	71708.0
COPE-1258.r1r2_fastp	559070.0	0.0	0.0	10392.0
COPE-1259.r1r2_fastp	6504704.0	0.0	0.0	126444.0
COPE-1260.r1r2_fastp	570852.0	0.0	0.0	20088.0
COPE-1261.r1r2_fastp	16130392.0	0.0	0.0	318088.0
COPE-1262.r1r2_fastp	9264.0	0.0	0.0	358.0
COPE-1263.r1r2_fastp	560502.0	0.0	0.0	7968.0
COPE-1264.r1r2_fastp	4141526.0	0.0	0.0	55664.0
COPE-1265.r1r2_fastp	1599218.0	0.0	0.0	26698.0
COPE-1266.r1r2_fastp	1638044.0	0.0	0.0	31220.0
