999901_sweeps	1.000/0.000/0.000/0.000	0.000/0.000/0.000/1.000	0.000/0.500/0.500/0.000	0.250/0.250/0.250/0.250	0.500/0.250/0.250/0.000	0.000/0.250/0.250/0.500
1	0.00000	0.99721	0.00000	0.00000	0.00000	0.00279
2	0.00000	0.99993	0.00000	0.00000	0.00000	0.00007
3	0.00000	0.99981	0.00000	0.00000	0.00000	0.00019
4	0.00000	0.97516	0.00000	0.00051	0.00000	0.02433
5	0.00000	1.00000	0.00000	0.00000	0.00000	0.00000
6	0.00000	0.99996	0.00000	0.00000	0.00000	0.00004
7	0.00000	0.99991	0.00000	0.00000	0.00000	0.00009
8	0.00000	0.96622	0.00000	0.00002	0.00000	0.03376
9	0.00000	0.99998	0.00000	0.00000	0.00000	0.00002
10	0.00000	0.00000	0.00000	0.00383	0.99617	0.00000
11	0.99864	0.00000	0.00000	0.00000	0.00136	0.00000
12	0.00000	0.93950	0.00000	0.00267	0.00000	0.05783
13	0.00000	0.99999	0.00000	0.00000	0.00000	0.00001
14	0.00000	0.99998	0.00000	0.00000	0.00000	0.00002
15	0.00000	0.99964	0.00000	0.00000	0.00000	0.00036
16	0.00000	0.99484	0.00000	0.00001	0.00000	0.00515
17	0.99995	0.00000	0.00000	0.00000	0.00005	0.00000
18	0.76250	0.00000	0.00000	0.01172	0.22578	0.00000
19	0.00000	0.99155	0.00000	0.00009	0.00000	0.00836
20	0.99999	0.00000	0.00000	0.00000	0.00001	0.00000
21	0.00162	0.00000	0.00000	0.93495	0.06341	0.00002
22	0.00000	0.99357	0.00000	0.00004	0.00000	0.00639
23	0.99920	0.00000	0.00000	0.00000	0.00080	0.00000
24	0.99999	0.00000	0.00000	0.00000	0.00001	0.00000
25	0.99997	0.00000	0.00000	0.00000	0.00003	0.00000
26	0.00000	0.99995	0.00000	0.00000	0.00000	0.00005
27	0.00000	0.99986	0.00000	0.00000	0.00000	0.00014
28	0.00000	0.99989	0.00000	0.00000	0.00000	0.00011
29	0.00000	0.99999	0.00000	0.00000	0.00000	0.00001
30	0.99908	0.00000	0.00000	0.00000	0.00092	0.00000
31	0.99419	0.00000	0.00000	0.00001	0.00580	0.00000
32	0.00000	0.10082	0.00000	0.66334	0.00000	0.23584
33	0.99915	0.00000	0.00000	0.00000	0.00085	0.00000
34	0.00000	0.70693	0.00019	0.07019	0.00006	0.22264
35	0.00000	0.54398	0.00057	0.07002	0.00006	0.38537
36	0.00000	0.99996	0.00000	0.00000	0.00000	0.00004
37	0.99998	0.00000	0.00000	0.00000	0.00002	0.00000
38	0.99999	0.00000	0.00000	0.00000	0.00001	0.00000
39	0.00000	0.99995	0.00000	0.00000	0.00000	0.00005
40	0.00000	0.99765	0.00000	0.00000	0.00000	0.00235
41	0.00000	0.99998	0.00000	0.00000	0.00000	0.00002
42	0.00000	0.73360	0.00000	0.00081	0.00000	0.26559
43	0.99946	0.00000	0.00000	0.00000	0.00054	0.00000
44	0.00000	1.00000	0.00000	0.00000	0.00000	0.00000
45	1.00000	0.00000	0.00000	0.00000	0.00000	0.00000
46	0.00000	0.69617	0.00000	0.00001	0.00000	0.30382
47	0.00000	0.88468	0.00000	0.00000	0.00000	0.11532
48	0.99999	0.00000	0.00000	0.00000	0.00001	0.00000
49	0.99968	0.00000	0.00000	0.00000	0.00032	0.00000
50	0.00000	0.96365	0.00000	0.00130	0.00000	0.03506
51	0.00000	0.99997	0.00000	0.00000	0.00000	0.00003
52	0.00000	0.99996	0.00000	0.00000	0.00000	0.00004
53	0.99989	0.00000	0.00000	0.00000	0.00011	0.00000
54	0.00000	0.99999	0.00000	0.00000	0.00000	0.00001
55	0.00000	0.99999	0.00000	0.00000	0.00000	0.00001
56	0.64212	0.00000	0.00000	0.10857	0.24931	0.00000
57	0.00000	0.99974	0.00000	0.00000	0.00000	0.00026
58	0.00000	1.00000	0.00000	0.00000	0.00000	0.00000
59	0.00000	0.99347	0.00000	0.00003	0.00000	0.00651
60	0.00000	0.99954	0.00000	0.00000	0.00000	0.00046
61	0.00000	0.99997	0.00000	0.00000	0.00000	0.00003
62	0.00000	0.99980	0.00000	0.00000	0.00000	0.00020
63	0.00000	0.99994	0.00000	0.00000	0.00000	0.00006
64	0.00000	0.99878	0.00000	0.00000	0.00000	0.00122
65	0.00000	0.99994	0.00000	0.00000	0.00000	0.00006
66	0.99969	0.00000	0.00000	0.00000	0.00031	0.00000
67	0.00000	0.99998	0.00000	0.00000	0.00000	0.00002
68	0.00000	0.99485	0.00000	0.00000	0.00000	0.00515
69	0.00001	0.53468	0.00381	0.15106	0.00144	0.30901
70	0.00000	0.99996	0.00000	0.00000	0.00000	0.00004
71	0.00000	0.99999	0.00000	0.00000	0.00000	0.00001
72	0.00000	1.00000	0.00000	0.00000	0.00000	0.00000
73	0.00000	0.98314	0.00000	0.00014	0.00000	0.01672
74	0.00000	0.99992	0.00000	0.00000	0.00000	0.00008
75	0.00000	0.99975	0.00000	0.00000	0.00000	0.00025
76	0.00000	0.99833	0.00000	0.00000	0.00000	0.00167
77	0.99990	0.00000	0.00000	0.00000	0.00010	0.00000
78	0.99999	0.00000	0.00000	0.00000	0.00001	0.00000
79	0.99946	0.00000	0.00000	0.00000	0.00054	0.00000
80	0.00000	0.00210	0.00000	0.65175	0.00000	0.34615
81	0.00000	0.99992	0.00000	0.00000	0.00000	0.00008
82	0.89940	0.00000	0.00000	0.00929	0.09131	0.00000
83	0.99999	0.00000	0.00000	0.00000	0.00001	0.00000
84	0.00000	0.99999	0.00000	0.00000	0.00000	0.00001
85	0.99997	0.00000	0.00000	0.00000	0.00003	0.00000
86	0.83385	0.00000	0.00000	0.00003	0.16612	0.00000
87	0.00000	0.99998	0.00000	0.00000	0.00000	0.00002
88	0.99996	0.00000	0.00000	0.00000	0.00004	0.00000
89	0.00000	0.99920	0.00000	0.00000	0.00000	0.00080
90	0.00000	0.99999	0.00000	0.00000	0.00000	0.00001
91	0.75298	0.00000	0.00000	0.01288	0.23415	0.00000
92	0.00000	0.00000	0.00000	0.00092	0.00000	0.99908
93	0.00000	0.99881	0.00000	0.00000	0.00000	0.00119
94	0.99648	0.00000	0.00000	0.00001	0.00350	0.00000
95	0.00000	0.99999	0.00000	0.00000	0.00000	0.00001
96	0.00000	0.99997	0.00000	0.00000	0.00000	0.00003
97	0.99928	0.00000	0.00000	0.00000	0.00072	0.00000
98	0.00000	0.99909	0.00000	0.00000	0.00000	0.00091
99	0.00142	0.50688	0.02551	0.16367	0.01456	0.28796
100	0.00000	0.99999	0.00000	0.00000	0.00000	0.00001
101	0.00000	0.99995	0.00000	0.00000	0.00000	0.00005
102	0.00000	0.99794	0.00000	0.00000	0.00000	0.00206
103	0.00000	0.99993	0.00000	0.00000	0.00000	0.00007
104	0.00000	1.00000	0.00000	0.00000	0.00000	0.00000
105	0.00000	0.94857	0.00000	0.00202	0.00000	0.04941
106	0.00000	0.99989	0.00000	0.00000	0.00000	0.00011
107	0.00000	0.99995	0.00000	0.00000	0.00000	0.00005
108	0.99951	0.00000	0.00000	0.00000	0.00049	0.00000
109	0.00000	0.99967	0.00000	0.00000	0.00000	0.00033
110	0.00000	0.99998	0.00000	0.00000	0.00000	0.00002
111	0.00000	0.99999	0.00000	0.00000	0.00000	0.00001
112	0.97533	0.00000	0.00000	0.00000	0.02467	0.00000
113	0.99992	0.00000	0.00000	0.00000	0.00008	0.00000
114	0.00000	0.99980	0.00000	0.00000	0.00000	0.00020
115	0.00000	0.99998	0.00000	0.00000	0.00000	0.00002
116	0.73807	0.00000	0.00000	0.00006	0.26187	0.00000
117	0.00000	0.99982	0.00000	0.00000	0.00000	0.00018
118	1.00000	0.00000	0.00000	0.00000	0.00000	0.00000
119	0.99999	0.00000	0.00000	0.00000	0.00001	0.00000
120	0.00000	0.99960	0.00000	0.00000	0.00000	0.00040
121	0.00000	0.99700	0.00000	0.00000	0.00000	0.00300
122	0.00000	0.99984	0.00000	0.00000	0.00000	0.00016
123	0.01422	0.00005	0.00163	0.81572	0.16210	0.00629
124	0.00000	0.99994	0.00000	0.00000	0.00000	0.00006
125	0.00000	0.99334	0.00000	0.00002	0.00000	0.00664
126	0.00000	0.99996	0.00000	0.00000	0.00000	0.00004
127	0.00000	0.99996	0.00000	0.00000	0.00000	0.00004
128	0.00000	0.99997	0.00000	0.00000	0.00000	0.00003
129	0.00000	0.95288	0.00000	0.00087	0.00000	0.04625
130	0.00000	0.99609	0.00000	0.00000	0.00000	0.00391
131	0.99963	0.00000	0.00000	0.00000	0.00037	0.00000
132	0.00000	0.99984	0.00000	0.00000	0.00000	0.00016
133	0.00000	0.99997	0.00000	0.00000	0.00000	0.00003
134	0.00000	0.99994	0.00000	0.00000	0.00000	0.00006
135	0.00000	1.00000	0.00000	0.00000	0.00000	0.00000
136	0.00000	1.00000	0.00000	0.00000	0.00000	0.00000
137	0.00000	0.99998	0.00000	0.00000	0.00000	0.00002
138	0.99891	0.00000	0.00000	0.00000	0.00109	0.00000
139	1.00000	0.00000	0.00000	0.00000	0.00000	0.00000
140	0.99973	0.00000	0.00000	0.00000	0.00027	0.00000
141	0.91014	0.00000	0.00000	0.00634	0.08352	0.00000
142	0.87629	0.00000	0.00000	0.00007	0.12364	0.00000
143	0.00000	0.99989	0.00000	0.00000	0.00000	0.00011
144	0.99929	0.00000	0.00000	0.00000	0.00071	0.00000
145	0.99999	0.00000	0.00000	0.00000	0.00001	0.00000
146	1.00000	0.00000	0.00000	0.00000	0.00000	0.00000
147	0.99996	0.00000	0.00000	0.00000	0.00004	0.00000
148	0.99998	0.00000	0.00000	0.00000	0.00002	0.00000
149	0.99972	0.00000	0.00000	0.00000	0.00028	0.00000
150	0.99999	0.00000	0.00000	0.00000	0.00001	0.00000
151	0.00000	0.99869	0.00000	0.00000	0.00000	0.00131
152	0.07485	0.28135	0.14466	0.16893	0.11230	0.21791
153	0.00000	0.99976	0.00000	0.00000	0.00000	0.00024
154	0.00000	0.99943	0.00000	0.00000	0.00000	0.00057
155	0.00000	0.99822	0.00000	0.00000	0.00000	0.00178
156	0.00000	0.99989	0.00000	0.00000	0.00000	0.00011
157	0.00000	0.99984	0.00000	0.00000	0.00000	0.00016
158	0.00000	0.99999	0.00000	0.00000	0.00000	0.00001
159	0.00000	0.99899	0.00000	0.00000	0.00000	0.00101
160	0.00000	0.99332	0.00000	0.00000	0.00000	0.00668
161	0.00000	0.99975	0.00000	0.00000	0.00000	0.00025
162	0.99994	0.00000	0.00000	0.00000	0.00006	0.00000
163	0.00000	0.99920	0.00000	0.00000	0.00000	0.00080
164	0.00000	0.99982	0.00000	0.00000	0.00000	0.00018
165	0.00000	0.85899	0.00001	0.01614	0.00000	0.12486
166	1.00000	0.00000	0.00000	0.00000	0.00000	0.00000
167	0.99729	0.00000	0.00000	0.00000	0.00271	0.00000
168	0.99993	0.00000	0.00000	0.00000	0.00007	0.00000
169	0.00000	0.99991	0.00000	0.00000	0.00000	0.00009
170	0.00000	0.99981	0.00000	0.00000	0.00000	0.00019
171	0.00000	0.99999	0.00000	0.00000	0.00000	0.00001
172	0.00000	0.99959	0.00000	0.00000	0.00000	0.00041
173	0.99972	0.00000	0.00000	0.00000	0.00028	0.00000
174	0.00000	0.99991	0.00000	0.00000	0.00000	0.00009
175	0.00000	0.99937	0.00000	0.00000	0.00000	0.00063
176	0.00000	0.99997	0.00000	0.00000	0.00000	0.00003
177	0.00000	0.99999	0.00000	0.00000	0.00000	0.00001
178	1.00000	0.00000	0.00000	0.00000	0.00000	0.00000
179	0.99988	0.00000	0.00000	0.00000	0.00012	0.00000
180	0.00000	0.99997	0.00000	0.00000	0.00000	0.00003
181	0.00000	0.99999	0.00000	0.00000	0.00000	0.00001
182	0.68135	0.00000	0.00000	0.06159	0.25706	0.00000
183	0.00000	0.99991	0.00000	0.00000	0.00000	0.00009
184	0.00000	1.00000	0.00000	0.00000	0.00000	0.00000
185	0.00000	0.99994	0.00000	0.00000	0.00000	0.00006
186	0.99829	0.00000	0.00000	0.00000	0.00171	0.00000
187	0.00000	0.99877	0.00000	0.00000	0.00000	0.00123
188	0.00000	0.99971	0.00000	0.00000	0.00000	0.00029
189	0.00000	0.99959	0.00000	0.00000	0.00000	0.00041
190	0.00000	0.99131	0.00000	0.00006	0.00000	0.00863
191	0.99999	0.00000	0.00000	0.00000	0.00001	0.00000
192	0.99998	0.00000	0.00000	0.00000	0.00002	0.00000
193	0.99999	0.00000	0.00000	0.00000	0.00001	0.00000
194	0.00000	0.99969	0.00000	0.00000	0.00000	0.00031
195	0.00000	0.99989	0.00000	0.00000	0.00000	0.00011
196	0.00000	0.99999	0.00000	0.00000	0.00000	0.00001
197	0.00000	0.99910	0.00000	0.00000	0.00000	0.00090
198	0.00000	0.99401	0.00000	0.00000	0.00000	0.00599
199	0.00000	0.99999	0.00000	0.00000	0.00000	0.00001
200	0.00000	0.00000	0.01333	0.51709	0.00000	0.46957
201	0.00000	0.95377	0.00000	0.00000	0.00000	0.04623
202	0.00000	0.99972	0.00000	0.00000	0.00000	0.00028
203	0.00000	0.98448	0.00000	0.00024	0.00000	0.01529
204	0.00000	0.99998	0.00000	0.00000	0.00000	0.00002
205	0.00000	0.99999	0.00000	0.00000	0.00000	0.00001
206	0.00000	0.99999	0.00000	0.00000	0.00000	0.00001
207	0.00000	0.99999	0.00000	0.00000	0.00000	0.00001
208	0.00000	0.99996	0.00000	0.00000	0.00000	0.00004
209	0.00000	0.99983	0.00000	0.00000	0.00000	0.00017
210	0.00000	0.99506	0.00000	0.00000	0.00000	0.00494
211	0.00000	0.01224	0.00000	0.00250	0.00000	0.98525
212	0.00000	0.99997	0.00000	0.00000	0.00000	0.00003
213	0.99996	0.00000	0.00000	0.00000	0.00004	0.00000
214	0.99992	0.00000	0.00000	0.00000	0.00008	0.00000
215	0.00000	0.99962	0.00000	0.00000	0.00000	0.00038
216	0.00000	0.99998	0.00000	0.00000	0.00000	0.00002
217	0.00000	0.99979	0.00000	0.00000	0.00000	0.00021
218	0.00000	0.99971	0.00000	0.00000	0.00000	0.00029
219	0.00000	0.99990	0.00000	0.00000	0.00000	0.00010
220	0.00000	0.91063	0.00001	0.00746	0.00000	0.08190
221	0.00000	0.99998	0.00000	0.00000	0.00000	0.00002
222	0.00000	0.99993	0.00000	0.00000	0.00000	0.00007
223	0.00000	0.99095	0.00000	0.00007	0.00000	0.00898
224	0.00000	0.99944	0.00000	0.00000	0.00000	0.00056
225	0.00000	1.00000	0.00000	0.00000	0.00000	0.00000
226	0.99992	0.00000	0.00000	0.00000	0.00008	0.00000
227	0.00000	0.99998	0.00000	0.00000	0.00000	0.00002
228	0.00000	0.98587	0.00000	0.00018	0.00000	0.01395
229	0.91397	0.00000	0.00000	0.00687	0.07916	0.00000
230	0.00000	0.99960	0.00000	0.00000	0.00000	0.00040
231	0.00000	0.99998	0.00000	0.00000	0.00000	0.00002
232	0.00000	0.76976	0.00000	0.01220	0.00000	0.21804
233	0.99984	0.00000	0.00000	0.00000	0.00016	0.00000
234	0.00000	0.99411	0.00000	0.00003	0.00000	0.00585
235	0.00000	0.99998	0.00000	0.00000	0.00000	0.00002
236	0.00000	0.99994	0.00000	0.00000	0.00000	0.00006
237	0.00000	0.99998	0.00000	0.00000	0.00000	0.00002
238	0.00000	0.99978	0.00000	0.00000	0.00000	0.00022
239	0.99998	0.00000	0.00000	0.00000	0.00002	0.00000
240	0.99996	0.00000	0.00000	0.00000	0.00004	0.00000
241	0.99997	0.00000	0.00000	0.00000	0.00003	0.00000
242	0.99999	0.00000	0.00000	0.00000	0.00001	0.00000
243	0.00000	0.99996	0.00000	0.00000	0.00000	0.00004
244	0.99970	0.00000	0.00000	0.00000	0.00030	0.00000
245	0.99967	0.00000	0.00000	0.00000	0.00033	0.00000
246	0.00000	0.99990	0.00000	0.00000	0.00000	0.00010
247	0.00000	0.99998	0.00000	0.00000	0.00000	0.00002
248	0.00000	0.99996	0.00000	0.00000	0.00000	0.00004
249	0.00000	0.99997	0.00000	0.00000	0.00000	0.00003
250	0.00000	0.99952	0.00000	0.00000	0.00000	0.00048
251	0.00000	0.99953	0.00000	0.00000	0.00000	0.00047
252	0.00000	1.00000	0.00000	0.00000	0.00000	0.00000
253	0.00000	0.99999	0.00000	0.00000	0.00000	0.00001
254	0.00000	1.00000	0.00000	0.00000	0.00000	0.00000
255	0.00000	0.99999	0.00000	0.00000	0.00000	0.00001
256	0.00000	0.99859	0.00000	0.00000	0.00000	0.00141
257	0.00000	1.00000	0.00000	0.00000	0.00000	0.00000
258	0.00000	0.99993	0.00000	0.00000	0.00000	0.00007
259	0.00000	0.99990	0.00000	0.00000	0.00000	0.00010
260	0.00000	0.89440	0.00000	0.01030	0.00000	0.09530
261	0.00000	0.99996	0.00000	0.00000	0.00000	0.00004
262	0.00000	0.99999	0.00000	0.00000	0.00000	0.00001
263	0.00000	0.99992	0.00000	0.00000	0.00000	0.00008
264	0.00000	0.99998	0.00000	0.00000	0.00000	0.00002
265	0.00011	0.34315	0.00522	0.32220	0.00540	0.32391
266	0.00000	0.99996	0.00000	0.00000	0.00000	0.00004
267	0.00000	0.99987	0.00000	0.00000	0.00000	0.00013
268	0.00000	0.99991	0.00000	0.00000	0.00000	0.00009
269	0.00000	0.99880	0.00000	0.00000	0.00000	0.00120
270	0.00000	0.99999	0.00000	0.00000	0.00000	0.00001
271	0.00000	0.99999	0.00000	0.00000	0.00000	0.00001
272	0.00000	0.99998	0.00000	0.00000	0.00000	0.00002
273	0.00000	0.99974	0.00000	0.00000	0.00000	0.00026
274	0.00000	0.99991	0.00000	0.00000	0.00000	0.00009
275	0.00000	0.99445	0.00000	0.00001	0.00000	0.00554
276	0.00000	0.99996	0.00000	0.00000	0.00000	0.00004
277	0.00000	0.99989	0.00000	0.00000	0.00000	0.00011
278	0.00000	0.99993	0.00000	0.00000	0.00000	0.00007
279	0.00000	0.99993	0.00000	0.00000	0.00000	0.00007
280	0.00000	0.99996	0.00000	0.00000	0.00000	0.00004
281	0.00000	0.99993	0.00000	0.00000	0.00000	0.00007
282	0.00000	0.99996	0.00000	0.00000	0.00000	0.00004
283	1.00000	0.00000	0.00000	0.00000	0.00000	0.00000
284	0.00000	0.91845	0.00000	0.00916	0.00000	0.07240
285	0.00000	0.99909	0.00000	0.00000	0.00000	0.00091
286	0.00000	0.99995	0.00000	0.00000	0.00000	0.00005
287	0.00000	0.99997	0.00000	0.00000	0.00000	0.00003
288	0.00000	1.00000	0.00000	0.00000	0.00000	0.00000
289	0.00000	0.97484	0.00000	0.00000	0.00000	0.02516
290	0.00000	0.99995	0.00000	0.00000	0.00000	0.00005
291	0.00000	0.99928	0.00000	0.00000	0.00000	0.00072
292	0.00000	0.99766	0.00000	0.00000	0.00000	0.00234
293	0.00000	0.99998	0.00000	0.00000	0.00000	0.00002
294	0.00000	0.99999	0.00000	0.00000	0.00000	0.00001
295	0.00000	0.99693	0.00000	0.00000	0.00000	0.00307
296	1.00000	0.00000	0.00000	0.00000	0.00000	0.00000
297	0.00000	0.99987	0.00000	0.00000	0.00000	0.00013
298	0.00000	0.96697	0.00000	0.00106	0.00000	0.03197
299	0.99997	0.00000	0.00000	0.00000	0.00003	0.00000
300	0.00000	0.99978	0.00000	0.00000	0.00000	0.00022
301	0.00000	1.00000	0.00000	0.00000	0.00000	0.00000
302	0.00000	0.99999	0.00000	0.00000	0.00000	0.00001
303	0.00000	0.99997	0.00000	0.00000	0.00000	0.00003
304	0.00000	0.99996	0.00000	0.00000	0.00000	0.00004
305	0.00000	0.99989	0.00000	0.00000	0.00000	0.00011
306	0.00000	0.99897	0.00000	0.00000	0.00000	0.00103
307	0.00000	1.00000	0.00000	0.00000	0.00000	0.00000
308	0.00000	0.99999	0.00000	0.00000	0.00000	0.00001
309	0.00000	0.99996	0.00000	0.00000	0.00000	0.00004
310	0.00000	0.99984	0.00000	0.00000	0.00000	0.00016
311	0.00000	0.97206	0.00000	0.00069	0.00000	0.02725
312	0.00000	0.99998	0.00000	0.00000	0.00000	0.00002
313	0.00000	0.99999	0.00000	0.00000	0.00000	0.00001
314	0.00000	0.99567	0.00000	0.00000	0.00000	0.00433
315	0.00000	0.83689	0.00000	0.00011	0.00000	0.16301
316	0.00000	0.99999	0.00000	0.00000	0.00000	0.00001
317	0.00000	0.99993	0.00000	0.00000	0.00000	0.00007
318	0.00000	0.99981	0.00000	0.00000	0.00000	0.00019
319	0.00000	0.35771	0.00000	0.00363	0.00000	0.63865
320	0.00000	0.98431	0.00000	0.00000	0.00000	0.01568
321	0.00000	0.99934	0.00000	0.00000	0.00000	0.00066
322	0.00000	1.00000	0.00000	0.00000	0.00000	0.00000
323	0.00000	0.99918	0.00000	0.00000	0.00000	0.00082
324	0.00000	0.99999	0.00000	0.00000	0.00000	0.00001
325	0.00000	0.99999	0.00000	0.00000	0.00000	0.00001
326	0.00000	0.98026	0.00000	0.00033	0.00000	0.01940
327	0.00000	0.99994	0.00000	0.00000	0.00000	0.00006
328	0.00000	0.99998	0.00000	0.00000	0.00000	0.00002
329	0.00000	0.99999	0.00000	0.00000	0.00000	0.00001
330	0.00000	0.97362	0.00000	0.00074	0.00000	0.02564
331	0.00000	0.99996	0.00000	0.00000	0.00000	0.00004
332	0.00000	1.00000	0.00000	0.00000	0.00000	0.00000
333	0.00000	0.99979	0.00000	0.00000	0.00000	0.00021
334	0.00000	0.99999	0.00000	0.00000	0.00000	0.00001
335	0.00000	0.99995	0.00000	0.00000	0.00000	0.00005
336	0.00000	0.83315	0.00019	0.02434	0.00003	0.14229
337	0.00000	0.99991	0.00000	0.00000	0.00000	0.00009
338	0.00000	0.99998	0.00000	0.00000	0.00000	0.00002
339	0.00000	0.99680	0.00000	0.00000	0.00000	0.00320
340	0.00000	0.00000	0.99979	0.00002	0.00000	0.00019
341	0.00000	0.99995	0.00000	0.00000	0.00000	0.00005
342	0.00000	0.99983	0.00000	0.00000	0.00000	0.00017
343	0.00000	0.00000	0.00000	0.00040	0.00000	0.99960
344	0.00000	0.99994	0.00000	0.00000	0.00000	0.00006
345	0.00000	0.99977	0.00000	0.00000	0.00000	0.00023
346	0.00000	0.98351	0.00000	0.00015	0.00000	0.01635
347	0.00000	0.00000	0.00000	0.00009	0.00000	0.99991
348	0.00000	0.99997	0.00000	0.00000	0.00000	0.00003
349	0.00000	0.99986	0.00000	0.00000	0.00000	0.00014
350	0.00000	0.99999	0.00000	0.00000	0.00000	0.00001
351	0.00000	0.98063	0.00000	0.00022	0.00000	0.01915
352	0.00000	0.99977	0.00000	0.00000	0.00000	0.00023
353	0.00000	0.99933	0.00000	0.00000	0.00000	0.00067
354	0.00000	0.93051	0.00000	0.00454	0.00000	0.06495
355	0.99994	0.00000	0.00000	0.00000	0.00006	0.00000
356	0.00000	0.99908	0.00000	0.00000	0.00000	0.00092
357	0.00000	0.99705	0.00000	0.00000	0.00000	0.00294
358	0.00000	0.76350	0.00155	0.04642	0.00039	0.18815
359	0.00000	0.99859	0.00000	0.00000	0.00000	0.00141
360	0.00000	0.99944	0.00000	0.00000	0.00000	0.00056
361	0.99723	0.00000	0.00000	0.00000	0.00277	0.00000
362	0.99998	0.00000	0.00000	0.00000	0.00002	0.00000
363	0.00000	0.99987	0.00000	0.00000	0.00000	0.00013
364	0.00000	0.99989	0.00000	0.00000	0.00000	0.00011
365	0.00000	0.99936	0.00000	0.00000	0.00000	0.00064
366	0.00000	0.99978	0.00000	0.00000	0.00000	0.00022
367	0.00000	0.99996	0.00000	0.00000	0.00000	0.00004
368	0.99964	0.00000	0.00000	0.00000	0.00036	0.00000
369	0.00000	0.99953	0.00000	0.00000	0.00000	0.00047
370	0.00000	0.99992	0.00000	0.00000	0.00000	0.00008
371	0.00000	0.99868	0.00000	0.00000	0.00000	0.00132
372	0.00000	0.99992	0.00000	0.00000	0.00000	0.00008
373	0.00000	0.99856	0.00000	0.00000	0.00000	0.00143
374	0.96299	0.00000	0.00000	0.00002	0.03698	0.00000
375	0.00000	0.99995	0.00000	0.00000	0.00000	0.00005
376	0.00000	0.67017	0.00102	0.08702	0.00037	0.24142
377	1.00000	0.00000	0.00000	0.00000	0.00000	0.00000
378	0.99935	0.00000	0.00000	0.00000	0.00065	0.00000
379	0.00000	0.99999	0.00000	0.00000	0.00000	0.00001
380	0.00000	0.99708	0.00000	0.00000	0.00000	0.00292
381	0.00000	0.98344	0.00000	0.00000	0.00000	0.01656
382	0.99996	0.00000	0.00000	0.00000	0.00004	0.00000
383	0.00000	0.99998	0.00000	0.00000	0.00000	0.00002
384	0.00000	0.99317	0.00000	0.00000	0.00000	0.00683
385	0.00000	0.99999	0.00000	0.00000	0.00000	0.00001
386	0.00000	0.99991	0.00000	0.00000	0.00000	0.00009
387	0.90822	0.00000	0.00000	0.00997	0.08181	0.00000
388	0.00000	0.99026	0.00000	0.00000	0.00000	0.00974
389	0.00000	0.99989	0.00000	0.00000	0.00000	0.00011
390	0.00000	0.99999	0.00000	0.00000	0.00000	0.00001
391	0.00000	0.99630	0.00000	0.00001	0.00000	0.00369
392	0.00000	0.97273	0.00000	0.00067	0.00000	0.02660
393	0.00000	0.99628	0.00000	0.00001	0.00000	0.00371
394	0.00000	1.00000	0.00000	0.00000	0.00000	0.00000
395	0.00000	0.99996	0.00000	0.00000	0.00000	0.00004
396	0.00000	0.99671	0.00000	0.00000	0.00000	0.00329
397	0.00000	0.99933	0.00000	0.00000	0.00000	0.00067
398	0.00001	0.65938	0.00199	0.09186	0.00075	0.24602
399	0.00000	0.99977	0.00000	0.00000	0.00000	0.00023
400	0.00000	0.99999	0.00000	0.00000	0.00000	0.00001
401	0.00971	0.28635	0.05073	0.30515	0.05263	0.29543
402	0.00000	0.99998	0.00000	0.00000	0.00000	0.00002
403	0.00000	0.99998	0.00000	0.00000	0.00000	0.00002
404	0.00000	0.97917	0.00000	0.00018	0.00000	0.02065
405	0.00000	0.99972	0.00000	0.00000	0.00000	0.00028
406	0.00000	0.99997	0.00000	0.00000	0.00000	0.00003
407	0.00000	0.99983	0.00000	0.00000	0.00000	0.00017
408	0.00000	1.00000	0.00000	0.00000	0.00000	0.00000
409	0.00000	0.99996	0.00000	0.00000	0.00000	0.00004
410	0.00000	0.99982	0.00000	0.00000	0.00000	0.00018
411	0.99993	0.00000	0.00000	0.00000	0.00007	0.00000
412	0.00000	0.99987	0.00000	0.00000	0.00000	0.00013
413	0.00000	0.99847	0.00000	0.00000	0.00000	0.00152
414	0.00000	0.99969	0.00000	0.00000	0.00000	0.00031
415	0.00000	0.96527	0.00000	0.00108	0.00000	0.03365
416	0.00000	0.99971	0.00000	0.00000	0.00000	0.00029
417	0.00000	1.00000	0.00000	0.00000	0.00000	0.00000
418	0.00000	0.99998	0.00000	0.00000	0.00000	0.00002
419	0.00000	0.99999	0.00000	0.00000	0.00000	0.00001
420	0.00000	0.99998	0.00000	0.00000	0.00000	0.00002
421	0.00000	0.99991	0.00000	0.00000	0.00000	0.00009
422	0.00000	0.91775	0.00000	0.00794	0.00000	0.07432
423	0.00000	0.82313	0.00000	0.02800	0.00000	0.14888
424	0.00000	0.99856	0.00000	0.00000	0.00000	0.00144
425	0.00000	0.99999	0.00000	0.00000	0.00000	0.00001
426	0.00000	0.99937	0.00000	0.00000	0.00000	0.00063
427	0.00000	0.99999	0.00000	0.00000	0.00000	0.00001
428	0.00000	0.99996	0.00000	0.00000	0.00000	0.00004
429	0.00000	0.99988	0.00000	0.00000	0.00000	0.00012
430	0.00000	0.99993	0.00000	0.00000	0.00000	0.00007
431	0.00000	0.99997	0.00000	0.00000	0.00000	0.00003
432	0.00000	0.99981	0.00000	0.00000	0.00000	0.00019
433	0.00000	0.99985	0.00000	0.00000	0.00000	0.00015
434	0.00000	0.97911	0.00000	0.00034	0.00000	0.02055
435	0.00000	0.99997	0.00000	0.00000	0.00000	0.00003
436	1.00000	0.00000	0.00000	0.00000	0.00000	0.00000
437	0.00000	0.99479	0.00000	0.00000	0.00000	0.00521
438	0.00000	0.99925	0.00000	0.00000	0.00000	0.00075
439	0.00000	0.99999	0.00000	0.00000	0.00000	0.00001
440	0.00000	0.99971	0.00000	0.00000	0.00000	0.00029
441	0.00000	0.99997	0.00000	0.00000	0.00000	0.00003
442	0.00000	0.99973	0.00000	0.00000	0.00000	0.00027
443	0.00000	0.99780	0.00000	0.00000	0.00000	0.00220
444	0.00000	0.95313	0.00000	0.00001	0.00000	0.04686
445	0.00000	0.99990	0.00000	0.00000	0.00000	0.00010
446	0.00000	0.99990	0.00000	0.00000	0.00000	0.00010
447	0.00000	0.99998	0.00000	0.00000	0.00000	0.00002
448	0.00000	0.99985	0.00000	0.00000	0.00000	0.00015
449	0.00000	0.99999	0.00000	0.00000	0.00000	0.00001
450	0.00000	0.99986	0.00000	0.00000	0.00000	0.00014
451	0.00000	0.99999	0.00000	0.00000	0.00000	0.00001
452	0.00001	0.65729	0.00177	0.09312	0.00067	0.24715
453	0.00000	0.99991	0.00000	0.00000	0.00000	0.00009
454	0.00000	0.99999	0.00000	0.00000	0.00000	0.00001
455	0.00000	0.99438	0.00000	0.00003	0.00000	0.00559
456	0.00000	0.99988	0.00000	0.00000	0.00000	0.00012
457	0.00000	0.99989	0.00000	0.00000	0.00000	0.00011
458	0.00000	0.99997	0.00000	0.00000	0.00000	0.00003
459	0.00000	0.99995	0.00000	0.00000	0.00000	0.00005
460	0.99996	0.00000	0.00000	0.00000	0.00004	0.00000
461	0.00000	0.99997	0.00000	0.00000	0.00000	0.00003
462	0.00000	0.99537	0.00000	0.00000	0.00000	0.00463
463	0.00001	0.68424	0.00251	0.07940	0.00086	0.23297
464	0.99994	0.00000	0.00000	0.00000	0.00006	0.00000
465	0.00000	1.00000	0.00000	0.00000	0.00000	0.00000
466	0.00000	0.99999	0.00000	0.00000	0.00000	0.00001
467	0.00000	0.98065	0.00000	0.00037	0.00000	0.01898
468	0.00000	0.99998	0.00000	0.00000	0.00000	0.00002
469	0.00000	0.99998	0.00000	0.00000	0.00000	0.00002
470	0.00000	0.99886	0.00000	0.00000	0.00000	0.00114
471	0.00000	0.99994	0.00000	0.00000	0.00000	0.00006
472	0.00000	0.99535	0.00000	0.00000	0.00000	0.00465
473	0.00000	0.99999	0.00000	0.00000	0.00000	0.00001
474	0.00000	0.72146	0.00003	0.06387	0.00001	0.21463
475	0.00000	0.99725	0.00000	0.00000	0.00000	0.00275
476	0.00000	0.99996	0.00000	0.00000	0.00000	0.00004
477	0.00000	1.00000	0.00000	0.00000	0.00000	0.00000
478	0.00000	0.99964	0.00000	0.00000	0.00000	0.00036
479	0.00000	0.89890	0.00000	0.00282	0.00000	0.09828
480	0.00000	1.00000	0.00000	0.00000	0.00000	0.00000
481	0.00000	0.98975	0.00000	0.00000	0.00000	0.01025
482	0.00000	0.99982	0.00000	0.00000	0.00000	0.00018
483	0.00000	0.99995	0.00000	0.00000	0.00000	0.00005
484	0.00000	0.99987	0.00000	0.00000	0.00000	0.00013
485	0.00000	0.99978	0.00000	0.00000	0.00000	0.00022
486	0.00000	0.99999	0.00000	0.00000	0.00000	0.00001
487	0.00000	0.99994	0.00000	0.00000	0.00000	0.00006
488	0.00000	0.99995	0.00000	0.00000	0.00000	0.00005
489	0.00000	0.99960	0.00000	0.00000	0.00000	0.00040
490	0.00000	1.00000	0.00000	0.00000	0.00000	0.00000
491	0.00000	0.99969	0.00000	0.00000	0.00000	0.00031
492	0.00000	0.96864	0.00000	0.00022	0.00000	0.03114
493	0.00000	0.99999	0.00000	0.00000	0.00000	0.00001
494	0.00000	0.94816	0.00000	0.00246	0.00000	0.04938
495	0.00000	0.99764	0.00000	0.00000	0.00000	0.00236
496	0.00000	0.99998	0.00000	0.00000	0.00000	0.00002
497	0.00000	0.99998	0.00000	0.00000	0.00000	0.00002
498	0.00000	0.99998	0.00000	0.00000	0.00000	0.00002
499	0.00000	0.99995	0.00000	0.00000	0.00000	0.00005
500	0.00005	0.69539	0.00435	0.07334	0.00148	0.22539
501	0.00000	0.99992	0.00000	0.00000	0.00000	0.00008
502	0.00004	0.53469	0.00419	0.16348	0.00235	0.29525
503	0.00000	0.99993	0.00000	0.00000	0.00000	0.00007
504	0.00000	0.99772	0.00000	0.00000	0.00000	0.00228
505	0.00000	1.00000	0.00000	0.00000	0.00000	0.00000
506	0.99716	0.00000	0.00000	0.00001	0.00283	0.00000
507	1.00000	0.00000	0.00000	0.00000	0.00000	0.00000
508	0.00000	0.99995	0.00000	0.00000	0.00000	0.00005
509	0.00000	0.99824	0.00000	0.00000	0.00000	0.00175
510	0.00000	0.99991	0.00000	0.00000	0.00000	0.00009
511	0.00000	0.99959	0.00000	0.00000	0.00000	0.00041
512	0.00000	0.99994	0.00000	0.00000	0.00000	0.00006
513	0.99932	0.00000	0.00000	0.00000	0.00068	0.00000
514	0.00000	1.00000	0.00000	0.00000	0.00000	0.00000
515	0.99993	0.00000	0.00000	0.00000	0.00007	0.00000
516	0.00000	0.98360	0.00000	0.00024	0.00000	0.01616
517	0.00000	0.99983	0.00000	0.00000	0.00000	0.00017
518	1.00000	0.00000	0.00000	0.00000	0.00000	0.00000
519	0.00000	0.99999	0.00000	0.00000	0.00000	0.00001
520	0.00000	0.99999	0.00000	0.00000	0.00000	0.00001
521	0.00000	0.99986	0.00000	0.00000	0.00000	0.00014
522	0.00000	0.99997	0.00000	0.00000	0.00000	0.00003
523	0.00000	0.99984	0.00000	0.00000	0.00000	0.00016
524	0.00000	0.99996	0.00000	0.00000	0.00000	0.00004
525	0.00000	0.99871	0.00000	0.00000	0.00000	0.00129
526	0.00000	0.99974	0.00000	0.00000	0.00000	0.00026
527	0.00000	0.99997	0.00000	0.00000	0.00000	0.00003
528	0.00000	0.95278	0.00000	0.00181	0.00000	0.04540
529	0.00001	0.68045	0.00268	0.08109	0.00093	0.23483
530	0.00000	0.99961	0.00000	0.00000	0.00000	0.00039
531	0.00000	0.99999	0.00000	0.00000	0.00000	0.00001
532	0.00000	0.99996	0.00000	0.00000	0.00000	0.00004
533	0.99999	0.00000	0.00000	0.00000	0.00001	0.00000
534	0.00000	0.99998	0.00000	0.00000	0.00000	0.00002
535	0.00000	0.99996	0.00000	0.00000	0.00000	0.00004
536	0.00000	0.99999	0.00000	0.00000	0.00000	0.00001
537	0.99957	0.00000	0.00000	0.00000	0.00043	0.00000
538	0.00000	0.99704	0.00000	0.00001	0.00000	0.00295
539	0.00000	0.99999	0.00000	0.00000	0.00000	0.00001
540	0.98011	0.00000	0.00000	0.00029	0.01960	0.00000
541	0.99998	0.00000	0.00000	0.00000	0.00002	0.00000
542	0.99999	0.00000	0.00000	0.00000	0.00001	0.00000
543	0.00000	0.99954	0.00000	0.00000	0.00000	0.00046
544	0.00000	1.00000	0.00000	0.00000	0.00000	0.00000
545	0.00000	0.99960	0.00000	0.00000	0.00000	0.00040
546	0.00000	0.99994	0.00000	0.00000	0.00000	0.00006
547	0.00000	0.99990	0.00000	0.00000	0.00000	0.00010
548	0.98979	0.00000	0.00000	0.00008	0.01014	0.00000
549	0.00000	0.99997	0.00000	0.00000	0.00000	0.00003
550	0.00000	0.99997	0.00000	0.00000	0.00000	0.00003
551	0.99999	0.00000	0.00000	0.00000	0.00001	0.00000
552	0.00000	0.99998	0.00000	0.00000	0.00000	0.00002
553	0.00000	0.99794	0.00000	0.00000	0.00000	0.00206
554	0.00000	0.99991	0.00000	0.00000	0.00000	0.00009
555	0.00000	0.99976	0.00000	0.00000	0.00000	0.00024
556	0.00000	0.00000	0.97945	0.02005	0.00022	0.00028
557	0.00000	0.99033	0.00000	0.00000	0.00000	0.00967
558	0.00000	0.99999	0.00000	0.00000	0.00000	0.00001
559	1.00000	0.00000	0.00000	0.00000	0.00000	0.00000
560	0.99997	0.00000	0.00000	0.00000	0.00003	0.00000
561	0.99998	0.00000	0.00000	0.00000	0.00002	0.00000
562	1.00000	0.00000	0.00000	0.00000	0.00000	0.00000
563	0.00000	0.99938	0.00000	0.00000	0.00000	0.00062
564	0.00000	0.99995	0.00000	0.00000	0.00000	0.00005
565	0.99959	0.00000	0.00000	0.00000	0.00041	0.00000
566	0.00000	0.99943	0.00000	0.00000	0.00000	0.00057
567	0.12612	0.18665	0.15294	0.19078	0.15492	0.18861
568	0.99999	0.00000	0.00000	0.00000	0.00001	0.00000
569	0.00000	0.98940	0.00000	0.00000	0.00000	0.01060
570	0.00000	1.00000	0.00000	0.00000	0.00000	0.00000
571	0.00000	0.99911	0.00000	0.00000	0.00000	0.00089
572	0.00000	0.99720	0.00000	0.00000	0.00000	0.00280
573	0.00000	0.99992	0.00000	0.00000	0.00000	0.00008
574	0.00000	0.99987	0.00000	0.00000	0.00000	0.00013
575	0.00000	0.00000	0.00000	0.00121	0.99879	0.00000
576	0.00000	0.99825	0.00000	0.00000	0.00000	0.00175
577	0.99991	0.00000	0.00000	0.00000	0.00009	0.00000
578	0.00000	0.99993	0.00000	0.00000	0.00000	0.00007
579	0.00000	0.88190	0.00000	0.00005	0.00000	0.11805
580	0.00000	0.99574	0.00000	0.00002	0.00000	0.00425
581	0.00000	0.99786	0.00000	0.00000	0.00000	0.00214
582	0.00000	0.99997	0.00000	0.00000	0.00000	0.00003
583	0.00000	0.98677	0.00000	0.00014	0.00000	0.01310
584	0.00000	0.99511	0.00000	0.00000	0.00000	0.00489
585	0.00000	0.92414	0.00000	0.00000	0.00000	0.07586
586	0.00000	1.00000	0.00000	0.00000	0.00000	0.00000
587	0.00000	0.99997	0.00000	0.00000	0.00000	0.00003
588	0.00000	0.99996	0.00000	0.00000	0.00000	0.00004
589	0.00000	0.99997	0.00000	0.00000	0.00000	0.00003
590	0.00000	0.99998	0.00000	0.00000	0.00000	0.00002
591	0.00000	0.98073	0.00000	0.00037	0.00000	0.01890
592	0.00000	0.99930	0.00000	0.00000	0.00000	0.00070
593	0.00000	0.99999	0.00000	0.00000	0.00000	0.00001
594	0.00000	0.99883	0.00000	0.00000	0.00000	0.00117
595	0.00000	0.99999	0.00000	0.00000	0.00000	0.00001
596	0.00000	0.00000	0.00000	0.98328	0.00007	0.01665
597	0.00000	0.99987	0.00000	0.00000	0.00000	0.00013
598	0.00000	0.71753	0.00000	0.00228	0.00000	0.28019
599	0.00001	0.02283	0.02755	0.29684	0.00461	0.64817
600	0.00000	0.99997	0.00000	0.00000	0.00000	0.00003
601	0.00000	0.93076	0.00000	0.00361	0.00000	0.06562
602	0.99873	0.00000	0.00000	0.00000	0.00127	0.00000
603	0.96657	0.00000	0.00000	0.00114	0.03229	0.00000
604	0.00000	0.99873	0.00000	0.00000	0.00000	0.00127
605	0.00000	0.99451	0.00000	0.00002	0.00000	0.00547
606	0.00000	0.99947	0.00000	0.00000	0.00000	0.00053
607	0.00000	0.99999	0.00000	0.00000	0.00000	0.00001
608	0.00000	1.00000	0.00000	0.00000	0.00000	0.00000
609	0.00000	0.99974	0.00000	0.00000	0.00000	0.00026
610	0.09857	0.00000	0.00000	0.00647	0.89496	0.00000
611	0.00000	0.99999	0.00000	0.00000	0.00000	0.00001
612	0.00000	0.99995	0.00000	0.00000	0.00000	0.00005
613	0.00000	0.99994	0.00000	0.00000	0.00000	0.00006
614	0.00000	0.88512	0.00009	0.00935	0.00001	0.10543
615	0.00000	0.99998	0.00000	0.00000	0.00000	0.00002
616	0.00000	0.99526	0.00000	0.00001	0.00000	0.00473
617	0.00000	0.99963	0.00000	0.00000	0.00000	0.00037
618	0.00000	0.99978	0.00000	0.00000	0.00000	0.00022
619	0.00000	0.99977	0.00000	0.00000	0.00000	0.00023
620	0.00000	0.99995	0.00000	0.00000	0.00000	0.00005
621	0.00000	0.99996	0.00000	0.00000	0.00000	0.00004
622	0.00000	0.89495	0.00000	0.00847	0.00000	0.09658
623	0.00000	0.99805	0.00000	0.00000	0.00000	0.00195
624	0.00000	0.99993	0.00000	0.00000	0.00000	0.00007
625	0.00000	0.99977	0.00000	0.00000	0.00000	0.00023
626	0.00174	0.08607	0.02589	0.59265	0.04808	0.24558
627	0.00000	0.99991	0.00000	0.00000	0.00000	0.00009
628	0.00000	0.99988	0.00000	0.00000	0.00000	0.00012
629	0.00000	0.99996	0.00000	0.00000	0.00000	0.00004
630	0.00000	0.99998	0.00000	0.00000	0.00000	0.00002
631	0.00000	0.99993	0.00000	0.00000	0.00000	0.00007
632	0.99983	0.00000	0.00000	0.00000	0.00017	0.00000
633	0.00000	0.99995	0.00000	0.00000	0.00000	0.00005
634	0.00000	1.00000	0.00000	0.00000	0.00000	0.00000
635	0.00000	0.99998	0.00000	0.00000	0.00000	0.00002
636	0.00000	0.99721	0.00000	0.00001	0.00000	0.00278
637	0.00000	0.99979	0.00000	0.00000	0.00000	0.00021
638	0.00000	0.99937	0.00000	0.00000	0.00000	0.00063
639	0.00000	0.99999	0.00000	0.00000	0.00000	0.00001
640	0.00000	0.99988	0.00000	0.00000	0.00000	0.00012
641	0.00000	0.99999	0.00000	0.00000	0.00000	0.00001
642	0.00000	0.99861	0.00000	0.00000	0.00000	0.00139
643	0.00000	0.99992	0.00000	0.00000	0.00000	0.00008
644	0.00000	0.00000	0.00000	0.00047	0.00000	0.99953
645	0.00000	0.99999	0.00000	0.00000	0.00000	0.00001
646	0.00000	0.48552	0.00000	0.00048	0.00000	0.51400
647	0.00000	0.99990	0.00000	0.00000	0.00000	0.00010
648	0.00000	0.99950	0.00000	0.00000	0.00000	0.00050
649	0.00000	0.99964	0.00000	0.00000	0.00000	0.00036
650	0.99984	0.00000	0.00000	0.00000	0.00016	0.00000
651	0.00000	0.99999	0.00000	0.00000	0.00000	0.00001
652	0.00000	0.99991	0.00000	0.00000	0.00000	0.00009
653	0.86898	0.00000	0.00000	0.00500	0.12602	0.00000
654	0.00000	0.40363	0.00000	0.04650	0.00000	0.54987
655	0.00000	0.99995	0.00000	0.00000	0.00000	0.00005
656	0.00000	0.69437	0.00000	0.00013	0.00000	0.30549
657	0.00000	0.99454	0.00000	0.00000	0.00000	0.00546
658	0.00000	0.99990	0.00000	0.00000	0.00000	0.00010
659	0.96636	0.00000	0.00000	0.00105	0.03260	0.00000
660	0.00000	0.99996	0.00000	0.00000	0.00000	0.00004
661	0.00000	0.99812	0.00000	0.00000	0.00000	0.00188
662	0.00000	0.99997	0.00000	0.00000	0.00000	0.00003
663	0.00000	0.89894	0.00001	0.00837	0.00000	0.09267
664	0.99999	0.00000	0.00000	0.00000	0.00001	0.00000
665	0.00000	0.99929	0.00000	0.00000	0.00000	0.00071
666	0.99999	0.00000	0.00000	0.00000	0.00001	0.00000
667	0.99997	0.00000	0.00000	0.00000	0.00003	0.00000
668	0.99993	0.00000	0.00000	0.00000	0.00007	0.00000
669	0.99992	0.00000	0.00000	0.00000	0.00008	0.00000
670	0.99000	0.00000	0.00000	0.00007	0.00993	0.00000
671	0.00000	0.99997	0.00000	0.00000	0.00000	0.00003
672	0.00000	0.99997	0.00000	0.00000	0.00000	0.00003
673	0.00000	0.99984	0.00000	0.00000	0.00000	0.00016
674	0.00000	0.94317	0.00000	0.00307	0.00000	0.05375
675	0.00000	0.99804	0.00000	0.00000	0.00000	0.00195
676	0.00000	0.99790	0.00000	0.00000	0.00000	0.00209
677	0.00000	0.99904	0.00000	0.00000	0.00000	0.00096
678	0.99997	0.00000	0.00000	0.00000	0.00003	0.00000
679	0.00000	0.99997	0.00000	0.00000	0.00000	0.00003
680	0.00000	0.99984	0.00000	0.00000	0.00000	0.00016
681	0.00000	0.99996	0.00000	0.00000	0.00000	0.00004
682	0.00000	0.99971	0.00000	0.00000	0.00000	0.00029
683	0.00000	0.99999	0.00000	0.00000	0.00000	0.00001
684	0.00000	0.99901	0.00000	0.00000	0.00000	0.00099
685	0.00000	0.99999	0.00000	0.00000	0.00000	0.00001
686	0.00000	0.99331	0.00000	0.00000	0.00000	0.00669
687	0.00000	0.99947	0.00000	0.00000	0.00000	0.00053
688	0.00000	0.93656	0.00000	0.00005	0.00000	0.06339
689	0.00000	0.99929	0.00000	0.00000	0.00000	0.00071
690	0.00000	0.99965	0.00000	0.00000	0.00000	0.00035
691	0.00000	0.99998	0.00000	0.00000	0.00000	0.00002
692	0.00000	0.99984	0.00000	0.00000	0.00000	0.00016
693	0.00000	0.99997	0.00000	0.00000	0.00000	0.00003
694	0.00000	0.97757	0.00000	0.00049	0.00000	0.02193
695	0.00000	0.99982	0.00000	0.00000	0.00000	0.00018
696	0.00000	0.99984	0.00000	0.00000	0.00000	0.00016
697	0.00000	0.73618	0.00000	0.00280	0.00000	0.26102
698	0.00000	0.78301	0.00000	0.00005	0.00000	0.21694
699	0.00000	0.99995	0.00000	0.00000	0.00000	0.00005
700	0.00000	0.99999	0.00000	0.00000	0.00000	0.00001
701	0.99997	0.00000	0.00000	0.00000	0.00003	0.00000
702	0.99982	0.00000	0.00000	0.00000	0.00018	0.00000
703	0.99940	0.00000	0.00000	0.00000	0.00060	0.00000
704	0.97927	0.00000	0.00000	0.00038	0.02035	0.00000
705	0.00000	0.99168	0.00000	0.00000	0.00000	0.00832
706	0.00000	0.99969	0.00000	0.00000	0.00000	0.00031
707	0.64151	0.00000	0.00000	0.00631	0.35218	0.00000
708	0.00000	0.94419	0.00000	0.00001	0.00000	0.05581
709	0.00000	0.99926	0.00000	0.00000	0.00000	0.00074
710	0.00000	0.99994	0.00000	0.00000	0.00000	0.00006
711	0.00000	0.99941	0.00000	0.00000	0.00000	0.00059
712	0.00000	0.99947	0.00000	0.00000	0.00000	0.00053
713	0.00000	0.99655	0.00000	0.00000	0.00000	0.00345
714	0.99950	0.00000	0.00000	0.00000	0.00050	0.00000
715	0.00000	0.68358	0.00051	0.08210	0.00014	0.23368
716	0.00000	0.99996	0.00000	0.00000	0.00000	0.00004
717	0.00000	0.99771	0.00000	0.00000	0.00000	0.00229
718	0.99934	0.00000	0.00000	0.00000	0.00066	0.00000
719	0.00000	0.99985	0.00000	0.00000	0.00000	0.00015
720	0.00000	0.99997	0.00000	0.00000	0.00000	0.00003
721	0.00000	0.99998	0.00000	0.00000	0.00000	0.00002
722	0.00000	0.99997	0.00000	0.00000	0.00000	0.00003
723	0.00000	0.99671	0.00000	0.00000	0.00000	0.00329
724	0.00000	0.78646	0.00000	0.01131	0.00000	0.20223
725	0.00000	0.17403	0.00001	0.53650	0.00001	0.28945
726	0.00000	0.99999	0.00000	0.00000	0.00000	0.00001
727	0.00000	0.99999	0.00000	0.00000	0.00000	0.00001
728	0.00000	0.91475	0.00000	0.00686	0.00000	0.07839
729	0.00000	0.99999	0.00000	0.00000	0.00000	0.00001
730	0.00000	0.99075	0.00000	0.00003	0.00000	0.00922
731	0.00000	0.99878	0.00000	0.00000	0.00000	0.00122
732	1.00000	0.00000	0.00000	0.00000	0.00000	0.00000
733	0.00000	0.99726	0.00000	0.00000	0.00000	0.00274
734	0.00000	0.99949	0.00000	0.00000	0.00000	0.00051
735	0.00000	0.99988	0.00000	0.00000	0.00000	0.00012
736	0.00000	0.99323	0.00000	0.00005	0.00000	0.00672
737	0.00000	0.99994	0.00000	0.00000	0.00000	0.00006
738	0.99996	0.00000	0.00000	0.00000	0.00004	0.00000
739	0.00000	0.95959	0.00000	0.00158	0.00000	0.03883
740	0.00000	0.99991	0.00000	0.00000	0.00000	0.00009
741	0.99994	0.00000	0.00000	0.00000	0.00006	0.00000
742	0.00000	0.99999	0.00000	0.00000	0.00000	0.00001
743	0.00000	0.88891	0.00000	0.00000	0.00000	0.11109
744	0.00000	0.99994	0.00000	0.00000	0.00000	0.00006
745	1.00000	0.00000	0.00000	0.00000	0.00000	0.00000
746	0.00000	1.00000	0.00000	0.00000	0.00000	0.00000
747	0.00000	1.00000	0.00000	0.00000	0.00000	0.00000
748	0.00000	0.99982	0.00000	0.00000	0.00000	0.00018
749	0.00000	0.99985	0.00000	0.00000	0.00000	0.00015
750	0.13388	0.20261	0.16443	0.16637	0.14917	0.18353
751	0.00000	0.99971	0.00000	0.00000	0.00000	0.00029
752	0.00000	0.99976	0.00000	0.00000	0.00000	0.00024
753	0.00000	0.96132	0.00000	0.00000	0.00000	0.03868
754	0.00000	1.00000	0.00000	0.00000	0.00000	0.00000
755	0.00000	0.99772	0.00000	0.00000	0.00000	0.00227
756	0.00000	0.99997	0.00000	0.00000	0.00000	0.00003
757	0.00000	0.99473	0.00000	0.00001	0.00000	0.00526
758	0.00000	0.99833	0.00000	0.00000	0.00000	0.00167
759	0.99909	0.00000	0.00000	0.00000	0.00091	0.00000
760	0.99999	0.00000	0.00000	0.00000	0.00001	0.00000
761	0.00000	0.94694	0.00000	0.00001	0.00000	0.05305
762	0.00000	0.99996	0.00000	0.00000	0.00000	0.00004
763	0.00000	0.99997	0.00000	0.00000	0.00000	0.00003
764	0.00000	0.99480	0.00000	0.00000	0.00000	0.00520
765	0.00000	0.99970	0.00000	0.00000	0.00000	0.00030
766	0.00000	0.99989	0.00000	0.00000	0.00000	0.00011
767	0.00000	0.99997	0.00000	0.00000	0.00000	0.00003
768	0.00000	0.99434	0.00000	0.00001	0.00000	0.00565
769	0.00000	0.81521	0.00000	0.00793	0.00000	0.17686
770	0.00000	0.99995	0.00000	0.00000	0.00000	0.00005
771	0.00000	0.99980	0.00000	0.00000	0.00000	0.00020
772	0.00000	0.99635	0.00000	0.00000	0.00000	0.00364
773	0.00000	0.99837	0.00000	0.00000	0.00000	0.00163
774	0.00000	0.99993	0.00000	0.00000	0.00000	0.00007
775	0.00000	1.00000	0.00000	0.00000	0.00000	0.00000
776	0.00000	0.99994	0.00000	0.00000	0.00000	0.00006
