UponCompletionOf_62401_sweeps
LocNumber LocName AlleleNumber AlleleName FreqInPop0 FreqInPop1 SDInPop0 SDinPop1
0	LdDocent_Contig_752_383	0	1	0.005705	0.996951	0.004650	0.001634
0	LdDocent_Contig_752_383	1	2	0.994295	0.003049	0.004650	0.001634
1	LdDocent_Contig_68912_395	0	1	0.924315	0.953861	0.030918	0.006275
1	LdDocent_Contig_68912_395	1	2	0.075685	0.046139	0.030918	0.006275
2	LdDocent_Contig_55448_441	0	1	0.998048	0.993372	0.002768	0.002417
2	LdDocent_Contig_55448_441	1	2	0.001952	0.006628	0.002768	0.002417
3	LdDocent_Contig_24469_51	0	1	0.997117	0.992734	0.004051	0.002656
3	LdDocent_Contig_24469_51	1	2	0.002883	0.007266	0.004051	0.002656
4	LdDocent_Contig_23362_351	0	1	0.997688	0.962823	0.003229	0.005648
4	LdDocent_Contig_23362_351	1	2	0.002312	0.037177	0.003229	0.005648
5	LdDocent_Contig_879_336	0	1	0.006451	0.996615	0.005237	0.001797
5	LdDocent_Contig_879_336	1	2	0.993549	0.003385	0.005237	0.001797
6	LdDocent_Contig_51380_365	0	1	0.997766	0.981105	0.003145	0.004218
6	LdDocent_Contig_51380_365	1	2	0.002234	0.018895	0.003145	0.004218
7	LdDocent_Contig_29255_349	0	1	0.988876	0.828694	0.007002	0.012070
7	LdDocent_Contig_29255_349	1	2	0.011124	0.171306	0.007002	0.012070
8	LdDocent_Contig_25105_376	0	2	0.771690	0.936563	0.027225	0.007545
8	LdDocent_Contig_25105_376	1	1	0.228310	0.063437	0.027225	0.007545
9	LdDocent_Contig_66336_401	0	1	0.998073	0.976317	0.002713	0.004519
9	LdDocent_Contig_66336_401	1	2	0.001927	0.023683	0.002713	0.004519
10	LdDocent_Contig_96111_324	0	1	0.989132	0.984962	0.006826	0.003793
10	LdDocent_Contig_96111_324	1	2	0.010868	0.015038	0.006826	0.003793
11	LdDocent_Contig_16527_454	0	1	0.977229	0.920954	0.009592	0.008426
11	LdDocent_Contig_16527_454	1	2	0.022771	0.079046	0.009592	0.008426
12	LdDocent_Contig_23413_464	0	1	0.060392	0.995100	0.015985	0.002091
12	LdDocent_Contig_23413_464	1	2	0.939608	0.004900	0.015985	0.002091
13	LdDocent_Contig_3480_353	0	1	0.906602	0.999534	0.019170	0.000659
13	LdDocent_Contig_3480_353	1	2	0.093398	0.000466	0.019170	0.000659
14	LdDocent_Contig_8454_442	0	1	0.997994	0.972617	0.002813	0.004889
14	LdDocent_Contig_8454_442	1	2	0.002006	0.027383	0.002813	0.004889
15	LdDocent_Contig_55498_404	0	1	0.997729	0.989424	0.003205	0.003225
15	LdDocent_Contig_55498_404	1	2	0.002271	0.010576	0.003205	0.003225
16	LdDocent_Contig_35645_389	0	1	0.973179	0.998653	0.010418	0.001094
16	LdDocent_Contig_35645_389	1	2	0.026821	0.001347	0.010418	0.001094
17	LdDocent_Contig_311_397	0	1	0.997603	0.980682	0.003405	0.004121
17	LdDocent_Contig_311_397	1	2	0.002397	0.019318	0.003405	0.004121
18	LdDocent_Contig_626_446	0	1	0.997365	0.989919	0.003724	0.002964
18	LdDocent_Contig_626_446	1	2	0.002635	0.010081	0.003724	0.002964
19	LdDocent_Contig_51180_341	0	1	0.997908	0.987267	0.002945	0.003439
19	LdDocent_Contig_51180_341	1	2	0.002092	0.012733	0.002945	0.003439
20	LdDocent_Contig_13066_328	0	1	0.917115	0.960623	0.019479	0.005715
20	LdDocent_Contig_13066_328	1	2	0.082885	0.039377	0.019479	0.005715
21	LdDocent_Contig_1450_66	0	1	0.997503	0.979162	0.003491	0.004347
21	LdDocent_Contig_1450_66	1	2	0.002497	0.020838	0.003491	0.004347
22	LdDocent_Contig_93071_136	0	1	0.858364	0.999533	0.023407	0.000657
22	LdDocent_Contig_93071_136	1	2	0.141636	0.000467	0.023407	0.000657
23	LdDocent_Contig_22136_393	0	1	0.389420	0.995525	0.031988	0.002107
23	LdDocent_Contig_22136_393	1	2	0.610580	0.004475	0.031988	0.002107
24	LdDocent_Contig_91572_481	0	1	0.958938	0.993408	0.013042	0.002579
24	LdDocent_Contig_91572_481	1	2	0.041062	0.006592	0.013042	0.002579
25	LdDocent_Contig_69048_28	0	1	0.998006	0.985687	0.002820	0.003608
25	LdDocent_Contig_69048_28	1	2	0.001994	0.014313	0.002820	0.003608
26	LdDocent_Contig_3465_420	0	1	0.997874	0.988476	0.003002	0.003364
26	LdDocent_Contig_3465_420	1	2	0.002126	0.011524	0.003002	0.003364
27	LdDocent_Contig_667_404	0	1	0.998028	0.991836	0.002760	0.002799
27	LdDocent_Contig_667_404	1	2	0.001972	0.008164	0.002760	0.002799
28	LdDocent_Contig_12191_94	0	1	0.997985	0.989751	0.002862	0.003001
28	LdDocent_Contig_12191_94	1	2	0.002015	0.010249	0.002862	0.003001
29	LdDocent_Contig_743_434	0	1	0.880585	0.997554	0.020407	0.001545
29	LdDocent_Contig_743_434	1	2	0.119415	0.002446	0.020407	0.001545
30	LdDocent_Contig_83877_38	0	1	0.997708	0.987256	0.003187	0.003348
30	LdDocent_Contig_83877_38	1	2	0.002292	0.012744	0.003187	0.003348
31	LdDocent_Contig_83520_23	0	1	0.998012	0.989468	0.002829	0.003089
31	LdDocent_Contig_83520_23	1	2	0.001988	0.010532	0.002829	0.003089
32	LdDocent_Contig_7109_58	0	1	0.934740	0.997554	0.016522	0.001531
32	LdDocent_Contig_7109_58	1	2	0.065260	0.002446	0.016522	0.001531
33	LdDocent_Contig_52407_95	0	1	0.996871	0.944893	0.004382	0.006909
33	LdDocent_Contig_52407_95	1	2	0.003129	0.055107	0.004382	0.006909
34	LdDocent_Contig_29135_480	0	1	0.997933	0.924808	0.002933	0.007826
34	LdDocent_Contig_29135_480	1	2	0.002067	0.075192	0.002933	0.007826
35	LdDocent_Contig_80646_404	0	1	0.993208	0.988524	0.005524	0.003360
35	LdDocent_Contig_80646_404	1	2	0.006792	0.011476	0.005524	0.003360
36	LdDocent_Contig_1728_9	0	1	0.002026	0.991235	0.002838	0.002823
36	LdDocent_Contig_1728_9	1	2	0.997974	0.008765	0.002838	0.002823
37	LdDocent_Contig_93296_350	0	1	0.993882	0.992632	0.004985	0.002521
37	LdDocent_Contig_93296_350	1	2	0.006118	0.007368	0.004985	0.002521
38	LdDocent_Contig_691_15	0	1	0.997750	0.970240	0.003172	0.005392
38	LdDocent_Contig_691_15	1	2	0.002250	0.029760	0.003172	0.005392
39	LdDocent_Contig_60825_73	0	1	0.028118	0.981368	0.011848	0.004344
39	LdDocent_Contig_60825_73	1	2	0.971882	0.018632	0.011848	0.004344
40	LdDocent_Contig_236_21	0	1	0.998028	0.982267	0.002774	0.003960
40	LdDocent_Contig_236_21	1	2	0.001972	0.017733	0.002774	0.003960
41	LdDocent_Contig_693_381	0	1	0.997542	0.982432	0.003468	0.004065
41	LdDocent_Contig_693_381	1	2	0.002458	0.017568	0.003468	0.004065
42	LdDocent_Contig_37691_105	0	1	0.859653	0.999506	0.022228	0.000701
42	LdDocent_Contig_37691_105	1	2	0.140347	0.000494	0.022228	0.000701
43	LdDocent_Contig_86535_357	0	1	0.997824	0.979931	0.003082	0.004272
43	LdDocent_Contig_86535_357	1	2	0.002176	0.020069	0.003082	0.004272
44	LdDocent_Contig_35672_447	0	1	0.997938	0.986206	0.002913	0.003586
44	LdDocent_Contig_35672_447	1	2	0.002062	0.013794	0.002913	0.003586
45	LdDocent_Contig_670_478	0	1	0.993560	0.991382	0.005220	0.002937
45	LdDocent_Contig_670_478	1	2	0.006440	0.008618	0.005220	0.002937
46	LdDocent_Contig_2755_439	0	1	0.997923	0.971550	0.002913	0.005200
46	LdDocent_Contig_2755_439	1	2	0.002077	0.028450	0.002913	0.005200
47	LdDocent_Contig_22707_96	0	2	0.006042	0.322831	0.004885	0.013850
47	LdDocent_Contig_22707_96	1	1	0.993958	0.677169	0.004885	0.013850
48	LdDocent_Contig_6838_318	0	1	0.998048	0.975990	0.002772	0.004439
48	LdDocent_Contig_6838_318	1	2	0.001952	0.024010	0.002772	0.004439
49	LdDocent_Contig_93275_493	0	1	0.995978	0.987583	0.005214	0.003590
49	LdDocent_Contig_93275_493	1	2	0.004022	0.012417	0.005214	0.003590
50	LdDocent_Contig_36582_322	0	1	0.997961	0.990930	0.002865	0.002790
50	LdDocent_Contig_36582_322	1	2	0.002039	0.009070	0.002865	0.002790
51	LdDocent_Contig_3697_141	0	1	0.998045	0.989427	0.002721	0.002960
51	LdDocent_Contig_3697_141	1	2	0.001955	0.010573	0.002721	0.002960
52	LdDocent_Contig_7411_142	0	1	0.010673	0.998109	0.006704	0.001393
52	LdDocent_Contig_7411_142	1	2	0.989327	0.001891	0.006704	0.001393
53	LdDocent_Contig_85847_414	0	1	0.997832	0.991639	0.003082	0.002857
53	LdDocent_Contig_85847_414	1	2	0.002168	0.008361	0.003082	0.002857
54	LdDocent_Contig_31140_48	0	1	0.997881	0.969295	0.002986	0.005403
54	LdDocent_Contig_31140_48	1	2	0.002119	0.030705	0.002986	0.005403
55	LdDocent_Contig_1211_370	0	1	0.998022	0.993343	0.002797	0.002407
55	LdDocent_Contig_1211_370	1	2	0.001978	0.006657	0.002797	0.002407
56	LdDocent_Contig_51_124	0	1	0.015083	0.994019	0.007927	0.002323
56	LdDocent_Contig_51_124	1	2	0.984917	0.005981	0.007927	0.002323
57	LdDocent_Contig_90843_36	0	1	0.936263	0.999505	0.016171	0.000704
57	LdDocent_Contig_90843_36	1	2	0.063737	0.000495	0.016171	0.000704
58	LdDocent_Contig_61626_397	0	1	0.997830	0.952651	0.003083	0.006771
58	LdDocent_Contig_61626_397	1	2	0.002170	0.047349	0.003083	0.006771
59	LdDocent_Contig_34180_70	0	1	0.997925	0.989292	0.002934	0.003129
59	LdDocent_Contig_34180_70	1	2	0.002075	0.010708	0.002934	0.003129
60	LdDocent_Contig_6056_54	0	1	0.997655	0.988401	0.003330	0.003259
60	LdDocent_Contig_6056_54	1	2	0.002345	0.011599	0.003330	0.003259
61	LdDocent_Contig_29834_411	0	1	0.990022	0.985766	0.006294	0.003577
61	LdDocent_Contig_29834_411	1	2	0.009978	0.014234	0.006294	0.003577
62	LdDocent_Contig_2286_103	0	1	0.997940	0.886899	0.002916	0.009908
62	LdDocent_Contig_2286_103	1	2	0.002060	0.113101	0.002916	0.009908
63	LdDocent_Contig_52771_138	0	1	0.992596	0.913081	0.005988	0.008953
63	LdDocent_Contig_52771_138	1	2	0.007404	0.086919	0.005988	0.008953
64	LdDocent_Contig_56542_417	0	1	0.952459	0.999544	0.013650	0.000642
64	LdDocent_Contig_56542_417	1	2	0.047541	0.000456	0.013650	0.000642
65	LdDocent_Contig_86410_87	0	1	0.997853	0.985147	0.003019	0.003876
65	LdDocent_Contig_86410_87	1	2	0.002147	0.014853	0.003019	0.003876
66	LdDocent_Contig_98_468	0	1	0.997944	0.990358	0.002898	0.002961
66	LdDocent_Contig_98_468	1	2	0.002056	0.009642	0.002898	0.002961
67	LdDocent_Contig_7549_112	0	1	0.998005	0.993288	0.002799	0.002449
67	LdDocent_Contig_7549_112	1	2	0.001995	0.006712	0.002799	0.002449
68	LdDocent_Contig_1920_333	0	1	0.002711	0.996599	0.003689	0.001817
68	LdDocent_Contig_1920_333	1	2	0.997289	0.003401	0.003689	0.001817
69	LdDocent_Contig_9472_330	0	1	0.871881	0.999525	0.021667	0.000670
69	LdDocent_Contig_9472_330	1	2	0.128119	0.000475	0.021667	0.000670
70	LdDocent_Contig_60842_48	0	1	0.998033	0.975930	0.002768	0.004533
70	LdDocent_Contig_60842_48	1	2	0.001967	0.024070	0.002768	0.004533
71	LdDocent_Contig_24232_389	0	1	0.958228	0.901666	0.013776	0.009157
71	LdDocent_Contig_24232_389	1	2	0.041772	0.098334	0.013776	0.009157
72	LdDocent_Contig_301_42	0	1	0.002095	0.995151	0.002987	0.002157
72	LdDocent_Contig_301_42	1	2	0.997905	0.004849	0.002987	0.002157
73	LdDocent_Contig_64504_37	0	1	0.997929	0.965908	0.002910	0.005869
73	LdDocent_Contig_64504_37	1	2	0.002071	0.034092	0.002910	0.005869
74	LdDocent_Contig_19870_351	0	1	0.997955	0.967540	0.002907	0.005348
74	LdDocent_Contig_19870_351	1	2	0.002045	0.032460	0.002907	0.005348
75	LdDocent_Contig_82617_50	0	1	0.997664	0.992116	0.003266	0.002692
75	LdDocent_Contig_82617_50	1	2	0.002336	0.007884	0.003266	0.002692
76	LdDocent_Contig_13056_449	0	1	0.997953	0.988841	0.002874	0.003140
76	LdDocent_Contig_13056_449	1	2	0.002047	0.011159	0.002874	0.003140
77	LdDocent_Contig_1392_480	0	1	0.997924	0.889940	0.002913	0.009683
77	LdDocent_Contig_1392_480	1	2	0.002076	0.110060	0.002913	0.009683
78	LdDocent_Contig_13997_103	0	1	0.998127	0.974736	0.002647	0.004595
78	LdDocent_Contig_13997_103	1	2	0.001873	0.025264	0.002647	0.004595
79	LdDocent_Contig_1158_113	0	1	0.997953	0.922832	0.002897	0.007784
79	LdDocent_Contig_1158_113	1	2	0.002047	0.077168	0.002897	0.007784
80	LdDocent_Contig_5574_400	0	1	0.997783	0.977571	0.003117	0.004470
80	LdDocent_Contig_5574_400	1	2	0.002217	0.022429	0.003117	0.004470
81	LdDocent_Contig_870_53	0	1	0.997725	0.887804	0.003211	0.009747
81	LdDocent_Contig_870_53	1	2	0.002275	0.112196	0.003211	0.009747
82	LdDocent_Contig_52167_327	0	1	0.964934	0.999532	0.011865	0.000661
82	LdDocent_Contig_52167_327	1	2	0.035066	0.000468	0.011865	0.000661
83	LdDocent_Contig_2494_96	0	1	0.997714	0.988191	0.003227	0.003205
83	LdDocent_Contig_2494_96	1	2	0.002286	0.011809	0.003227	0.003205
84	LdDocent_Contig_8990_468	0	1	0.962755	0.987717	0.021939	0.003300
84	LdDocent_Contig_8990_468	1	2	0.037245	0.012283	0.021939	0.003300
85	LdDocent_Contig_13628_392	0	1	0.995991	0.990472	0.004661	0.003018
85	LdDocent_Contig_13628_392	1	2	0.004009	0.009528	0.004661	0.003018
86	LdDocent_Contig_795_439	0	1	0.997891	0.986959	0.002960	0.003398
86	LdDocent_Contig_795_439	1	2	0.002109	0.013041	0.002960	0.003398
87	LdDocent_Contig_648_369	0	1	0.831612	0.996966	0.023307	0.001609
87	LdDocent_Contig_648_369	1	2	0.168388	0.003034	0.023307	0.001609
88	LdDocent_Contig_81500_448	0	1	0.371175	0.976434	0.029676	0.004887
88	LdDocent_Contig_81500_448	1	2	0.628825	0.023566	0.029676	0.004887
89	LdDocent_Contig_56001_309	0	1	0.997700	0.985967	0.003271	0.003773
89	LdDocent_Contig_56001_309	1	2	0.002300	0.014033	0.003271	0.003773
90	LdDocent_Contig_51759_53	0	1	0.997797	0.991851	0.003092	0.002781
90	LdDocent_Contig_51759_53	1	2	0.002203	0.008149	0.003092	0.002781
91	LdDocent_Contig_50533_301	0	1	0.951047	0.996822	0.013581	0.001697
91	LdDocent_Contig_50533_301	1	2	0.048953	0.003178	0.013581	0.001697
92	LdDocent_Contig_84480_393	0	1	0.991215	0.908771	0.007082	0.008690
92	LdDocent_Contig_84480_393	1	2	0.008785	0.091229	0.007082	0.008690
93	LdDocent_Contig_7999_435	0	1	0.937766	0.998499	0.015856	0.001225
93	LdDocent_Contig_7999_435	1	2	0.062234	0.001501	0.015856	0.001225
94	LdDocent_Contig_8_403	0	1	0.997867	0.980108	0.002974	0.003986
94	LdDocent_Contig_8_403	1	2	0.002133	0.019892	0.002974	0.003986
95	LdDocent_Contig_244_402	0	1	0.997966	0.989606	0.002868	0.003058
95	LdDocent_Contig_244_402	1	2	0.002034	0.010394	0.002868	0.003058
96	LdDocent_Contig_22599_407	0	1	0.964369	0.999540	0.012038	0.000649
96	LdDocent_Contig_22599_407	1	2	0.035631	0.000460	0.012038	0.000649
97	LdDocent_Contig_1236_34	0	1	0.993675	0.991001	0.008945	0.002765
97	LdDocent_Contig_1236_34	1	2	0.006325	0.008999	0.008945	0.002765
98	LdDocent_Contig_86476_29	0	1	0.997770	0.992579	0.003137	0.002697
98	LdDocent_Contig_86476_29	1	2	0.002230	0.007421	0.003137	0.002697
99	LdDocent_Contig_96192_356	0	1	0.185988	0.995843	0.024207	0.002092
99	LdDocent_Contig_96192_356	1	2	0.814012	0.004157	0.024207	0.002092
100	LdDocent_Contig_1144_357	0	1	0.964856	0.999505	0.012536	0.000702
100	LdDocent_Contig_1144_357	1	2	0.035144	0.000495	0.012536	0.000702
101	LdDocent_Contig_32665_23	0	1	0.994275	0.949741	0.004653	0.006636
101	LdDocent_Contig_32665_23	1	2	0.005725	0.050259	0.004653	0.006636
102	LdDocent_Contig_56622_436	0	1	0.719206	0.897576	0.029311	0.009078
102	LdDocent_Contig_56622_436	1	2	0.280794	0.102424	0.029311	0.009078
103	LdDocent_Contig_2296_38	0	1	0.997379	0.987092	0.003549	0.003512
103	LdDocent_Contig_2296_38	1	2	0.002621	0.012908	0.003549	0.003512
104	LdDocent_Contig_270_430	0	1	0.997734	0.992393	0.003191	0.002775
104	LdDocent_Contig_270_430	1	2	0.002266	0.007607	0.003191	0.002775
105	LdDocent_Contig_61311_421	0	1	0.997962	0.991710	0.002890	0.002831
105	LdDocent_Contig_61311_421	1	2	0.002038	0.008290	0.002890	0.002831
106	LdDocent_Contig_91725_95	0	1	0.997867	0.940611	0.003020	0.007227
106	LdDocent_Contig_91725_95	1	2	0.002133	0.059389	0.003020	0.007227
107	LdDocent_Contig_668_73	0	1	0.975177	0.981801	0.009596	0.003898
107	LdDocent_Contig_668_73	1	2	0.024823	0.018199	0.009596	0.003898
108	LdDocent_Contig_192_122	0	1	0.997869	0.788089	0.002974	0.012707
108	LdDocent_Contig_192_122	1	2	0.002131	0.211911	0.002974	0.012707
109	LdDocent_Contig_11569_119	0	1	0.976602	0.914767	0.009839	0.008451
109	LdDocent_Contig_11569_119	1	2	0.023398	0.085233	0.009839	0.008451
110	LdDocent_Contig_1771_43	0	1	0.997331	0.981795	0.003787	0.004111
110	LdDocent_Contig_1771_43	1	2	0.002669	0.018205	0.003787	0.004111
111	LdDocent_Contig_12501_435	0	1	0.946187	0.992813	0.032762	0.002448
111	LdDocent_Contig_12501_435	1	2	0.053813	0.007187	0.032762	0.002448
112	LdDocent_Contig_31849_33	0	1	0.954589	0.905038	0.013998	0.009225
112	LdDocent_Contig_31849_33	1	2	0.045411	0.094962	0.013998	0.009225
113	LdDocent_Contig_1772_121	0	1	0.975684	0.989458	0.010184	0.003098
113	LdDocent_Contig_1772_121	1	2	0.024316	0.010542	0.010184	0.003098
114	LdDocent_Contig_16031_24	0	1	0.997785	0.986329	0.003136	0.003555
114	LdDocent_Contig_16031_24	1	2	0.002215	0.013671	0.003136	0.003555
115	LdDocent_Contig_5246_117	0	1	0.221458	0.507250	0.028488	0.015993
115	LdDocent_Contig_5246_117	1	2	0.778542	0.492750	0.028488	0.015993
116	LdDocent_Contig_516_116	0	1	0.997135	0.979750	0.003905	0.004346
116	LdDocent_Contig_516_116	1	2	0.002865	0.020250	0.003905	0.004346
117	LdDocent_Contig_95160_18	0	1	0.973177	0.997533	0.010591	0.001553
117	LdDocent_Contig_95160_18	1	2	0.026823	0.002467	0.010591	0.001553
118	LdDocent_Contig_7713_355	0	1	0.969055	0.998464	0.011960	0.001248
118	LdDocent_Contig_7713_355	1	2	0.030945	0.001536	0.011960	0.001248
119	LdDocent_Contig_6220_132	0	1	0.997907	0.880954	0.002957	0.010137
119	LdDocent_Contig_6220_132	1	2	0.002093	0.119046	0.002957	0.010137
120	LdDocent_Contig_22941_380	0	1	0.997690	0.993235	0.003250	0.002649
120	LdDocent_Contig_22941_380	1	2	0.002310	0.006765	0.003250	0.002649
121	LdDocent_Contig_55464_10	0	1	0.851104	0.807656	0.023229	0.012114
121	LdDocent_Contig_55464_10	1	2	0.148896	0.192344	0.023229	0.012114
122	LdDocent_Contig_5879_36	0	1	0.002602	0.985088	0.003546	0.003750
122	LdDocent_Contig_5879_36	1	2	0.997398	0.014912	0.003546	0.003750
123	LdDocent_Contig_52636_363	0	1	0.997754	0.988866	0.003185	0.003274
123	LdDocent_Contig_52636_363	1	2	0.002246	0.011134	0.003185	0.003274
124	LdDocent_Contig_72760_460	0	1	0.970989	0.873292	0.011159	0.010818
124	LdDocent_Contig_72760_460	1	2	0.029011	0.126708	0.011159	0.010818
125	LdDocent_Contig_73912_413	0	1	0.997720	0.972970	0.003206	0.005188
125	LdDocent_Contig_73912_413	1	2	0.002280	0.027030	0.003206	0.005188
126	LdDocent_Contig_14368_50	0	2	0.997209	0.942878	0.003895	0.006952
126	LdDocent_Contig_14368_50	1	1	0.002791	0.057122	0.003895	0.006952
127	LdDocent_Contig_25166_474	0	1	0.992666	0.991021	0.005949	0.002912
127	LdDocent_Contig_25166_474	1	2	0.007334	0.008979	0.005949	0.002912
128	LdDocent_Contig_3563_135	0	1	0.957040	0.929197	0.012890	0.007648
128	LdDocent_Contig_3563_135	1	2	0.042960	0.070803	0.012890	0.007648
129	LdDocent_Contig_161_8	0	1	0.997795	0.976687	0.003069	0.004564
129	LdDocent_Contig_161_8	1	2	0.002205	0.023313	0.003069	0.004564
130	LdDocent_Contig_35273_124	0	1	0.997890	0.993027	0.002980	0.002531
130	LdDocent_Contig_35273_124	1	2	0.002110	0.006973	0.002980	0.002531
131	LdDocent_Contig_93959_359	0	1	0.993425	0.981181	0.005341	0.004201
131	LdDocent_Contig_93959_359	1	2	0.006575	0.018819	0.005341	0.004201
132	LdDocent_Contig_593_485	0	1	0.997526	0.958745	0.003491	0.006349
132	LdDocent_Contig_593_485	1	2	0.002474	0.041255	0.003491	0.006349
133	LdDocent_Contig_1328_36	0	1	0.998061	0.991580	0.002720	0.002722
133	LdDocent_Contig_1328_36	1	2	0.001939	0.008420	0.002720	0.002722
134	LdDocent_Contig_68815_372	0	1	0.994096	0.977815	0.004793	0.004354
134	LdDocent_Contig_68815_372	1	2	0.005904	0.022185	0.004793	0.004354
135	LdDocent_Contig_1135_355	0	1	0.738006	0.590520	0.043796	0.014244
135	LdDocent_Contig_1135_355	1	2	0.261994	0.409480	0.043796	0.014244
136	LdDocent_Contig_1513_76	0	1	0.997855	0.989873	0.003029	0.003106
136	LdDocent_Contig_1513_76	1	2	0.002145	0.010127	0.003029	0.003106
137	LdDocent_Contig_61302_456	0	1	0.865836	0.997710	0.021841	0.001537
137	LdDocent_Contig_61302_456	1	2	0.134164	0.002290	0.021841	0.001537
138	LdDocent_Contig_6436_40	0	1	0.994769	0.994052	0.007357	0.002336
138	LdDocent_Contig_6436_40	1	2	0.005231	0.005948	0.007357	0.002336
139	LdDocent_Contig_12899_65	0	1	0.997997	0.514715	0.002833	0.014763
139	LdDocent_Contig_12899_65	1	2	0.002003	0.485285	0.002833	0.014763
140	LdDocent_Contig_1303_365	0	1	0.997270	0.988905	0.003819	0.003285
140	LdDocent_Contig_1303_365	1	2	0.002730	0.011095	0.003819	0.003285
141	LdDocent_Contig_62295_446	0	1	0.998005	0.989950	0.002834	0.002946
141	LdDocent_Contig_62295_446	1	2	0.001995	0.010050	0.002834	0.002946
142	LdDocent_Contig_72722_48	0	1	0.856965	0.998594	0.024489	0.001152
142	LdDocent_Contig_72722_48	1	2	0.143035	0.001406	0.024489	0.001152
143	LdDocent_Contig_79990_70	0	1	0.997796	0.980656	0.003108	0.004231
143	LdDocent_Contig_79990_70	1	2	0.002204	0.019344	0.003108	0.004231
144	LdDocent_Contig_92640_436	0	1	0.955440	0.997887	0.012811	0.001338
144	LdDocent_Contig_92640_436	1	2	0.044560	0.002113	0.012811	0.001338
145	LdDocent_Contig_92624_35	0	1	0.997913	0.987996	0.002963	0.003382
145	LdDocent_Contig_92624_35	1	2	0.002087	0.012004	0.002963	0.003382
146	LdDocent_Contig_2305_392	0	1	0.002406	0.594602	0.003411	0.015629
146	LdDocent_Contig_2305_392	1	2	0.997594	0.405398	0.003411	0.015629
147	LdDocent_Contig_7330_136	0	1	0.174861	0.997642	0.032296	0.001485
147	LdDocent_Contig_7330_136	1	2	0.825139	0.002358	0.032296	0.001485
148	LdDocent_Contig_51375_85	0	1	0.962753	0.999497	0.012549	0.000712
148	LdDocent_Contig_51375_85	1	2	0.037247	0.000503	0.012549	0.000712
149	LdDocent_Contig_38880_108	0	1	0.997946	0.881629	0.002893	0.009615
149	LdDocent_Contig_38880_108	1	2	0.002054	0.118371	0.002893	0.009615
150	LdDocent_Contig_12842_432	0	1	0.988226	0.980730	0.007378	0.004183
150	LdDocent_Contig_12842_432	1	2	0.011774	0.019270	0.007378	0.004183
151	LdDocent_Contig_59677_483	0	1	0.997762	0.988583	0.003155	0.003365
151	LdDocent_Contig_59677_483	1	2	0.002238	0.011417	0.003155	0.003365
152	LdDocent_Contig_18566_7	0	1	0.947806	0.998453	0.014931	0.001267
152	LdDocent_Contig_18566_7	1	2	0.052194	0.001547	0.014931	0.001267
153	LdDocent_Contig_315_366	0	1	0.997894	0.988402	0.002973	0.003251
153	LdDocent_Contig_315_366	1	2	0.002106	0.011598	0.002973	0.003251
154	LdDocent_Contig_87153_464	0	1	0.997642	0.988070	0.003299	0.003493
154	LdDocent_Contig_87153_464	1	2	0.002358	0.011930	0.003299	0.003493
155	LdDocent_Contig_2786_363	0	1	0.944871	0.927538	0.019888	0.007673
155	LdDocent_Contig_2786_363	1	2	0.055129	0.072462	0.019888	0.007673
156	LdDocent_Contig_1696_362	0	1	0.928893	0.999549	0.016430	0.000635
156	LdDocent_Contig_1696_362	1	2	0.071107	0.000451	0.016430	0.000635
157	LdDocent_Contig_5593_130	0	1	0.993419	0.976535	0.005351	0.004679
157	LdDocent_Contig_5593_130	1	2	0.006581	0.023465	0.005351	0.004679
158	LdDocent_Contig_68637_134	0	1	0.997565	0.338511	0.003404	0.014740
158	LdDocent_Contig_68637_134	1	2	0.002435	0.661489	0.003404	0.014740
159	LdDocent_Contig_5657_66	0	1	0.997874	0.991169	0.003019	0.002854
159	LdDocent_Contig_5657_66	1	2	0.002126	0.008831	0.003019	0.002854
160	LdDocent_Contig_88645_448	0	1	0.976905	0.997526	0.009707	0.001563
160	LdDocent_Contig_88645_448	1	2	0.023095	0.002474	0.009707	0.001563
161	LdDocent_Contig_2763_332	0	1	0.997656	0.991384	0.003251	0.002801
161	LdDocent_Contig_2763_332	1	2	0.002344	0.008616	0.003251	0.002801
162	LdDocent_Contig_71485_135	0	1	0.997839	0.990894	0.003057	0.002929
162	LdDocent_Contig_71485_135	1	2	0.002161	0.009106	0.003057	0.002929
163	LdDocent_Contig_7959_407	0	1	0.870473	0.999531	0.021815	0.000664
163	LdDocent_Contig_7959_407	1	2	0.129527	0.000469	0.021815	0.000664
164	LdDocent_Contig_87626_440	0	1	0.933003	0.984141	0.016906	0.004006
164	LdDocent_Contig_87626_440	1	2	0.066997	0.015859	0.016906	0.004006
165	LdDocent_Contig_65986_50	0	1	0.997903	0.991288	0.002959	0.002968
165	LdDocent_Contig_65986_50	1	2	0.002097	0.008712	0.002959	0.002968
166	LdDocent_Contig_60418_73	0	1	0.968233	0.999514	0.011317	0.000691
166	LdDocent_Contig_60418_73	1	2	0.031767	0.000486	0.011317	0.000691
167	LdDocent_Contig_7552_346	0	1	0.997623	0.982403	0.003332	0.004079
167	LdDocent_Contig_7552_346	1	2	0.002377	0.017597	0.003332	0.004079
168	LdDocent_Contig_243_120	0	1	0.994301	0.992924	0.004613	0.002428
168	LdDocent_Contig_243_120	1	2	0.005699	0.007076	0.004613	0.002428
169	LdDocent_Contig_32861_397	0	1	0.967280	0.995975	0.012596	0.001887
169	LdDocent_Contig_32861_397	1	2	0.032720	0.004025	0.012596	0.001887
170	LdDocent_Contig_52702_107	0	1	0.997762	0.991386	0.003160	0.002942
170	LdDocent_Contig_52702_107	1	2	0.002238	0.008614	0.003160	0.002942
171	LdDocent_Contig_3155_425	0	1	0.864187	0.998657	0.021510	0.001105
171	LdDocent_Contig_3155_425	1	2	0.135813	0.001343	0.021510	0.001105
172	LdDocent_Contig_198_477	0	1	0.983738	0.991182	0.008138	0.002830
172	LdDocent_Contig_198_477	1	2	0.016262	0.008818	0.008138	0.002830
173	LdDocent_Contig_3868_38	0	1	0.997839	0.988549	0.003063	0.003375
173	LdDocent_Contig_3868_38	1	2	0.002161	0.011451	0.003063	0.003375
174	LdDocent_Contig_91257_23	0	1	0.993485	0.670839	0.005238	0.014345
174	LdDocent_Contig_91257_23	1	2	0.006515	0.329161	0.005238	0.014345
175	LdDocent_Contig_91203_358	0	1	0.006094	0.997103	0.004932	0.001578
175	LdDocent_Contig_91203_358	1	2	0.993906	0.002897	0.004932	0.001578
176	LdDocent_Contig_14520_40	0	1	0.748013	0.998596	0.027733	0.001144
176	LdDocent_Contig_14520_40	1	2	0.251987	0.001404	0.027733	0.001144
177	LdDocent_Contig_34609_429	0	1	0.997685	0.987951	0.003288	0.003394
177	LdDocent_Contig_34609_429	1	2	0.002315	0.012049	0.003288	0.003394
178	LdDocent_Contig_74105_99	0	1	0.997621	0.993316	0.003371	0.002611
178	LdDocent_Contig_74105_99	1	2	0.002379	0.006684	0.003371	0.002611
179	LdDocent_Contig_83807_34	0	1	0.996843	0.988389	0.004203	0.003458
179	LdDocent_Contig_83807_34	1	2	0.003157	0.011611	0.004203	0.003458
180	LdDocent_Contig_14851_408	0	1	0.996837	0.961012	0.004226	0.006033
180	LdDocent_Contig_14851_408	1	2	0.003163	0.038988	0.004226	0.006033
181	LdDocent_Contig_36449_103	0	1	0.998066	0.991666	0.002705	0.002689
181	LdDocent_Contig_36449_103	1	2	0.001934	0.008334	0.002705	0.002689
182	LdDocent_Contig_5636_331	0	1	0.997944	0.965735	0.002895	0.005589
182	LdDocent_Contig_5636_331	1	2	0.002056	0.034265	0.002895	0.005589
183	LdDocent_Contig_968_90	0	1	0.997280	0.975163	0.003776	0.004695
183	LdDocent_Contig_968_90	1	2	0.002720	0.024837	0.003776	0.004695
184	LdDocent_Contig_83599_135	0	1	0.997859	0.984921	0.003027	0.003686
184	LdDocent_Contig_83599_135	1	2	0.002141	0.015079	0.003027	0.003686
185	LdDocent_Contig_935_140	0	1	0.996066	0.587302	0.005254	0.014996
185	LdDocent_Contig_935_140	1	2	0.003934	0.412698	0.005254	0.014996
186	LdDocent_Contig_6274_10	0	1	0.988843	0.994317	0.007027	0.002214
186	LdDocent_Contig_6274_10	1	2	0.011157	0.005683	0.007027	0.002214
187	LdDocent_Contig_69888_361	0	1	0.988652	0.858074	0.007103	0.010955
187	LdDocent_Contig_69888_361	1	2	0.011348	0.141926	0.007103	0.010955
188	LdDocent_Contig_1562_384	0	1	0.997888	0.978260	0.002988	0.004533
188	LdDocent_Contig_1562_384	1	2	0.002112	0.021740	0.002988	0.004533
189	LdDocent_Contig_55001_432	0	1	0.997897	0.811021	0.002958	0.012107
189	LdDocent_Contig_55001_432	1	2	0.002103	0.188979	0.002958	0.012107
190	LdDocent_Contig_2609_395	0	1	0.993359	0.962962	0.005393	0.005843
190	LdDocent_Contig_2609_395	1	2	0.006641	0.037038	0.005393	0.005843
191	LdDocent_Contig_386_67	0	1	0.010663	0.996633	0.006676	0.001834
191	LdDocent_Contig_386_67	1	2	0.989337	0.003367	0.006676	0.001834
192	LdDocent_Contig_206_421	0	1	0.825652	0.998702	0.025890	0.001087
192	LdDocent_Contig_206_421	1	2	0.174348	0.001298	0.025890	0.001087
193	LdDocent_Contig_1449_38	0	1	0.998048	0.850437	0.002736	0.010786
193	LdDocent_Contig_1449_38	1	2	0.001952	0.149563	0.002736	0.010786
194	LdDocent_Contig_7781_385	0	1	0.997855	0.993210	0.003042	0.002462
194	LdDocent_Contig_7781_385	1	2	0.002145	0.006790	0.003042	0.002462
195	LdDocent_Contig_1026_343	0	1	0.997942	0.993044	0.002885	0.002531
195	LdDocent_Contig_1026_343	1	2	0.002058	0.006956	0.002885	0.002531
196	LdDocent_Contig_1715_437	0	1	0.997706	0.986953	0.003253	0.003671
196	LdDocent_Contig_1715_437	1	2	0.002294	0.013047	0.003253	0.003671
197	LdDocent_Contig_25083_415	0	1	0.032994	0.995119	0.011769	0.002069
197	LdDocent_Contig_25083_415	1	2	0.967006	0.004881	0.011769	0.002069
198	LdDocent_Contig_2311_20	0	1	0.965937	0.999503	0.011487	0.000694
198	LdDocent_Contig_2311_20	1	2	0.034063	0.000497	0.011487	0.000694
199	LdDocent_Contig_75463_414	0	1	0.997885	0.993266	0.002990	0.002443
199	LdDocent_Contig_75463_414	1	2	0.002115	0.006734	0.002990	0.002443
