149101_sweeps	IndivName	1.000/0.000/0.000/0.000	0.000/0.000/0.000/1.000	0.000/0.500/0.500/0.000	0.250/0.250/0.250/0.250	0.500/0.250/0.250/0.000	0.000/0.250/0.250/0.500
1	NoName	0.00000	1.00000	0.00000	0.00000	0.00000	0.00000
2	NoName	0.00000	0.99921	0.00000	0.00000	0.00000	0.00079
3	NoName	0.00000	1.00000	0.00000	0.00000	0.00000	0.00000
4	NoName	0.00000	0.99964	0.00000	0.00000	0.00000	0.00036
5	NoName	0.00000	1.00000	0.00000	0.00000	0.00000	0.00000
6	NoName	0.00000	0.99923	0.00000	0.00001	0.00000	0.00076
7	NoName	0.00000	0.99999	0.00000	0.00000	0.00000	0.00001
8	NoName	0.00000	0.99998	0.00000	0.00000	0.00000	0.00002
9	NoName	0.00000	1.00000	0.00000	0.00000	0.00000	0.00000
10	NoName	0.66145	0.00000	0.00000	0.00003	0.33852	0.00000
11	NoName	0.99999	0.00000	0.00000	0.00000	0.00001	0.00000
12	NoName	0.00000	0.99987	0.00000	0.00000	0.00000	0.00013
13	NoName	0.00000	1.00000	0.00000	0.00000	0.00000	0.00000
14	NoName	0.00000	1.00000	0.00000	0.00000	0.00000	0.00000
15	NoName	0.00000	1.00000	0.00000	0.00000	0.00000	0.00000
16	NoName	0.00000	0.99986	0.00000	0.00000	0.00000	0.00014
17	NoName	1.00000	0.00000	0.00000	0.00000	0.00000	0.00000
18	NoName	0.99832	0.00000	0.00000	0.00021	0.00147	0.00000
19	NoName	0.00000	0.99451	0.00003	0.00051	0.00000	0.00494
20	NoName	1.00000	0.00000	0.00000	0.00000	0.00000	0.00000
21	NoName	0.00003	0.98746	0.00005	0.00282	0.00002	0.00963
22	NoName	0.00000	0.99846	0.00000	0.00007	0.00000	0.00147
23	NoName	0.99992	0.00000	0.00000	0.00000	0.00008	0.00000
24	NoName	1.00000	0.00000	0.00000	0.00000	0.00000	0.00000
25	NoName	1.00000	0.00000	0.00000	0.00000	0.00000	0.00000
26	NoName	0.00000	1.00000	0.00000	0.00000	0.00000	0.00000
27	NoName	0.00000	1.00000	0.00000	0.00000	0.00000	0.00000
28	NoName	0.00000	1.00000	0.00000	0.00000	0.00000	0.00000
29	NoName	0.00000	1.00000	0.00000	0.00000	0.00000	0.00000
30	NoName	1.00000	0.00000	0.00000	0.00000	0.00000	0.00000
31	NoName	0.99995	0.00000	0.00000	0.00000	0.00005	0.00000
32	NoName	0.00000	0.98249	0.00000	0.00056	0.00000	0.01695
33	NoName	0.99989	0.00000	0.00000	0.00000	0.00011	0.00000
34	NoName	0.00000	0.99931	0.00000	0.00001	0.00000	0.00068
35	NoName	0.00000	0.81574	0.00011	0.01200	0.00001	0.17214
36	NoName	0.00000	1.00000	0.00000	0.00000	0.00000	0.00000
37	NoName	1.00000	0.00000	0.00000	0.00000	0.00000	0.00000
38	NoName	1.00000	0.00000	0.00000	0.00000	0.00000	0.00000
39	NoName	0.00000	1.00000	0.00000	0.00000	0.00000	0.00000
40	NoName	0.00000	1.00000	0.00000	0.00000	0.00000	0.00000
41	NoName	0.00000	1.00000	0.00000	0.00000	0.00000	0.00000
42	NoName	0.00000	1.00000	0.00000	0.00000	0.00000	0.00000
43	NoName	0.99947	0.00000	0.00000	0.00000	0.00053	0.00000
44	NoName	0.00000	0.99854	0.00000	0.00000	0.00000	0.00146
45	NoName	1.00000	0.00000	0.00000	0.00000	0.00000	0.00000
46	NoName	0.00000	0.08755	0.00000	0.00084	0.00000	0.91162
47	NoName	0.00000	0.99998	0.00000	0.00000	0.00000	0.00002
48	NoName	0.99999	0.00000	0.00000	0.00000	0.00001	0.00000
49	NoName	1.00000	0.00000	0.00000	0.00000	0.00000	0.00000
50	NoName	0.00000	0.99996	0.00000	0.00000	0.00000	0.00004
51	NoName	0.00000	1.00000	0.00000	0.00000	0.00000	0.00000
52	NoName	0.00000	1.00000	0.00000	0.00000	0.00000	0.00000
53	NoName	0.98581	0.00000	0.00000	0.00005	0.01414	0.00000
54	NoName	0.00000	1.00000	0.00000	0.00000	0.00000	0.00000
55	NoName	0.00000	1.00000	0.00000	0.00000	0.00000	0.00000
56	NoName	0.99956	0.00000	0.00000	0.00001	0.00043	0.00000
57	NoName	0.00000	1.00000	0.00000	0.00000	0.00000	0.00000
58	NoName	0.00000	1.00000	0.00000	0.00000	0.00000	0.00000
59	NoName	0.00000	0.99993	0.00000	0.00000	0.00000	0.00007
60	NoName	0.00000	1.00000	0.00000	0.00000	0.00000	0.00000
61	NoName	0.00000	1.00000	0.00000	0.00000	0.00000	0.00000
62	NoName	0.00000	0.99998	0.00000	0.00000	0.00000	0.00002
63	NoName	0.00000	1.00000	0.00000	0.00000	0.00000	0.00000
64	NoName	0.00000	0.99988	0.00000	0.00000	0.00000	0.00012
65	NoName	0.00000	1.00000	0.00000	0.00000	0.00000	0.00000
66	NoName	1.00000	0.00000	0.00000	0.00000	0.00000	0.00000
67	NoName	0.00000	1.00000	0.00000	0.00000	0.00000	0.00000
68	NoName	0.00000	1.00000	0.00000	0.00000	0.00000	0.00000
69	NoName	0.00001	0.99345	0.00002	0.00094	0.00001	0.00558
70	NoName	0.00000	0.99998	0.00000	0.00000	0.00000	0.00002
71	NoName	0.00000	1.00000	0.00000	0.00000	0.00000	0.00000
72	NoName	0.00000	1.00000	0.00000	0.00000	0.00000	0.00000
73	NoName	0.00000	0.99999	0.00000	0.00000	0.00000	0.00001
74	NoName	0.00000	1.00000	0.00000	0.00000	0.00000	0.00000
75	NoName	0.00000	0.99999	0.00000	0.00000	0.00000	0.00001
76	NoName	0.00000	1.00000	0.00000	0.00000	0.00000	0.00000
77	NoName	1.00000	0.00000	0.00000	0.00000	0.00000	0.00000
78	NoName	0.99994	0.00000	0.00000	0.00000	0.00006	0.00000
79	NoName	1.00000	0.00000	0.00000	0.00000	0.00000	0.00000
80	NoName	0.00000	0.99942	0.00000	0.00000	0.00000	0.00058
81	NoName	0.00000	1.00000	0.00000	0.00000	0.00000	0.00000
82	NoName	0.99723	0.00000	0.00000	0.00050	0.00227	0.00000
83	NoName	1.00000	0.00000	0.00000	0.00000	0.00000	0.00000
84	NoName	0.00000	1.00000	0.00000	0.00000	0.00000	0.00000
85	NoName	1.00000	0.00000	0.00000	0.00000	0.00000	0.00000
86	NoName	0.71757	0.00000	0.00000	0.00004	0.28239	0.00000
87	NoName	0.00000	1.00000	0.00000	0.00000	0.00000	0.00000
88	NoName	1.00000	0.00000	0.00000	0.00000	0.00000	0.00000
89	NoName	0.00000	0.99998	0.00000	0.00000	0.00000	0.00002
90	NoName	0.00000	1.00000	0.00000	0.00000	0.00000	0.00000
91	NoName	0.99983	0.00000	0.00000	0.00000	0.00017	0.00000
92	NoName	0.00000	0.00000	0.00024	0.01008	0.00000	0.98968
93	NoName	0.00000	1.00000	0.00000	0.00000	0.00000	0.00000
94	NoName	0.99943	0.00000	0.00000	0.00001	0.00055	0.00000
95	NoName	0.00000	0.99998	0.00000	0.00000	0.00000	0.00002
96	NoName	0.00000	0.23432	0.00000	0.02194	0.00000	0.74374
97	NoName	0.99999	0.00000	0.00000	0.00000	0.00001	0.00000
98	NoName	0.00000	0.99973	0.00000	0.00000	0.00000	0.00026
99	NoName	0.00000	0.99776	0.00000	0.00013	0.00000	0.00211
100	NoName	0.00000	1.00000	0.00000	0.00000	0.00000	0.00000
101	NoName	0.00000	1.00000	0.00000	0.00000	0.00000	0.00000
102	NoName	0.00000	0.99994	0.00000	0.00000	0.00000	0.00006
103	NoName	0.00000	1.00000	0.00000	0.00000	0.00000	0.00000
104	NoName	0.00000	1.00000	0.00000	0.00000	0.00000	0.00000
105	NoName	0.00002	0.99575	0.00004	0.00043	0.00001	0.00375
106	NoName	0.00000	1.00000	0.00000	0.00000	0.00000	0.00000
107	NoName	0.00000	0.99998	0.00000	0.00000	0.00000	0.00002
108	NoName	0.99998	0.00000	0.00000	0.00000	0.00002	0.00000
109	NoName	0.00000	1.00000	0.00000	0.00000	0.00000	0.00000
110	NoName	0.00000	1.00000	0.00000	0.00000	0.00000	0.00000
111	NoName	0.00000	1.00000	0.00000	0.00000	0.00000	0.00000
112	NoName	0.99997	0.00000	0.00000	0.00000	0.00003	0.00000
113	NoName	0.99977	0.00000	0.00000	0.00000	0.00022	0.00000
114	NoName	0.00000	0.99991	0.00000	0.00000	0.00000	0.00009
115	NoName	0.00000	1.00000	0.00000	0.00000	0.00000	0.00000
116	NoName	0.99999	0.00000	0.00000	0.00000	0.00001	0.00000
117	NoName	0.00000	1.00000	0.00000	0.00000	0.00000	0.00000
118	NoName	1.00000	0.00000	0.00000	0.00000	0.00000	0.00000
119	NoName	0.99999	0.00000	0.00000	0.00000	0.00001	0.00000
120	NoName	0.00000	1.00000	0.00000	0.00000	0.00000	0.00000
121	NoName	0.00000	1.00000	0.00000	0.00000	0.00000	0.00000
122	NoName	0.00000	1.00000	0.00000	0.00000	0.00000	0.00000
123	NoName	0.00010	0.99232	0.00006	0.00120	0.00002	0.00629
124	NoName	0.00000	0.99997	0.00000	0.00000	0.00000	0.00003
125	NoName	0.00000	1.00000	0.00000	0.00000	0.00000	0.00000
126	NoName	0.00000	1.00000	0.00000	0.00000	0.00000	0.00000
127	NoName	0.00000	1.00000	0.00000	0.00000	0.00000	0.00000
128	NoName	0.00000	0.99998	0.00000	0.00000	0.00000	0.00002
129	NoName	0.00000	0.99981	0.00000	0.00000	0.00000	0.00019
130	NoName	0.00000	1.00000	0.00000	0.00000	0.00000	0.00000
131	NoName	0.99959	0.00000	0.00000	0.00000	0.00041	0.00000
132	NoName	0.00000	1.00000	0.00000	0.00000	0.00000	0.00000
133	NoName	0.00000	1.00000	0.00000	0.00000	0.00000	0.00000
134	NoName	0.00000	1.00000	0.00000	0.00000	0.00000	0.00000
135	NoName	0.00000	1.00000	0.00000	0.00000	0.00000	0.00000
136	NoName	0.00000	1.00000	0.00000	0.00000	0.00000	0.00000
137	NoName	0.00000	1.00000	0.00000	0.00000	0.00000	0.00000
138	NoName	0.99999	0.00000	0.00000	0.00000	0.00001	0.00000
139	NoName	0.99998	0.00000	0.00000	0.00000	0.00002	0.00000
140	NoName	1.00000	0.00000	0.00000	0.00000	0.00000	0.00000
141	NoName	0.99501	0.00000	0.00000	0.00158	0.00341	0.00000
142	NoName	1.00000	0.00000	0.00000	0.00000	0.00000	0.00000
143	NoName	0.00000	1.00000	0.00000	0.00000	0.00000	0.00000
144	NoName	0.99971	0.00000	0.00000	0.00000	0.00029	0.00000
145	NoName	1.00000	0.00000	0.00000	0.00000	0.00000	0.00000
146	NoName	1.00000	0.00000	0.00000	0.00000	0.00000	0.00000
147	NoName	1.00000	0.00000	0.00000	0.00000	0.00000	0.00000
148	NoName	1.00000	0.00000	0.00000	0.00000	0.00000	0.00000
149	NoName	1.00000	0.00000	0.00000	0.00000	0.00000	0.00000
150	NoName	1.00000	0.00000	0.00000	0.00000	0.00000	0.00000
151	NoName	0.00000	0.99969	0.00000	0.00000	0.00000	0.00031
152	NoName	0.00892	0.98056	0.00099	0.00170	0.00039	0.00744
153	NoName	0.00000	0.99974	0.00000	0.00000	0.00000	0.00026
154	NoName	0.00000	1.00000	0.00000	0.00000	0.00000	0.00000
155	NoName	0.00000	1.00000	0.00000	0.00000	0.00000	0.00000
156	NoName	0.00000	1.00000	0.00000	0.00000	0.00000	0.00000
157	NoName	0.00000	0.99999	0.00000	0.00000	0.00000	0.00001
158	NoName	0.00000	1.00000	0.00000	0.00000	0.00000	0.00000
159	NoName	0.00000	1.00000	0.00000	0.00000	0.00000	0.00000
160	NoName	0.00000	0.99999	0.00000	0.00000	0.00000	0.00001
161	NoName	0.00000	1.00000	0.00000	0.00000	0.00000	0.00000
162	NoName	0.90613	0.00000	0.00000	0.00002	0.09385	0.00000
163	NoName	0.00000	0.99997	0.00000	0.00000	0.00000	0.00003
164	NoName	0.00000	0.99977	0.00000	0.00000	0.00000	0.00023
165	NoName	0.00000	0.99950	0.00000	0.00000	0.00000	0.00050
166	NoName	1.00000	0.00000	0.00000	0.00000	0.00000	0.00000
167	NoName	1.00000	0.00000	0.00000	0.00000	0.00000	0.00000
168	NoName	0.99999	0.00000	0.00000	0.00000	0.00001	0.00000
169	NoName	0.00000	1.00000	0.00000	0.00000	0.00000	0.00000
170	NoName	0.00000	0.99998	0.00000	0.00000	0.00000	0.00002
171	NoName	0.00000	1.00000	0.00000	0.00000	0.00000	0.00000
172	NoName	0.00000	1.00000	0.00000	0.00000	0.00000	0.00000
173	NoName	1.00000	0.00000	0.00000	0.00000	0.00000	0.00000
174	NoName	0.00000	1.00000	0.00000	0.00000	0.00000	0.00000
175	NoName	0.00000	0.99996	0.00000	0.00000	0.00000	0.00004
176	NoName	0.00000	1.00000	0.00000	0.00000	0.00000	0.00000
177	NoName	0.00000	1.00000	0.00000	0.00000	0.00000	0.00000
178	NoName	1.00000	0.00000	0.00000	0.00000	0.00000	0.00000
179	NoName	1.00000	0.00000	0.00000	0.00000	0.00000	0.00000
180	NoName	0.00000	0.99999	0.00000	0.00000	0.00000	0.00001
181	NoName	0.00000	0.99999	0.00000	0.00000	0.00000	0.00001
182	NoName	0.99972	0.00000	0.00000	0.00000	0.00028	0.00000
183	NoName	0.00000	0.99948	0.00000	0.00000	0.00000	0.00052
184	NoName	0.00000	0.99993	0.00000	0.00000	0.00000	0.00007
185	NoName	0.00000	1.00000	0.00000	0.00000	0.00000	0.00000
186	NoName	1.00000	0.00000	0.00000	0.00000	0.00000	0.00000
187	NoName	0.00000	1.00000	0.00000	0.00000	0.00000	0.00000
188	NoName	0.00000	1.00000	0.00000	0.00000	0.00000	0.00000
189	NoName	0.00000	1.00000	0.00000	0.00000	0.00000	0.00000
190	NoName	0.00000	0.99875	0.00000	0.00000	0.00000	0.00124
191	NoName	0.99998	0.00000	0.00000	0.00000	0.00002	0.00000
192	NoName	1.00000	0.00000	0.00000	0.00000	0.00000	0.00000
193	NoName	0.99787	0.00000	0.00000	0.00000	0.00213	0.00000
194	NoName	0.00000	1.00000	0.00000	0.00000	0.00000	0.00000
195	NoName	0.00000	0.99998	0.00000	0.00000	0.00000	0.00002
196	NoName	0.00000	1.00000	0.00000	0.00000	0.00000	0.00000
197	NoName	0.00000	0.99979	0.00000	0.00000	0.00000	0.00021
198	NoName	0.00000	0.99960	0.00000	0.00000	0.00000	0.00040
199	NoName	0.00000	0.99999	0.00000	0.00000	0.00000	0.00001
200	NoName	0.00000	0.00000	0.99887	0.00065	0.00002	0.00045
201	NoName	0.00000	1.00000	0.00000	0.00000	0.00000	0.00000
202	NoName	0.00000	1.00000	0.00000	0.00000	0.00000	0.00000
203	NoName	0.00000	0.99890	0.00000	0.00003	0.00000	0.00107
204	NoName	0.00000	1.00000	0.00000	0.00000	0.00000	0.00000
205	NoName	0.00000	1.00000	0.00000	0.00000	0.00000	0.00000
206	NoName	0.00000	1.00000	0.00000	0.00000	0.00000	0.00000
207	NoName	0.00000	1.00000	0.00000	0.00000	0.00000	0.00000
208	NoName	0.00000	1.00000	0.00000	0.00000	0.00000	0.00000
209	NoName	0.00000	1.00000	0.00000	0.00000	0.00000	0.00000
210	NoName	0.00000	0.99998	0.00000	0.00000	0.00000	0.00002
211	NoName	0.00000	0.99999	0.00000	0.00000	0.00000	0.00001
212	NoName	0.00000	1.00000	0.00000	0.00000	0.00000	0.00000
213	NoName	0.99985	0.00000	0.00000	0.00000	0.00015	0.00000
214	NoName	1.00000	0.00000	0.00000	0.00000	0.00000	0.00000
215	NoName	0.00000	1.00000	0.00000	0.00000	0.00000	0.00000
216	NoName	0.00000	1.00000	0.00000	0.00000	0.00000	0.00000
217	NoName	0.00000	1.00000	0.00000	0.00000	0.00000	0.00000
218	NoName	0.00000	1.00000	0.00000	0.00000	0.00000	0.00000
219	NoName	0.00000	0.99999	0.00000	0.00000	0.00000	0.00001
220	NoName	0.00089	0.99369	0.00017	0.00068	0.00006	0.00451
221	NoName	0.00000	0.99999	0.00000	0.00000	0.00000	0.00001
222	NoName	0.00000	1.00000	0.00000	0.00000	0.00000	0.00000
223	NoName	0.00000	0.99978	0.00000	0.00000	0.00000	0.00021
224	NoName	0.00000	1.00000	0.00000	0.00000	0.00000	0.00000
225	NoName	0.00000	1.00000	0.00000	0.00000	0.00000	0.00000
226	NoName	0.99998	0.00000	0.00000	0.00000	0.00002	0.00000
227	NoName	0.00000	1.00000	0.00000	0.00000	0.00000	0.00000
228	NoName	0.00000	0.99992	0.00000	0.00000	0.00000	0.00008
229	NoName	0.99663	0.00000	0.00000	0.00070	0.00267	0.00000
230	NoName	0.00000	1.00000	0.00000	0.00000	0.00000	0.00000
231	NoName	0.00000	1.00000	0.00000	0.00000	0.00000	0.00000
232	NoName	0.00000	0.99992	0.00000	0.00000	0.00000	0.00008
233	NoName	0.99999	0.00000	0.00000	0.00000	0.00001	0.00000
234	NoName	0.00000	0.99980	0.00000	0.00000	0.00000	0.00020
235	NoName	0.00000	1.00000	0.00000	0.00000	0.00000	0.00000
236	NoName	0.00000	1.00000	0.00000	0.00000	0.00000	0.00000
237	NoName	0.00000	1.00000	0.00000	0.00000	0.00000	0.00000
238	NoName	0.00000	1.00000	0.00000	0.00000	0.00000	0.00000
239	NoName	1.00000	0.00000	0.00000	0.00000	0.00000	0.00000
240	NoName	1.00000	0.00000	0.00000	0.00000	0.00000	0.00000
241	NoName	1.00000	0.00000	0.00000	0.00000	0.00000	0.00000
242	NoName	1.00000	0.00000	0.00000	0.00000	0.00000	0.00000
243	NoName	0.00000	1.00000	0.00000	0.00000	0.00000	0.00000
244	NoName	1.00000	0.00000	0.00000	0.00000	0.00000	0.00000
245	NoName	0.99998	0.00000	0.00000	0.00000	0.00002	0.00000
246	NoName	0.00000	0.99991	0.00000	0.00000	0.00000	0.00009
247	NoName	0.00000	1.00000	0.00000	0.00000	0.00000	0.00000
248	NoName	0.00000	0.99987	0.00000	0.00000	0.00000	0.00013
249	NoName	0.00000	0.99999	0.00000	0.00000	0.00000	0.00001
250	NoName	0.00000	1.00000	0.00000	0.00000	0.00000	0.00000
251	NoName	0.00000	1.00000	0.00000	0.00000	0.00000	0.00000
252	NoName	0.00000	1.00000	0.00000	0.00000	0.00000	0.00000
253	NoName	0.00000	1.00000	0.00000	0.00000	0.00000	0.00000
254	NoName	0.00000	1.00000	0.00000	0.00000	0.00000	0.00000
255	NoName	0.00000	1.00000	0.00000	0.00000	0.00000	0.00000
256	NoName	0.00000	1.00000	0.00000	0.00000	0.00000	0.00000
257	NoName	0.00000	1.00000	0.00000	0.00000	0.00000	0.00000
258	NoName	0.00000	1.00000	0.00000	0.00000	0.00000	0.00000
259	NoName	0.00000	1.00000	0.00000	0.00000	0.00000	0.00000
260	NoName	0.00008	0.62300	0.00114	0.06486	0.00021	0.31071
261	NoName	0.00000	1.00000	0.00000	0.00000	0.00000	0.00000
262	NoName	0.00000	1.00000	0.00000	0.00000	0.00000	0.00000
263	NoName	0.00000	1.00000	0.00000	0.00000	0.00000	0.00000
264	NoName	0.00000	1.00000	0.00000	0.00000	0.00000	0.00000
265	NoName	0.00017	0.00049	0.00000	0.99170	0.00162	0.00602
266	NoName	0.00000	1.00000	0.00000	0.00000	0.00000	0.00000
267	NoName	0.00000	1.00000	0.00000	0.00000	0.00000	0.00000
268	NoName	0.00000	1.00000	0.00000	0.00000	0.00000	0.00000
269	NoName	0.00000	0.99976	0.00000	0.00000	0.00000	0.00024
270	NoName	0.00000	1.00000	0.00000	0.00000	0.00000	0.00000
271	NoName	0.00000	1.00000	0.00000	0.00000	0.00000	0.00000
272	NoName	0.00000	0.99999	0.00000	0.00000	0.00000	0.00001
273	NoName	0.00000	1.00000	0.00000	0.00000	0.00000	0.00000
274	NoName	0.00000	1.00000	0.00000	0.00000	0.00000	0.00000
275	NoName	0.00000	0.99998	0.00000	0.00000	0.00000	0.00002
276	NoName	0.00000	1.00000	0.00000	0.00000	0.00000	0.00000
277	NoName	0.00000	1.00000	0.00000	0.00000	0.00000	0.00000
278	NoName	0.00000	1.00000	0.00000	0.00000	0.00000	0.00000
279	NoName	0.00000	1.00000	0.00000	0.00000	0.00000	0.00000
280	NoName	0.00000	1.00000	0.00000	0.00000	0.00000	0.00000
281	NoName	0.00000	0.99999	0.00000	0.00000	0.00000	0.00001
282	NoName	0.00000	1.00000	0.00000	0.00000	0.00000	0.00000
283	NoName	0.99997	0.00000	0.00000	0.00000	0.00003	0.00000
284	NoName	0.00000	0.99614	0.00000	0.00029	0.00000	0.00357
285	NoName	0.00000	1.00000	0.00000	0.00000	0.00000	0.00000
286	NoName	0.00000	1.00000	0.00000	0.00000	0.00000	0.00000
287	NoName	0.00000	1.00000	0.00000	0.00000	0.00000	0.00000
288	NoName	0.00000	1.00000	0.00000	0.00000	0.00000	0.00000
289	NoName	0.00000	0.99992	0.00000	0.00000	0.00000	0.00008
290	NoName	0.00000	1.00000	0.00000	0.00000	0.00000	0.00000
291	NoName	0.00000	1.00000	0.00000	0.00000	0.00000	0.00000
292	NoName	0.00000	0.99739	0.00000	0.00000	0.00000	0.00261
293	NoName	0.00000	0.99999	0.00000	0.00000	0.00000	0.00001
294	NoName	0.00000	1.00000	0.00000	0.00000	0.00000	0.00000
295	NoName	0.00000	1.00000	0.00000	0.00000	0.00000	0.00000
296	NoName	1.00000	0.00000	0.00000	0.00000	0.00000	0.00000
297	NoName	0.00000	1.00000	0.00000	0.00000	0.00000	0.00000
298	NoName	0.00000	0.99831	0.00000	0.00008	0.00000	0.00161
299	NoName	0.99998	0.00000	0.00000	0.00000	0.00002	0.00000
300	NoName	0.00000	0.99995	0.00000	0.00000	0.00000	0.00005
301	NoName	0.00000	1.00000	0.00000	0.00000	0.00000	0.00000
302	NoName	0.00000	1.00000	0.00000	0.00000	0.00000	0.00000
303	NoName	0.00000	1.00000	0.00000	0.00000	0.00000	0.00000
304	NoName	0.00000	0.99997	0.00000	0.00000	0.00000	0.00003
305	NoName	0.00000	1.00000	0.00000	0.00000	0.00000	0.00000
306	NoName	0.00000	0.99995	0.00000	0.00000	0.00000	0.00005
307	NoName	0.00000	1.00000	0.00000	0.00000	0.00000	0.00000
308	NoName	0.00000	1.00000	0.00000	0.00000	0.00000	0.00000
309	NoName	0.00000	1.00000	0.00000	0.00000	0.00000	0.00000
310	NoName	0.00000	1.00000	0.00000	0.00000	0.00000	0.00000
311	NoName	0.00000	0.99901	0.00000	0.00003	0.00000	0.00096
312	NoName	0.00000	1.00000	0.00000	0.00000	0.00000	0.00000
313	NoName	0.00000	1.00000	0.00000	0.00000	0.00000	0.00000
314	NoName	0.00000	1.00000	0.00000	0.00000	0.00000	0.00000
315	NoName	0.00000	0.99456	0.00000	0.00000	0.00000	0.00544
316	NoName	0.00000	1.00000	0.00000	0.00000	0.00000	0.00000
317	NoName	0.00000	1.00000	0.00000	0.00000	0.00000	0.00000
318	NoName	0.00000	1.00000	0.00000	0.00000	0.00000	0.00000
319	NoName	0.00000	0.60236	0.00000	0.05493	0.00000	0.34271
320	NoName	0.00000	1.00000	0.00000	0.00000	0.00000	0.00000
321	NoName	0.00000	1.00000	0.00000	0.00000	0.00000	0.00000
322	NoName	0.00000	1.00000	0.00000	0.00000	0.00000	0.00000
323	NoName	0.00000	1.00000	0.00000	0.00000	0.00000	0.00000
324	NoName	0.00000	1.00000	0.00000	0.00000	0.00000	0.00000
325	NoName	0.00000	1.00000	0.00000	0.00000	0.00000	0.00000
326	NoName	0.00000	0.99997	0.00000	0.00000	0.00000	0.00003
327	NoName	0.00000	1.00000	0.00000	0.00000	0.00000	0.00000
328	NoName	0.00000	1.00000	0.00000	0.00000	0.00000	0.00000
329	NoName	0.00000	0.99998	0.00000	0.00000	0.00000	0.00002
330	NoName	0.00000	0.99968	0.00000	0.00000	0.00000	0.00032
331	NoName	0.00000	0.99998	0.00000	0.00000	0.00000	0.00002
332	NoName	0.00000	1.00000	0.00000	0.00000	0.00000	0.00000
333	NoName	0.00000	0.99998	0.00000	0.00000	0.00000	0.00002
334	NoName	0.00000	1.00000	0.00000	0.00000	0.00000	0.00000
335	NoName	0.00000	1.00000	0.00000	0.00000	0.00000	0.00000
336	NoName	0.00000	0.99836	0.00000	0.00007	0.00000	0.00156
337	NoName	0.00000	1.00000	0.00000	0.00000	0.00000	0.00000
338	NoName	0.00000	1.00000	0.00000	0.00000	0.00000	0.00000
339	NoName	0.00000	1.00000	0.00000	0.00000	0.00000	0.00000
340	NoName	0.00000	0.00000	0.99991	0.00006	0.00002	0.00001
341	NoName	0.00000	1.00000	0.00000	0.00000	0.00000	0.00000
342	NoName	0.00000	1.00000	0.00000	0.00000	0.00000	0.00000
343	NoName	0.00000	0.00000	0.00000	0.00306	0.00000	0.99694
344	NoName	0.00000	1.00000	0.00000	0.00000	0.00000	0.00000
345	NoName	0.00000	1.00000	0.00000	0.00000	0.00000	0.00000
346	NoName	0.00000	0.99865	0.00000	0.00005	0.00000	0.00130
347	NoName	0.00000	0.00000	0.00000	0.00037	0.00000	0.99962
348	NoName	0.00000	1.00000	0.00000	0.00000	0.00000	0.00000
349	NoName	0.00000	1.00000	0.00000	0.00000	0.00000	0.00000
350	NoName	0.00000	0.99998	0.00000	0.00000	0.00000	0.00002
351	NoName	0.00000	0.99997	0.00000	0.00000	0.00000	0.00003
352	NoName	0.00000	1.00000	0.00000	0.00000	0.00000	0.00000
353	NoName	0.00000	0.98081	0.00000	0.00150	0.00000	0.01769
354	NoName	0.00536	0.98340	0.00076	0.00202	0.00033	0.00813
355	NoName	0.99999	0.00000	0.00000	0.00000	0.00001	0.00000
356	NoName	0.00000	1.00000	0.00000	0.00000	0.00000	0.00000
357	NoName	0.00000	1.00000	0.00000	0.00000	0.00000	0.00000
358	NoName	0.00000	0.99559	0.00001	0.00047	0.00000	0.00393
359	NoName	0.00000	1.00000	0.00000	0.00000	0.00000	0.00000
360	NoName	0.00000	0.99999	0.00000	0.00000	0.00000	0.00001
361	NoName	1.00000	0.00000	0.00000	0.00000	0.00000	0.00000
362	NoName	1.00000	0.00000	0.00000	0.00000	0.00000	0.00000
363	NoName	0.00000	0.99999	0.00000	0.00000	0.00000	0.00001
364	NoName	0.00000	1.00000	0.00000	0.00000	0.00000	0.00000
365	NoName	0.00000	1.00000	0.00000	0.00000	0.00000	0.00000
366	NoName	0.00000	1.00000	0.00000	0.00000	0.00000	0.00000
367	NoName	0.00000	1.00000	0.00000	0.00000	0.00000	0.00000
368	NoName	1.00000	0.00000	0.00000	0.00000	0.00000	0.00000
369	NoName	0.00000	0.99997	0.00000	0.00000	0.00000	0.00003
370	NoName	0.00000	0.99999	0.00000	0.00000	0.00000	0.00001
371	NoName	0.00000	1.00000	0.00000	0.00000	0.00000	0.00000
372	NoName	0.00000	0.99999	0.00000	0.00000	0.00000	0.00001
373	NoName	0.00001	0.98934	0.00003	0.00217	0.00001	0.00843
374	NoName	1.00000	0.00000	0.00000	0.00000	0.00000	0.00000
375	NoName	0.00000	1.00000	0.00000	0.00000	0.00000	0.00000
376	NoName	0.00104	0.99336	0.00019	0.00067	0.00006	0.00467
377	NoName	1.00000	0.00000	0.00000	0.00000	0.00000	0.00000
378	NoName	0.99992	0.00000	0.00000	0.00000	0.00008	0.00000
379	NoName	0.00000	0.99999	0.00000	0.00000	0.00000	0.00001
380	NoName	0.00000	0.99999	0.00000	0.00000	0.00000	0.00001
381	NoName	0.00000	1.00000	0.00000	0.00000	0.00000	0.00000
382	NoName	1.00000	0.00000	0.00000	0.00000	0.00000	0.00000
383	NoName	0.00000	1.00000	0.00000	0.00000	0.00000	0.00000
384	NoName	0.00000	1.00000	0.00000	0.00000	0.00000	0.00000
385	NoName	0.00000	1.00000	0.00000	0.00000	0.00000	0.00000
386	NoName	0.00000	1.00000	0.00000	0.00000	0.00000	0.00000
387	NoName	0.97501	0.00000	0.00000	0.00169	0.02330	0.00000
388	NoName	0.00000	1.00000	0.00000	0.00000	0.00000	0.00000
389	NoName	0.00000	1.00000	0.00000	0.00000	0.00000	0.00000
390	NoName	0.00000	1.00000	0.00000	0.00000	0.00000	0.00000
391	NoName	0.00000	0.99946	0.00000	0.00001	0.00000	0.00053
392	NoName	0.00000	0.99952	0.00000	0.00000	0.00000	0.00048
393	NoName	0.00000	0.99999	0.00000	0.00000	0.00000	0.00001
394	NoName	0.00000	1.00000	0.00000	0.00000	0.00000	0.00000
395	NoName	0.00000	1.00000	0.00000	0.00000	0.00000	0.00000
396	NoName	0.00000	1.00000	0.00000	0.00000	0.00000	0.00000
397	NoName	0.00000	1.00000	0.00000	0.00000	0.00000	0.00000
398	NoName	0.09744	0.88221	0.00309	0.00417	0.00202	0.01106
399	NoName	0.00000	1.00000	0.00000	0.00000	0.00000	0.00000
400	NoName	0.00000	1.00000	0.00000	0.00000	0.00000	0.00000
401	NoName	0.29270	0.67781	0.00471	0.00731	0.00465	0.01283
402	NoName	0.00000	1.00000	0.00000	0.00000	0.00000	0.00000
403	NoName	0.00000	1.00000	0.00000	0.00000	0.00000	0.00000
404	NoName	0.00000	0.99990	0.00000	0.00000	0.00000	0.00010
405	NoName	0.00000	1.00000	0.00000	0.00000	0.00000	0.00000
406	NoName	0.00000	1.00000	0.00000	0.00000	0.00000	0.00000
407	NoName	0.00000	1.00000	0.00000	0.00000	0.00000	0.00000
408	NoName	0.00000	1.00000	0.00000	0.00000	0.00000	0.00000
409	NoName	0.00000	1.00000	0.00000	0.00000	0.00000	0.00000
410	NoName	0.00000	1.00000	0.00000	0.00000	0.00000	0.00000
411	NoName	0.99999	0.00000	0.00000	0.00000	0.00001	0.00000
412	NoName	0.00000	1.00000	0.00000	0.00000	0.00000	0.00000
413	NoName	0.00000	0.99997	0.00000	0.00000	0.00000	0.00003
414	NoName	0.00000	1.00000	0.00000	0.00000	0.00000	0.00000
415	NoName	0.00000	0.99973	0.00000	0.00000	0.00000	0.00026
416	NoName	0.00000	1.00000	0.00000	0.00000	0.00000	0.00000
417	NoName	0.00000	1.00000	0.00000	0.00000	0.00000	0.00000
418	NoName	0.00000	1.00000	0.00000	0.00000	0.00000	0.00000
419	NoName	0.00000	1.00000	0.00000	0.00000	0.00000	0.00000
420	NoName	0.00000	1.00000	0.00000	0.00000	0.00000	0.00000
421	NoName	0.00000	0.99999	0.00000	0.00000	0.00000	0.00001
422	NoName	0.00000	0.99984	0.00000	0.00000	0.00000	0.00016
423	NoName	0.00000	0.99884	0.00000	0.00003	0.00000	0.00114
424	NoName	0.00000	1.00000	0.00000	0.00000	0.00000	0.00000
425	NoName	0.00000	1.00000	0.00000	0.00000	0.00000	0.00000
426	NoName	0.00000	1.00000	0.00000	0.00000	0.00000	0.00000
427	NoName	0.00000	1.00000	0.00000	0.00000	0.00000	0.00000
428	NoName	0.00000	0.99999	0.00000	0.00000	0.00000	0.00001
429	NoName	0.00000	0.99999	0.00000	0.00000	0.00000	0.00001
430	NoName	0.00000	1.00000	0.00000	0.00000	0.00000	0.00000
431	NoName	0.00000	1.00000	0.00000	0.00000	0.00000	0.00000
432	NoName	0.00000	1.00000	0.00000	0.00000	0.00000	0.00000
433	NoName	0.00000	1.00000	0.00000	0.00000	0.00000	0.00000
434	NoName	0.00000	0.99988	0.00000	0.00000	0.00000	0.00012
435	NoName	0.00000	1.00000	0.00000	0.00000	0.00000	0.00000
436	NoName	0.99997	0.00000	0.00000	0.00000	0.00003	0.00000
437	NoName	0.00000	1.00000	0.00000	0.00000	0.00000	0.00000
438	NoName	0.00000	1.00000	0.00000	0.00000	0.00000	0.00000
439	NoName	0.00000	1.00000	0.00000	0.00000	0.00000	0.00000
440	NoName	0.00000	0.99990	0.00000	0.00000	0.00000	0.00010
441	NoName	0.00000	1.00000	0.00000	0.00000	0.00000	0.00000
442	NoName	0.00000	1.00000	0.00000	0.00000	0.00000	0.00000
443	NoName	0.00000	1.00000	0.00000	0.00000	0.00000	0.00000
444	NoName	0.00000	1.00000	0.00000	0.00000	0.00000	0.00000
445	NoName	0.00000	1.00000	0.00000	0.00000	0.00000	0.00000
446	NoName	0.00000	1.00000	0.00000	0.00000	0.00000	0.00000
447	NoName	0.00000	0.99999	0.00000	0.00000	0.00000	0.00001
448	NoName	0.00000	0.99999	0.00000	0.00000	0.00000	0.00001
449	NoName	0.00000	1.00000	0.00000	0.00000	0.00000	0.00000
450	NoName	0.00000	1.00000	0.00000	0.00000	0.00000	0.00000
451	NoName	0.00000	1.00000	0.00000	0.00000	0.00000	0.00000
452	NoName	0.00000	0.99886	0.00000	0.00004	0.00000	0.00110
453	NoName	0.00000	1.00000	0.00000	0.00000	0.00000	0.00000
454	NoName	0.00000	1.00000	0.00000	0.00000	0.00000	0.00000
455	NoName	0.00000	0.99966	0.00000	0.00000	0.00000	0.00034
456	NoName	0.00000	1.00000	0.00000	0.00000	0.00000	0.00000
457	NoName	0.00000	1.00000	0.00000	0.00000	0.00000	0.00000
458	NoName	0.00000	1.00000	0.00000	0.00000	0.00000	0.00000
459	NoName	0.00000	1.00000	0.00000	0.00000	0.00000	0.00000
460	NoName	1.00000	0.00000	0.00000	0.00000	0.00000	0.00000
461	NoName	0.00000	1.00000	0.00000	0.00000	0.00000	0.00000
462	NoName	0.00000	1.00000	0.00000	0.00000	0.00000	0.00000
463	NoName	0.30375	0.67331	0.00479	0.00446	0.00370	0.00999
464	NoName	1.00000	0.00000	0.00000	0.00000	0.00000	0.00000
465	NoName	0.00000	0.99999	0.00000	0.00000	0.00000	0.00001
466	NoName	0.00000	1.00000	0.00000	0.00000	0.00000	0.00000
467	NoName	0.00000	0.99980	0.00000	0.00000	0.00000	0.00020
468	NoName	0.00000	1.00000	0.00000	0.00000	0.00000	0.00000
469	NoName	0.00000	1.00000	0.00000	0.00000	0.00000	0.00000
470	NoName	0.00000	0.99979	0.00000	0.00000	0.00000	0.00021
471	NoName	0.00000	1.00000	0.00000	0.00000	0.00000	0.00000
472	NoName	0.00000	1.00000	0.00000	0.00000	0.00000	0.00000
473	NoName	0.00000	1.00000	0.00000	0.00000	0.00000	0.00000
474	NoName	0.02738	0.95968	0.00171	0.00216	0.00077	0.00830
475	NoName	0.00000	1.00000	0.00000	0.00000	0.00000	0.00000
476	NoName	0.00000	1.00000	0.00000	0.00000	0.00000	0.00000
477	NoName	0.00000	0.99999	0.00000	0.00000	0.00000	0.00001
478	NoName	0.00000	1.00000	0.00000	0.00000	0.00000	0.00000
479	NoName	0.00000	0.99987	0.00000	0.00000	0.00000	0.00013
480	NoName	0.00000	1.00000	0.00000	0.00000	0.00000	0.00000
481	NoName	0.00000	1.00000	0.00000	0.00000	0.00000	0.00000
482	NoName	0.00000	1.00000	0.00000	0.00000	0.00000	0.00000
483	NoName	0.00000	1.00000	0.00000	0.00000	0.00000	0.00000
484	NoName	0.00000	1.00000	0.00000	0.00000	0.00000	0.00000
485	NoName	0.00000	1.00000	0.00000	0.00000	0.00000	0.00000
486	NoName	0.00000	1.00000	0.00000	0.00000	0.00000	0.00000
487	NoName	0.00000	1.00000	0.00000	0.00000	0.00000	0.00000
488	NoName	0.00000	1.00000	0.00000	0.00000	0.00000	0.00000
489	NoName	0.00000	1.00000	0.00000	0.00000	0.00000	0.00000
490	NoName	0.00000	1.00000	0.00000	0.00000	0.00000	0.00000
491	NoName	0.00000	1.00000	0.00000	0.00000	0.00000	0.00000
492	NoName	0.00000	0.99999	0.00000	0.00000	0.00000	0.00001
493	NoName	0.00000	1.00000	0.00000	0.00000	0.00000	0.00000
494	NoName	0.00000	0.99945	0.00000	0.00001	0.00000	0.00054
495	NoName	0.00000	1.00000	0.00000	0.00000	0.00000	0.00000
496	NoName	0.00000	1.00000	0.00000	0.00000	0.00000	0.00000
497	NoName	0.00000	1.00000	0.00000	0.00000	0.00000	0.00000
498	NoName	0.00000	1.00000	0.00000	0.00000	0.00000	0.00000
499	NoName	0.00000	1.00000	0.00000	0.00000	0.00000	0.00000
500	NoName	0.58284	0.00212	0.00017	0.37102	0.04056	0.00330
501	NoName	0.00000	1.00000	0.00000	0.00000	0.00000	0.00000
502	NoName	0.00001	0.99522	0.00003	0.00053	0.00001	0.00420
503	NoName	0.00000	1.00000	0.00000	0.00000	0.00000	0.00000
504	NoName	0.00000	0.99999	0.00000	0.00000	0.00000	0.00001
505	NoName	0.00000	1.00000	0.00000	0.00000	0.00000	0.00000
506	NoName	0.99999	0.00000	0.00000	0.00000	0.00001	0.00000
507	NoName	1.00000	0.00000	0.00000	0.00000	0.00000	0.00000
508	NoName	0.00000	0.99999	0.00000	0.00000	0.00000	0.00001
509	NoName	0.00000	1.00000	0.00000	0.00000	0.00000	0.00000
510	NoName	0.00000	1.00000	0.00000	0.00000	0.00000	0.00000
511	NoName	0.00000	1.00000	0.00000	0.00000	0.00000	0.00000
512	NoName	0.00000	1.00000	0.00000	0.00000	0.00000	0.00000
513	NoName	0.99881	0.00000	0.00000	0.00000	0.00119	0.00000
514	NoName	0.00000	0.99999	0.00000	0.00000	0.00000	0.00001
515	NoName	1.00000	0.00000	0.00000	0.00000	0.00000	0.00000
516	NoName	0.00000	0.99994	0.00000	0.00000	0.00000	0.00006
517	NoName	0.00000	1.00000	0.00000	0.00000	0.00000	0.00000
518	NoName	0.99999	0.00000	0.00000	0.00000	0.00001	0.00000
519	NoName	0.00000	0.99984	0.00000	0.00000	0.00000	0.00016
520	NoName	0.00000	1.00000	0.00000	0.00000	0.00000	0.00000
521	NoName	0.00000	1.00000	0.00000	0.00000	0.00000	0.00000
522	NoName	0.00000	1.00000	0.00000	0.00000	0.00000	0.00000
523	NoName	0.00000	1.00000	0.00000	0.00000	0.00000	0.00000
524	NoName	0.00000	1.00000	0.00000	0.00000	0.00000	0.00000
525	NoName	0.00000	1.00000	0.00000	0.00000	0.00000	0.00000
526	NoName	0.00000	0.99995	0.00000	0.00000	0.00000	0.00005
527	NoName	0.00000	1.00000	0.00000	0.00000	0.00000	0.00000
528	NoName	0.00000	0.99964	0.00000	0.00000	0.00000	0.00036
529	NoName	0.00004	0.99647	0.00004	0.00030	0.00001	0.00315
530	NoName	0.00000	1.00000	0.00000	0.00000	0.00000	0.00000
531	NoName	0.00000	0.99999	0.00000	0.00000	0.00000	0.00001
532	NoName	0.00000	0.99987	0.00000	0.00000	0.00000	0.00013
533	NoName	1.00000	0.00000	0.00000	0.00000	0.00000	0.00000
534	NoName	0.00000	1.00000	0.00000	0.00000	0.00000	0.00000
535	NoName	0.00000	1.00000	0.00000	0.00000	0.00000	0.00000
536	NoName	0.00000	1.00000	0.00000	0.00000	0.00000	0.00000
537	NoName	1.00000	0.00000	0.00000	0.00000	0.00000	0.00000
538	NoName	0.00000	0.99944	0.00000	0.00001	0.00000	0.00055
539	NoName	0.00000	1.00000	0.00000	0.00000	0.00000	0.00000
540	NoName	0.99922	0.00000	0.00000	0.00005	0.00073	0.00000
541	NoName	0.99995	0.00000	0.00000	0.00000	0.00005	0.00000
542	NoName	1.00000	0.00000	0.00000	0.00000	0.00000	0.00000
543	NoName	0.00000	0.99998	0.00000	0.00000	0.00000	0.00002
544	NoName	0.00000	0.99995	0.00000	0.00000	0.00000	0.00005
545	NoName	0.00000	1.00000	0.00000	0.00000	0.00000	0.00000
546	NoName	0.00000	1.00000	0.00000	0.00000	0.00000	0.00000
547	NoName	0.00000	0.99999	0.00000	0.00000	0.00000	0.00001
548	NoName	0.99844	0.00000	0.00000	0.00001	0.00155	0.00000
549	NoName	0.00000	1.00000	0.00000	0.00000	0.00000	0.00000
550	NoName	0.00000	1.00000	0.00000	0.00000	0.00000	0.00000
551	NoName	1.00000	0.00000	0.00000	0.00000	0.00000	0.00000
552	NoName	0.00000	1.00000	0.00000	0.00000	0.00000	0.00000
553	NoName	0.00000	1.00000	0.00000	0.00000	0.00000	0.00000
554	NoName	0.00000	1.00000	0.00000	0.00000	0.00000	0.00000
555	NoName	0.00000	1.00000	0.00000	0.00000	0.00000	0.00000
556	NoName	0.00000	0.00000	0.91644	0.06871	0.01473	0.00011
557	NoName	0.00000	1.00000	0.00000	0.00000	0.00000	0.00000
558	NoName	0.00000	1.00000	0.00000	0.00000	0.00000	0.00000
559	NoName	0.99988	0.00000	0.00000	0.00000	0.00012	0.00000
560	NoName	1.00000	0.00000	0.00000	0.00000	0.00000	0.00000
561	NoName	1.00000	0.00000	0.00000	0.00000	0.00000	0.00000
562	NoName	1.00000	0.00000	0.00000	0.00000	0.00000	0.00000
563	NoName	0.00000	1.00000	0.00000	0.00000	0.00000	0.00000
564	NoName	0.00000	1.00000	0.00000	0.00000	0.00000	0.00000
565	NoName	1.00000	0.00000	0.00000	0.00000	0.00000	0.00000
566	NoName	0.00000	1.00000	0.00000	0.00000	0.00000	0.00000
567	NoName	0.98984	0.00002	0.00004	0.00383	0.00622	0.00005
568	NoName	1.00000	0.00000	0.00000	0.00000	0.00000	0.00000
569	NoName	0.00000	0.99997	0.00000	0.00000	0.00000	0.00003
570	NoName	0.00000	1.00000	0.00000	0.00000	0.00000	0.00000
571	NoName	0.00000	1.00000	0.00000	0.00000	0.00000	0.00000
572	NoName	0.00000	1.00000	0.00000	0.00000	0.00000	0.00000
573	NoName	0.00000	0.99582	0.00000	0.00000	0.00000	0.00418
574	NoName	0.00000	0.99932	0.00000	0.00000	0.00000	0.00068
575	NoName	0.00035	0.00000	0.00000	0.01802	0.98163	0.00000
576	NoName	0.00000	1.00000	0.00000	0.00000	0.00000	0.00000
577	NoName	1.00000	0.00000	0.00000	0.00000	0.00000	0.00000
578	NoName	0.00000	1.00000	0.00000	0.00000	0.00000	0.00000
579	NoName	0.00000	0.99943	0.00000	0.00000	0.00000	0.00057
580	NoName	0.00000	0.99875	0.00000	0.00004	0.00000	0.00121
581	NoName	0.00000	1.00000	0.00000	0.00000	0.00000	0.00000
582	NoName	0.00000	1.00000	0.00000	0.00000	0.00000	0.00000
583	NoName	0.00000	0.99951	0.00000	0.00001	0.00000	0.00049
584	NoName	0.00000	0.99998	0.00000	0.00000	0.00000	0.00002
585	NoName	0.00000	0.99987	0.00000	0.00000	0.00000	0.00013
586	NoName	0.00000	1.00000	0.00000	0.00000	0.00000	0.00000
587	NoName	0.00000	1.00000	0.00000	0.00000	0.00000	0.00000
588	NoName	0.00000	0.99996	0.00000	0.00000	0.00000	0.00004
589	NoName	0.00000	1.00000	0.00000	0.00000	0.00000	0.00000
590	NoName	0.00000	1.00000	0.00000	0.00000	0.00000	0.00000
591	NoName	0.00000	0.99984	0.00000	0.00000	0.00000	0.00016
592	NoName	0.00000	0.99983	0.00000	0.00000	0.00000	0.00017
593	NoName	0.00000	1.00000	0.00000	0.00000	0.00000	0.00000
594	NoName	0.00000	1.00000	0.00000	0.00000	0.00000	0.00000
595	NoName	0.00000	1.00000	0.00000	0.00000	0.00000	0.00000
596	NoName	0.00032	0.00015	0.01856	0.74832	0.02716	0.20549
597	NoName	0.00000	0.99998	0.00000	0.00000	0.00000	0.00002
598	NoName	0.00000	0.99985	0.00000	0.00000	0.00000	0.00015
599	NoName	0.00000	0.93058	0.00000	0.00106	0.00000	0.06836
600	NoName	0.00000	1.00000	0.00000	0.00000	0.00000	0.00000
601	NoName	0.15967	0.79964	0.00372	0.01345	0.00461	0.01890
602	NoName	0.99990	0.00000	0.00000	0.00000	0.00010	0.00000
603	NoName	0.99465	0.00000	0.00001	0.00147	0.00386	0.00001
604	NoName	0.00000	1.00000	0.00000	0.00000	0.00000	0.00000
605	NoName	0.00000	0.99986	0.00000	0.00000	0.00000	0.00014
606	NoName	0.00000	0.99918	0.00000	0.00000	0.00000	0.00081
607	NoName	0.00000	1.00000	0.00000	0.00000	0.00000	0.00000
608	NoName	0.00000	1.00000	0.00000	0.00000	0.00000	0.00000
609	NoName	0.00000	1.00000	0.00000	0.00000	0.00000	0.00000
610	NoName	0.99737	0.00000	0.00000	0.00000	0.00263	0.00000
611	NoName	0.00000	1.00000	0.00000	0.00000	0.00000	0.00000
612	NoName	0.00000	1.00000	0.00000	0.00000	0.00000	0.00000
613	NoName	0.00000	1.00000	0.00000	0.00000	0.00000	0.00000
614	NoName	0.00000	0.99994	0.00000	0.00000	0.00000	0.00006
615	NoName	0.00000	1.00000	0.00000	0.00000	0.00000	0.00000
616	NoName	0.00000	1.00000	0.00000	0.00000	0.00000	0.00000
617	NoName	0.00000	1.00000	0.00000	0.00000	0.00000	0.00000
618	NoName	0.00000	0.99997	0.00000	0.00000	0.00000	0.00003
619	NoName	0.00000	1.00000	0.00000	0.00000	0.00000	0.00000
620	NoName	0.00000	1.00000	0.00000	0.00000	0.00000	0.00000
621	NoName	0.00000	1.00000	0.00000	0.00000	0.00000	0.00000
622	NoName	0.00000	0.99994	0.00000	0.00000	0.00000	0.00006
623	NoName	0.00000	1.00000	0.00000	0.00000	0.00000	0.00000
624	NoName	0.00000	0.99429	0.00000	0.00000	0.00000	0.00571
625	NoName	0.00000	1.00000	0.00000	0.00000	0.00000	0.00000
626	NoName	0.00000	0.99675	0.00001	0.00027	0.00000	0.00297
627	NoName	0.00000	1.00000	0.00000	0.00000	0.00000	0.00000
628	NoName	0.00000	1.00000	0.00000	0.00000	0.00000	0.00000
629	NoName	0.00000	1.00000	0.00000	0.00000	0.00000	0.00000
630	NoName	0.00000	1.00000	0.00000	0.00000	0.00000	0.00000
631	NoName	0.00000	1.00000	0.00000	0.00000	0.00000	0.00000
632	NoName	1.00000	0.00000	0.00000	0.00000	0.00000	0.00000
633	NoName	0.00000	0.99926	0.00000	0.00000	0.00000	0.00074
634	NoName	0.00000	0.99994	0.00000	0.00000	0.00000	0.00006
635	NoName	0.00000	1.00000	0.00000	0.00000	0.00000	0.00000
636	NoName	0.00000	0.99923	0.00000	0.00001	0.00000	0.00075
637	NoName	0.00000	0.99988	0.00000	0.00000	0.00000	0.00012
638	NoName	0.00000	0.99999	0.00000	0.00000	0.00000	0.00001
639	NoName	0.00000	1.00000	0.00000	0.00000	0.00000	0.00000
640	NoName	0.00000	0.99996	0.00000	0.00000	0.00000	0.00004
641	NoName	0.00000	1.00000	0.00000	0.00000	0.00000	0.00000
642	NoName	0.00000	0.99991	0.00000	0.00000	0.00000	0.00009
643	NoName	0.00000	1.00000	0.00000	0.00000	0.00000	0.00000
644	NoName	0.00000	0.00000	0.00000	0.00040	0.00000	0.99960
645	NoName	0.00000	1.00000	0.00000	0.00000	0.00000	0.00000
646	NoName	0.00000	0.99999	0.00000	0.00000	0.00000	0.00001
647	NoName	0.00000	1.00000	0.00000	0.00000	0.00000	0.00000
648	NoName	0.00000	0.99982	0.00000	0.00000	0.00000	0.00018
649	NoName	0.00000	0.99998	0.00000	0.00000	0.00000	0.00002
650	NoName	1.00000	0.00000	0.00000	0.00000	0.00000	0.00000
651	NoName	0.00000	1.00000	0.00000	0.00000	0.00000	0.00000
652	NoName	0.00000	1.00000	0.00000	0.00000	0.00000	0.00000
653	NoName	0.99957	0.00000	0.00000	0.00001	0.00042	0.00000
654	NoName	0.00000	0.99999	0.00000	0.00000	0.00000	0.00001
655	NoName	0.00000	0.99996	0.00000	0.00000	0.00000	0.00004
656	NoName	0.00000	1.00000	0.00000	0.00000	0.00000	0.00000
657	NoName	0.00000	1.00000	0.00000	0.00000	0.00000	0.00000
658	NoName	0.00000	1.00000	0.00000	0.00000	0.00000	0.00000
659	NoName	0.99853	0.00000	0.00000	0.00015	0.00133	0.00000
660	NoName	0.00000	0.99965	0.00000	0.00000	0.00000	0.00035
661	NoName	0.00000	1.00000	0.00000	0.00000	0.00000	0.00000
662	NoName	0.00000	1.00000	0.00000	0.00000	0.00000	0.00000
663	NoName	0.00000	0.99700	0.00000	0.00017	0.00000	0.00283
664	NoName	1.00000	0.00000	0.00000	0.00000	0.00000	0.00000
665	NoName	0.00000	0.99986	0.00000	0.00000	0.00000	0.00014
666	NoName	1.00000	0.00000	0.00000	0.00000	0.00000	0.00000
667	NoName	1.00000	0.00000	0.00000	0.00000	0.00000	0.00000
668	NoName	1.00000	0.00000	0.00000	0.00000	0.00000	0.00000
669	NoName	0.99999	0.00000	0.00000	0.00000	0.00001	0.00000
670	NoName	0.99896	0.00000	0.00000	0.00002	0.00102	0.00000
671	NoName	0.00000	1.00000	0.00000	0.00000	0.00000	0.00000
672	NoName	0.00000	1.00000	0.00000	0.00000	0.00000	0.00000
673	NoName	0.00000	0.99997	0.00000	0.00000	0.00000	0.00003
674	NoName	0.00000	0.99831	0.00000	0.00008	0.00000	0.00161
675	NoName	0.00000	0.99993	0.00000	0.00000	0.00000	0.00007
676	NoName	0.00000	1.00000	0.00000	0.00000	0.00000	0.00000
677	NoName	0.00000	1.00000	0.00000	0.00000	0.00000	0.00000
678	NoName	0.99902	0.00000	0.00000	0.00000	0.00098	0.00000
679	NoName	0.00000	1.00000	0.00000	0.00000	0.00000	0.00000
680	NoName	0.00000	1.00000	0.00000	0.00000	0.00000	0.00000
681	NoName	0.00000	1.00000	0.00000	0.00000	0.00000	0.00000
682	NoName	0.00000	1.00000	0.00000	0.00000	0.00000	0.00000
683	NoName	0.00000	1.00000	0.00000	0.00000	0.00000	0.00000
684	NoName	0.00000	0.99993	0.00000	0.00000	0.00000	0.00007
685	NoName	0.00000	1.00000	0.00000	0.00000	0.00000	0.00000
686	NoName	0.00000	1.00000	0.00000	0.00000	0.00000	0.00000
687	NoName	0.00000	1.00000	0.00000	0.00000	0.00000	0.00000
688	NoName	0.00000	0.99996	0.00000	0.00000	0.00000	0.00004
689	NoName	0.00000	1.00000	0.00000	0.00000	0.00000	0.00000
690	NoName	0.00000	0.99999	0.00000	0.00000	0.00000	0.00001
691	NoName	0.00000	0.99997	0.00000	0.00000	0.00000	0.00003
692	NoName	0.00000	1.00000	0.00000	0.00000	0.00000	0.00000
693	NoName	0.00000	0.99995	0.00000	0.00000	0.00000	0.00005
694	NoName	0.00004	0.99630	0.00004	0.00033	0.00001	0.00328
695	NoName	0.00000	1.00000	0.00000	0.00000	0.00000	0.00000
696	NoName	0.00000	1.00000	0.00000	0.00000	0.00000	0.00000
697	NoName	0.00000	0.99993	0.00000	0.00000	0.00000	0.00007
698	NoName	0.00000	0.99999	0.00000	0.00000	0.00000	0.00001
699	NoName	0.00000	1.00000	0.00000	0.00000	0.00000	0.00000
700	NoName	0.00000	0.99998	0.00000	0.00000	0.00000	0.00002
701	NoName	1.00000	0.00000	0.00000	0.00000	0.00000	0.00000
702	NoName	0.99974	0.00000	0.00000	0.00000	0.00026	0.00000
703	NoName	1.00000	0.00000	0.00000	0.00000	0.00000	0.00000
704	NoName	0.99826	0.00000	0.00001	0.00022	0.00151	0.00000
705	NoName	0.00000	0.99992	0.00000	0.00000	0.00000	0.00008
706	NoName	0.00000	0.99997	0.00000	0.00000	0.00000	0.00003
707	NoName	0.99994	0.00000	0.00000	0.00000	0.00006	0.00000
708	NoName	0.00000	0.99999	0.00000	0.00000	0.00000	0.00001
709	NoName	0.00000	1.00000	0.00000	0.00000	0.00000	0.00000
710	NoName	0.00000	1.00000	0.00000	0.00000	0.00000	0.00000
711	NoName	0.00000	1.00000	0.00000	0.00000	0.00000	0.00000
712	NoName	0.00000	1.00000	0.00000	0.00000	0.00000	0.00000
713	NoName	0.00000	1.00000	0.00000	0.00000	0.00000	0.00000
714	NoName	1.00000	0.00000	0.00000	0.00000	0.00000	0.00000
715	NoName	0.00000	0.99540	0.00000	0.00051	0.00000	0.00409
716	NoName	0.00000	1.00000	0.00000	0.00000	0.00000	0.00000
717	NoName	0.00000	1.00000	0.00000	0.00000	0.00000	0.00000
718	NoName	0.99996	0.00000	0.00000	0.00000	0.00004	0.00000
719	NoName	0.00000	1.00000	0.00000	0.00000	0.00000	0.00000
720	NoName	0.00000	1.00000	0.00000	0.00000	0.00000	0.00000
721	NoName	0.00000	1.00000	0.00000	0.00000	0.00000	0.00000
722	NoName	0.00000	1.00000	0.00000	0.00000	0.00000	0.00000
723	NoName	0.00000	1.00000	0.00000	0.00000	0.00000	0.00000
724	NoName	0.00000	0.99957	0.00000	0.00000	0.00000	0.00042
725	NoName	0.00000	0.99621	0.00000	0.00036	0.00000	0.00343
726	NoName	0.00000	1.00000	0.00000	0.00000	0.00000	0.00000
727	NoName	0.00000	1.00000	0.00000	0.00000	0.00000	0.00000
728	NoName	0.00000	0.99904	0.00000	0.00003	0.00000	0.00094
729	NoName	0.00000	1.00000	0.00000	0.00000	0.00000	0.00000
730	NoName	0.00000	1.00000	0.00000	0.00000	0.00000	0.00000
731	NoName	0.00000	1.00000	0.00000	0.00000	0.00000	0.00000
732	NoName	0.99957	0.00000	0.00000	0.00000	0.00043	0.00000
733	NoName	0.00000	1.00000	0.00000	0.00000	0.00000	0.00000
734	NoName	0.00000	1.00000	0.00000	0.00000	0.00000	0.00000
735	NoName	0.00000	1.00000	0.00000	0.00000	0.00000	0.00000
736	NoName	0.00000	0.99920	0.00000	0.00001	0.00000	0.00079
737	NoName	0.00000	1.00000	0.00000	0.00000	0.00000	0.00000
738	NoName	0.99997	0.00000	0.00000	0.00000	0.00003	0.00000
739	NoName	0.00000	0.99902	0.00000	0.00002	0.00000	0.00096
740	NoName	0.00000	1.00000	0.00000	0.00000	0.00000	0.00000
741	NoName	1.00000	0.00000	0.00000	0.00000	0.00000	0.00000
742	NoName	0.00000	1.00000	0.00000	0.00000	0.00000	0.00000
743	NoName	0.00000	1.00000	0.00000	0.00000	0.00000	0.00000
744	NoName	0.00000	1.00000	0.00000	0.00000	0.00000	0.00000
745	NoName	0.99999	0.00000	0.00000	0.00000	0.00001	0.00000
746	NoName	0.00000	1.00000	0.00000	0.00000	0.00000	0.00000
747	NoName	0.00000	1.00000	0.00000	0.00000	0.00000	0.00000
748	NoName	0.00000	1.00000	0.00000	0.00000	0.00000	0.00000
749	NoName	0.00000	0.99999	0.00000	0.00000	0.00000	0.00001
750	NoName	0.00617	0.98449	0.00082	0.00141	0.00029	0.00681
751	NoName	0.00000	0.99999	0.00000	0.00000	0.00000	0.00001
752	NoName	0.00000	1.00000	0.00000	0.00000	0.00000	0.00000
753	NoName	0.00000	1.00000	0.00000	0.00000	0.00000	0.00000
754	NoName	0.00000	1.00000	0.00000	0.00000	0.00000	0.00000
755	NoName	0.00000	0.99994	0.00000	0.00000	0.00000	0.00006
756	NoName	0.00000	1.00000	0.00000	0.00000	0.00000	0.00000
757	NoName	0.00000	0.99619	0.00000	0.00036	0.00000	0.00345
758	NoName	0.00000	0.99969	0.00000	0.00000	0.00000	0.00031
759	NoName	0.99997	0.00000	0.00000	0.00000	0.00003	0.00000
760	NoName	1.00000	0.00000	0.00000	0.00000	0.00000	0.00000
761	NoName	0.00000	0.00295	0.00000	0.29886	0.00000	0.69819
762	NoName	0.00000	1.00000	0.00000	0.00000	0.00000	0.00000
763	NoName	0.00000	1.00000	0.00000	0.00000	0.00000	0.00000
764	NoName	0.00000	1.00000	0.00000	0.00000	0.00000	0.00000
765	NoName	0.00000	1.00000	0.00000	0.00000	0.00000	0.00000
766	NoName	0.00000	1.00000	0.00000	0.00000	0.00000	0.00000
767	NoName	0.00000	1.00000	0.00000	0.00000	0.00000	0.00000
768	NoName	0.00000	0.99999	0.00000	0.00000	0.00000	0.00001
769	NoName	0.00000	0.99999	0.00000	0.00000	0.00000	0.00001
770	NoName	0.00000	1.00000	0.00000	0.00000	0.00000	0.00000
771	NoName	0.00000	1.00000	0.00000	0.00000	0.00000	0.00000
772	NoName	0.00000	0.99999	0.00000	0.00000	0.00000	0.00001
773	NoName	0.00000	0.99961	0.00000	0.00000	0.00000	0.00039
774	NoName	0.00000	0.99997	0.00000	0.00000	0.00000	0.00003
775	NoName	0.00000	1.00000	0.00000	0.00000	0.00000	0.00000
776	NoName	0.00000	1.00000	0.00000	0.00000	0.00000	0.00000
