110701_sweeps	1.000/0.000/0.000/0.000	0.000/0.000/0.000/1.000	0.000/0.500/0.500/0.000	0.250/0.250/0.250/0.250	0.500/0.250/0.250/0.000	0.000/0.250/0.250/0.500
1	0.00000	0.99999	0.00000	0.00000	0.00000	0.00001
2	0.00000	0.94131	0.00000	0.00002	0.00000	0.05867
3	0.00000	0.99993	0.00000	0.00000	0.00000	0.00007
4	0.00000	0.97134	0.00000	0.00056	0.00000	0.02810
5	0.00000	0.99990	0.00000	0.00000	0.00000	0.00010
6	0.00000	0.94078	0.00000	0.00180	0.00000	0.05742
7	0.00000	0.99938	0.00000	0.00000	0.00000	0.00062
8	0.00000	0.99870	0.00000	0.00000	0.00000	0.00130
9	0.00000	0.99972	0.00000	0.00000	0.00000	0.00028
10	0.06537	0.00000	0.00000	0.00005	0.93458	0.00000
11	0.99923	0.00000	0.00000	0.00000	0.00077	0.00000
12	0.00000	0.98966	0.00000	0.00010	0.00000	0.01024
13	0.00000	0.99997	0.00000	0.00000	0.00000	0.00003
14	0.00000	0.99998	0.00000	0.00000	0.00000	0.00002
15	0.00000	0.99995	0.00000	0.00000	0.00000	0.00005
16	0.00000	0.98862	0.00000	0.00007	0.00000	0.01131
17	0.99988	0.00000	0.00000	0.00000	0.00012	0.00000
18	0.90126	0.00000	0.00001	0.00896	0.08977	0.00000
19	0.00001	0.65884	0.00352	0.07300	0.00076	0.26386
20	0.99999	0.00000	0.00000	0.00000	0.00001	0.00000
21	0.00005	0.41256	0.00394	0.25591	0.00314	0.32440
22	0.00000	0.88254	0.00000	0.01251	0.00000	0.10495
23	0.99471	0.00000	0.00000	0.00002	0.00527	0.00000
24	0.99994	0.00000	0.00000	0.00000	0.00006	0.00000
25	0.99993	0.00000	0.00000	0.00000	0.00007	0.00000
26	0.00000	0.99978	0.00000	0.00000	0.00000	0.00022
27	0.00000	0.99997	0.00000	0.00000	0.00000	0.00003
28	0.00000	0.99998	0.00000	0.00000	0.00000	0.00002
29	0.00000	0.99998	0.00000	0.00000	0.00000	0.00002
30	0.99990	0.00000	0.00000	0.00000	0.00010	0.00000
31	0.99674	0.00000	0.00000	0.00001	0.00326	0.00000
32	0.00000	0.56886	0.00000	0.03347	0.00000	0.39768
33	0.99255	0.00000	0.00000	0.00003	0.00742	0.00000
34	0.00000	0.94525	0.00000	0.00297	0.00000	0.05178
35	0.00000	0.06958	0.00115	0.13923	0.00010	0.78994
36	0.00000	0.99977	0.00000	0.00000	0.00000	0.00023
37	0.99996	0.00000	0.00000	0.00000	0.00004	0.00000
38	1.00000	0.00000	0.00000	0.00000	0.00000	0.00000
39	0.00000	0.99992	0.00000	0.00000	0.00000	0.00008
40	0.00000	0.99978	0.00000	0.00000	0.00000	0.00022
41	0.00000	0.99997	0.00000	0.00000	0.00000	0.00003
42	0.00000	0.99997	0.00000	0.00000	0.00000	0.00003
43	0.96910	0.00000	0.00000	0.00000	0.03090	0.00000
44	0.00000	0.89752	0.00000	0.00001	0.00000	0.10247
45	0.99999	0.00000	0.00000	0.00000	0.00001	0.00000
46	0.00000	0.00107	0.00000	0.00202	0.00000	0.99692
47	0.00000	0.99877	0.00000	0.00000	0.00000	0.00123
48	0.99947	0.00000	0.00000	0.00000	0.00053	0.00000
49	0.99973	0.00000	0.00000	0.00000	0.00027	0.00000
50	0.00000	0.99651	0.00000	0.00001	0.00000	0.00348
51	0.00000	0.99997	0.00000	0.00000	0.00000	0.00003
52	0.00000	0.99996	0.00000	0.00000	0.00000	0.00004
53	0.61088	0.00000	0.00000	0.00098	0.38814	0.00000
54	0.00000	1.00000	0.00000	0.00000	0.00000	0.00000
55	0.00000	0.99997	0.00000	0.00000	0.00000	0.00003
56	0.97113	0.00000	0.00000	0.00049	0.02838	0.00000
57	0.00000	0.99974	0.00000	0.00000	0.00000	0.00026
58	0.00000	0.99999	0.00000	0.00000	0.00000	0.00001
59	0.00000	0.99437	0.00000	0.00003	0.00000	0.00560
60	0.00000	0.99997	0.00000	0.00000	0.00000	0.00003
61	0.00000	0.99999	0.00000	0.00000	0.00000	0.00001
62	0.00000	0.99874	0.00000	0.00000	0.00000	0.00126
63	0.00000	0.99998	0.00000	0.00000	0.00000	0.00002
64	0.00000	0.99021	0.00000	0.00000	0.00000	0.00979
65	0.00000	0.99968	0.00000	0.00000	0.00000	0.00032
66	0.99997	0.00000	0.00000	0.00000	0.00003	0.00000
67	0.00000	0.99990	0.00000	0.00000	0.00000	0.00010
68	0.00000	0.99999	0.00000	0.00000	0.00000	0.00001
69	0.00001	0.60078	0.00246	0.12362	0.00113	0.27199
70	0.00000	0.99799	0.00000	0.00000	0.00000	0.00200
71	0.00000	0.99998	0.00000	0.00000	0.00000	0.00002
72	0.00000	0.99999	0.00000	0.00000	0.00000	0.00001
73	0.00000	0.99926	0.00000	0.00000	0.00000	0.00074
74	0.00000	0.99997	0.00000	0.00000	0.00000	0.00003
75	0.00000	0.99936	0.00000	0.00000	0.00000	0.00064
76	0.00000	0.99993	0.00000	0.00000	0.00000	0.00007
77	0.99998	0.00000	0.00000	0.00000	0.00002	0.00000
78	0.99605	0.00000	0.00000	0.00001	0.00394	0.00000
79	0.99992	0.00000	0.00000	0.00000	0.00008	0.00000
80	0.00000	0.95707	0.00000	0.00017	0.00000	0.04276
81	0.00000	0.99981	0.00000	0.00000	0.00000	0.00019
82	0.84888	0.00000	0.00000	0.02021	0.13091	0.00000
83	0.99994	0.00000	0.00000	0.00000	0.00006	0.00000
84	0.00000	0.99991	0.00000	0.00000	0.00000	0.00009
85	0.99998	0.00000	0.00000	0.00000	0.00002	0.00000
86	0.08631	0.00000	0.00000	0.00008	0.91362	0.00000
87	0.00000	0.99997	0.00000	0.00000	0.00000	0.00003
88	0.99996	0.00000	0.00000	0.00000	0.00004	0.00000
89	0.00000	0.99825	0.00000	0.00000	0.00000	0.00175
90	0.00000	0.99982	0.00000	0.00000	0.00000	0.00018
91	0.98867	0.00000	0.00000	0.00009	0.01124	0.00000
92	0.00000	0.00000	0.00049	0.02180	0.00000	0.97771
93	0.00000	0.99973	0.00000	0.00000	0.00000	0.00027
94	0.96336	0.00000	0.00000	0.00064	0.03599	0.00000
95	0.00000	0.99878	0.00000	0.00000	0.00000	0.00122
96	0.00000	0.00678	0.00000	0.05971	0.00000	0.93351
97	0.99909	0.00000	0.00000	0.00000	0.00091	0.00000
98	0.00000	0.97908	0.00000	0.00014	0.00000	0.02078
99	0.00000	0.83368	0.00069	0.02346	0.00011	0.14206
100	0.00000	0.99976	0.00000	0.00000	0.00000	0.00024
101	0.00000	0.99962	0.00000	0.00000	0.00000	0.00038
102	0.00000	0.99490	0.00000	0.00003	0.00000	0.00507
103	0.00000	0.99985	0.00000	0.00000	0.00000	0.00015
104	0.00000	0.99997	0.00000	0.00000	0.00000	0.00003
105	0.00006	0.71064	0.00539	0.06610	0.00169	0.21613
106	0.00000	0.99995	0.00000	0.00000	0.00000	0.00005
107	0.00000	0.99831	0.00000	0.00000	0.00000	0.00169
108	0.99858	0.00000	0.00000	0.00000	0.00142	0.00000
109	0.00000	0.99990	0.00000	0.00000	0.00000	0.00010
110	0.00000	0.99989	0.00000	0.00000	0.00000	0.00011
111	0.00000	0.99982	0.00000	0.00000	0.00000	0.00018
112	0.99779	0.00000	0.00000	0.00000	0.00221	0.00000
113	0.98510	0.00000	0.00000	0.00016	0.01473	0.00000
114	0.00000	0.99305	0.00000	0.00000	0.00000	0.00695
115	0.00000	0.99996	0.00000	0.00000	0.00000	0.00004
116	0.99955	0.00000	0.00000	0.00000	0.00045	0.00000
117	0.00000	0.99999	0.00000	0.00000	0.00000	0.00001
118	0.99998	0.00000	0.00000	0.00000	0.00002	0.00000
119	0.99964	0.00000	0.00000	0.00000	0.00036	0.00000
120	0.00000	0.99991	0.00000	0.00000	0.00000	0.00009
121	0.00000	0.99999	0.00000	0.00000	0.00000	0.00001
122	0.00000	0.99964	0.00000	0.00000	0.00000	0.00036
123	0.00025	0.55747	0.00670	0.14650	0.00357	0.28551
124	0.00000	0.99732	0.00000	0.00000	0.00000	0.00267
125	0.00000	0.99961	0.00000	0.00000	0.00000	0.00039
126	0.00000	0.99996	0.00000	0.00000	0.00000	0.00004
127	0.00000	0.99991	0.00000	0.00000	0.00000	0.00009
128	0.00000	0.99863	0.00000	0.00000	0.00000	0.00137
129	0.00000	0.98470	0.00000	0.00012	0.00000	0.01518
130	0.00000	0.99999	0.00000	0.00000	0.00000	0.00001
131	0.97700	0.00000	0.00000	0.00000	0.02300	0.00000
132	0.00000	0.99999	0.00000	0.00000	0.00000	0.00001
133	0.00000	0.99994	0.00000	0.00000	0.00000	0.00006
134	0.00000	0.99965	0.00000	0.00000	0.00000	0.00035
135	0.00000	0.99994	0.00000	0.00000	0.00000	0.00006
136	0.00000	0.99997	0.00000	0.00000	0.00000	0.00003
137	0.00000	0.99992	0.00000	0.00000	0.00000	0.00008
138	0.99916	0.00000	0.00000	0.00000	0.00084	0.00000
139	0.99867	0.00000	0.00000	0.00000	0.00133	0.00000
140	0.99993	0.00000	0.00000	0.00000	0.00007	0.00000
141	0.78512	0.00000	0.00000	0.04674	0.16814	0.00000
142	0.99969	0.00000	0.00000	0.00000	0.00031	0.00000
143	0.00000	0.99978	0.00000	0.00000	0.00000	0.00022
144	0.98205	0.00000	0.00000	0.00000	0.01795	0.00000
145	0.99967	0.00000	0.00000	0.00000	0.00033	0.00000
146	0.99996	0.00000	0.00000	0.00000	0.00004	0.00000
147	0.99970	0.00000	0.00000	0.00000	0.00030	0.00000
148	0.99996	0.00000	0.00000	0.00000	0.00004	0.00000
149	0.99988	0.00000	0.00000	0.00000	0.00012	0.00000
150	0.99998	0.00000	0.00000	0.00000	0.00002	0.00000
151	0.00000	0.97523	0.00000	0.00032	0.00000	0.02446
152	0.01749	0.42441	0.08536	0.15985	0.05257	0.26032
153	0.00000	0.97944	0.00000	0.00023	0.00000	0.02033
154	0.00000	0.99991	0.00000	0.00000	0.00000	0.00009
155	0.00000	0.99999	0.00000	0.00000	0.00000	0.00001
156	0.00000	0.99999	0.00000	0.00000	0.00000	0.00001
157	0.00000	0.99934	0.00000	0.00000	0.00000	0.00066
158	0.00000	0.99999	0.00000	0.00000	0.00000	0.00001
159	0.00000	0.99996	0.00000	0.00000	0.00000	0.00004
160	0.00000	0.99949	0.00000	0.00000	0.00000	0.00051
161	0.00000	0.99999	0.00000	0.00000	0.00000	0.00001
162	0.28829	0.00000	0.00000	0.00010	0.71161	0.00000
163	0.00000	0.99754	0.00000	0.00000	0.00000	0.00246
164	0.00000	0.98186	0.00000	0.00001	0.00000	0.01813
165	0.00000	0.96063	0.00000	0.00092	0.00000	0.03845
166	0.99999	0.00000	0.00000	0.00000	0.00001	0.00000
167	0.99999	0.00000	0.00000	0.00000	0.00001	0.00000
168	0.99912	0.00000	0.00000	0.00000	0.00088	0.00000
169	0.00000	0.99983	0.00000	0.00000	0.00000	0.00017
170	0.00000	0.99829	0.00000	0.00000	0.00000	0.00171
171	0.00000	0.99998	0.00000	0.00000	0.00000	0.00002
172	0.00000	0.99994	0.00000	0.00000	0.00000	0.00006
173	0.99997	0.00000	0.00000	0.00000	0.00003	0.00000
174	0.00000	0.99989	0.00000	0.00000	0.00000	0.00011
175	0.00000	0.99678	0.00000	0.00000	0.00000	0.00322
176	0.00000	0.99985	0.00000	0.00000	0.00000	0.00015
177	0.00000	0.99992	0.00000	0.00000	0.00000	0.00008
178	0.99994	0.00000	0.00000	0.00000	0.00006	0.00000
179	1.00000	0.00000	0.00000	0.00000	0.00000	0.00000
180	0.00000	0.99948	0.00000	0.00000	0.00000	0.00052
181	0.00000	0.99958	0.00000	0.00000	0.00000	0.00042
182	0.98128	0.00000	0.00000	0.00018	0.01854	0.00000
183	0.00000	0.96167	0.00000	0.00000	0.00000	0.03833
184	0.00000	0.99422	0.00000	0.00000	0.00000	0.00578
185	0.00000	0.99997	0.00000	0.00000	0.00000	0.00003
186	0.99992	0.00000	0.00000	0.00000	0.00008	0.00000
187	0.00000	0.99986	0.00000	0.00000	0.00000	0.00014
188	0.00000	0.99997	0.00000	0.00000	0.00000	0.00003
189	0.00000	0.99995	0.00000	0.00000	0.00000	0.00005
190	0.00000	0.90816	0.00000	0.00095	0.00000	0.09089
191	0.99867	0.00000	0.00000	0.00000	0.00133	0.00000
192	0.99973	0.00000	0.00000	0.00000	0.00027	0.00000
193	0.88093	0.00000	0.00000	0.00002	0.11905	0.00000
194	0.00000	0.99978	0.00000	0.00000	0.00000	0.00022
195	0.00000	0.99827	0.00000	0.00000	0.00000	0.00173
196	0.00000	0.99993	0.00000	0.00000	0.00000	0.00007
197	0.00000	0.98331	0.00000	0.00028	0.00000	0.01641
198	0.00000	0.96910	0.00000	0.00000	0.00000	0.03090
199	0.00000	0.99956	0.00000	0.00000	0.00000	0.00044
200	0.00000	0.00000	0.99940	0.00045	0.00003	0.00012
201	0.00000	0.99996	0.00000	0.00000	0.00000	0.00004
202	0.00000	0.99997	0.00000	0.00000	0.00000	0.00003
203	0.00000	0.91435	0.00000	0.00683	0.00000	0.07882
204	0.00000	0.99995	0.00000	0.00000	0.00000	0.00005
205	0.00000	0.99996	0.00000	0.00000	0.00000	0.00004
206	0.00000	0.99997	0.00000	0.00000	0.00000	0.00003
207	0.00000	0.99994	0.00000	0.00000	0.00000	0.00006
208	0.00000	0.99979	0.00000	0.00000	0.00000	0.00021
209	0.00000	0.99993	0.00000	0.00000	0.00000	0.00007
210	0.00000	0.99872	0.00000	0.00000	0.00000	0.00128
211	0.00000	0.99939	0.00000	0.00000	0.00000	0.00061
212	0.00000	0.99999	0.00000	0.00000	0.00000	0.00001
213	0.98985	0.00000	0.00000	0.00000	0.01014	0.00000
214	0.99981	0.00000	0.00000	0.00000	0.00019	0.00000
215	0.00000	0.99993	0.00000	0.00000	0.00000	0.00007
216	0.00000	0.99996	0.00000	0.00000	0.00000	0.00004
217	0.00000	0.99999	0.00000	0.00000	0.00000	0.00001
218	0.00000	0.99994	0.00000	0.00000	0.00000	0.00006
219	0.00000	0.99947	0.00000	0.00000	0.00000	0.00053
220	0.00164	0.65496	0.01792	0.08667	0.00887	0.22994
221	0.00000	0.99957	0.00000	0.00000	0.00000	0.00043
222	0.00000	0.99999	0.00000	0.00000	0.00000	0.00001
223	0.00000	0.98270	0.00000	0.00024	0.00000	0.01706
224	0.00000	0.99997	0.00000	0.00000	0.00000	0.00003
225	0.00000	0.99994	0.00000	0.00000	0.00000	0.00006
226	0.99894	0.00000	0.00000	0.00000	0.00106	0.00000
227	0.00000	0.99995	0.00000	0.00000	0.00000	0.00005
228	0.00000	0.99383	0.00000	0.00002	0.00000	0.00615
229	0.82301	0.00000	0.00007	0.02725	0.14966	0.00001
230	0.00000	0.99997	0.00000	0.00000	0.00000	0.00003
231	0.00000	0.99997	0.00000	0.00000	0.00000	0.00003
232	0.00000	0.99368	0.00000	0.00004	0.00000	0.00628
233	0.99910	0.00000	0.00000	0.00000	0.00090	0.00000
234	0.00000	0.98422	0.00000	0.00028	0.00000	0.01549
235	0.00000	0.99996	0.00000	0.00000	0.00000	0.00004
236	0.00000	0.99994	0.00000	0.00000	0.00000	0.00006
237	0.00000	0.99983	0.00000	0.00000	0.00000	0.00017
238	0.00000	0.99994	0.00000	0.00000	0.00000	0.00006
239	0.99974	0.00000	0.00000	0.00000	0.00026	0.00000
240	0.99978	0.00000	0.00000	0.00000	0.00022	0.00000
241	0.99981	0.00000	0.00000	0.00000	0.00019	0.00000
242	0.99998	0.00000	0.00000	0.00000	0.00002	0.00000
243	0.00000	0.99998	0.00000	0.00000	0.00000	0.00002
244	0.99989	0.00000	0.00000	0.00000	0.00011	0.00000
245	0.99872	0.00000	0.00000	0.00000	0.00128	0.00000
246	0.00000	0.99307	0.00000	0.00002	0.00000	0.00691
247	0.00000	0.99999	0.00000	0.00000	0.00000	0.00001
248	0.00000	0.99100	0.00000	0.00000	0.00000	0.00900
249	0.00000	0.99959	0.00000	0.00000	0.00000	0.00041
250	0.00000	0.99964	0.00000	0.00000	0.00000	0.00036
251	0.00000	0.99993	0.00000	0.00000	0.00000	0.00007
252	0.00000	0.99984	0.00000	0.00000	0.00000	0.00016
253	0.00000	0.99999	0.00000	0.00000	0.00000	0.00001
254	0.00000	0.99995	0.00000	0.00000	0.00000	0.00005
255	0.00000	0.99990	0.00000	0.00000	0.00000	0.00010
256	0.00000	0.99987	0.00000	0.00000	0.00000	0.00013
257	0.00000	0.99998	0.00000	0.00000	0.00000	0.00002
258	0.00000	0.99998	0.00000	0.00000	0.00000	0.00002
259	0.00000	0.99999	0.00000	0.00000	0.00000	0.00001
260	0.00001	0.01915	0.00544	0.34734	0.00178	0.62627
261	0.00000	0.99992	0.00000	0.00000	0.00000	0.00008
262	0.00000	0.99996	0.00000	0.00000	0.00000	0.00004
263	0.00000	0.99999	0.00000	0.00000	0.00000	0.00001
264	0.00000	0.99991	0.00000	0.00000	0.00000	0.00009
265	0.00000	0.00000	0.00000	0.99873	0.00067	0.00060
266	0.00000	0.99997	0.00000	0.00000	0.00000	0.00003
267	0.00000	0.99985	0.00000	0.00000	0.00000	0.00015
268	0.00000	0.99999	0.00000	0.00000	0.00000	0.00001
269	0.00000	0.98086	0.00000	0.00011	0.00000	0.01903
270	0.00000	0.99993	0.00000	0.00000	0.00000	0.00007
271	0.00000	0.99993	0.00000	0.00000	0.00000	0.00007
272	0.00000	0.99956	0.00000	0.00000	0.00000	0.00044
273	0.00000	0.99999	0.00000	0.00000	0.00000	0.00001
274	0.00000	0.99991	0.00000	0.00000	0.00000	0.00009
275	0.00000	0.99823	0.00000	0.00000	0.00000	0.00177
276	0.00000	0.99999	0.00000	0.00000	0.00000	0.00001
277	0.00000	0.99999	0.00000	0.00000	0.00000	0.00001
278	0.00000	0.99974	0.00000	0.00000	0.00000	0.00026
279	0.00000	0.99988	0.00000	0.00000	0.00000	0.00012
280	0.00000	1.00000	0.00000	0.00000	0.00000	0.00000
281	0.00000	0.99934	0.00000	0.00000	0.00000	0.00066
282	0.00000	0.99996	0.00000	0.00000	0.00000	0.00004
283	0.99785	0.00000	0.00000	0.00000	0.00215	0.00000
284	0.00000	0.74308	0.00000	0.04543	0.00000	0.21149
285	0.00000	0.99997	0.00000	0.00000	0.00000	0.00003
286	0.00000	0.99994	0.00000	0.00000	0.00000	0.00006
287	0.00000	1.00000	0.00000	0.00000	0.00000	0.00000
288	0.00000	0.99988	0.00000	0.00000	0.00000	0.00012
289	0.00000	0.99408	0.00000	0.00000	0.00000	0.00592
290	0.00000	0.99997	0.00000	0.00000	0.00000	0.00003
291	0.00000	0.99996	0.00000	0.00000	0.00000	0.00004
292	0.00000	0.83667	0.00000	0.00012	0.00000	0.16321
293	0.00000	0.99935	0.00000	0.00000	0.00000	0.00065
294	0.00000	0.99997	0.00000	0.00000	0.00000	0.00003
295	0.00000	0.99999	0.00000	0.00000	0.00000	0.00001
296	0.99983	0.00000	0.00000	0.00000	0.00017	0.00000
297	0.00000	0.99990	0.00000	0.00000	0.00000	0.00010
298	0.00000	0.87215	0.00001	0.01522	0.00000	0.11261
299	0.99875	0.00000	0.00000	0.00000	0.00125	0.00000
300	0.00000	0.99624	0.00000	0.00000	0.00000	0.00376
301	0.00000	0.99968	0.00000	0.00000	0.00000	0.00032
302	0.00000	0.99994	0.00000	0.00000	0.00000	0.00006
303	0.00000	0.99997	0.00000	0.00000	0.00000	0.00003
304	0.00000	0.99725	0.00000	0.00000	0.00000	0.00275
305	0.00000	0.99992	0.00000	0.00000	0.00000	0.00008
306	0.00000	0.99587	0.00000	0.00001	0.00000	0.00412
307	0.00000	0.99998	0.00000	0.00000	0.00000	0.00002
308	0.00000	0.99963	0.00000	0.00000	0.00000	0.00037
309	0.00000	0.99998	0.00000	0.00000	0.00000	0.00002
310	0.00000	0.99997	0.00000	0.00000	0.00000	0.00003
311	0.00000	0.92301	0.00002	0.00571	0.00000	0.07126
312	0.00000	0.99991	0.00000	0.00000	0.00000	0.00009
313	0.00000	0.99997	0.00000	0.00000	0.00000	0.00003
314	0.00000	0.99996	0.00000	0.00000	0.00000	0.00004
315	0.00000	0.77633	0.00000	0.00000	0.00000	0.22367
316	0.00000	0.99998	0.00000	0.00000	0.00000	0.00002
317	0.00000	1.00000	0.00000	0.00000	0.00000	0.00000
318	0.00000	0.99998	0.00000	0.00000	0.00000	0.00002
319	0.00000	0.01912	0.00000	0.28262	0.00000	0.69826
320	0.00000	0.99998	0.00000	0.00000	0.00000	0.00002
321	0.00000	0.99988	0.00000	0.00000	0.00000	0.00012
322	0.00000	0.99983	0.00000	0.00000	0.00000	0.00017
323	0.00000	0.99993	0.00000	0.00000	0.00000	0.00007
324	0.00000	0.99998	0.00000	0.00000	0.00000	0.00002
325	0.00000	0.99987	0.00000	0.00000	0.00000	0.00013
326	0.00000	0.99760	0.00000	0.00001	0.00000	0.00240
327	0.00000	0.99997	0.00000	0.00000	0.00000	0.00003
328	0.00000	0.99995	0.00000	0.00000	0.00000	0.00005
329	0.00000	0.99823	0.00000	0.00000	0.00000	0.00176
330	0.00000	0.97455	0.00000	0.00058	0.00000	0.02488
331	0.00000	0.99823	0.00000	0.00000	0.00000	0.00176
332	0.00000	0.99994	0.00000	0.00000	0.00000	0.00006
333	0.00000	0.99826	0.00000	0.00000	0.00000	0.00174
334	0.00000	0.99995	0.00000	0.00000	0.00000	0.00005
335	0.00000	0.99996	0.00000	0.00000	0.00000	0.00004
336	0.00000	0.87543	0.00002	0.01409	0.00000	0.11046
337	0.00000	0.99994	0.00000	0.00000	0.00000	0.00006
338	0.00000	1.00000	0.00000	0.00000	0.00000	0.00000
339	0.00000	0.99994	0.00000	0.00000	0.00000	0.00006
340	0.00000	0.00000	0.99993	0.00004	0.00002	0.00000
341	0.00000	0.99970	0.00000	0.00000	0.00000	0.00030
342	0.00000	0.99980	0.00000	0.00000	0.00000	0.00020
343	0.00000	0.00000	0.00000	0.00660	0.00000	0.99340
344	0.00000	0.99988	0.00000	0.00000	0.00000	0.00012
345	0.00000	0.99988	0.00000	0.00000	0.00000	0.00012
346	0.00000	0.89649	0.00000	0.00957	0.00000	0.09394
347	0.00000	0.00000	0.00000	0.00081	0.00000	0.99919
348	0.00000	0.99990	0.00000	0.00000	0.00000	0.00010
349	0.00000	0.99989	0.00000	0.00000	0.00000	0.00011
350	0.00000	0.99846	0.00000	0.00000	0.00000	0.00154
351	0.00000	0.99724	0.00000	0.00001	0.00000	0.00276
352	0.00000	0.99994	0.00000	0.00000	0.00000	0.00006
353	0.00000	0.38341	0.00000	0.10514	0.00000	0.51146
354	0.01026	0.41723	0.06453	0.18618	0.04333	0.27847
355	0.99907	0.00000	0.00000	0.00000	0.00093	0.00000
356	0.00000	0.99999	0.00000	0.00000	0.00000	0.00001
357	0.00000	0.99995	0.00000	0.00000	0.00000	0.00005
358	0.00001	0.70227	0.00177	0.07150	0.00057	0.22388
359	0.00000	0.99998	0.00000	0.00000	0.00000	0.00002
360	0.00000	0.99888	0.00000	0.00000	0.00000	0.00112
361	0.99986	0.00000	0.00000	0.00000	0.00014	0.00000
362	0.99998	0.00000	0.00000	0.00000	0.00002	0.00000
363	0.00000	0.99912	0.00000	0.00000	0.00000	0.00088
364	0.00000	0.99999	0.00000	0.00000	0.00000	0.00001
365	0.00000	0.99964	0.00000	0.00000	0.00000	0.00036
366	0.00000	0.99993	0.00000	0.00000	0.00000	0.00007
367	0.00000	0.99994	0.00000	0.00000	0.00000	0.00006
368	0.99989	0.00000	0.00000	0.00000	0.00011	0.00000
369	0.00000	0.99780	0.00000	0.00000	0.00000	0.00219
370	0.00000	0.99896	0.00000	0.00000	0.00000	0.00104
371	0.00000	0.99999	0.00000	0.00000	0.00000	0.00001
372	0.00000	0.99887	0.00000	0.00000	0.00000	0.00113
373	0.00003	0.46086	0.00305	0.21803	0.00213	0.31589
374	0.99998	0.00000	0.00000	0.00000	0.00002	0.00000
375	0.00000	0.99963	0.00000	0.00000	0.00000	0.00037
376	0.00226	0.63722	0.02144	0.09091	0.00957	0.23859
377	0.99997	0.00000	0.00000	0.00000	0.00003	0.00000
378	0.99491	0.00000	0.00000	0.00003	0.00506	0.00000
379	0.00000	0.99922	0.00000	0.00000	0.00000	0.00078
380	0.00000	0.99953	0.00000	0.00000	0.00000	0.00047
381	0.00000	0.99977	0.00000	0.00000	0.00000	0.00023
382	0.99999	0.00000	0.00000	0.00000	0.00001	0.00000
383	0.00000	0.99992	0.00000	0.00000	0.00000	0.00008
384	0.00000	1.00000	0.00000	0.00000	0.00000	0.00000
385	0.00000	0.99967	0.00000	0.00000	0.00000	0.00033
386	0.00000	0.99997	0.00000	0.00000	0.00000	0.00003
387	0.49787	0.00000	0.00000	0.02267	0.47946	0.00000
388	0.00000	0.99999	0.00000	0.00000	0.00000	0.00001
389	0.00000	0.99984	0.00000	0.00000	0.00000	0.00016
390	0.00000	0.99994	0.00000	0.00000	0.00000	0.00006
391	0.00000	0.95694	0.00000	0.00187	0.00000	0.04118
392	0.00000	0.96258	0.00000	0.00008	0.00000	0.03733
393	0.00000	0.99950	0.00000	0.00000	0.00000	0.00050
394	0.00000	0.99999	0.00000	0.00000	0.00000	0.00001
395	0.00000	0.99998	0.00000	0.00000	0.00000	0.00002
396	0.00000	1.00000	0.00000	0.00000	0.00000	0.00000
397	0.00000	0.99993	0.00000	0.00000	0.00000	0.00007
398	0.10049	0.20241	0.14136	0.20735	0.14382	0.20458
399	0.00000	0.99991	0.00000	0.00000	0.00000	0.00009
400	0.00000	0.99999	0.00000	0.00000	0.00000	0.00001
401	0.18900	0.09669	0.13422	0.22617	0.20633	0.14758
402	0.00000	0.99999	0.00000	0.00000	0.00000	0.00001
403	0.00000	0.99994	0.00000	0.00000	0.00000	0.00006
404	0.00000	0.99185	0.00000	0.00002	0.00000	0.00813
405	0.00000	0.99999	0.00000	0.00000	0.00000	0.00001
406	0.00000	0.99981	0.00000	0.00000	0.00000	0.00019
407	0.00000	0.99994	0.00000	0.00000	0.00000	0.00006
408	0.00000	1.00000	0.00000	0.00000	0.00000	0.00000
409	0.00000	0.99987	0.00000	0.00000	0.00000	0.00013
410	0.00000	0.99993	0.00000	0.00000	0.00000	0.00007
411	0.99910	0.00000	0.00000	0.00000	0.00090	0.00000
412	0.00000	0.99999	0.00000	0.00000	0.00000	0.00001
413	0.00000	0.99724	0.00000	0.00001	0.00000	0.00275
414	0.00000	0.99977	0.00000	0.00000	0.00000	0.00023
415	0.00000	0.97879	0.00000	0.00029	0.00000	0.02092
416	0.00000	0.99999	0.00000	0.00000	0.00000	0.00001
417	0.00000	0.99997	0.00000	0.00000	0.00000	0.00003
418	0.00000	0.99995	0.00000	0.00000	0.00000	0.00005
419	0.00000	0.99999	0.00000	0.00000	0.00000	0.00001
420	0.00000	0.99980	0.00000	0.00000	0.00000	0.00020
421	0.00000	0.99933	0.00000	0.00000	0.00000	0.00067
422	0.00000	0.98689	0.00000	0.00017	0.00000	0.01294
423	0.00000	0.91115	0.00000	0.00529	0.00000	0.08356
424	0.00000	0.99972	0.00000	0.00000	0.00000	0.00028
425	0.00000	0.99980	0.00000	0.00000	0.00000	0.00020
426	0.00000	0.99989	0.00000	0.00000	0.00000	0.00011
427	0.00000	0.99999	0.00000	0.00000	0.00000	0.00001
428	0.00000	0.99902	0.00000	0.00000	0.00000	0.00098
429	0.00000	0.99954	0.00000	0.00000	0.00000	0.00046
430	0.00000	0.99999	0.00000	0.00000	0.00000	0.00001
431	0.00000	0.99988	0.00000	0.00000	0.00000	0.00012
432	0.00000	0.99965	0.00000	0.00000	0.00000	0.00035
433	0.00000	0.99995	0.00000	0.00000	0.00000	0.00005
434	0.00000	0.98999	0.00000	0.00007	0.00000	0.00994
435	0.00000	0.99999	0.00000	0.00000	0.00000	0.00001
436	0.99828	0.00000	0.00000	0.00000	0.00172	0.00000
437	0.00000	0.99991	0.00000	0.00000	0.00000	0.00009
438	0.00000	0.99985	0.00000	0.00000	0.00000	0.00015
439	0.00000	0.99985	0.00000	0.00000	0.00000	0.00015
440	0.00000	0.99205	0.00000	0.00000	0.00000	0.00795
441	0.00000	0.99991	0.00000	0.00000	0.00000	0.00009
442	0.00000	0.99995	0.00000	0.00000	0.00000	0.00005
443	0.00000	0.99987	0.00000	0.00000	0.00000	0.00013
444	0.00000	0.99998	0.00000	0.00000	0.00000	0.00002
445	0.00000	0.99987	0.00000	0.00000	0.00000	0.00013
446	0.00000	0.99976	0.00000	0.00000	0.00000	0.00024
447	0.00000	0.99941	0.00000	0.00000	0.00000	0.00059
448	0.00000	0.99947	0.00000	0.00000	0.00000	0.00053
449	0.00000	1.00000	0.00000	0.00000	0.00000	0.00000
450	0.00000	0.99967	0.00000	0.00000	0.00000	0.00033
451	0.00000	0.99994	0.00000	0.00000	0.00000	0.00006
452	0.00000	0.91133	0.00002	0.00730	0.00000	0.08134
453	0.00000	0.99990	0.00000	0.00000	0.00000	0.00010
454	0.00000	0.99997	0.00000	0.00000	0.00000	0.00003
455	0.00000	0.97278	0.00000	0.00065	0.00000	0.02657
456	0.00000	0.99997	0.00000	0.00000	0.00000	0.00003
457	0.00000	0.99995	0.00000	0.00000	0.00000	0.00005
458	0.00000	0.99995	0.00000	0.00000	0.00000	0.00005
459	0.00000	0.99999	0.00000	0.00000	0.00000	0.00001
460	0.99999	0.00000	0.00000	0.00000	0.00001	0.00000
461	0.00000	0.99982	0.00000	0.00000	0.00000	0.00018
462	0.00000	0.99988	0.00000	0.00000	0.00000	0.00012
463	0.23221	0.11340	0.16136	0.16299	0.19428	0.13575
464	0.99997	0.00000	0.00000	0.00000	0.00003	0.00000
465	0.00000	0.99907	0.00000	0.00000	0.00000	0.00093
466	0.00000	0.99998	0.00000	0.00000	0.00000	0.00002
467	0.00000	0.98377	0.00000	0.00020	0.00000	0.01603
468	0.00000	0.99988	0.00000	0.00000	0.00000	0.00012
469	0.00000	0.99984	0.00000	0.00000	0.00000	0.00016
470	0.00000	0.98293	0.00000	0.00017	0.00000	0.01690
471	0.00000	0.99987	0.00000	0.00000	0.00000	0.00013
472	0.00000	0.99999	0.00000	0.00000	0.00000	0.00001
473	0.00000	0.99996	0.00000	0.00000	0.00000	0.00004
474	0.04406	0.34258	0.12181	0.16710	0.08549	0.23895
475	0.00000	0.99982	0.00000	0.00000	0.00000	0.00018
476	0.00000	0.99993	0.00000	0.00000	0.00000	0.00007
477	0.00000	0.99898	0.00000	0.00000	0.00000	0.00102
478	0.00000	0.99999	0.00000	0.00000	0.00000	0.00001
479	0.00000	0.98950	0.00000	0.00006	0.00000	0.01043
480	0.00000	0.99996	0.00000	0.00000	0.00000	0.00004
481	0.00000	0.99999	0.00000	0.00000	0.00000	0.00001
482	0.00000	0.99979	0.00000	0.00000	0.00000	0.00021
483	0.00000	0.99996	0.00000	0.00000	0.00000	0.00004
484	0.00000	0.99961	0.00000	0.00000	0.00000	0.00039
485	0.00000	0.99994	0.00000	0.00000	0.00000	0.00006
486	0.00000	0.99987	0.00000	0.00000	0.00000	0.00013
487	0.00000	0.99995	0.00000	0.00000	0.00000	0.00005
488	0.00000	0.99994	0.00000	0.00000	0.00000	0.00006
489	0.00000	0.99999	0.00000	0.00000	0.00000	0.00001
490	0.00000	0.99970	0.00000	0.00000	0.00000	0.00030
491	0.00000	0.99996	0.00000	0.00000	0.00000	0.00004
492	0.00000	0.99947	0.00000	0.00000	0.00000	0.00053
493	0.00000	0.99975	0.00000	0.00000	0.00000	0.00025
494	0.00000	0.95650	0.00000	0.00185	0.00000	0.04165
495	0.00000	0.99994	0.00000	0.00000	0.00000	0.00006
496	0.00000	0.99995	0.00000	0.00000	0.00000	0.00005
497	0.00000	0.99977	0.00000	0.00000	0.00000	0.00023
498	0.00000	0.99999	0.00000	0.00000	0.00000	0.00001
499	0.00000	0.99985	0.00000	0.00000	0.00000	0.00015
500	0.04420	0.00002	0.00039	0.79546	0.15786	0.00208
501	0.00000	0.99992	0.00000	0.00000	0.00000	0.00008
502	0.00003	0.68231	0.00406	0.07956	0.00141	0.23263
503	0.00000	0.99999	0.00000	0.00000	0.00000	0.00001
504	0.00000	0.99949	0.00000	0.00000	0.00000	0.00051
505	0.00000	0.99995	0.00000	0.00000	0.00000	0.00005
506	0.99949	0.00000	0.00000	0.00000	0.00051	0.00000
507	0.99999	0.00000	0.00000	0.00000	0.00001	0.00000
508	0.00000	0.99943	0.00000	0.00000	0.00000	0.00057
509	0.00000	0.99960	0.00000	0.00000	0.00000	0.00040
510	0.00000	0.99980	0.00000	0.00000	0.00000	0.00020
511	0.00000	0.99992	0.00000	0.00000	0.00000	0.00008
512	0.00000	0.99969	0.00000	0.00000	0.00000	0.00031
513	0.92868	0.00000	0.00000	0.00003	0.07129	0.00000
514	0.00000	0.99911	0.00000	0.00000	0.00000	0.00089
515	0.99997	0.00000	0.00000	0.00000	0.00003	0.00000
516	0.00000	0.99524	0.00000	0.00002	0.00000	0.00474
517	0.00000	0.99998	0.00000	0.00000	0.00000	0.00002
518	0.99911	0.00000	0.00000	0.00000	0.00089	0.00000
519	0.00000	0.98703	0.00000	0.00000	0.00000	0.01297
520	0.00000	0.99995	0.00000	0.00000	0.00000	0.00005
521	0.00000	0.99995	0.00000	0.00000	0.00000	0.00005
522	0.00000	0.99985	0.00000	0.00000	0.00000	0.00015
523	0.00000	0.99999	0.00000	0.00000	0.00000	0.00001
524	0.00000	0.99999	0.00000	0.00000	0.00000	0.00001
525	0.00000	0.99993	0.00000	0.00000	0.00000	0.00007
526	0.00000	0.99561	0.00000	0.00001	0.00000	0.00438
527	0.00000	0.99988	0.00000	0.00000	0.00000	0.00012
528	0.00000	0.97099	0.00000	0.00082	0.00000	0.02819
529	0.00012	0.75255	0.00539	0.04904	0.00152	0.19138
530	0.00000	0.99992	0.00000	0.00000	0.00000	0.00008
531	0.00000	0.99957	0.00000	0.00000	0.00000	0.00043
532	0.00000	0.99142	0.00000	0.00000	0.00000	0.00858
533	0.99995	0.00000	0.00000	0.00000	0.00005	0.00000
534	0.00000	1.00000	0.00000	0.00000	0.00000	0.00000
535	0.00000	0.99984	0.00000	0.00000	0.00000	0.00016
536	0.00000	0.99980	0.00000	0.00000	0.00000	0.00020
537	0.99988	0.00000	0.00000	0.00000	0.00012	0.00000
538	0.00000	0.95542	0.00000	0.00199	0.00000	0.04260
539	0.00000	0.99997	0.00000	0.00000	0.00000	0.00003
540	0.95063	0.00000	0.00000	0.00233	0.04704	0.00000
541	0.99690	0.00000	0.00000	0.00000	0.00310	0.00000
542	0.99998	0.00000	0.00000	0.00000	0.00002	0.00000
543	0.00000	0.99856	0.00000	0.00000	0.00000	0.00144
544	0.00000	0.99571	0.00000	0.00001	0.00000	0.00427
545	0.00000	0.99997	0.00000	0.00000	0.00000	0.00003
546	0.00000	0.99996	0.00000	0.00000	0.00000	0.00004
547	0.00000	0.99948	0.00000	0.00000	0.00000	0.00052
548	0.91239	0.00000	0.00000	0.00051	0.08710	0.00000
549	0.00000	0.99995	0.00000	0.00000	0.00000	0.00005
550	0.00000	0.99999	0.00000	0.00000	0.00000	0.00001
551	0.99996	0.00000	0.00000	0.00000	0.00004	0.00000
552	0.00000	0.99999	0.00000	0.00000	0.00000	0.00001
553	0.00000	0.99997	0.00000	0.00000	0.00000	0.00003
554	0.00000	0.99999	0.00000	0.00000	0.00000	0.00001
555	0.00000	0.99991	0.00000	0.00000	0.00000	0.00009
556	0.00000	0.00000	0.92817	0.05507	0.01673	0.00003
557	0.00000	0.99970	0.00000	0.00000	0.00000	0.00030
558	0.00000	0.99995	0.00000	0.00000	0.00000	0.00005
559	0.99267	0.00000	0.00000	0.00000	0.00733	0.00000
560	0.99992	0.00000	0.00000	0.00000	0.00008	0.00000
561	0.99996	0.00000	0.00000	0.00000	0.00004	0.00000
562	0.99994	0.00000	0.00000	0.00000	0.00006	0.00000
563	0.00000	0.99991	0.00000	0.00000	0.00000	0.00009
564	0.00000	0.99989	0.00000	0.00000	0.00000	0.00011
565	0.99998	0.00000	0.00000	0.00000	0.00002	0.00000
566	0.00000	0.99979	0.00000	0.00000	0.00000	0.00021
567	0.62001	0.00000	0.00115	0.11337	0.26498	0.00049
568	0.99998	0.00000	0.00000	0.00000	0.00002	0.00000
569	0.00000	0.99728	0.00000	0.00000	0.00000	0.00272
570	0.00000	1.00000	0.00000	0.00000	0.00000	0.00000
571	0.00000	1.00000	0.00000	0.00000	0.00000	0.00000
572	0.00000	0.99982	0.00000	0.00000	0.00000	0.00018
573	0.00000	0.76655	0.00000	0.00039	0.00000	0.23305
574	0.00000	0.94820	0.00000	0.00016	0.00000	0.05164
575	0.00000	0.00000	0.00000	0.00219	0.99781	0.00000
576	0.00000	0.99997	0.00000	0.00000	0.00000	0.00003
577	0.99999	0.00000	0.00000	0.00000	0.00001	0.00000
578	0.00000	0.99995	0.00000	0.00000	0.00000	0.00005
579	0.00000	0.95684	0.00000	0.00001	0.00000	0.04315
580	0.00000	0.90319	0.00000	0.00864	0.00000	0.08816
581	0.00000	0.99982	0.00000	0.00000	0.00000	0.00018
582	0.00000	0.99994	0.00000	0.00000	0.00000	0.00006
583	0.00000	0.96107	0.00000	0.00135	0.00000	0.03758
584	0.00000	0.99809	0.00000	0.00000	0.00000	0.00191
585	0.00000	0.98983	0.00000	0.00000	0.00000	0.01017
586	0.00000	0.99991	0.00000	0.00000	0.00000	0.00009
587	0.00000	0.99992	0.00000	0.00000	0.00000	0.00008
588	0.00000	0.99667	0.00000	0.00000	0.00000	0.00333
589	0.00000	0.99999	0.00000	0.00000	0.00000	0.00001
590	0.00000	0.99992	0.00000	0.00000	0.00000	0.00008
591	0.00000	0.98745	0.00000	0.00010	0.00000	0.01245
592	0.00000	0.98599	0.00000	0.00019	0.00000	0.01382
593	0.00000	0.99998	0.00000	0.00000	0.00000	0.00002
594	0.00000	0.99994	0.00000	0.00000	0.00000	0.00006
595	0.00000	1.00000	0.00000	0.00000	0.00000	0.00000
596	0.00001	0.00000	0.01319	0.89698	0.03006	0.05977
597	0.00000	0.99845	0.00000	0.00000	0.00000	0.00155
598	0.00000	0.98822	0.00000	0.00014	0.00000	0.01164
599	0.00000	0.21064	0.00005	0.03199	0.00000	0.75732
600	0.00000	0.99991	0.00000	0.00000	0.00000	0.00009
601	0.08719	0.09917	0.09101	0.35928	0.17527	0.18807
602	0.99348	0.00000	0.00000	0.00000	0.00652	0.00000
603	0.75004	0.00000	0.00039	0.05217	0.19730	0.00010
604	0.00000	0.99994	0.00000	0.00000	0.00000	0.00006
605	0.00000	0.98880	0.00000	0.00007	0.00000	0.01113
606	0.00000	0.93894	0.00000	0.00005	0.00000	0.06101
607	0.00000	0.99993	0.00000	0.00000	0.00000	0.00007
608	0.00000	0.99975	0.00000	0.00000	0.00000	0.00025
609	0.00000	0.99997	0.00000	0.00000	0.00000	0.00003
610	0.90170	0.00000	0.00000	0.00002	0.09828	0.00000
611	0.00000	0.99998	0.00000	0.00000	0.00000	0.00002
612	0.00000	0.99999	0.00000	0.00000	0.00000	0.00001
613	0.00000	0.99998	0.00000	0.00000	0.00000	0.00002
614	0.00000	0.99545	0.00000	0.00002	0.00000	0.00453
615	0.00000	0.99986	0.00000	0.00000	0.00000	0.00014
616	0.00000	0.99986	0.00000	0.00000	0.00000	0.00014
617	0.00000	0.99981	0.00000	0.00000	0.00000	0.00019
618	0.00000	0.99789	0.00000	0.00000	0.00000	0.00211
619	0.00000	0.99963	0.00000	0.00000	0.00000	0.00037
620	0.00000	0.99973	0.00000	0.00000	0.00000	0.00027
621	0.00000	0.99997	0.00000	0.00000	0.00000	0.00003
622	0.00000	0.99541	0.00000	0.00001	0.00000	0.00458
623	0.00000	1.00000	0.00000	0.00000	0.00000	0.00000
624	0.00000	0.78913	0.00000	0.00000	0.00000	0.21086
625	0.00000	0.99998	0.00000	0.00000	0.00000	0.00002
626	0.00000	0.77015	0.00091	0.04525	0.00024	0.18346
627	0.00000	0.99994	0.00000	0.00000	0.00000	0.00006
628	0.00000	0.99998	0.00000	0.00000	0.00000	0.00002
629	0.00000	0.99998	0.00000	0.00000	0.00000	0.00002
630	0.00000	0.99993	0.00000	0.00000	0.00000	0.00007
631	0.00000	0.99996	0.00000	0.00000	0.00000	0.00004
632	0.99991	0.00000	0.00000	0.00000	0.00009	0.00000
633	0.00000	0.94788	0.00000	0.00000	0.00000	0.05211
634	0.00000	0.99507	0.00000	0.00000	0.00000	0.00493
635	0.00000	0.99997	0.00000	0.00000	0.00000	0.00003
636	0.00000	0.94074	0.00000	0.00275	0.00000	0.05651
637	0.00000	0.98997	0.00000	0.00008	0.00000	0.00995
638	0.00000	0.99922	0.00000	0.00000	0.00000	0.00078
639	0.00000	0.99991	0.00000	0.00000	0.00000	0.00009
640	0.00000	0.99703	0.00000	0.00000	0.00000	0.00297
641	0.00000	0.99997	0.00000	0.00000	0.00000	0.00003
642	0.00000	0.99259	0.00000	0.00003	0.00000	0.00738
643	0.00000	0.99989	0.00000	0.00000	0.00000	0.00011
644	0.00000	0.00000	0.00000	0.00086	0.00000	0.99914
645	0.00000	0.99972	0.00000	0.00000	0.00000	0.00028
646	0.00000	0.99934	0.00000	0.00000	0.00000	0.00066
647	0.00000	0.99977	0.00000	0.00000	0.00000	0.00023
648	0.00000	0.98542	0.00000	0.00007	0.00000	0.01450
649	0.00000	0.99873	0.00000	0.00000	0.00000	0.00126
650	0.99992	0.00000	0.00000	0.00000	0.00008	0.00000
651	0.00000	0.99998	0.00000	0.00000	0.00000	0.00002
652	0.00000	0.99992	0.00000	0.00000	0.00000	0.00008
653	0.97177	0.00000	0.00000	0.00038	0.02784	0.00000
654	0.00000	0.99944	0.00000	0.00000	0.00000	0.00056
655	0.00000	0.99684	0.00000	0.00000	0.00000	0.00316
656	0.00000	0.99984	0.00000	0.00000	0.00000	0.00016
657	0.00000	0.99987	0.00000	0.00000	0.00000	0.00013
658	0.00000	0.99998	0.00000	0.00000	0.00000	0.00002
659	0.91168	0.00000	0.00000	0.00630	0.08202	0.00000
660	0.00000	0.97197	0.00000	0.00045	0.00000	0.02758
661	0.00000	0.99997	0.00000	0.00000	0.00000	0.00003
662	0.00000	0.99994	0.00000	0.00000	0.00000	0.00006
663	0.00000	0.79554	0.00029	0.02673	0.00004	0.17741
664	1.00000	0.00000	0.00000	0.00000	0.00000	0.00000
665	0.00000	0.98837	0.00000	0.00011	0.00000	0.01151
666	0.99992	0.00000	0.00000	0.00000	0.00008	0.00000
667	0.99998	0.00000	0.00000	0.00000	0.00002	0.00000
668	0.99994	0.00000	0.00000	0.00000	0.00006	0.00000
669	0.99957	0.00000	0.00000	0.00000	0.00043	0.00000
670	0.94392	0.00000	0.00000	0.00060	0.05548	0.00000
671	0.00000	0.99994	0.00000	0.00000	0.00000	0.00006
672	0.00000	0.99975	0.00000	0.00000	0.00000	0.00025
673	0.00000	0.99762	0.00000	0.00000	0.00000	0.00238
674	0.00000	0.87367	0.00001	0.01441	0.00000	0.11191
675	0.00000	0.99469	0.00000	0.00002	0.00000	0.00529
676	0.00000	0.99985	0.00000	0.00000	0.00000	0.00015
677	0.00000	0.99993	0.00000	0.00000	0.00000	0.00007
678	0.94146	0.00000	0.00000	0.00012	0.05842	0.00000
679	0.00000	0.99997	0.00000	0.00000	0.00000	0.00003
680	0.00000	0.99998	0.00000	0.00000	0.00000	0.00002
681	0.00000	1.00000	0.00000	0.00000	0.00000	0.00000
682	0.00000	0.99992	0.00000	0.00000	0.00000	0.00008
683	0.00000	0.99969	0.00000	0.00000	0.00000	0.00031
684	0.00000	0.99401	0.00000	0.00002	0.00000	0.00597
685	0.00000	0.99989	0.00000	0.00000	0.00000	0.00011
686	0.00000	0.99992	0.00000	0.00000	0.00000	0.00008
687	0.00000	0.99998	0.00000	0.00000	0.00000	0.00002
688	0.00000	0.99712	0.00000	0.00000	0.00000	0.00288
689	0.00000	0.99991	0.00000	0.00000	0.00000	0.00009
690	0.00000	0.99953	0.00000	0.00000	0.00000	0.00047
691	0.00000	0.99765	0.00000	0.00000	0.00000	0.00235
692	0.00000	0.99995	0.00000	0.00000	0.00000	0.00005
693	0.00000	0.99598	0.00000	0.00000	0.00000	0.00402
694	0.00013	0.74311	0.00537	0.05296	0.00164	0.19678
695	0.00000	0.99999	0.00000	0.00000	0.00000	0.00001
696	0.00000	0.99996	0.00000	0.00000	0.00000	0.00004
697	0.00000	0.99463	0.00000	0.00002	0.00000	0.00535
698	0.00000	0.99880	0.00000	0.00000	0.00000	0.00120
699	0.00000	0.99997	0.00000	0.00000	0.00000	0.00003
700	0.00000	0.99808	0.00000	0.00000	0.00000	0.00192
701	0.99995	0.00000	0.00000	0.00000	0.00005	0.00000
702	0.98494	0.00000	0.00000	0.00000	0.01506	0.00000
703	0.99987	0.00000	0.00000	0.00000	0.00013	0.00000
704	0.89822	0.00000	0.00020	0.00946	0.09210	0.00002
705	0.00000	0.99319	0.00000	0.00001	0.00000	0.00680
706	0.00000	0.99770	0.00000	0.00000	0.00000	0.00229
707	0.99619	0.00000	0.00000	0.00001	0.00380	0.00000
708	0.00000	0.99917	0.00000	0.00000	0.00000	0.00083
709	0.00000	0.99985	0.00000	0.00000	0.00000	0.00015
710	0.00000	0.99988	0.00000	0.00000	0.00000	0.00012
711	0.00000	0.99974	0.00000	0.00000	0.00000	0.00026
712	0.00000	1.00000	0.00000	0.00000	0.00000	0.00000
713	0.00000	0.99997	0.00000	0.00000	0.00000	0.00003
714	0.99996	0.00000	0.00000	0.00000	0.00004	0.00000
715	0.00000	0.69339	0.00017	0.07651	0.00006	0.22987
716	0.00000	0.99988	0.00000	0.00000	0.00000	0.00012
717	0.00000	0.99994	0.00000	0.00000	0.00000	0.00006
718	0.99724	0.00000	0.00000	0.00000	0.00276	0.00000
719	0.00000	0.99998	0.00000	0.00000	0.00000	0.00002
720	0.00000	0.99995	0.00000	0.00000	0.00000	0.00005
721	0.00000	0.99982	0.00000	0.00000	0.00000	0.00018
722	0.00000	0.99962	0.00000	0.00000	0.00000	0.00038
723	0.00000	0.99981	0.00000	0.00000	0.00000	0.00019
724	0.00000	0.96619	0.00000	0.00088	0.00000	0.03293
725	0.00000	0.73710	0.00073	0.05721	0.00021	0.20476
726	0.00000	0.99986	0.00000	0.00000	0.00000	0.00014
727	0.00000	0.99999	0.00000	0.00000	0.00000	0.00001
728	0.00000	0.92467	0.00001	0.00528	0.00000	0.07005
729	0.00000	0.99998	0.00000	0.00000	0.00000	0.00002
730	0.00000	0.99996	0.00000	0.00000	0.00000	0.00004
731	0.00000	0.99985	0.00000	0.00000	0.00000	0.00015
732	0.97231	0.00000	0.00000	0.00001	0.02769	0.00000
733	0.00000	0.99960	0.00000	0.00000	0.00000	0.00040
734	0.00000	0.99999	0.00000	0.00000	0.00000	0.00001
735	0.00000	0.99992	0.00000	0.00000	0.00000	0.00008
736	0.00000	0.93757	0.00002	0.00235	0.00000	0.06006
737	0.00000	0.99991	0.00000	0.00000	0.00000	0.00009
738	0.99808	0.00000	0.00000	0.00000	0.00192	0.00000
739	0.00000	0.92396	0.00000	0.00450	0.00000	0.07153
740	0.00000	0.99997	0.00000	0.00000	0.00000	0.00003
741	0.99981	0.00000	0.00000	0.00000	0.00019	0.00000
742	0.00000	1.00000	0.00000	0.00000	0.00000	0.00000
743	0.00000	0.99987	0.00000	0.00000	0.00000	0.00013
744	0.00000	0.99998	0.00000	0.00000	0.00000	0.00002
745	0.99951	0.00000	0.00000	0.00000	0.00049	0.00000
746	0.00000	0.99981	0.00000	0.00000	0.00000	0.00019
747	0.00000	0.99987	0.00000	0.00000	0.00000	0.00013
748	0.00000	0.99999	0.00000	0.00000	0.00000	0.00001
749	0.00000	0.99888	0.00000	0.00000	0.00000	0.00112
750	0.01318	0.46283	0.07744	0.14457	0.04340	0.25858
751	0.00000	0.99937	0.00000	0.00000	0.00000	0.00063
752	0.00000	0.99999	0.00000	0.00000	0.00000	0.00001
753	0.00000	0.99983	0.00000	0.00000	0.00000	0.00017
754	0.00000	0.99997	0.00000	0.00000	0.00000	0.00003
755	0.00000	0.99527	0.00000	0.00001	0.00000	0.00472
756	0.00000	0.99995	0.00000	0.00000	0.00000	0.00005
757	0.00000	0.73628	0.00002	0.05796	0.00000	0.20573
758	0.00000	0.97559	0.00000	0.00032	0.00000	0.02409
759	0.99788	0.00000	0.00000	0.00000	0.00212	0.00000
760	0.99999	0.00000	0.00000	0.00000	0.00001	0.00000
761	0.00000	0.00003	0.00000	0.50639	0.00000	0.49358
762	0.00000	0.99993	0.00000	0.00000	0.00000	0.00007
763	0.00000	0.99998	0.00000	0.00000	0.00000	0.00002
764	0.00000	0.99997	0.00000	0.00000	0.00000	0.00003
765	0.00000	0.99986	0.00000	0.00000	0.00000	0.00014
766	0.00000	0.99993	0.00000	0.00000	0.00000	0.00007
767	0.00000	0.99996	0.00000	0.00000	0.00000	0.00004
768	0.00000	0.99890	0.00000	0.00000	0.00000	0.00110
769	0.00000	0.99917	0.00000	0.00000	0.00000	0.00083
770	0.00000	0.99981	0.00000	0.00000	0.00000	0.00019
771	0.00000	1.00000	0.00000	0.00000	0.00000	0.00000
772	0.00000	0.99959	0.00000	0.00000	0.00000	0.00041
773	0.00000	0.96899	0.00000	0.00086	0.00000	0.03015
774	0.00000	0.99786	0.00000	0.00000	0.00000	0.00214
775	0.00000	0.99979	0.00000	0.00000	0.00000	0.00021
776	0.00000	0.99997	0.00000	0.00000	0.00000	0.00003
