999901_sweeps	1.000/0.000/0.000/0.000	0.000/0.000/0.000/1.000	0.000/0.500/0.500/0.000	0.250/0.250/0.250/0.250	0.500/0.250/0.250/0.000	0.000/0.250/0.250/0.500
1	0.00000	0.99999	0.00000	0.00000	0.00000	0.00001
2	0.00000	0.99572	0.00000	0.00000	0.00000	0.00428
3	0.00000	0.99998	0.00000	0.00000	0.00000	0.00002
4	0.00000	0.98998	0.00000	0.00010	0.00000	0.00992
5	0.00000	0.99997	0.00000	0.00000	0.00000	0.00003
6	0.00000	0.99997	0.00000	0.00000	0.00000	0.00003
7	0.00000	0.99654	0.00000	0.00000	0.00000	0.00346
8	0.00000	0.99994	0.00000	0.00000	0.00000	0.00006
9	0.00000	0.99995	0.00000	0.00000	0.00000	0.00005
10	0.00000	0.00000	0.00005	0.01837	0.98159	0.00000
11	0.99990	0.00000	0.00000	0.00000	0.00010	0.00000
12	0.00000	0.99823	0.00000	0.00000	0.00000	0.00177
13	0.00000	0.99997	0.00000	0.00000	0.00000	0.00003
14	0.00000	0.99999	0.00000	0.00000	0.00000	0.00001
15	0.00000	0.99998	0.00000	0.00000	0.00000	0.00002
16	0.00000	0.99872	0.00000	0.00000	0.00000	0.00127
17	0.99955	0.00000	0.00000	0.00000	0.00045	0.00000
18	0.89304	0.00000	0.00000	0.01045	0.09651	0.00000
19	0.00000	0.98684	0.00000	0.00020	0.00000	0.01296
20	0.99999	0.00000	0.00000	0.00000	0.00001	0.00000
21	0.10408	0.00000	0.00000	0.64690	0.24900	0.00001
22	0.00000	0.98862	0.00000	0.00012	0.00000	0.01127
23	0.99214	0.00000	0.00000	0.00003	0.00782	0.00000
24	0.99994	0.00000	0.00000	0.00000	0.00006	0.00000
25	0.99999	0.00000	0.00000	0.00000	0.00001	0.00000
26	0.00000	0.99999	0.00000	0.00000	0.00000	0.00001
27	0.00000	1.00000	0.00000	0.00000	0.00000	0.00000
28	0.00000	0.99999	0.00000	0.00000	0.00000	0.00001
29	0.00000	1.00000	0.00000	0.00000	0.00000	0.00000
30	0.99999	0.00000	0.00000	0.00000	0.00001	0.00000
31	0.99995	0.00000	0.00000	0.00000	0.00005	0.00000
32	0.00000	0.98144	0.00000	0.00034	0.00000	0.01821
33	0.99993	0.00000	0.00000	0.00000	0.00007	0.00000
34	0.18501	0.14854	0.16541	0.16748	0.17592	0.15764
35	0.00000	0.98204	0.00000	0.00008	0.00000	0.01788
36	0.00000	0.99994	0.00000	0.00000	0.00000	0.00006
37	0.99999	0.00000	0.00000	0.00000	0.00001	0.00000
38	0.99999	0.00000	0.00000	0.00000	0.00001	0.00000
39	0.00000	0.99993	0.00000	0.00000	0.00000	0.00007
40	0.00000	1.00000	0.00000	0.00000	0.00000	0.00000
41	0.00000	0.99999	0.00000	0.00000	0.00000	0.00001
42	0.00000	0.99992	0.00000	0.00000	0.00000	0.00008
43	0.97666	0.00000	0.00000	0.00000	0.02334	0.00000
44	0.00000	1.00000	0.00000	0.00000	0.00000	0.00000
45	0.99948	0.00000	0.00000	0.00000	0.00052	0.00000
46	0.00000	0.25139	0.00000	0.00004	0.00000	0.74857
47	0.00000	0.98902	0.00000	0.00000	0.00000	0.01098
48	0.99979	0.00000	0.00000	0.00000	0.00021	0.00000
49	0.99953	0.00000	0.00000	0.00000	0.00047	0.00000
50	0.00000	0.99947	0.00000	0.00000	0.00000	0.00053
51	0.00000	0.99999	0.00000	0.00000	0.00000	0.00001
52	0.00000	0.99999	0.00000	0.00000	0.00000	0.00001
53	0.65878	0.00000	0.00000	0.00037	0.34085	0.00000
54	0.00000	0.99998	0.00000	0.00000	0.00000	0.00002
55	0.00000	0.99999	0.00000	0.00000	0.00000	0.00001
56	0.51194	0.00000	0.00000	0.19464	0.29342	0.00000
57	0.00000	0.99993	0.00000	0.00000	0.00000	0.00007
58	0.00000	0.99997	0.00000	0.00000	0.00000	0.00003
59	0.00000	0.99890	0.00000	0.00000	0.00000	0.00110
60	0.00000	0.99999	0.00000	0.00000	0.00000	0.00001
61	0.00000	1.00000	0.00000	0.00000	0.00000	0.00000
62	0.00000	0.99997	0.00000	0.00000	0.00000	0.00003
63	0.00000	0.99994	0.00000	0.00000	0.00000	0.00006
64	0.00000	0.99610	0.00000	0.00000	0.00000	0.00390
65	0.00000	0.99985	0.00000	0.00000	0.00000	0.00015
66	0.99989	0.00000	0.00000	0.00000	0.00011	0.00000
67	0.00000	1.00000	0.00000	0.00000	0.00000	0.00000
68	0.00000	0.99986	0.00000	0.00000	0.00000	0.00014
69	0.00000	0.87326	0.00007	0.01449	0.00001	0.11217
70	0.00000	0.99935	0.00000	0.00000	0.00000	0.00065
71	0.00000	0.99997	0.00000	0.00000	0.00000	0.00003
72	0.00000	1.00000	0.00000	0.00000	0.00000	0.00000
73	0.00000	0.99925	0.00000	0.00000	0.00000	0.00075
74	0.00000	0.99998	0.00000	0.00000	0.00000	0.00002
75	0.00000	0.99985	0.00000	0.00000	0.00000	0.00015
76	0.00000	0.99981	0.00000	0.00000	0.00000	0.00019
77	0.99999	0.00000	0.00000	0.00000	0.00001	0.00000
78	0.99950	0.00000	0.00000	0.00000	0.00050	0.00000
79	0.99353	0.00000	0.00000	0.00001	0.00646	0.00000
80	0.00000	0.96058	0.00000	0.00036	0.00000	0.03906
81	0.00000	0.99950	0.00000	0.00000	0.00000	0.00050
82	0.80057	0.00000	0.00000	0.03421	0.16522	0.00000
83	0.99997	0.00000	0.00000	0.00000	0.00003	0.00000
84	0.00000	0.99997	0.00000	0.00000	0.00000	0.00003
85	0.99995	0.00000	0.00000	0.00000	0.00005	0.00000
86	0.96339	0.00000	0.00000	0.00000	0.03660	0.00000
87	0.00000	0.99999	0.00000	0.00000	0.00000	0.00001
88	0.99990	0.00000	0.00000	0.00000	0.00010	0.00000
89	0.00000	0.99876	0.00000	0.00000	0.00000	0.00124
90	0.00000	0.99999	0.00000	0.00000	0.00000	0.00001
91	0.80287	0.00000	0.00000	0.03376	0.16336	0.00000
92	0.00000	0.00000	0.00028	0.00777	0.00000	0.99196
93	0.00000	1.00000	0.00000	0.00000	0.00000	0.00000
94	0.99534	0.00000	0.00000	0.00001	0.00465	0.00000
95	0.00000	0.99999	0.00000	0.00000	0.00000	0.00001
96	0.00000	0.98768	0.00000	0.00002	0.00000	0.01230
97	0.99868	0.00000	0.00000	0.00000	0.00132	0.00000
98	0.00000	0.90276	0.00000	0.00023	0.00000	0.09701
99	0.00001	0.76520	0.00388	0.04283	0.00078	0.18729
100	0.00000	0.99998	0.00000	0.00000	0.00000	0.00002
101	0.00000	0.99985	0.00000	0.00000	0.00000	0.00015
102	0.00000	0.99980	0.00000	0.00000	0.00000	0.00020
103	0.00000	0.99997	0.00000	0.00000	0.00000	0.00003
104	0.00000	0.99999	0.00000	0.00000	0.00000	0.00001
105	0.00000	0.95288	0.00000	0.00213	0.00000	0.04499
106	0.00000	0.99999	0.00000	0.00000	0.00000	0.00001
107	0.00000	0.99998	0.00000	0.00000	0.00000	0.00002
108	0.99915	0.00000	0.00000	0.00000	0.00084	0.00000
109	0.00000	0.99999	0.00000	0.00000	0.00000	0.00001
110	0.00000	0.99999	0.00000	0.00000	0.00000	0.00001
111	0.00000	0.99997	0.00000	0.00000	0.00000	0.00003
112	0.96409	0.00000	0.00000	0.00001	0.03591	0.00000
113	0.99978	0.00000	0.00000	0.00000	0.00022	0.00000
114	0.00000	0.99999	0.00000	0.00000	0.00000	0.00001
115	0.00000	0.99999	0.00000	0.00000	0.00000	0.00001
116	0.87600	0.00000	0.00000	0.00003	0.12397	0.00000
117	0.00000	0.99997	0.00000	0.00000	0.00000	0.00003
118	0.99997	0.00000	0.00000	0.00000	0.00003	0.00000
119	0.99985	0.00000	0.00000	0.00000	0.00015	0.00000
120	0.00000	0.99885	0.00000	0.00000	0.00000	0.00114
121	0.00000	0.99996	0.00000	0.00000	0.00000	0.00004
122	0.00000	0.99930	0.00000	0.00000	0.00000	0.00070
123	0.05492	0.00000	0.00034	0.74868	0.19473	0.00132
124	0.00000	0.99996	0.00000	0.00000	0.00000	0.00004
125	0.00000	0.99988	0.00000	0.00000	0.00000	0.00012
126	0.00000	0.99999	0.00000	0.00000	0.00000	0.00001
127	0.00000	0.99999	0.00000	0.00000	0.00000	0.00001
128	0.00000	0.99989	0.00000	0.00000	0.00000	0.00011
129	0.00000	0.99915	0.00000	0.00000	0.00000	0.00085
130	0.00000	0.99967	0.00000	0.00000	0.00000	0.00033
131	0.94646	0.00000	0.00000	0.00004	0.05350	0.00000
132	0.00000	1.00000	0.00000	0.00000	0.00000	0.00000
133	0.00000	0.99997	0.00000	0.00000	0.00000	0.00003
134	0.00000	0.99996	0.00000	0.00000	0.00000	0.00004
135	0.00000	0.99999	0.00000	0.00000	0.00000	0.00001
136	0.00000	0.99999	0.00000	0.00000	0.00000	0.00001
137	0.00000	0.99994	0.00000	0.00000	0.00000	0.00006
138	0.99821	0.00000	0.00000	0.00000	0.00179	0.00000
139	0.99989	0.00000	0.00000	0.00000	0.00011	0.00000
140	0.99997	0.00000	0.00000	0.00000	0.00003	0.00000
141	0.99743	0.00000	0.00000	0.00001	0.00256	0.00000
142	0.99576	0.00000	0.00000	0.00000	0.00424	0.00000
143	0.00000	0.99994	0.00000	0.00000	0.00000	0.00006
144	0.99989	0.00000	0.00000	0.00000	0.00011	0.00000
145	0.99999	0.00000	0.00000	0.00000	0.00001	0.00000
146	0.99995	0.00000	0.00000	0.00000	0.00005	0.00000
147	0.99932	0.00000	0.00000	0.00000	0.00068	0.00000
148	0.99996	0.00000	0.00000	0.00000	0.00004	0.00000
149	0.99996	0.00000	0.00000	0.00000	0.00004	0.00000
150	0.99552	0.00000	0.00000	0.00001	0.00447	0.00000
151	0.00000	0.99833	0.00000	0.00000	0.00000	0.00167
152	0.00007	0.54727	0.00501	0.15437	0.00268	0.29060
153	0.00000	0.99815	0.00000	0.00000	0.00000	0.00184
154	0.00000	0.99530	0.00000	0.00000	0.00000	0.00470
155	0.00000	0.99953	0.00000	0.00000	0.00000	0.00047
156	0.00000	0.99998	0.00000	0.00000	0.00000	0.00002
157	0.00000	1.00000	0.00000	0.00000	0.00000	0.00000
158	0.00000	0.99998	0.00000	0.00000	0.00000	0.00002
159	0.00000	0.99993	0.00000	0.00000	0.00000	0.00007
160	0.00000	0.99977	0.00000	0.00000	0.00000	0.00023
161	0.00000	1.00000	0.00000	0.00000	0.00000	0.00000
162	0.99329	0.00000	0.00000	0.00000	0.00671	0.00000
163	0.00000	0.99998	0.00000	0.00000	0.00000	0.00002
164	0.00000	0.96850	0.00000	0.00001	0.00000	0.03149
165	0.00000	0.95232	0.00000	0.00237	0.00000	0.04532
166	0.99997	0.00000	0.00000	0.00000	0.00003	0.00000
167	0.99973	0.00000	0.00000	0.00000	0.00027	0.00000
168	0.97891	0.00000	0.00000	0.00002	0.02107	0.00000
169	0.00000	1.00000	0.00000	0.00000	0.00000	0.00000
170	0.00000	0.99991	0.00000	0.00000	0.00000	0.00009
171	0.00000	0.99996	0.00000	0.00000	0.00000	0.00004
172	0.00000	0.97670	0.00000	0.00000	0.00000	0.02330
173	0.98331	0.00000	0.00000	0.00001	0.01668	0.00000
174	0.00000	0.99998	0.00000	0.00000	0.00000	0.00002
175	0.00000	0.99966	0.00000	0.00000	0.00000	0.00034
176	0.00000	0.99999	0.00000	0.00000	0.00000	0.00001
177	0.00000	0.99999	0.00000	0.00000	0.00000	0.00001
178	0.99988	0.00000	0.00000	0.00000	0.00012	0.00000
179	0.99999	0.00000	0.00000	0.00000	0.00001	0.00000
180	0.00000	0.99998	0.00000	0.00000	0.00000	0.00002
181	0.00000	0.99996	0.00000	0.00000	0.00000	0.00004
182	0.99958	0.00000	0.00000	0.00000	0.00042	0.00000
183	0.00000	0.65832	0.00000	0.00004	0.00000	0.34164
184	0.00000	0.99955	0.00000	0.00000	0.00000	0.00045
185	0.00000	0.99997	0.00000	0.00000	0.00000	0.00003
186	0.99905	0.00000	0.00000	0.00000	0.00095	0.00000
187	0.00000	0.99950	0.00000	0.00000	0.00000	0.00050
188	0.00000	0.99978	0.00000	0.00000	0.00000	0.00022
189	0.00000	0.99992	0.00000	0.00000	0.00000	0.00008
190	0.00000	0.99431	0.00000	0.00003	0.00000	0.00566
191	0.99973	0.00000	0.00000	0.00000	0.00027	0.00000
192	0.99992	0.00000	0.00000	0.00000	0.00008	0.00000
193	0.89798	0.00000	0.00000	0.00003	0.10199	0.00000
194	0.00000	0.99988	0.00000	0.00000	0.00000	0.00012
195	0.00000	0.99997	0.00000	0.00000	0.00000	0.00003
196	0.00000	0.99996	0.00000	0.00000	0.00000	0.00004
197	0.00000	0.99978	0.00000	0.00000	0.00000	0.00022
198	0.00000	0.99991	0.00000	0.00000	0.00000	0.00009
199	0.00000	0.99998	0.00000	0.00000	0.00000	0.00002
200	0.00000	0.00000	0.99924	0.00062	0.00002	0.00012
201	0.00000	0.99998	0.00000	0.00000	0.00000	0.00002
202	0.00000	0.99988	0.00000	0.00000	0.00000	0.00012
203	0.00000	0.90027	0.00002	0.00817	0.00000	0.09154
204	0.00000	0.99994	0.00000	0.00000	0.00000	0.00006
205	0.00000	0.99998	0.00000	0.00000	0.00000	0.00002
206	0.00000	0.99995	0.00000	0.00000	0.00000	0.00005
207	0.00000	0.99997	0.00000	0.00000	0.00000	0.00003
208	0.00000	0.99989	0.00000	0.00000	0.00000	0.00011
209	0.00000	0.99979	0.00000	0.00000	0.00000	0.00021
210	0.00000	0.99999	0.00000	0.00000	0.00000	0.00001
211	0.00000	0.95164	0.00000	0.00000	0.00000	0.04836
212	0.00000	0.99999	0.00000	0.00000	0.00000	0.00001
213	0.99859	0.00000	0.00000	0.00000	0.00141	0.00000
214	0.99918	0.00000	0.00000	0.00000	0.00082	0.00000
215	0.00000	0.99954	0.00000	0.00000	0.00000	0.00046
216	0.00000	1.00000	0.00000	0.00000	0.00000	0.00000
217	0.00000	0.99981	0.00000	0.00000	0.00000	0.00019
218	0.00000	0.99998	0.00000	0.00000	0.00000	0.00002
219	0.00000	0.99957	0.00000	0.00000	0.00000	0.00043
220	0.00000	0.97416	0.00000	0.00065	0.00000	0.02519
221	0.00000	0.99998	0.00000	0.00000	0.00000	0.00002
222	0.00000	0.99999	0.00000	0.00000	0.00000	0.00001
223	0.00000	0.99846	0.00000	0.00000	0.00000	0.00153
224	0.00000	0.99949	0.00000	0.00000	0.00000	0.00051
225	0.00000	0.99996	0.00000	0.00000	0.00000	0.00004
226	0.99882	0.00000	0.00000	0.00000	0.00118	0.00000
227	0.00000	0.99989	0.00000	0.00000	0.00000	0.00011
228	0.00000	0.99916	0.00000	0.00000	0.00000	0.00084
229	0.93134	0.00000	0.00000	0.00444	0.06421	0.00000
230	0.00000	0.99999	0.00000	0.00000	0.00000	0.00001
231	0.00000	0.99999	0.00000	0.00000	0.00000	0.00001
232	0.00000	0.98789	0.00000	0.00004	0.00000	0.01207
233	0.99973	0.00000	0.00000	0.00000	0.00027	0.00000
234	0.00000	0.99895	0.00000	0.00000	0.00000	0.00105
235	0.00000	1.00000	0.00000	0.00000	0.00000	0.00000
236	0.00000	0.99999	0.00000	0.00000	0.00000	0.00001
237	0.00000	0.99994	0.00000	0.00000	0.00000	0.00006
238	0.00000	0.99999	0.00000	0.00000	0.00000	0.00001
239	0.99994	0.00000	0.00000	0.00000	0.00006	0.00000
240	0.99999	0.00000	0.00000	0.00000	0.00001	0.00000
241	0.99998	0.00000	0.00000	0.00000	0.00002	0.00000
242	0.99958	0.00000	0.00000	0.00000	0.00042	0.00000
243	0.00000	0.99994	0.00000	0.00000	0.00000	0.00006
244	0.99998	0.00000	0.00000	0.00000	0.00002	0.00000
245	0.99977	0.00000	0.00000	0.00000	0.00023	0.00000
246	0.00000	0.99992	0.00000	0.00000	0.00000	0.00008
247	0.00000	0.99999	0.00000	0.00000	0.00000	0.00001
248	0.00000	0.99997	0.00000	0.00000	0.00000	0.00003
249	0.00000	0.99997	0.00000	0.00000	0.00000	0.00003
250	0.00000	0.99968	0.00000	0.00000	0.00000	0.00032
251	0.00000	0.99998	0.00000	0.00000	0.00000	0.00002
252	0.00000	1.00000	0.00000	0.00000	0.00000	0.00000
253	0.00000	0.99999	0.00000	0.00000	0.00000	0.00001
254	0.00000	0.99998	0.00000	0.00000	0.00000	0.00002
255	0.00000	0.99969	0.00000	0.00000	0.00000	0.00031
256	0.00000	0.97493	0.00000	0.00000	0.00000	0.02506
257	0.00000	0.99999	0.00000	0.00000	0.00000	0.00001
258	0.00000	0.99999	0.00000	0.00000	0.00000	0.00001
259	0.00000	0.99999	0.00000	0.00000	0.00000	0.00001
260	0.00000	0.91576	0.00000	0.00517	0.00000	0.07908
261	0.00000	0.99997	0.00000	0.00000	0.00000	0.00003
262	0.00000	0.99990	0.00000	0.00000	0.00000	0.00010
263	0.00000	0.99941	0.00000	0.00000	0.00000	0.00059
264	0.00000	0.99999	0.00000	0.00000	0.00000	0.00001
265	0.00283	0.00000	0.00002	0.94829	0.04840	0.00046
266	0.00000	0.99999	0.00000	0.00000	0.00000	0.00001
267	0.00000	0.99995	0.00000	0.00000	0.00000	0.00005
268	0.00000	0.99999	0.00000	0.00000	0.00000	0.00001
269	0.00000	0.99989	0.00000	0.00000	0.00000	0.00011
270	0.00000	0.99997	0.00000	0.00000	0.00000	0.00003
271	0.00000	1.00000	0.00000	0.00000	0.00000	0.00000
272	0.00000	0.99999	0.00000	0.00000	0.00000	0.00001
273	0.00000	0.99999	0.00000	0.00000	0.00000	0.00001
274	0.00000	0.99954	0.00000	0.00000	0.00000	0.00046
275	0.00000	0.99999	0.00000	0.00000	0.00000	0.00001
276	0.00000	0.99998	0.00000	0.00000	0.00000	0.00002
277	0.00000	0.99997	0.00000	0.00000	0.00000	0.00003
278	0.00000	0.99999	0.00000	0.00000	0.00000	0.00001
279	0.00000	0.99999	0.00000	0.00000	0.00000	0.00001
280	0.00000	0.99968	0.00000	0.00000	0.00000	0.00032
281	0.00000	0.99721	0.00000	0.00001	0.00000	0.00279
282	0.00000	0.99993	0.00000	0.00000	0.00000	0.00007
283	0.99996	0.00000	0.00000	0.00000	0.00004	0.00000
284	0.00000	0.99751	0.00000	0.00001	0.00000	0.00248
285	0.00000	0.99940	0.00000	0.00000	0.00000	0.00060
286	0.00000	1.00000	0.00000	0.00000	0.00000	0.00000
287	0.00000	0.99995	0.00000	0.00000	0.00000	0.00005
288	0.00000	0.99998	0.00000	0.00000	0.00000	0.00002
289	0.00000	0.99998	0.00000	0.00000	0.00000	0.00002
290	0.00000	1.00000	0.00000	0.00000	0.00000	0.00000
291	0.00000	0.99996	0.00000	0.00000	0.00000	0.00004
292	0.00000	0.99993	0.00000	0.00000	0.00000	0.00007
293	0.00000	0.99996	0.00000	0.00000	0.00000	0.00004
294	0.00000	0.99998	0.00000	0.00000	0.00000	0.00002
295	0.00000	0.99999	0.00000	0.00000	0.00000	0.00001
296	0.99974	0.00000	0.00000	0.00000	0.00026	0.00000
297	0.16995	0.16341	0.16665	0.16666	0.16830	0.16503
298	0.00000	0.99998	0.00000	0.00000	0.00000	0.00002
299	0.00000	0.99504	0.00000	0.00002	0.00000	0.00494
300	0.99977	0.00000	0.00000	0.00000	0.00023	0.00000
301	0.00000	0.99948	0.00000	0.00000	0.00000	0.00052
302	0.00000	1.00000	0.00000	0.00000	0.00000	0.00000
303	0.00000	0.99993	0.00000	0.00000	0.00000	0.00007
304	0.00000	0.99993	0.00000	0.00000	0.00000	0.00007
305	0.00000	0.99993	0.00000	0.00000	0.00000	0.00007
306	0.00000	0.99985	0.00000	0.00000	0.00000	0.00015
307	0.00000	0.99954	0.00000	0.00000	0.00000	0.00046
308	0.00000	0.99999	0.00000	0.00000	0.00000	0.00001
309	0.00000	0.99999	0.00000	0.00000	0.00000	0.00001
310	0.00000	0.99999	0.00000	0.00000	0.00000	0.00001
311	0.00000	0.99998	0.00000	0.00000	0.00000	0.00002
312	0.00000	0.86765	0.00002	0.01586	0.00000	0.11648
313	0.00000	0.99988	0.00000	0.00000	0.00000	0.00012
314	0.00000	0.99999	0.00000	0.00000	0.00000	0.00001
315	0.00000	0.99997	0.00000	0.00000	0.00000	0.00003
316	0.00000	0.00107	0.00000	0.00009	0.00000	0.99884
317	0.00000	0.99988	0.00000	0.00000	0.00000	0.00012
318	0.00000	0.99986	0.00000	0.00000	0.00000	0.00014
319	0.00000	0.99996	0.00000	0.00000	0.00000	0.00004
320	0.00000	0.55365	0.00000	0.00083	0.00000	0.44552
321	0.00000	0.99935	0.00000	0.00000	0.00000	0.00065
322	0.00000	0.99998	0.00000	0.00000	0.00000	0.00002
323	0.00000	0.99995	0.00000	0.00000	0.00000	0.00005
324	0.00000	0.99996	0.00000	0.00000	0.00000	0.00004
325	0.00000	0.99997	0.00000	0.00000	0.00000	0.00003
326	0.00000	0.99999	0.00000	0.00000	0.00000	0.00001
327	0.00000	0.98883	0.00000	0.00012	0.00000	0.01104
328	0.00000	0.99999	0.00000	0.00000	0.00000	0.00001
329	0.00000	0.99993	0.00000	0.00000	0.00000	0.00007
330	0.00000	0.99996	0.00000	0.00000	0.00000	0.00004
331	0.00000	0.96482	0.00000	0.00126	0.00000	0.03392
332	0.00000	0.99988	0.00000	0.00000	0.00000	0.00012
333	0.00000	0.99999	0.00000	0.00000	0.00000	0.00001
334	0.00000	0.99978	0.00000	0.00000	0.00000	0.00022
335	0.00000	0.99999	0.00000	0.00000	0.00000	0.00001
336	0.00000	0.99995	0.00000	0.00000	0.00000	0.00005
337	0.00000	0.83849	0.00017	0.02291	0.00003	0.13840
338	0.00000	0.99999	0.00000	0.00000	0.00000	0.00001
339	0.00000	0.99999	0.00000	0.00000	0.00000	0.00001
340	0.00000	0.99987	0.00000	0.00000	0.00000	0.00013
341	0.00000	0.00000	0.99581	0.00292	0.00002	0.00125
342	0.00000	0.99962	0.00000	0.00000	0.00000	0.00038
343	0.00000	0.99996	0.00000	0.00000	0.00000	0.00004
344	0.00000	0.00000	0.00005	0.01555	0.00000	0.98440
345	0.00000	0.97925	0.00000	0.00000	0.00000	0.02075
346	0.00000	0.99999	0.00000	0.00000	0.00000	0.00001
347	0.00000	0.96515	0.00000	0.00104	0.00000	0.03381
348	0.00000	0.00000	0.00000	0.01245	0.00000	0.98755
349	0.00000	0.99977	0.00000	0.00000	0.00000	0.00023
350	0.00000	0.99981	0.00000	0.00000	0.00000	0.00019
351	0.00000	0.99994	0.00000	0.00000	0.00000	0.00006
352	0.00000	0.99662	0.00000	0.00001	0.00000	0.00337
353	0.00000	0.99994	0.00000	0.00000	0.00000	0.00006
354	0.00000	0.99906	0.00000	0.00000	0.00000	0.00094
355	0.00000	0.90200	0.00001	0.00884	0.00000	0.08915
356	0.99998	0.00000	0.00000	0.00000	0.00002	0.00000
357	0.00000	0.99809	0.00000	0.00000	0.00000	0.00191
358	0.00000	0.99918	0.00000	0.00000	0.00000	0.00082
359	0.00000	0.74317	0.00052	0.05470	0.00014	0.20148
360	0.00000	0.99829	0.00000	0.00000	0.00000	0.00171
361	0.00000	0.99853	0.00000	0.00000	0.00000	0.00147
362	0.99955	0.00000	0.00000	0.00000	0.00045	0.00000
363	0.99998	0.00000	0.00000	0.00000	0.00002	0.00000
364	0.00000	0.99993	0.00000	0.00000	0.00000	0.00007
365	0.00000	0.99993	0.00000	0.00000	0.00000	0.00007
366	0.00000	0.99998	0.00000	0.00000	0.00000	0.00002
367	0.00000	0.99995	0.00000	0.00000	0.00000	0.00005
368	0.00000	0.99997	0.00000	0.00000	0.00000	0.00003
369	0.99988	0.00000	0.00000	0.00000	0.00012	0.00000
370	0.00000	1.00000	0.00000	0.00000	0.00000	0.00000
371	0.00000	0.99999	0.00000	0.00000	0.00000	0.00001
372	0.00000	0.99995	0.00000	0.00000	0.00000	0.00005
373	0.00000	0.99975	0.00000	0.00000	0.00000	0.00025
374	0.00000	0.98169	0.00000	0.00033	0.00000	0.01798
375	0.99980	0.00000	0.00000	0.00000	0.00020	0.00000
376	0.00000	0.99992	0.00000	0.00000	0.00000	0.00008
377	0.00002	0.68290	0.00341	0.07953	0.00117	0.23297
378	0.94863	0.00000	0.00000	0.00091	0.05046	0.00000
379	0.98270	0.00000	0.00000	0.00024	0.01706	0.00000
380	0.00000	0.99996	0.00000	0.00000	0.00000	0.00004
381	0.00000	0.99936	0.00000	0.00000	0.00000	0.00064
382	0.00000	0.99976	0.00000	0.00000	0.00000	0.00024
383	0.99222	0.00000	0.00000	0.00000	0.00778	0.00000
384	0.00000	0.99999	0.00000	0.00000	0.00000	0.00001
385	0.00000	1.00000	0.00000	0.00000	0.00000	0.00000
386	0.00000	0.99998	0.00000	0.00000	0.00000	0.00002
387	0.00000	0.99999	0.00000	0.00000	0.00000	0.00001
388	0.98780	0.00000	0.00000	0.00013	0.01206	0.00000
389	0.00000	0.99995	0.00000	0.00000	0.00000	0.00005
390	0.00000	0.99996	0.00000	0.00000	0.00000	0.00004
391	0.00000	0.99998	0.00000	0.00000	0.00000	0.00002
392	0.00000	0.97239	0.00000	0.00070	0.00000	0.02691
393	0.00000	0.97170	0.00000	0.00122	0.00000	0.02708
394	0.00000	0.99980	0.00000	0.00000	0.00000	0.00020
395	0.00000	1.00000	0.00000	0.00000	0.00000	0.00000
396	0.00000	0.99999	0.00000	0.00000	0.00000	0.00001
397	0.00000	0.99999	0.00000	0.00000	0.00000	0.00001
398	0.00000	0.99953	0.00000	0.00000	0.00000	0.00047
399	0.00001	0.60694	0.00214	0.12011	0.00096	0.26984
400	0.00000	0.99988	0.00000	0.00000	0.00000	0.00012
401	0.00000	0.99995	0.00000	0.00000	0.00000	0.00005
402	0.00388	0.62464	0.04856	0.08093	0.01762	0.22439
403	0.00000	0.99999	0.00000	0.00000	0.00000	0.00001
404	0.00000	0.99995	0.00000	0.00000	0.00000	0.00005
405	0.00000	0.99992	0.00000	0.00000	0.00000	0.00008
406	0.00000	0.99999	0.00000	0.00000	0.00000	0.00001
407	0.00000	0.98610	0.00000	0.00000	0.00000	0.01390
408	0.00000	0.99998	0.00000	0.00000	0.00000	0.00002
409	0.00000	1.00000	0.00000	0.00000	0.00000	0.00000
410	0.00000	0.99999	0.00000	0.00000	0.00000	0.00001
411	0.00000	0.99999	0.00000	0.00000	0.00000	0.00001
412	0.99939	0.00000	0.00000	0.00000	0.00061	0.00000
413	0.00000	0.99947	0.00000	0.00000	0.00000	0.00053
414	0.00000	0.99966	0.00000	0.00000	0.00000	0.00034
415	0.00000	0.99998	0.00000	0.00000	0.00000	0.00002
416	0.00000	0.99699	0.00000	0.00001	0.00000	0.00300
417	0.00000	0.99998	0.00000	0.00000	0.00000	0.00002
418	0.00000	0.99998	0.00000	0.00000	0.00000	0.00002
419	0.00000	0.99999	0.00000	0.00000	0.00000	0.00001
420	0.00000	0.99996	0.00000	0.00000	0.00000	0.00004
421	0.00000	0.99999	0.00000	0.00000	0.00000	0.00001
422	0.00000	0.99999	0.00000	0.00000	0.00000	0.00001
423	0.00000	0.99844	0.00000	0.00000	0.00000	0.00156
424	0.00000	0.75876	0.00000	0.04927	0.00000	0.19197
425	0.00000	0.99995	0.00000	0.00000	0.00000	0.00005
426	0.00000	0.99999	0.00000	0.00000	0.00000	0.00001
427	0.00000	0.99995	0.00000	0.00000	0.00000	0.00005
428	0.00000	0.99996	0.00000	0.00000	0.00000	0.00004
429	0.00000	0.99998	0.00000	0.00000	0.00000	0.00002
430	0.00000	0.99988	0.00000	0.00000	0.00000	0.00012
431	0.00000	0.99997	0.00000	0.00000	0.00000	0.00003
432	0.00000	0.99995	0.00000	0.00000	0.00000	0.00005
433	0.00000	0.99998	0.00000	0.00000	0.00000	0.00002
434	0.00000	0.99995	0.00000	0.00000	0.00000	0.00005
435	0.00000	0.99762	0.00000	0.00000	0.00000	0.00237
436	0.00000	0.99987	0.00000	0.00000	0.00000	0.00013
437	0.99997	0.00000	0.00000	0.00000	0.00003	0.00000
438	0.00000	0.99998	0.00000	0.00000	0.00000	0.00002
439	0.00000	0.99998	0.00000	0.00000	0.00000	0.00002
440	0.00000	1.00000	0.00000	0.00000	0.00000	0.00000
441	0.00000	0.99992	0.00000	0.00000	0.00000	0.00008
442	0.00000	0.99999	0.00000	0.00000	0.00000	0.00001
443	0.00000	0.99994	0.00000	0.00000	0.00000	0.00006
444	0.00000	0.99999	0.00000	0.00000	0.00000	0.00001
445	0.00000	0.99681	0.00000	0.00000	0.00000	0.00318
446	0.00000	0.81827	0.00000	0.00021	0.00000	0.18152
447	0.00000	0.99988	0.00000	0.00000	0.00000	0.00012
448	0.00000	0.99985	0.00000	0.00000	0.00000	0.00015
449	0.00000	0.99975	0.00000	0.00000	0.00000	0.00025
450	0.00000	0.99999	0.00000	0.00000	0.00000	0.00001
451	0.00000	0.99984	0.00000	0.00000	0.00000	0.00016
452	0.00000	0.99997	0.00000	0.00000	0.00000	0.00003
453	0.00001	0.73434	0.00246	0.05745	0.00070	0.20504
454	0.00000	0.99996	0.00000	0.00000	0.00000	0.00004
455	0.00000	0.99997	0.00000	0.00000	0.00000	0.00003
456	0.00000	0.99823	0.00000	0.00000	0.00000	0.00176
457	0.00000	0.99969	0.00000	0.00000	0.00000	0.00031
458	0.00000	0.99991	0.00000	0.00000	0.00000	0.00009
459	0.00000	0.99995	0.00000	0.00000	0.00000	0.00005
460	0.00000	0.99999	0.00000	0.00000	0.00000	0.00001
461	0.99999	0.00000	0.00000	0.00000	0.00001	0.00000
462	0.00000	0.99997	0.00000	0.00000	0.00000	0.00003
463	0.00000	0.99999	0.00000	0.00000	0.00000	0.00001
464	0.00071	0.54987	0.01888	0.14140	0.00953	0.27962
465	0.99997	0.00000	0.00000	0.00000	0.00003	0.00000
466	0.00000	0.99998	0.00000	0.00000	0.00000	0.00002
467	0.00000	0.99999	0.00000	0.00000	0.00000	0.00001
468	0.00000	0.90695	0.00000	0.00805	0.00000	0.08500
469	0.00000	0.99994	0.00000	0.00000	0.00000	0.00006
470	0.00000	0.99998	0.00000	0.00000	0.00000	0.00002
471	0.00000	0.99911	0.00000	0.00000	0.00000	0.00089
472	0.00000	0.99995	0.00000	0.00000	0.00000	0.00005
473	0.00000	0.99597	0.00000	0.00000	0.00000	0.00403
474	0.00000	0.99947	0.00000	0.00000	0.00000	0.00053
475	0.00000	0.84340	0.00001	0.02163	0.00000	0.13495
476	0.00000	0.99999	0.00000	0.00000	0.00000	0.00001
477	0.00000	0.99999	0.00000	0.00000	0.00000	0.00001
478	0.00000	0.99975	0.00000	0.00000	0.00000	0.00025
479	0.00000	0.99994	0.00000	0.00000	0.00000	0.00006
480	0.00000	0.97948	0.00000	0.00011	0.00000	0.02041
481	0.00000	0.99998	0.00000	0.00000	0.00000	0.00002
482	0.00000	0.99995	0.00000	0.00000	0.00000	0.00005
483	0.00000	0.99987	0.00000	0.00000	0.00000	0.00013
484	0.00000	0.99998	0.00000	0.00000	0.00000	0.00002
485	0.00000	0.99997	0.00000	0.00000	0.00000	0.00003
486	0.00000	0.99993	0.00000	0.00000	0.00000	0.00007
487	0.00000	0.99985	0.00000	0.00000	0.00000	0.00015
488	0.00000	0.99993	0.00000	0.00000	0.00000	0.00007
489	0.00000	1.00000	0.00000	0.00000	0.00000	0.00000
490	0.00000	0.99996	0.00000	0.00000	0.00000	0.00004
491	0.00000	0.99990	0.00000	0.00000	0.00000	0.00010
492	0.00000	1.00000	0.00000	0.00000	0.00000	0.00000
493	0.00000	0.99744	0.00000	0.00000	0.00000	0.00256
494	0.00000	0.99998	0.00000	0.00000	0.00000	0.00002
495	0.00002	0.00064	0.00004	0.97761	0.00222	0.01946
496	0.00000	0.99999	0.00000	0.00000	0.00000	0.00001
497	0.00000	0.99999	0.00000	0.00000	0.00000	0.00001
498	0.00000	0.99999	0.00000	0.00000	0.00000	0.00001
499	0.00000	1.00000	0.00000	0.00000	0.00000	0.00000
500	0.00000	0.99999	0.00000	0.00000	0.00000	0.00001
501	0.00002	0.81465	0.00311	0.02880	0.00061	0.15281
502	0.00000	0.99997	0.00000	0.00000	0.00000	0.00003
503	0.07248	0.29634	0.13563	0.16787	0.10731	0.22036
504	0.00000	0.99998	0.00000	0.00000	0.00000	0.00002
505	0.00000	0.99997	0.00000	0.00000	0.00000	0.00003
506	0.00000	0.99994	0.00000	0.00000	0.00000	0.00006
507	0.99766	0.00000	0.00000	0.00000	0.00234	0.00000
508	0.99994	0.00000	0.00000	0.00000	0.00006	0.00000
509	0.00000	0.99992	0.00000	0.00000	0.00000	0.00008
510	0.00000	0.99948	0.00000	0.00000	0.00000	0.00052
511	0.00000	0.99997	0.00000	0.00000	0.00000	0.00003
512	0.00000	1.00000	0.00000	0.00000	0.00000	0.00000
513	0.00000	0.99990	0.00000	0.00000	0.00000	0.00010
514	0.05591	0.00000	0.00000	0.00043	0.94366	0.00000
515	0.00000	0.99987	0.00000	0.00000	0.00000	0.00013
516	0.99997	0.00000	0.00000	0.00000	0.00003	0.00000
517	0.00000	0.81701	0.00029	0.02903	0.00006	0.15360
518	0.00000	0.99997	0.00000	0.00000	0.00000	0.00003
519	0.99978	0.00000	0.00000	0.00000	0.00022	0.00000
520	0.00000	0.98760	0.00000	0.00000	0.00000	0.01240
521	0.00000	1.00000	0.00000	0.00000	0.00000	0.00000
522	0.00000	0.99996	0.00000	0.00000	0.00000	0.00004
523	0.00000	1.00000	0.00000	0.00000	0.00000	0.00000
524	0.00000	0.99961	0.00000	0.00000	0.00000	0.00039
525	0.00000	1.00000	0.00000	0.00000	0.00000	0.00000
526	0.00000	0.99981	0.00000	0.00000	0.00000	0.00019
527	0.00000	0.99985	0.00000	0.00000	0.00000	0.00015
528	0.00000	0.99998	0.00000	0.00000	0.00000	0.00002
529	0.00000	0.97934	0.00000	0.00042	0.00000	0.02024
530	0.00000	0.84456	0.00003	0.02132	0.00000	0.13409
531	0.00000	0.99999	0.00000	0.00000	0.00000	0.00001
532	0.00000	0.99998	0.00000	0.00000	0.00000	0.00002
533	0.00000	0.99988	0.00000	0.00000	0.00000	0.00012
534	0.99992	0.00000	0.00000	0.00000	0.00008	0.00000
535	0.00000	0.99981	0.00000	0.00000	0.00000	0.00019
536	0.00000	0.99992	0.00000	0.00000	0.00000	0.00008
537	0.00000	0.99993	0.00000	0.00000	0.00000	0.00007
538	0.99992	0.00000	0.00000	0.00000	0.00008	0.00000
539	0.00000	0.99219	0.00000	0.00006	0.00000	0.00775
540	0.00000	0.99936	0.00000	0.00000	0.00000	0.00064
541	0.99388	0.00000	0.00000	0.00003	0.00609	0.00000
542	0.99997	0.00000	0.00000	0.00000	0.00003	0.00000
543	0.99995	0.00000	0.00000	0.00000	0.00005	0.00000
544	0.00000	0.99997	0.00000	0.00000	0.00000	0.00003
545	0.00000	0.99997	0.00000	0.00000	0.00000	0.00003
546	0.00000	0.99984	0.00000	0.00000	0.00000	0.00016
547	0.00000	0.99985	0.00000	0.00000	0.00000	0.00015
548	0.00000	0.99999	0.00000	0.00000	0.00000	0.00001
549	0.97801	0.00000	0.00000	0.00028	0.02171	0.00000
550	0.00000	0.99826	0.00000	0.00000	0.00000	0.00174
551	0.00000	0.99999	0.00000	0.00000	0.00000	0.00001
552	0.99998	0.00000	0.00000	0.00000	0.00002	0.00000
553	0.00000	0.99995	0.00000	0.00000	0.00000	0.00005
554	0.00000	0.99999	0.00000	0.00000	0.00000	0.00001
555	0.00000	1.00000	0.00000	0.00000	0.00000	0.00000
556	0.00000	0.99997	0.00000	0.00000	0.00000	0.00003
557	0.00000	0.00000	0.96125	0.03663	0.00196	0.00017
558	0.00000	0.99971	0.00000	0.00000	0.00000	0.00029
559	0.00000	0.99997	0.00000	0.00000	0.00000	0.00003
560	0.99924	0.00000	0.00000	0.00000	0.00076	0.00000
561	0.99990	0.00000	0.00000	0.00000	0.00010	0.00000
562	0.99916	0.00000	0.00000	0.00000	0.00084	0.00000
563	0.99437	0.00000	0.00000	0.00000	0.00563	0.00000
564	0.00000	0.99354	0.00000	0.00000	0.00000	0.00646
565	0.00000	1.00000	0.00000	0.00000	0.00000	0.00000
566	0.99985	0.00000	0.00000	0.00000	0.00015	0.00000
567	0.00000	0.99997	0.00000	0.00000	0.00000	0.00003
568	0.59346	0.00003	0.00393	0.12663	0.27412	0.00182
569	0.93243	0.00000	0.00000	0.00094	0.06663	0.00000
570	0.00000	0.99777	0.00000	0.00000	0.00000	0.00223
571	0.00000	0.99997	0.00000	0.00000	0.00000	0.00003
572	0.00000	0.99770	0.00000	0.00000	0.00000	0.00230
573	0.00000	0.99981	0.00000	0.00000	0.00000	0.00019
574	0.00000	0.99997	0.00000	0.00000	0.00000	0.00003
575	0.00000	0.99878	0.00000	0.00000	0.00000	0.00122
576	0.00000	0.00000	0.00000	0.00289	0.99711	0.00000
577	0.00000	0.99997	0.00000	0.00000	0.00000	0.00003
578	0.99994	0.00000	0.00000	0.00000	0.00006	0.00000
579	0.00000	1.00000	0.00000	0.00000	0.00000	0.00000
580	0.00000	0.70749	0.00000	0.00009	0.00000	0.29241
581	0.00000	0.95763	0.00000	0.00177	0.00000	0.04061
582	0.00000	0.99993	0.00000	0.00000	0.00000	0.00007
583	0.00000	0.99991	0.00000	0.00000	0.00000	0.00009
584	0.00000	0.79551	0.00004	0.03048	0.00001	0.17397
585	0.00000	0.99999	0.00000	0.00000	0.00000	0.00001
586	0.00000	0.99790	0.00000	0.00000	0.00000	0.00210
587	0.00000	0.99983	0.00000	0.00000	0.00000	0.00017
588	0.00000	0.99988	0.00000	0.00000	0.00000	0.00012
589	0.00000	0.99977	0.00000	0.00000	0.00000	0.00023
590	0.00000	0.99999	0.00000	0.00000	0.00000	0.00001
591	0.00000	0.99997	0.00000	0.00000	0.00000	0.00003
592	0.00000	0.93083	0.00000	0.00451	0.00000	0.06466
593	0.00000	0.98583	0.00000	0.00020	0.00000	0.01397
594	0.00000	0.99989	0.00000	0.00000	0.00000	0.00011
595	0.00000	0.99973	0.00000	0.00000	0.00000	0.00027
596	0.00000	0.99997	0.00000	0.00000	0.00000	0.00003
597	0.00000	0.18829	0.00000	0.01138	0.00000	0.80033
598	0.00000	0.99027	0.00000	0.00000	0.00000	0.00973
599	0.00000	0.97785	0.00000	0.00048	0.00000	0.02167
600	0.00000	0.01230	0.00002	0.04032	0.00000	0.94736
601	0.00000	0.99999	0.00000	0.00000	0.00000	0.00001
602	0.00000	0.95896	0.00000	0.00163	0.00000	0.03942
603	0.99856	0.00000	0.00000	0.00000	0.00144	0.00000
604	0.73714	0.00000	0.00000	0.04732	0.21554	0.00000
605	0.00000	0.99997	0.00000	0.00000	0.00000	0.00003
606	0.00000	0.97526	0.00000	0.00054	0.00000	0.02420
607	0.00000	0.99996	0.00000	0.00000	0.00000	0.00004
608	0.00000	0.99995	0.00000	0.00000	0.00000	0.00005
609	0.00000	0.99996	0.00000	0.00000	0.00000	0.00004
610	0.00000	0.99986	0.00000	0.00000	0.00000	0.00014
611	0.99866	0.00000	0.00000	0.00000	0.00134	0.00000
612	0.00000	0.99978	0.00000	0.00000	0.00000	0.00022
613	0.00000	0.99991	0.00000	0.00000	0.00000	0.00009
614	0.00000	0.99998	0.00000	0.00000	0.00000	0.00002
615	0.00000	0.98888	0.00000	0.00012	0.00000	0.01100
616	0.00000	1.00000	0.00000	0.00000	0.00000	0.00000
617	0.00000	0.99989	0.00000	0.00000	0.00000	0.00011
618	0.00000	0.99998	0.00000	0.00000	0.00000	0.00002
619	0.00000	0.99998	0.00000	0.00000	0.00000	0.00002
620	0.00000	0.99914	0.00000	0.00000	0.00000	0.00086
621	0.00000	0.99995	0.00000	0.00000	0.00000	0.00005
622	0.00000	0.99998	0.00000	0.00000	0.00000	0.00002
623	0.00000	0.99842	0.00000	0.00000	0.00000	0.00157
624	0.00000	1.00000	0.00000	0.00000	0.00000	0.00000
625	0.00000	0.99824	0.00000	0.00000	0.00000	0.00176
626	0.00000	0.99994	0.00000	0.00000	0.00000	0.00006
627	0.00001	0.23137	0.00054	0.44762	0.00083	0.31963
628	0.00000	0.99984	0.00000	0.00000	0.00000	0.00016
629	0.00000	0.99998	0.00000	0.00000	0.00000	0.00002
630	0.00000	0.99998	0.00000	0.00000	0.00000	0.00002
631	0.00000	0.99999	0.00000	0.00000	0.00000	0.00001
632	0.00000	0.99999	0.00000	0.00000	0.00000	0.00001
633	0.99937	0.00000	0.00000	0.00000	0.00063	0.00000
634	0.00000	0.99999	0.00000	0.00000	0.00000	0.00001
635	0.00000	0.99999	0.00000	0.00000	0.00000	0.00001
636	0.00000	0.99999	0.00000	0.00000	0.00000	0.00001
637	0.00000	0.99057	0.00000	0.00009	0.00000	0.00935
638	0.00000	0.99986	0.00000	0.00000	0.00000	0.00014
639	0.00000	0.99999	0.00000	0.00000	0.00000	0.00001
640	0.00000	0.99994	0.00000	0.00000	0.00000	0.00006
641	0.00000	0.99041	0.00000	0.00000	0.00000	0.00959
642	0.00000	1.00000	0.00000	0.00000	0.00000	0.00000
643	0.00000	0.99996	0.00000	0.00000	0.00000	0.00004
644	0.00000	0.98851	0.00000	0.00000	0.00000	0.01149
645	0.00000	0.00000	0.00000	0.00003	0.00000	0.99997
646	0.00000	0.99992	0.00000	0.00000	0.00000	0.00008
647	0.00000	0.99991	0.00000	0.00000	0.00000	0.00009
648	0.00000	0.99965	0.00000	0.00000	0.00000	0.00035
649	0.00000	0.99999	0.00000	0.00000	0.00000	0.00001
650	0.00000	0.99994	0.00000	0.00000	0.00000	0.00006
651	0.99993	0.00000	0.00000	0.00000	0.00007	0.00000
652	0.00000	0.99998	0.00000	0.00000	0.00000	0.00002
653	0.00000	0.99999	0.00000	0.00000	0.00000	0.00001
654	0.99759	0.00000	0.00000	0.00001	0.00240	0.00000
655	0.00000	0.74714	0.00000	0.04936	0.00000	0.20349
656	0.00000	0.99996	0.00000	0.00000	0.00000	0.00004
657	0.00000	0.99990	0.00000	0.00000	0.00000	0.00010
658	0.00000	0.99774	0.00000	0.00000	0.00000	0.00226
659	0.00000	1.00000	0.00000	0.00000	0.00000	0.00000
660	0.45644	0.00015	0.01099	0.20019	0.32645	0.00579
661	0.00000	0.97713	0.00000	0.00012	0.00000	0.02276
662	0.00000	0.99998	0.00000	0.00000	0.00000	0.00002
663	0.00000	0.99854	0.00000	0.00000	0.00000	0.00146
664	0.00000	0.94018	0.00000	0.00340	0.00000	0.05642
665	0.99991	0.00000	0.00000	0.00000	0.00009	0.00000
666	0.00000	0.99720	0.00000	0.00001	0.00000	0.00279
667	0.99999	0.00000	0.00000	0.00000	0.00001	0.00000
668	0.99920	0.00000	0.00000	0.00000	0.00080	0.00000
669	0.99999	0.00000	0.00000	0.00000	0.00001	0.00000
670	0.99940	0.00000	0.00000	0.00000	0.00060	0.00000
671	0.99986	0.00000	0.00000	0.00000	0.00014	0.00000
672	0.00000	0.99926	0.00000	0.00000	0.00000	0.00074
673	0.00000	0.99998	0.00000	0.00000	0.00000	0.00002
674	0.00000	0.99987	0.00000	0.00000	0.00000	0.00013
675	0.00000	0.99024	0.00000	0.00009	0.00000	0.00967
676	0.00000	0.99161	0.00000	0.00006	0.00000	0.00833
677	0.00000	0.99563	0.00000	0.00002	0.00000	0.00435
678	0.00000	0.99998	0.00000	0.00000	0.00000	0.00002
679	0.99992	0.00000	0.00000	0.00000	0.00008	0.00000
680	0.00000	0.99997	0.00000	0.00000	0.00000	0.00003
681	0.00000	1.00000	0.00000	0.00000	0.00000	0.00000
682	0.00000	0.99993	0.00000	0.00000	0.00000	0.00007
683	0.00000	0.99694	0.00000	0.00000	0.00000	0.00306
684	0.00000	0.99920	0.00000	0.00000	0.00000	0.00080
685	0.00000	0.99664	0.00000	0.00001	0.00000	0.00336
686	0.00000	0.99998	0.00000	0.00000	0.00000	0.00002
687	0.00000	0.99985	0.00000	0.00000	0.00000	0.00015
688	0.00000	0.99986	0.00000	0.00000	0.00000	0.00014
689	0.00000	0.99999	0.00000	0.00000	0.00000	0.00001
690	0.00000	0.99997	0.00000	0.00000	0.00000	0.00003
691	0.00000	0.99960	0.00000	0.00000	0.00000	0.00040
692	0.00000	0.99999	0.00000	0.00000	0.00000	0.00001
693	0.00000	0.99956	0.00000	0.00000	0.00000	0.00044
694	0.00000	0.99959	0.00000	0.00000	0.00000	0.00041
695	0.00000	0.93911	0.00000	0.00352	0.00000	0.05738
696	0.00000	0.99999	0.00000	0.00000	0.00000	0.00001
697	0.00000	0.99951	0.00000	0.00000	0.00000	0.00049
698	0.00000	0.99628	0.00000	0.00001	0.00000	0.00371
699	0.00000	0.01107	0.00000	0.01030	0.00000	0.97864
700	0.00000	0.99773	0.00000	0.00000	0.00000	0.00227
701	0.00000	0.99993	0.00000	0.00000	0.00000	0.00007
702	0.99999	0.00000	0.00000	0.00000	0.00001	0.00000
703	0.99990	0.00000	0.00000	0.00000	0.00010	0.00000
704	0.99964	0.00000	0.00000	0.00000	0.00036	0.00000
705	0.96158	0.00000	0.00000	0.00143	0.03700	0.00000
706	0.00000	0.82551	0.00000	0.00005	0.00000	0.17444
707	0.00000	0.99946	0.00000	0.00000	0.00000	0.00054
708	0.90131	0.00000	0.00000	0.00036	0.09833	0.00000
709	0.00000	0.99979	0.00000	0.00000	0.00000	0.00021
710	0.00000	0.99875	0.00000	0.00000	0.00000	0.00125
711	0.00000	0.99998	0.00000	0.00000	0.00000	0.00002
712	0.00000	0.99892	0.00000	0.00000	0.00000	0.00108
713	0.00000	0.99997	0.00000	0.00000	0.00000	0.00003
714	0.00000	0.99950	0.00000	0.00000	0.00000	0.00050
715	0.63306	0.00000	0.00000	0.00004	0.36690	0.00000
716	0.00000	0.97585	0.00000	0.00059	0.00000	0.02356
717	0.00000	0.99982	0.00000	0.00000	0.00000	0.00018
718	0.00000	1.00000	0.00000	0.00000	0.00000	0.00000
719	0.99999	0.00000	0.00000	0.00000	0.00001	0.00000
720	0.00000	0.99981	0.00000	0.00000	0.00000	0.00019
721	0.00000	0.99998	0.00000	0.00000	0.00000	0.00002
722	0.00000	0.99999	0.00000	0.00000	0.00000	0.00001
723	0.00000	0.99893	0.00000	0.00000	0.00000	0.00107
724	0.00000	0.99999	0.00000	0.00000	0.00000	0.00001
725	0.00000	0.85716	0.00001	0.00592	0.00000	0.13692
726	0.00000	0.02177	0.00000	0.85777	0.00001	0.12045
727	0.00000	0.99707	0.00000	0.00000	0.00000	0.00293
728	0.00000	0.99995	0.00000	0.00000	0.00000	0.00005
729	0.00000	0.93519	0.00000	0.00400	0.00000	0.06080
730	0.00000	0.98204	0.00000	0.00000	0.00000	0.01796
731	0.00000	0.99998	0.00000	0.00000	0.00000	0.00002
732	0.00000	0.99997	0.00000	0.00000	0.00000	0.00003
733	0.99820	0.00000	0.00000	0.00000	0.00180	0.00000
734	0.00000	0.99157	0.00000	0.00003	0.00000	0.00840
735	0.00000	0.99925	0.00000	0.00000	0.00000	0.00075
736	0.00000	1.00000	0.00000	0.00000	0.00000	0.00000
737	0.00000	0.99549	0.00000	0.00002	0.00000	0.00449
738	0.00000	0.99996	0.00000	0.00000	0.00000	0.00004
739	0.99982	0.00000	0.00000	0.00000	0.00018	0.00000
740	0.00000	0.96724	0.00000	0.00092	0.00000	0.03183
741	0.00000	0.99997	0.00000	0.00000	0.00000	0.00003
742	0.99827	0.00000	0.00000	0.00000	0.00173	0.00000
743	0.00000	0.99999	0.00000	0.00000	0.00000	0.00001
744	0.00000	1.00000	0.00000	0.00000	0.00000	0.00000
745	0.00000	0.99975	0.00000	0.00000	0.00000	0.00025
746	0.99995	0.00000	0.00000	0.00000	0.00005	0.00000
747	0.00000	0.99999	0.00000	0.00000	0.00000	0.00001
748	0.00000	0.99999	0.00000	0.00000	0.00000	0.00001
749	0.00000	0.99996	0.00000	0.00000	0.00000	0.00004
750	0.00000	0.99998	0.00000	0.00000	0.00000	0.00002
751	0.15622	0.17735	0.16623	0.16685	0.16139	0.17197
752	0.00000	0.99990	0.00000	0.00000	0.00000	0.00010
753	0.00000	0.99983	0.00000	0.00000	0.00000	0.00017
754	0.00000	0.99997	0.00000	0.00000	0.00000	0.00003
755	0.00000	0.99992	0.00000	0.00000	0.00000	0.00008
756	0.00000	0.99981	0.00000	0.00000	0.00000	0.00019
757	0.00000	0.99999	0.00000	0.00000	0.00000	0.00001
758	0.00000	0.99599	0.00000	0.00002	0.00000	0.00399
759	0.00000	0.99984	0.00000	0.00000	0.00000	0.00016
760	0.99561	0.00000	0.00000	0.00000	0.00439	0.00000
761	0.99997	0.00000	0.00000	0.00000	0.00003	0.00000
762	0.00000	0.70835	0.00000	0.00062	0.00000	0.29103
763	0.00000	1.00000	0.00000	0.00000	0.00000	0.00000
764	0.00000	0.99999	0.00000	0.00000	0.00000	0.00001
765	0.00000	0.99939	0.00000	0.00000	0.00000	0.00061
766	0.00000	0.99999	0.00000	0.00000	0.00000	0.00001
767	0.00000	0.99962	0.00000	0.00000	0.00000	0.00038
768	0.00000	0.99995	0.00000	0.00000	0.00000	0.00005
769	0.00000	0.99881	0.00000	0.00000	0.00000	0.00119
770	0.00000	0.99545	0.00000	0.00000	0.00000	0.00454
771	0.00000	0.99943	0.00000	0.00000	0.00000	0.00057
772	0.00000	0.99997	0.00000	0.00000	0.00000	0.00003
773	0.00000	0.99930	0.00000	0.00000	0.00000	0.00070
774	0.00000	0.98838	0.00000	0.00012	0.00000	0.01150
775	0.00000	0.99724	0.00000	0.00000	0.00000	0.00275
776	0.00000	0.99999	0.00000	0.00000	0.00000	0.00001
777	0.00000	0.99997	0.00000	0.00000	0.00000	0.00003
