UponCompletionOf_1000000_sweeps
LocNumber LocName AlleleNumber AlleleName FreqInPop0 FreqInPop1 SDInPop0 SDinPop1
0	LdDocent_Contig_59564_136	0	1	0.989209	0.909463	0.006771	0.008663
0	LdDocent_Contig_59564_136	1	2	0.010791	0.090537	0.006771	0.008663
1	LdDocent_Contig_715_109	0	1	0.996710	0.940599	0.004485	0.007183
1	LdDocent_Contig_715_109	1	2	0.003290	0.059401	0.004485	0.007183
2	LdDocent_Contig_5672_442	0	1	0.997815	0.992187	0.003076	0.002670
2	LdDocent_Contig_5672_442	1	2	0.002185	0.007813	0.003076	0.002670
3	LdDocent_Contig_6152_64	0	1	0.997889	0.790052	0.002973	0.012235
3	LdDocent_Contig_6152_64	1	2	0.002111	0.209948	0.002973	0.012235
4	LdDocent_Contig_1769_471	0	1	0.997935	0.986276	0.002895	0.003358
4	LdDocent_Contig_1769_471	1	2	0.002065	0.013724	0.002895	0.003358
5	LdDocent_Contig_1475_425	0	1	0.996589	0.986381	0.004427	0.003633
5	LdDocent_Contig_1475_425	1	2	0.003411	0.013619	0.004427	0.003633
6	LdDocent_Contig_83921_462	0	1	0.989371	0.994894	0.006672	0.002171
6	LdDocent_Contig_83921_462	1	2	0.010629	0.005106	0.006672	0.002171
7	LdDocent_Contig_795_439	0	1	0.997915	0.986915	0.002941	0.003414
7	LdDocent_Contig_795_439	1	2	0.002085	0.013085	0.002941	0.003414
8	LdDocent_Contig_13066_328	0	1	0.917980	0.960527	0.019300	0.005733
8	LdDocent_Contig_13066_328	1	2	0.082020	0.039473	0.019300	0.005733
9	LdDocent_Contig_1305_432	0	1	0.036294	0.996617	0.012558	0.001858
9	LdDocent_Contig_1305_432	1	2	0.963706	0.003383	0.012558	0.001858
10	LdDocent_Contig_379_118	0	1	0.973116	0.830210	0.012325	0.011346
10	LdDocent_Contig_379_118	1	2	0.026884	0.169790	0.012325	0.011346
11	LdDocent_Contig_90757_446	0	1	0.997328	0.993190	0.003759	0.002475
11	LdDocent_Contig_90757_446	1	2	0.002672	0.006810	0.003759	0.002475
12	LdDocent_Contig_10633_334	0	1	0.997872	0.948734	0.002992	0.006535
12	LdDocent_Contig_10633_334	1	2	0.002128	0.051266	0.002992	0.006535
13	LdDocent_Contig_5102_9	0	1	0.997946	0.991370	0.002896	0.002787
13	LdDocent_Contig_5102_9	1	2	0.002054	0.008630	0.002896	0.002787
14	LdDocent_Contig_60535_398	0	1	0.997809	0.978616	0.003090	0.004564
14	LdDocent_Contig_60535_398	1	2	0.002191	0.021384	0.003090	0.004564
15	LdDocent_Contig_1728_9	0	1	0.002018	0.991291	0.002842	0.002814
15	LdDocent_Contig_1728_9	1	2	0.997982	0.008709	0.002842	0.002814
16	LdDocent_Contig_15667_369	0	1	0.980358	0.993017	0.009149	0.002541
16	LdDocent_Contig_15667_369	1	2	0.019642	0.006983	0.009149	0.002541
17	LdDocent_Contig_84956_118	0	1	0.972896	0.998653	0.010451	0.001100
17	LdDocent_Contig_84956_118	1	2	0.027104	0.001347	0.010451	0.001100
18	LdDocent_Contig_86476_29	0	1	0.997751	0.992574	0.003179	0.002699
18	LdDocent_Contig_86476_29	1	2	0.002249	0.007426	0.003179	0.002699
19	LdDocent_Contig_35892_62	0	1	0.997781	0.986568	0.003132	0.003628
19	LdDocent_Contig_35892_62	1	2	0.002219	0.013432	0.003132	0.003628
20	LdDocent_Contig_2296_38	0	1	0.997367	0.987099	0.003568	0.003524
20	LdDocent_Contig_2296_38	1	2	0.002633	0.012901	0.003568	0.003524
21	LdDocent_Contig_3892_445	0	1	0.997558	0.979806	0.003371	0.004327
21	LdDocent_Contig_3892_445	1	2	0.002442	0.020194	0.003371	0.004327
22	LdDocent_Contig_50303_34	0	1	0.997726	0.948974	0.003196	0.006800
22	LdDocent_Contig_50303_34	1	2	0.002274	0.051026	0.003196	0.006800
23	LdDocent_Contig_51380_365	0	1	0.997767	0.981103	0.003145	0.004239
23	LdDocent_Contig_51380_365	1	2	0.002233	0.018897	0.003145	0.004239
24	LdDocent_Contig_5184_376	0	1	0.997715	0.982758	0.003226	0.004090
24	LdDocent_Contig_5184_376	1	2	0.002285	0.017242	0.003226	0.004090
25	LdDocent_Contig_7275_365	0	1	0.943664	0.966180	0.014422	0.005465
25	LdDocent_Contig_7275_365	1	2	0.056336	0.033820	0.014422	0.005465
26	LdDocent_Contig_64014_133	0	1	0.997763	0.992118	0.003165	0.002690
26	LdDocent_Contig_64014_133	1	2	0.002237	0.007882	0.003165	0.002690
27	LdDocent_Contig_1112_383	0	1	0.762890	0.999485	0.028849	0.000727
27	LdDocent_Contig_1112_383	1	2	0.237110	0.000515	0.028849	0.000727
28	LdDocent_Contig_1206_464	0	1	0.992904	0.983774	0.005714	0.003988
28	LdDocent_Contig_1206_464	1	2	0.007096	0.016226	0.005714	0.003988
29	LdDocent_Contig_2791_386	0	1	0.996926	0.933574	0.003848	0.007258
29	LdDocent_Contig_2791_386	1	2	0.003074	0.066426	0.003848	0.007258
30	LdDocent_Contig_95033_334	0	1	0.830322	0.999478	0.025198	0.000737
30	LdDocent_Contig_95033_334	1	2	0.169678	0.000522	0.025198	0.000737
31	LdDocent_Contig_93340_36	0	1	0.997645	0.981071	0.003326	0.004354
31	LdDocent_Contig_93340_36	1	2	0.002355	0.018929	0.003326	0.004354
32	LdDocent_Contig_52519_420	0	1	0.964332	0.999528	0.011997	0.000665
32	LdDocent_Contig_52519_420	1	2	0.035668	0.000472	0.011997	0.000665
33	LdDocent_Contig_57717_106	0	2	0.979882	0.824879	0.009181	0.011636
33	LdDocent_Contig_57717_106	1	1	0.020118	0.175121	0.009181	0.011636
34	LdDocent_Contig_62356_87	0	1	0.997090	0.989515	0.003872	0.003121
34	LdDocent_Contig_62356_87	1	2	0.002910	0.010485	0.003872	0.003121
35	LdDocent_Contig_15025_409	0	1	0.993737	0.863487	0.005057	0.009926
35	LdDocent_Contig_15025_409	1	2	0.006263	0.136513	0.005057	0.009926
36	LdDocent_Contig_56926_348	0	1	0.998053	0.987452	0.002746	0.003392
36	LdDocent_Contig_56926_348	1	2	0.001947	0.012548	0.002746	0.003392
37	LdDocent_Contig_5914_361	0	1	0.997615	0.946975	0.003354	0.006932
37	LdDocent_Contig_5914_361	1	2	0.002385	0.053025	0.003354	0.006932
38	LdDocent_Contig_517_62	0	1	0.270587	0.997840	0.028157	0.001391
38	LdDocent_Contig_517_62	1	2	0.729413	0.002160	0.028157	0.001391
39	LdDocent_Contig_74460_38	0	1	0.997786	0.964600	0.003124	0.005681
39	LdDocent_Contig_74460_38	1	2	0.002214	0.035400	0.003124	0.005681
40	LdDocent_Contig_755_490	0	1	0.997810	0.974986	0.003088	0.004884
40	LdDocent_Contig_755_490	1	2	0.002190	0.025014	0.003088	0.004884
41	LdDocent_Contig_88673_390	0	1	0.997867	0.991430	0.003004	0.002925
41	LdDocent_Contig_88673_390	1	2	0.002133	0.008570	0.003004	0.002925
42	LdDocent_Contig_91778_381	0	1	0.772768	0.996660	0.026363	0.001865
42	LdDocent_Contig_91778_381	1	2	0.227232	0.003340	0.026363	0.001865
43	LdDocent_Contig_2064_430	0	1	0.318122	0.997670	0.029049	0.001496
43	LdDocent_Contig_2064_430	1	2	0.681878	0.002330	0.029049	0.001496
44	LdDocent_Contig_1655_128	0	1	0.993185	0.796749	0.005527	0.012832
44	LdDocent_Contig_1655_128	1	2	0.006815	0.203251	0.005527	0.012832
45	LdDocent_Contig_18843_117	0	1	0.993815	0.993240	0.005027	0.002461
45	LdDocent_Contig_18843_117	1	2	0.006185	0.006760	0.005027	0.002461
46	LdDocent_Contig_69820_346	0	1	0.997726	0.977199	0.003193	0.004860
46	LdDocent_Contig_69820_346	1	2	0.002274	0.022801	0.003193	0.004860
47	LdDocent_Contig_58774_132	0	1	0.997805	0.973264	0.003092	0.005031
47	LdDocent_Contig_58774_132	1	2	0.002195	0.026736	0.003092	0.005031
48	LdDocent_Contig_1776_72	0	1	0.078190	0.997115	0.016888	0.001575
48	LdDocent_Contig_1776_72	1	2	0.921810	0.002885	0.016888	0.001575
49	LdDocent_Contig_3106_83	0	1	0.997460	0.988666	0.003574	0.003321
49	LdDocent_Contig_3106_83	1	2	0.002540	0.011334	0.003574	0.003321
50	LdDocent_Contig_65052_13	0	1	0.993995	0.979324	0.004886	0.004313
50	LdDocent_Contig_65052_13	1	2	0.006005	0.020676	0.004886	0.004313
51	LdDocent_Contig_55029_69	0	1	0.994015	0.993141	0.004862	0.002493
51	LdDocent_Contig_55029_69	1	2	0.005985	0.006859	0.004862	0.002493
52	LdDocent_Contig_870_53	0	1	0.997733	0.887750	0.003193	0.009712
52	LdDocent_Contig_870_53	1	2	0.002267	0.112250	0.003193	0.009712
53	LdDocent_Contig_15672_434	0	1	0.997603	0.990325	0.003376	0.003122
53	LdDocent_Contig_15672_434	1	2	0.002397	0.009675	0.003376	0.003122
54	LdDocent_Contig_1900_402	0	1	0.997751	0.938652	0.003170	0.007140
54	LdDocent_Contig_1900_402	1	2	0.002249	0.061348	0.003170	0.007140
55	LdDocent_Contig_72680_348	0	1	0.803887	0.556077	0.028170	0.015659
55	LdDocent_Contig_72680_348	1	2	0.196113	0.443923	0.028170	0.015659
56	LdDocent_Contig_14368_50	0	2	0.997202	0.942842	0.003921	0.006968
56	LdDocent_Contig_14368_50	1	1	0.002798	0.057158	0.003921	0.006968
57	LdDocent_Contig_58887_18	0	1	0.997846	0.957549	0.003033	0.006445
57	LdDocent_Contig_58887_18	1	2	0.002154	0.042451	0.003033	0.006445
58	LdDocent_Contig_8809_141	0	1	0.985436	0.985594	0.011749	0.003516
58	LdDocent_Contig_8809_141	1	2	0.014564	0.014406	0.011749	0.003516
59	LdDocent_Contig_93348_98	0	1	0.864510	0.997420	0.021753	0.001629
59	LdDocent_Contig_93348_98	1	2	0.135490	0.002580	0.021753	0.001629
60	LdDocent_Contig_10416_504	0	1	0.997716	0.987462	0.003227	0.003523
60	LdDocent_Contig_10416_504	1	2	0.002284	0.012538	0.003227	0.003523
61	LdDocent_Contig_752_383	0	1	0.005333	0.997160	0.005166	0.001808
61	LdDocent_Contig_752_383	1	2	0.994667	0.002840	0.005166	0.001808
62	LdDocent_Contig_34273_350	0	1	0.943100	0.973529	0.015062	0.004987
62	LdDocent_Contig_34273_350	1	2	0.056900	0.026471	0.015062	0.004987
63	LdDocent_Contig_12538_19	0	1	0.996933	0.989783	0.004072	0.003189
63	LdDocent_Contig_12538_19	1	2	0.003067	0.010217	0.004072	0.003189
64	LdDocent_Contig_1539_383	0	1	0.901281	0.998729	0.018536	0.001036
64	LdDocent_Contig_1539_383	1	2	0.098719	0.001271	0.018536	0.001036
65	LdDocent_Contig_66889_29	0	1	0.997814	0.987812	0.003076	0.003427
65	LdDocent_Contig_66889_29	1	2	0.002186	0.012188	0.003076	0.003427
66	LdDocent_Contig_6752_358	0	1	0.997624	0.987157	0.003344	0.003469
66	LdDocent_Contig_6752_358	1	2	0.002376	0.012843	0.003344	0.003469
67	LdDocent_Contig_31285_385	0	1	0.997929	0.988554	0.002917	0.003218
67	LdDocent_Contig_31285_385	1	2	0.002071	0.011446	0.002917	0.003218
68	LdDocent_Contig_36665_42	0	1	0.966018	0.999510	0.011492	0.000693
68	LdDocent_Contig_36665_42	1	2	0.033982	0.000490	0.011492	0.000693
69	LdDocent_Contig_29824_41	0	1	0.997755	0.955719	0.003158	0.006153
69	LdDocent_Contig_29824_41	1	2	0.002245	0.044281	0.003158	0.006153
70	LdDocent_Contig_876_117	0	1	0.996966	0.987811	0.004268	0.003425
70	LdDocent_Contig_876_117	1	2	0.003034	0.012189	0.004268	0.003425
71	LdDocent_Contig_5832_22	0	1	0.997805	0.986980	0.003099	0.003659
71	LdDocent_Contig_5832_22	1	2	0.002195	0.013020	0.003099	0.003659
72	LdDocent_Contig_38846_389	0	1	0.997796	0.962691	0.003088	0.005561
72	LdDocent_Contig_38846_389	1	2	0.002204	0.037309	0.003088	0.005561
73	LdDocent_Contig_34296_483	0	1	0.002711	0.063982	0.003789	0.007834
73	LdDocent_Contig_34296_483	1	2	0.997289	0.936018	0.003789	0.007834
74	LdDocent_Contig_1765_362	0	1	0.963411	0.999521	0.012292	0.000677
74	LdDocent_Contig_1765_362	1	2	0.036589	0.000479	0.012292	0.000677
75	LdDocent_Contig_84942_33	0	1	0.985578	0.993830	0.007642	0.002413
75	LdDocent_Contig_84942_33	1	2	0.014422	0.006170	0.007642	0.002413
76	LdDocent_Contig_18440_477	0	1	0.997614	0.990424	0.003372	0.003095
76	LdDocent_Contig_18440_477	1	2	0.002386	0.009576	0.003372	0.003095
77	LdDocent_Contig_67427_465	0	1	0.997901	0.976155	0.002954	0.004669
77	LdDocent_Contig_67427_465	1	2	0.002099	0.023845	0.002954	0.004669
78	LdDocent_Contig_2756_412	0	1	0.942701	0.999548	0.014597	0.000638
78	LdDocent_Contig_2756_412	1	2	0.057299	0.000452	0.014597	0.000638
79	LdDocent_Contig_56005_143	0	1	0.982060	0.971804	0.022202	0.004837
79	LdDocent_Contig_56005_143	1	2	0.017940	0.028196	0.022202	0.004837
80	LdDocent_Contig_1444_463	0	1	0.997026	0.991783	0.004086	0.002681
80	LdDocent_Contig_1444_463	1	2	0.002974	0.008217	0.004086	0.002681
81	LdDocent_Contig_29423_18	0	1	0.997595	0.993430	0.003312	0.002424
81	LdDocent_Contig_29423_18	1	2	0.002405	0.006570	0.003312	0.002424
82	LdDocent_Contig_72717_427	0	1	0.997698	0.987066	0.003221	0.003385
82	LdDocent_Contig_72717_427	1	2	0.002302	0.012934	0.003221	0.003385
83	LdDocent_Contig_6165_441	0	1	0.106562	0.983491	0.020545	0.004025
83	LdDocent_Contig_6165_441	1	2	0.893438	0.016509	0.020545	0.004025
84	LdDocent_Contig_19963_437	0	1	0.989247	0.993745	0.006743	0.002455
84	LdDocent_Contig_19963_437	1	2	0.010753	0.006255	0.006743	0.002455
85	LdDocent_Contig_8911_456	0	1	0.992732	0.990930	0.005908	0.002927
85	LdDocent_Contig_8911_456	1	2	0.007268	0.009070	0.005908	0.002927
86	LdDocent_Contig_7175_297	0	1	0.816910	0.999575	0.027361	0.000600
86	LdDocent_Contig_7175_297	1	2	0.183090	0.000425	0.027361	0.000600
87	LdDocent_Contig_848_442	0	1	0.011832	0.990691	0.007442	0.003003
87	LdDocent_Contig_848_442	1	2	0.988168	0.009309	0.007442	0.003003
88	LdDocent_Contig_95282_414	0	1	0.919001	0.996869	0.017149	0.001670
88	LdDocent_Contig_95282_414	1	2	0.080999	0.003131	0.017149	0.001670
89	LdDocent_Contig_95990_58	0	1	0.979416	0.980293	0.009581	0.004411
89	LdDocent_Contig_95990_58	1	2	0.020584	0.019707	0.009581	0.004411
90	LdDocent_Contig_712_475	0	1	0.132539	0.541814	0.021690	0.014392
90	LdDocent_Contig_712_475	1	2	0.867461	0.458186	0.021690	0.014392
91	LdDocent_Contig_52636_363	0	1	0.997771	0.988848	0.003139	0.003272
91	LdDocent_Contig_52636_363	1	2	0.002229	0.011152	0.003139	0.003272
92	LdDocent_Contig_67620_119	0	1	0.997720	0.985332	0.003217	0.003822
92	LdDocent_Contig_67620_119	1	2	0.002280	0.014668	0.003217	0.003822
93	LdDocent_Contig_2054_505	0	1	0.997752	0.981785	0.003166	0.004191
93	LdDocent_Contig_2054_505	1	2	0.002248	0.018215	0.003166	0.004191
94	LdDocent_Contig_1544_499	0	1	0.997942	0.985029	0.002897	0.003653
94	LdDocent_Contig_1544_499	1	2	0.002058	0.014971	0.002897	0.003653
95	LdDocent_Contig_12821_467	0	1	0.997752	0.984018	0.003174	0.003791
95	LdDocent_Contig_12821_467	1	2	0.002248	0.015982	0.003174	0.003791
96	LdDocent_Contig_8454_442	0	1	0.997973	0.972607	0.002854	0.004890
96	LdDocent_Contig_8454_442	1	2	0.002027	0.027393	0.002854	0.004890
97	LdDocent_Contig_1289_121	0	1	0.953717	0.852451	0.017632	0.010643
97	LdDocent_Contig_1289_121	1	2	0.046283	0.147549	0.017632	0.010643
98	LdDocent_Contig_13056_449	0	1	0.997964	0.988827	0.002872	0.003140
98	LdDocent_Contig_13056_449	1	2	0.002036	0.011173	0.002872	0.003140
99	LdDocent_Contig_68912_395	0	1	0.925425	0.953780	0.030372	0.006279
99	LdDocent_Contig_68912_395	1	2	0.074575	0.046220	0.030372	0.006279
100	LdDocent_Contig_38164_51	0	1	0.962701	0.999530	0.011898	0.000661
100	LdDocent_Contig_38164_51	1	2	0.037299	0.000470	0.011898	0.000661
101	LdDocent_Contig_91760_362	0	1	0.953992	0.987383	0.013249	0.003383
101	LdDocent_Contig_91760_362	1	2	0.046008	0.012617	0.013249	0.003383
102	LdDocent_Contig_60333_358	0	1	0.997289	0.985718	0.003823	0.003720
102	LdDocent_Contig_60333_358	1	2	0.002711	0.014282	0.003823	0.003720
103	LdDocent_Contig_197_114	0	1	0.998061	0.989043	0.002734	0.003080
103	LdDocent_Contig_197_114	1	2	0.001939	0.010957	0.002734	0.003080
104	LdDocent_Contig_18_354	0	1	0.014498	0.995550	0.007730	0.001974
104	LdDocent_Contig_18_354	1	2	0.985502	0.004450	0.007730	0.001974
105	LdDocent_Contig_2969_133	0	1	0.869278	0.999529	0.021354	0.000664
105	LdDocent_Contig_2969_133	1	2	0.130722	0.000471	0.021354	0.000664
106	LdDocent_Contig_1393_47	0	1	0.922580	0.998453	0.016822	0.001261
106	LdDocent_Contig_1393_47	1	2	0.077420	0.001547	0.016822	0.001261
107	LdDocent_Contig_691_15	0	1	0.997773	0.970259	0.003142	0.005387
107	LdDocent_Contig_691_15	1	2	0.002227	0.029741	0.003142	0.005387
108	LdDocent_Contig_23681_58	0	1	0.997927	0.990691	0.002925	0.003002
108	LdDocent_Contig_23681_58	1	2	0.002073	0.009309	0.002925	0.003002
109	LdDocent_Contig_9568_383	0	1	0.935507	0.998723	0.016960	0.001085
109	LdDocent_Contig_9568_383	1	2	0.064493	0.001277	0.016960	0.001085
110	LdDocent_Contig_245_458	0	1	0.998093	0.986476	0.002685	0.003417
110	LdDocent_Contig_245_458	1	2	0.001907	0.013524	0.002685	0.003417
111	LdDocent_Contig_19045_63	0	1	0.993189	0.991153	0.005535	0.002856
111	LdDocent_Contig_19045_63	1	2	0.006811	0.008847	0.005535	0.002856
112	LdDocent_Contig_8059_35	0	1	0.910733	0.999503	0.019279	0.000702
112	LdDocent_Contig_8059_35	1	2	0.089267	0.000497	0.019279	0.000702
113	LdDocent_Contig_73960_330	0	1	0.997917	0.986766	0.002939	0.003451
113	LdDocent_Contig_73960_330	1	2	0.002083	0.013234	0.002939	0.003451
114	LdDocent_Contig_951_12	0	1	0.997926	0.992043	0.002926	0.002718
114	LdDocent_Contig_951_12	1	2	0.002074	0.007957	0.002926	0.002718
115	LdDocent_Contig_2983_350	0	1	0.907885	0.993083	0.020056	0.002694
115	LdDocent_Contig_2983_350	1	2	0.092115	0.006917	0.020056	0.002694
116	LdDocent_Contig_2317_16	0	1	0.997884	0.989804	0.002984	0.003130
116	LdDocent_Contig_2317_16	1	2	0.002116	0.010196	0.002984	0.003130
117	LdDocent_Contig_35933_333	0	1	0.997645	0.991412	0.003310	0.002932
117	LdDocent_Contig_35933_333	1	2	0.002355	0.008588	0.003310	0.002932
118	LdDocent_Contig_627_11	0	1	0.998017	0.989395	0.002792	0.003111
118	LdDocent_Contig_627_11	1	2	0.001983	0.010605	0.002792	0.003111
119	LdDocent_Contig_11840_426	0	1	0.968287	0.999523	0.011375	0.000674
119	LdDocent_Contig_11840_426	1	2	0.031713	0.000477	0.011375	0.000674
120	LdDocent_Contig_95222_129	0	1	0.154938	0.248151	0.024433	0.013256
120	LdDocent_Contig_95222_129	1	2	0.845062	0.751849	0.024433	0.013256
121	LdDocent_Contig_1447_75	0	2	0.990654	0.582551	0.005880	0.014535
121	LdDocent_Contig_1447_75	1	1	0.009346	0.417449	0.005880	0.014535
122	LdDocent_Contig_16259_442	0	1	0.997544	0.944753	0.003459	0.007071
122	LdDocent_Contig_16259_442	1	2	0.002456	0.055247	0.003459	0.007071
123	LdDocent_Contig_31766_49	0	2	0.005848	0.699045	0.004914	0.013471
123	LdDocent_Contig_31766_49	1	1	0.994152	0.300955	0.004914	0.013471
124	LdDocent_Contig_36449_103	0	1	0.998070	0.991652	0.002728	0.002697
124	LdDocent_Contig_36449_103	1	2	0.001930	0.008348	0.002728	0.002697
125	LdDocent_Contig_18110_444	0	1	0.969394	0.997520	0.011100	0.001562
125	LdDocent_Contig_18110_444	1	2	0.030606	0.002480	0.011100	0.001562
126	LdDocent_Contig_7418_480	0	1	0.993932	0.942161	0.004937	0.007102
126	LdDocent_Contig_7418_480	1	2	0.006068	0.057839	0.004937	0.007102
127	LdDocent_Contig_1263_350	0	1	0.996890	0.990820	0.004097	0.003021
127	LdDocent_Contig_1263_350	1	2	0.003110	0.009180	0.004097	0.003021
128	LdDocent_Contig_2258_368	0	1	0.997750	0.987808	0.003167	0.003424
128	LdDocent_Contig_2258_368	1	2	0.002250	0.012192	0.003167	0.003424
129	LdDocent_Contig_2286_103	0	1	0.997940	0.886881	0.002907	0.009907
129	LdDocent_Contig_2286_103	1	2	0.002060	0.113119	0.002907	0.009907
130	LdDocent_Contig_82688_112	0	1	0.180738	0.112232	0.025105	0.009540
130	LdDocent_Contig_82688_112	1	2	0.819262	0.887768	0.025105	0.009540
131	LdDocent_Contig_25087_406	0	1	0.964267	0.999489	0.012780	0.000723
131	LdDocent_Contig_25087_406	1	2	0.035733	0.000511	0.012780	0.000723
132	LdDocent_Contig_967_360	0	1	0.997867	0.896680	0.002998	0.009188
132	LdDocent_Contig_967_360	1	2	0.002133	0.103320	0.002998	0.009188
133	LdDocent_Contig_6081_81	0	1	0.989498	0.985846	0.008502	0.003568
133	LdDocent_Contig_6081_81	1	2	0.010502	0.014154	0.008502	0.003568
134	LdDocent_Contig_15010_341	0	1	0.926259	0.999485	0.017995	0.000728
134	LdDocent_Contig_15010_341	1	2	0.073741	0.000515	0.017995	0.000728
135	LdDocent_Contig_12007_142	0	1	0.997837	0.989210	0.003051	0.003307
135	LdDocent_Contig_12007_142	1	2	0.002163	0.010790	0.003051	0.003307
136	LdDocent_Contig_96111_324	0	1	0.989222	0.984952	0.006772	0.003789
136	LdDocent_Contig_96111_324	1	2	0.010778	0.015048	0.006772	0.003789
137	LdDocent_Contig_51180_341	0	1	0.997571	0.987338	0.003440	0.003445
137	LdDocent_Contig_51180_341	1	2	0.002429	0.012662	0.003440	0.003445
138	LdDocent_Contig_892_115	0	1	0.968554	0.999543	0.011278	0.000645
138	LdDocent_Contig_892_115	1	2	0.031446	0.000457	0.011278	0.000645
139	LdDocent_Contig_1567_11	0	1	0.997652	0.983843	0.003313	0.003944
139	LdDocent_Contig_1567_11	1	2	0.002348	0.016157	0.003313	0.003944
140	LdDocent_Contig_17450_416	0	1	0.993815	0.994023	0.005032	0.002335
140	LdDocent_Contig_17450_416	1	2	0.006185	0.005977	0.005032	0.002335
141	LdDocent_Contig_3449_452	0	1	0.997879	0.979100	0.002992	0.004356
141	LdDocent_Contig_3449_452	1	2	0.002121	0.020900	0.002992	0.004356
142	LdDocent_Contig_38822_362	0	1	0.997751	0.985032	0.003170	0.003768
142	LdDocent_Contig_38822_362	1	2	0.002249	0.014968	0.003170	0.003768
143	LdDocent_Contig_55045_105	0	1	0.107320	0.759047	0.020189	0.013001
143	LdDocent_Contig_55045_105	1	2	0.892680	0.240953	0.020189	0.013001
144	LdDocent_Contig_123_16	0	1	0.006138	0.995937	0.005666	0.001941
144	LdDocent_Contig_123_16	1	2	0.993862	0.004063	0.005666	0.001941
145	LdDocent_Contig_36644_140	0	1	0.997696	0.986812	0.003241	0.003564
145	LdDocent_Contig_36644_140	1	2	0.002304	0.013188	0.003241	0.003564
146	LdDocent_Contig_1973_420	0	1	0.997665	0.988138	0.003291	0.003474
146	LdDocent_Contig_1973_420	1	2	0.002335	0.011862	0.003291	0.003474
147	LdDocent_Contig_16044_389	0	1	0.997952	0.991330	0.002889	0.002802
147	LdDocent_Contig_16044_389	1	2	0.002048	0.008670	0.002889	0.002802
148	LdDocent_Contig_1722_466	0	2	0.997844	0.489156	0.003038	0.014668
148	LdDocent_Contig_1722_466	1	1	0.002156	0.510844	0.003038	0.014668
149	LdDocent_Contig_94884_44	0	1	0.994013	0.988191	0.004868	0.003193
149	LdDocent_Contig_94884_44	1	2	0.005987	0.011809	0.004868	0.003193
150	LdDocent_Contig_2935_20	0	1	0.997912	0.608941	0.002948	0.014806
150	LdDocent_Contig_2935_20	1	2	0.002088	0.391059	0.002948	0.014806
151	LdDocent_Contig_93037_418	0	1	0.997966	0.987363	0.002868	0.003297
151	LdDocent_Contig_93037_418	1	2	0.002034	0.012637	0.002868	0.003297
152	LdDocent_Contig_93275_493	0	1	0.995326	0.987721	0.005804	0.003573
152	LdDocent_Contig_93275_493	1	2	0.004674	0.012279	0.005804	0.003573
153	LdDocent_Contig_6451_52	0	1	0.963461	0.998503	0.012270	0.001220
153	LdDocent_Contig_6451_52	1	2	0.036539	0.001497	0.012270	0.001220
154	LdDocent_Contig_1545_443	0	1	0.997796	0.969074	0.003077	0.005191
154	LdDocent_Contig_1545_443	1	2	0.002204	0.030926	0.003077	0.005191
155	LdDocent_Contig_2508_21	0	1	0.997831	0.984647	0.003056	0.003865
155	LdDocent_Contig_2508_21	1	2	0.002169	0.015353	0.003056	0.003865
156	LdDocent_Contig_29872_47	0	1	0.988448	0.973211	0.007242	0.004866
156	LdDocent_Contig_29872_47	1	2	0.011552	0.026789	0.007242	0.004866
157	LdDocent_Contig_35977_139	0	1	0.997811	0.933190	0.003079	0.007440
157	LdDocent_Contig_35977_139	1	2	0.002189	0.066810	0.003079	0.007440
158	LdDocent_Contig_34180_70	0	1	0.997913	0.989272	0.002941	0.003145
158	LdDocent_Contig_34180_70	1	2	0.002087	0.010728	0.002941	0.003145
159	LdDocent_Contig_36677_39	0	1	0.997918	0.990221	0.002934	0.003004
159	LdDocent_Contig_36677_39	1	2	0.002082	0.009779	0.002934	0.003004
160	LdDocent_Contig_10230_500	0	1	0.996965	0.980931	0.004133	0.004309
160	LdDocent_Contig_10230_500	1	2	0.003035	0.019069	0.004133	0.004309
161	LdDocent_Contig_13523_370	0	1	0.997728	0.975679	0.003206	0.004766
161	LdDocent_Contig_13523_370	1	2	0.002272	0.024321	0.003206	0.004766
162	LdDocent_Contig_14707_509	0	1	0.964231	0.938803	0.012001	0.007636
162	LdDocent_Contig_14707_509	1	2	0.035769	0.061197	0.012001	0.007636
163	LdDocent_Contig_65_436	0	1	0.998021	0.980889	0.002795	0.004082
163	LdDocent_Contig_65_436	1	2	0.001979	0.019111	0.002795	0.004082
164	LdDocent_Contig_57890_429	0	1	0.997935	0.986283	0.002909	0.003458
164	LdDocent_Contig_57890_429	1	2	0.002065	0.013717	0.002909	0.003458
165	LdDocent_Contig_22707_96	0	2	0.006031	0.322856	0.004893	0.013844
165	LdDocent_Contig_22707_96	1	1	0.993969	0.677144	0.004893	0.013844
166	LdDocent_Contig_1865_27	0	1	0.997695	0.983165	0.003234	0.003997
166	LdDocent_Contig_1865_27	1	2	0.002305	0.016835	0.003234	0.003997
167	LdDocent_Contig_96_455	0	1	0.998075	0.987498	0.002715	0.003261
167	LdDocent_Contig_96_455	1	2	0.001925	0.012502	0.002715	0.003261
168	LdDocent_Contig_37919_472	0	1	0.998094	0.971168	0.002689	0.004978
168	LdDocent_Contig_37919_472	1	2	0.001906	0.028832	0.002689	0.004978
169	LdDocent_Contig_65499_411	0	1	0.997578	0.992615	0.003412	0.002684
169	LdDocent_Contig_65499_411	1	2	0.002422	0.007385	0.003412	0.002684
170	LdDocent_Contig_2737_462	0	1	0.997785	0.963624	0.003118	0.005683
170	LdDocent_Contig_2737_462	1	2	0.002215	0.036376	0.003118	0.005683
171	LdDocent_Contig_84480_393	0	1	0.991427	0.908728	0.006942	0.008671
171	LdDocent_Contig_84480_393	1	2	0.008573	0.091272	0.006942	0.008671
172	LdDocent_Contig_67329_467	0	1	0.997799	0.979920	0.003098	0.004390
172	LdDocent_Contig_67329_467	1	2	0.002201	0.020080	0.003098	0.004390
173	LdDocent_Contig_6471_364	0	1	0.857726	0.982302	0.023226	0.004191
173	LdDocent_Contig_6471_364	1	2	0.142274	0.017698	0.023226	0.004191
174	LdDocent_Contig_1067_382	0	1	0.898516	0.998619	0.019038	0.001133
174	LdDocent_Contig_1067_382	1	2	0.101484	0.001381	0.019038	0.001133
175	LdDocent_Contig_18521_68	0	1	0.997714	0.981954	0.003219	0.004155
175	LdDocent_Contig_18521_68	1	2	0.002286	0.018046	0.003219	0.004155
176	LdDocent_Contig_1061_366	0	1	0.832937	0.999502	0.024529	0.000703
176	LdDocent_Contig_1061_366	1	2	0.167063	0.000498	0.024529	0.000703
177	LdDocent_Contig_34076_10	0	1	0.499044	0.998713	0.030516	0.001053
177	LdDocent_Contig_34076_10	1	2	0.500956	0.001287	0.030516	0.001053
178	LdDocent_Contig_2755_439	0	1	0.997932	0.971551	0.002914	0.005164
178	LdDocent_Contig_2755_439	1	2	0.002068	0.028449	0.002914	0.005164
179	LdDocent_Contig_6240_352	0	1	0.993732	0.942910	0.005085	0.007070
179	LdDocent_Contig_6240_352	1	2	0.006268	0.057090	0.005085	0.007070
180	LdDocent_Contig_34172_122	0	1	0.997956	0.931450	0.002880	0.007462
180	LdDocent_Contig_34172_122	1	2	0.002044	0.068550	0.002880	0.007462
181	LdDocent_Contig_801_381	0	1	0.977383	0.990253	0.014106	0.002999
181	LdDocent_Contig_801_381	1	2	0.022617	0.009747	0.014106	0.002999
182	LdDocent_Contig_5061_132	0	1	0.957732	0.999504	0.013393	0.000700
182	LdDocent_Contig_5061_132	1	2	0.042268	0.000496	0.013393	0.000700
183	LdDocent_Contig_1172_344	0	1	0.997221	0.989059	0.003718	0.003119
183	LdDocent_Contig_1172_344	1	2	0.002779	0.010941	0.003718	0.003119
184	LdDocent_Contig_83009_25	0	1	0.996832	0.981070	0.004465	0.003952
184	LdDocent_Contig_83009_25	1	2	0.003168	0.018930	0.004465	0.003952
185	LdDocent_Contig_93561_362	0	1	0.994137	0.992003	0.005207	0.002725
185	LdDocent_Contig_93561_362	1	2	0.005863	0.007997	0.005207	0.002725
186	LdDocent_Contig_18493_369	0	1	0.804847	0.992560	0.047434	0.002557
186	LdDocent_Contig_18493_369	1	2	0.195153	0.007440	0.047434	0.002557
187	LdDocent_Contig_30286_368	0	1	0.997430	0.970445	0.003618	0.005357
187	LdDocent_Contig_30286_368	1	2	0.002570	0.029555	0.003618	0.005357
188	LdDocent_Contig_13985_367	0	1	0.997932	0.893877	0.002908	0.009340
188	LdDocent_Contig_13985_367	1	2	0.002068	0.106123	0.002908	0.009340
189	LdDocent_Contig_664_128	0	1	0.313506	0.989858	0.030570	0.003135
189	LdDocent_Contig_664_128	1	2	0.686494	0.010142	0.030570	0.003135
190	LdDocent_Contig_94030_367	0	1	0.014611	0.990882	0.007867	0.002973
190	LdDocent_Contig_94030_367	1	2	0.985389	0.009118	0.007867	0.002973
191	LdDocent_Contig_1399_88	0	1	0.966604	0.999549	0.011241	0.000638
191	LdDocent_Contig_1399_88	1	2	0.033396	0.000451	0.011241	0.000638
192	LdDocent_Contig_17847_465	0	2	0.969962	0.842207	0.011548	0.011403
192	LdDocent_Contig_17847_465	1	1	0.030038	0.157793	0.011548	0.011403
193	LdDocent_Contig_61554_18	0	1	0.998008	0.983379	0.002812	0.003829
193	LdDocent_Contig_61554_18	1	2	0.001992	0.016621	0.002812	0.003829
194	LdDocent_Contig_843_366	0	1	0.998082	0.991640	0.002709	0.002698
194	LdDocent_Contig_843_366	1	2	0.001918	0.008360	0.002709	0.002698
195	LdDocent_Contig_2270_79	0	1	0.997324	0.959898	0.003746	0.006259
195	LdDocent_Contig_2270_79	1	2	0.002676	0.040102	0.003746	0.006259
196	LdDocent_Contig_1604_17	0	1	0.966774	0.999499	0.011925	0.000710
196	LdDocent_Contig_1604_17	1	2	0.033226	0.000501	0.011925	0.000710
197	LdDocent_Contig_7317_371	0	1	0.997374	0.971920	0.003702	0.004928
197	LdDocent_Contig_7317_371	1	2	0.002626	0.028080	0.003702	0.004928
198	LdDocent_Contig_74556_12	0	1	0.997879	0.981148	0.002995	0.004224
198	LdDocent_Contig_74556_12	1	2	0.002121	0.018852	0.002995	0.004224
199	LdDocent_Contig_13040_148	0	1	0.943542	0.999543	0.014380	0.000645
199	LdDocent_Contig_13040_148	1	2	0.056458	0.000457	0.014380	0.000645
