UponCompletionOf_1000000_sweeps
LocNumber LocName AlleleNumber AlleleName FreqInPop0 FreqInPop1 SDInPop0 SDinPop1
0	LdDocent_Contig_2270_79	0	1	0.997355	0.959830	0.003701	0.006269
0	LdDocent_Contig_2270_79	1	2	0.002645	0.040170	0.003701	0.006269
1	LdDocent_Contig_279_46	0	1	0.998014	0.947145	0.002804	0.006729
1	LdDocent_Contig_279_46	1	2	0.001986	0.052855	0.002804	0.006729
2	LdDocent_Contig_1983_105	0	1	0.997799	0.987229	0.003098	0.003585
2	LdDocent_Contig_1983_105	1	2	0.002201	0.012771	0.003098	0.003585
3	LdDocent_Contig_148_331	0	1	0.003547	0.978525	0.004399	0.004382
3	LdDocent_Contig_148_331	1	2	0.996453	0.021475	0.004399	0.004382
4	LdDocent_Contig_80646_404	0	1	0.993229	0.988525	0.005495	0.003364
4	LdDocent_Contig_80646_404	1	2	0.006771	0.011475	0.005495	0.003364
5	LdDocent_Contig_64774_370	0	2	0.126893	0.182872	0.021887	0.011819
5	LdDocent_Contig_64774_370	1	1	0.873107	0.817128	0.021887	0.011819
6	LdDocent_Contig_13621_496	0	1	0.996125	0.992179	0.005448	0.002672
6	LdDocent_Contig_13621_496	1	2	0.003875	0.007821	0.005448	0.002672
7	LdDocent_Contig_8645_51	0	1	0.993798	0.991035	0.005038	0.002896
7	LdDocent_Contig_8645_51	1	2	0.006202	0.008965	0.005038	0.002896
8	LdDocent_Contig_57717_106	0	2	0.979816	0.824623	0.009163	0.011648
8	LdDocent_Contig_57717_106	1	1	0.020184	0.175377	0.009163	0.011648
9	LdDocent_Contig_52167_327	0	1	0.965198	0.999532	0.011707	0.000662
9	LdDocent_Contig_52167_327	1	2	0.034802	0.000468	0.011707	0.000662
10	LdDocent_Contig_517_62	0	1	0.272922	0.997815	0.028211	0.001395
10	LdDocent_Contig_517_62	1	2	0.727078	0.002185	0.028211	0.001395
11	LdDocent_Contig_244_402	0	1	0.997971	0.989600	0.002862	0.003048
11	LdDocent_Contig_244_402	1	2	0.002029	0.010400	0.002862	0.003048
12	LdDocent_Contig_32736_374	0	1	0.997068	0.985310	0.003987	0.003863
12	LdDocent_Contig_32736_374	1	2	0.002932	0.014690	0.003987	0.003863
13	LdDocent_Contig_1299_74	0	1	0.934576	0.996747	0.015511	0.001875
13	LdDocent_Contig_1299_74	1	2	0.065424	0.003253	0.015511	0.001875
14	LdDocent_Contig_608_527	0	1	0.010944	0.996652	0.006862	0.001786
14	LdDocent_Contig_608_527	1	2	0.989056	0.003348	0.006862	0.001786
15	LdDocent_Contig_12185_471	0	1	0.992507	0.992993	0.006067	0.002627
15	LdDocent_Contig_12185_471	1	2	0.007493	0.007007	0.006067	0.002627
16	LdDocent_Contig_733_14	0	1	0.923362	0.996758	0.017130	0.001727
16	LdDocent_Contig_733_14	1	2	0.076638	0.003242	0.017130	0.001727
17	LdDocent_Contig_60535_398	0	1	0.997811	0.978610	0.003084	0.004561
17	LdDocent_Contig_60535_398	1	2	0.002189	0.021390	0.003084	0.004561
18	LdDocent_Contig_75509_60	0	1	0.997999	0.982107	0.002820	0.003911
18	LdDocent_Contig_75509_60	1	2	0.002001	0.017893	0.002820	0.003911
19	LdDocent_Contig_84958_16	0	1	0.997649	0.987467	0.003307	0.003518
19	LdDocent_Contig_84958_16	1	2	0.002351	0.012533	0.003307	0.003518
20	LdDocent_Contig_691_15	0	1	0.997779	0.970228	0.003134	0.005397
20	LdDocent_Contig_691_15	1	2	0.002221	0.029772	0.003134	0.005397
21	LdDocent_Contig_3465_420	0	1	0.997914	0.988436	0.002939	0.003392
21	LdDocent_Contig_3465_420	1	2	0.002086	0.011564	0.002939	0.003392
22	LdDocent_Contig_381_140	0	1	0.624903	0.976034	0.030925	0.004556
22	LdDocent_Contig_381_140	1	2	0.375097	0.023966	0.030925	0.004556
23	LdDocent_Contig_85680_59	0	1	0.997880	0.990071	0.002991	0.003047
23	LdDocent_Contig_85680_59	1	2	0.002120	0.009929	0.002991	0.003047
24	LdDocent_Contig_92837_385	0	1	0.747459	0.997783	0.027201	0.001400
24	LdDocent_Contig_92837_385	1	2	0.252541	0.002217	0.027201	0.001400
25	LdDocent_Contig_32321_134	0	1	0.144255	0.994547	0.024144	0.002134
25	LdDocent_Contig_32321_134	1	2	0.855745	0.005453	0.024144	0.002134
26	LdDocent_Contig_74588_389	0	1	0.997673	0.987411	0.003278	0.003540
26	LdDocent_Contig_74588_389	1	2	0.002327	0.012589	0.003278	0.003540
27	LdDocent_Contig_5_345	0	1	0.993074	0.993761	0.008172	0.002372
27	LdDocent_Contig_5_345	1	2	0.006926	0.006239	0.008172	0.002372
28	LdDocent_Contig_133_465	0	1	0.118938	0.999516	0.024001	0.000684
28	LdDocent_Contig_133_465	1	2	0.881062	0.000484	0.024001	0.000684
29	LdDocent_Contig_7781_385	0	1	0.997879	0.993192	0.002989	0.002478
29	LdDocent_Contig_7781_385	1	2	0.002121	0.006808	0.002989	0.002478
30	LdDocent_Contig_53755_135	0	1	0.993500	0.992198	0.005292	0.002660
30	LdDocent_Contig_53755_135	1	2	0.006500	0.007802	0.005292	0.002660
31	LdDocent_Contig_55001_432	0	1	0.997855	0.811045	0.003022	0.012115
31	LdDocent_Contig_55001_432	1	2	0.002145	0.188955	0.003022	0.012115
32	LdDocent_Contig_1769_471	0	1	0.997968	0.986232	0.002852	0.003372
32	LdDocent_Contig_1769_471	1	2	0.002032	0.013768	0.002852	0.003372
33	LdDocent_Contig_96823_339	0	1	0.996765	0.962806	0.004340	0.005980
33	LdDocent_Contig_96823_339	1	2	0.003235	0.037194	0.004340	0.005980
34	LdDocent_Contig_82617_50	0	1	0.997686	0.992104	0.003259	0.002693
34	LdDocent_Contig_82617_50	1	2	0.002314	0.007896	0.003259	0.002693
35	LdDocent_Contig_14731_131	0	1	0.997811	0.954172	0.003090	0.006429
35	LdDocent_Contig_14731_131	1	2	0.002189	0.045828	0.003090	0.006429
36	LdDocent_Contig_72768_63	0	1	0.997760	0.984314	0.003141	0.003728
36	LdDocent_Contig_72768_63	1	2	0.002240	0.015686	0.003141	0.003728
37	LdDocent_Contig_1562_384	0	1	0.997903	0.978233	0.002961	0.004535
37	LdDocent_Contig_1562_384	1	2	0.002097	0.021767	0.002961	0.004535
38	LdDocent_Contig_17761_455	0	1	0.996744	0.990642	0.004579	0.002877
38	LdDocent_Contig_17761_455	1	2	0.003256	0.009358	0.004579	0.002877
39	LdDocent_Contig_2389_50	0	2	0.465577	0.480232	0.070610	0.014976
39	LdDocent_Contig_2389_50	1	1	0.534423	0.519768	0.070610	0.014976
40	LdDocent_Contig_32861_397	0	1	0.967488	0.995971	0.012513	0.001897
40	LdDocent_Contig_32861_397	1	2	0.032512	0.004029	0.012513	0.001897
41	LdDocent_Contig_25825_133	0	1	0.992436	0.987491	0.005893	0.003590
41	LdDocent_Contig_25825_133	1	2	0.007564	0.012509	0.005893	0.003590
42	LdDocent_Contig_795_439	0	1	0.997913	0.986925	0.002945	0.003408
42	LdDocent_Contig_795_439	1	2	0.002087	0.013075	0.002945	0.003408
43	LdDocent_Contig_5672_442	0	1	0.997809	0.992181	0.003099	0.002672
43	LdDocent_Contig_5672_442	1	2	0.002191	0.007819	0.003099	0.002672
44	LdDocent_Contig_29135_480	0	1	0.997941	0.924808	0.002895	0.007818
44	LdDocent_Contig_29135_480	1	2	0.002059	0.075192	0.002895	0.007818
45	LdDocent_Contig_24246_437	0	1	0.989786	0.931116	0.008078	0.007780
45	LdDocent_Contig_24246_437	1	2	0.010214	0.068884	0.008078	0.007780
46	LdDocent_Contig_360_438	0	1	0.970690	0.970451	0.011304	0.005269
46	LdDocent_Contig_360_438	1	2	0.029310	0.029549	0.011304	0.005269
47	LdDocent_Contig_1796_61	0	1	0.969642	0.999544	0.010906	0.000645
47	LdDocent_Contig_1796_61	1	2	0.030358	0.000456	0.010906	0.000645
48	LdDocent_Contig_38475_385	0	1	0.854576	0.995898	0.022291	0.001930
48	LdDocent_Contig_38475_385	1	2	0.145424	0.004102	0.022291	0.001930
49	LdDocent_Contig_55008_490	0	1	0.987213	0.981314	0.008022	0.004306
49	LdDocent_Contig_55008_490	1	2	0.012787	0.018686	0.008022	0.004306
50	LdDocent_Contig_5896_124	0	1	0.997188	0.990614	0.003891	0.003056
50	LdDocent_Contig_5896_124	1	2	0.002812	0.009386	0.003891	0.003056
51	LdDocent_Contig_3461_11	0	1	0.993803	0.972881	0.005032	0.004920
51	LdDocent_Contig_3461_11	1	2	0.006197	0.027119	0.005032	0.004920
52	LdDocent_Contig_29931_351	0	1	0.998052	0.993302	0.002744	0.002433
52	LdDocent_Contig_29931_351	1	2	0.001948	0.006698	0.002744	0.002433
53	LdDocent_Contig_77153_121	0	1	0.997941	0.993075	0.002908	0.002515
53	LdDocent_Contig_77153_121	1	2	0.002059	0.006925	0.002908	0.002515
54	LdDocent_Contig_52538_70	0	1	0.997728	0.883408	0.003197	0.010038
54	LdDocent_Contig_52538_70	1	2	0.002272	0.116592	0.003197	0.010038
55	LdDocent_Contig_596_393	0	1	0.963193	0.999513	0.012370	0.000688
55	LdDocent_Contig_596_393	1	2	0.036807	0.000487	0.012370	0.000688
56	LdDocent_Contig_5869_45	0	1	0.010039	0.994779	0.006301	0.002219
56	LdDocent_Contig_5869_45	1	2	0.989961	0.005221	0.006301	0.002219
57	LdDocent_Contig_752_383	0	1	0.005361	0.998574	0.004587	0.001187
57	LdDocent_Contig_752_383	1	2	0.994639	0.001426	0.004587	0.001187
58	LdDocent_Contig_67620_119	0	1	0.997729	0.985327	0.003199	0.003824
58	LdDocent_Contig_67620_119	1	2	0.002271	0.014673	0.003199	0.003824
59	LdDocent_Contig_3480_353	0	1	0.907277	0.999530	0.019040	0.000664
59	LdDocent_Contig_3480_353	1	2	0.092723	0.000470	0.019040	0.000664
60	LdDocent_Contig_51667_419	0	1	0.997832	0.992627	0.003056	0.002681
60	LdDocent_Contig_51667_419	1	2	0.002168	0.007373	0.003056	0.002681
61	LdDocent_Contig_2423_24	0	1	0.991702	0.988035	0.011603	0.003236
61	LdDocent_Contig_2423_24	1	2	0.008298	0.011965	0.011603	0.003236
62	LdDocent_Contig_29609_376	0	1	0.997817	0.988910	0.003082	0.003253
62	LdDocent_Contig_29609_376	1	2	0.002183	0.011090	0.003082	0.003253
63	LdDocent_Contig_1251_33	0	1	0.469550	0.999576	0.035772	0.000600
63	LdDocent_Contig_1251_33	1	2	0.530450	0.000424	0.035772	0.000600
64	LdDocent_Contig_89454_464	0	1	0.997528	0.874789	0.003490	0.010403
64	LdDocent_Contig_89454_464	1	2	0.002472	0.125211	0.003490	0.010403
65	LdDocent_Contig_7547_16	0	1	0.991973	0.798164	0.006191	0.011968
65	LdDocent_Contig_7547_16	1	2	0.008027	0.201836	0.006191	0.011968
66	LdDocent_Contig_12377_140	0	1	0.997918	0.815967	0.002940	0.011852
66	LdDocent_Contig_12377_140	1	2	0.002082	0.184033	0.002940	0.011852
67	LdDocent_Contig_58302_102	0	1	0.952100	0.998072	0.014468	0.001602
67	LdDocent_Contig_58302_102	1	2	0.047900	0.001928	0.014468	0.001602
68	LdDocent_Contig_2287_379	0	1	0.019830	0.994401	0.009234	0.002383
68	LdDocent_Contig_2287_379	1	2	0.980170	0.005599	0.009234	0.002383
69	LdDocent_Contig_23069_13	0	1	0.997067	0.989009	0.003923	0.003269
69	LdDocent_Contig_23069_13	1	2	0.002933	0.010991	0.003923	0.003269
70	LdDocent_Contig_74_323	0	1	0.997985	0.983604	0.002844	0.003781
70	LdDocent_Contig_74_323	1	2	0.002015	0.016396	0.002844	0.003781
71	LdDocent_Contig_19747_367	0	1	0.997914	0.985251	0.002942	0.003605
71	LdDocent_Contig_19747_367	1	2	0.002086	0.014749	0.002942	0.003605
72	LdDocent_Contig_220_377	0	1	0.993686	0.982231	0.005098	0.004005
72	LdDocent_Contig_220_377	1	2	0.006314	0.017769	0.005098	0.004005
73	LdDocent_Contig_648_369	0	1	0.833124	0.996946	0.023090	0.001637
73	LdDocent_Contig_648_369	1	2	0.166876	0.003054	0.023090	0.001637
74	LdDocent_Contig_52503_494	0	1	0.931805	0.995699	0.017864	0.002022
74	LdDocent_Contig_52503_494	1	2	0.068195	0.004301	0.017864	0.002022
75	LdDocent_Contig_2791_386	0	1	0.993844	0.934147	0.005014	0.007248
75	LdDocent_Contig_2791_386	1	2	0.006156	0.065853	0.005014	0.007248
76	LdDocent_Contig_132_427	0	1	0.023291	0.997573	0.009794	0.001531
76	LdDocent_Contig_132_427	1	2	0.976709	0.002427	0.009794	0.001531
77	LdDocent_Contig_59656_344	0	1	0.584011	0.997463	0.033262	0.001602
77	LdDocent_Contig_59656_344	1	2	0.415989	0.002537	0.033262	0.001602
78	LdDocent_Contig_24469_51	0	1	0.997251	0.992705	0.003880	0.002655
78	LdDocent_Contig_24469_51	1	2	0.002749	0.007295	0.003880	0.002655
79	LdDocent_Contig_3427_65	0	1	0.977158	0.995968	0.009623	0.001898
79	LdDocent_Contig_3427_65	1	2	0.022842	0.004032	0.009623	0.001898
80	LdDocent_Contig_876_117	0	1	0.996992	0.987790	0.004233	0.003430
80	LdDocent_Contig_876_117	1	2	0.003008	0.012210	0.004233	0.003430
81	LdDocent_Contig_2033_416	0	1	0.860711	0.998640	0.021987	0.001110
81	LdDocent_Contig_2033_416	1	2	0.139289	0.001360	0.021987	0.001110
82	LdDocent_Contig_699_378	0	1	0.998034	0.992394	0.002780	0.002597
82	LdDocent_Contig_699_378	1	2	0.001966	0.007606	0.002780	0.002597
83	LdDocent_Contig_50906_460	0	1	0.997971	0.992163	0.002859	0.002674
83	LdDocent_Contig_50906_460	1	2	0.002029	0.007837	0.002859	0.002674
84	LdDocent_Contig_30222_90	0	1	0.997795	0.968748	0.003103	0.005307
84	LdDocent_Contig_30222_90	1	2	0.002205	0.031252	0.003103	0.005307
85	LdDocent_Contig_892_115	0	1	0.968778	0.999543	0.011198	0.000647
85	LdDocent_Contig_892_115	1	2	0.031222	0.000457	0.011198	0.000647
86	LdDocent_Contig_8396_64	0	1	0.997808	0.947971	0.003092	0.007058
86	LdDocent_Contig_8396_64	1	2	0.002192	0.052029	0.003092	0.007058
87	LdDocent_Contig_1973_420	0	1	0.997676	0.988136	0.003269	0.003476
87	LdDocent_Contig_1973_420	1	2	0.002324	0.011864	0.003269	0.003476
88	LdDocent_Contig_15299_317	0	1	0.993995	0.991396	0.004877	0.002782
88	LdDocent_Contig_15299_317	1	2	0.006005	0.008604	0.004877	0.002782
89	LdDocent_Contig_2619_424	0	1	0.884390	0.771017	0.036109	0.012435
89	LdDocent_Contig_2619_424	1	2	0.115610	0.228983	0.036109	0.012435
90	LdDocent_Contig_8071_81	0	1	0.997402	0.993320	0.003660	0.002429
90	LdDocent_Contig_8071_81	1	2	0.002598	0.006680	0.003660	0.002429
91	LdDocent_Contig_12655_420	0	1	0.997663	0.933541	0.003281	0.007650
91	LdDocent_Contig_12655_420	1	2	0.002337	0.066459	0.003281	0.007650
92	LdDocent_Contig_2705_470	0	2	0.993885	0.201656	0.005143	0.012256
92	LdDocent_Contig_2705_470	1	1	0.006115	0.798344	0.005143	0.012256
93	LdDocent_Contig_77839_91	0	2	0.792684	0.359852	0.026541	0.014811
93	LdDocent_Contig_77839_91	1	1	0.207316	0.640148	0.026541	0.014811
94	LdDocent_Contig_26350_349	0	1	0.408538	0.462573	0.031644	0.015551
94	LdDocent_Contig_26350_349	1	2	0.591462	0.537427	0.031644	0.015551
95	LdDocent_Contig_1725_44	0	1	0.910394	0.999483	0.019337	0.000729
95	LdDocent_Contig_1725_44	1	2	0.089606	0.000517	0.019337	0.000729
96	LdDocent_Contig_72998_14	0	1	0.997851	0.991979	0.003035	0.002739
96	LdDocent_Contig_72998_14	1	2	0.002149	0.008021	0.003035	0.002739
97	LdDocent_Contig_56275_39	0	1	0.995985	0.985339	0.004880	0.003790
97	LdDocent_Contig_56275_39	1	2	0.004015	0.014661	0.004880	0.003790
98	LdDocent_Contig_59677_483	0	1	0.997775	0.988533	0.003139	0.003360
98	LdDocent_Contig_59677_483	1	2	0.002225	0.011467	0.003139	0.003360
99	LdDocent_Contig_34211_51	0	1	0.997673	0.971966	0.003276	0.005271
99	LdDocent_Contig_34211_51	1	2	0.002327	0.028034	0.003276	0.005271
100	LdDocent_Contig_232_19	0	1	0.945296	0.998696	0.013949	0.001064
100	LdDocent_Contig_232_19	1	2	0.054704	0.001304	0.013949	0.001064
101	LdDocent_Contig_55556_440	0	1	0.291557	0.954234	0.042274	0.006347
101	LdDocent_Contig_55556_440	1	2	0.708443	0.045766	0.042274	0.006347
102	LdDocent_Contig_30057_56	0	1	0.997840	0.983276	0.003042	0.003962
102	LdDocent_Contig_30057_56	1	2	0.002160	0.016724	0.003042	0.003962
103	LdDocent_Contig_13900_389	0	1	0.997290	0.948805	0.003775	0.006823
103	LdDocent_Contig_13900_389	1	2	0.002710	0.051195	0.003775	0.006823
104	LdDocent_Contig_86410_87	0	1	0.997873	0.985128	0.002994	0.003877
104	LdDocent_Contig_86410_87	1	2	0.002127	0.014872	0.002994	0.003877
105	LdDocent_Contig_92672_101	0	1	0.953065	0.797889	0.014072	0.012740
105	LdDocent_Contig_92672_101	1	2	0.046935	0.202111	0.014072	0.012740
106	LdDocent_Contig_3283_367	0	1	0.988041	0.989427	0.007500	0.003246
106	LdDocent_Contig_3283_367	1	2	0.011959	0.010573	0.007500	0.003246
107	LdDocent_Contig_22442_427	0	1	0.997850	0.971630	0.003029	0.005059
107	LdDocent_Contig_22442_427	1	2	0.002150	0.028370	0.003029	0.005059
108	LdDocent_Contig_16537_509	0	1	0.022068	0.992207	0.010359	0.002831
108	LdDocent_Contig_16537_509	1	2	0.977932	0.007793	0.010359	0.002831
109	LdDocent_Contig_92144_320	0	1	0.997929	0.985519	0.002920	0.003651
109	LdDocent_Contig_92144_320	1	2	0.002071	0.014481	0.002920	0.003651
110	LdDocent_Contig_24441_470	0	1	0.997908	0.979777	0.002951	0.004223
110	LdDocent_Contig_24441_470	1	2	0.002092	0.020223	0.002951	0.004223
111	LdDocent_Contig_59658_364	0	1	0.992867	0.970493	0.005703	0.005134
111	LdDocent_Contig_59658_364	1	2	0.007133	0.029507	0.005703	0.005134
112	LdDocent_Contig_55448_441	0	1	0.998060	0.993361	0.002729	0.002415
112	LdDocent_Contig_55448_441	1	2	0.001940	0.006639	0.002729	0.002415
113	LdDocent_Contig_8505_368	0	1	0.016554	0.990580	0.008838	0.003216
113	LdDocent_Contig_8505_368	1	2	0.983446	0.009420	0.008838	0.003216
114	LdDocent_Contig_199_70	0	1	0.947444	0.998616	0.014433	0.001131
114	LdDocent_Contig_199_70	1	2	0.052556	0.001384	0.014433	0.001131
115	LdDocent_Contig_1067_382	0	1	0.898445	0.998620	0.019056	0.001125
115	LdDocent_Contig_1067_382	1	2	0.101555	0.001380	0.019056	0.001125
116	LdDocent_Contig_749_362	0	1	0.997888	0.977392	0.002984	0.004515
116	LdDocent_Contig_749_362	1	2	0.002112	0.022608	0.002984	0.004515
117	LdDocent_Contig_1869_438	0	1	0.014994	0.998542	0.008102	0.001188
117	LdDocent_Contig_1869_438	1	2	0.985006	0.001458	0.008102	0.001188
118	LdDocent_Contig_77826_82	0	1	0.885780	0.999549	0.019432	0.000636
118	LdDocent_Contig_77826_82	1	2	0.114220	0.000451	0.019432	0.000636
119	LdDocent_Contig_7776_92	0	1	0.997929	0.974966	0.002921	0.004548
119	LdDocent_Contig_7776_92	1	2	0.002071	0.025034	0.002921	0.004548
120	LdDocent_Contig_2607_448	0	1	0.857869	0.860366	0.034886	0.010558
120	LdDocent_Contig_2607_448	1	2	0.142131	0.139634	0.034886	0.010558
121	LdDocent_Contig_60398_404	0	1	0.392095	0.790664	0.030251	0.012511
121	LdDocent_Contig_60398_404	1	2	0.607905	0.209336	0.030251	0.012511
122	LdDocent_Contig_797_407	0	1	0.997546	0.947556	0.003383	0.006688
122	LdDocent_Contig_797_407	1	2	0.002454	0.052444	0.003383	0.006688
123	LdDocent_Contig_59140_385	0	1	0.997820	0.961143	0.003078	0.006139
123	LdDocent_Contig_59140_385	1	2	0.002180	0.038857	0.003078	0.006139
124	LdDocent_Contig_3899_397	0	1	0.997923	0.980361	0.002924	0.004292
124	LdDocent_Contig_3899_397	1	2	0.002077	0.019639	0.002924	0.004292
125	LdDocent_Contig_221_86	0	1	0.997803	0.973585	0.003064	0.004724
125	LdDocent_Contig_221_86	1	2	0.002197	0.026415	0.003064	0.004724
126	LdDocent_Contig_67838_468	0	1	0.992955	0.992246	0.005711	0.002819
126	LdDocent_Contig_67838_468	1	2	0.007045	0.007754	0.005711	0.002819
127	LdDocent_Contig_8057_405	0	1	0.373628	0.998567	0.031442	0.001167
127	LdDocent_Contig_8057_405	1	2	0.626372	0.001433	0.031442	0.001167
128	LdDocent_Contig_86318_504	0	1	0.860196	0.962489	0.021661	0.005701
128	LdDocent_Contig_86318_504	1	2	0.139804	0.037511	0.021661	0.005701
129	LdDocent_Contig_32724_331	0	1	0.997250	0.935687	0.003788	0.007583
129	LdDocent_Contig_32724_331	1	2	0.002750	0.064313	0.003788	0.007583
130	LdDocent_Contig_24232_389	0	1	0.958949	0.901596	0.013695	0.009107
130	LdDocent_Contig_24232_389	1	2	0.041051	0.098404	0.013695	0.009107
131	LdDocent_Contig_23_398	0	1	0.997768	0.908021	0.003139	0.008834
131	LdDocent_Contig_23_398	1	2	0.002232	0.091979	0.003139	0.008834
132	LdDocent_Contig_808_44	0	1	0.988096	0.649206	0.007466	0.014888
132	LdDocent_Contig_808_44	1	2	0.011904	0.350794	0.007466	0.014888
133	LdDocent_Contig_6081_81	0	1	0.989445	0.985857	0.008563	0.003562
133	LdDocent_Contig_6081_81	1	2	0.010555	0.014143	0.008563	0.003562
134	LdDocent_Contig_13_96	0	1	0.985383	0.985932	0.007744	0.003665
134	LdDocent_Contig_13_96	1	2	0.014617	0.014068	0.007744	0.003665
135	LdDocent_Contig_84309_371	0	1	0.997148	0.982822	0.004011	0.003957
135	LdDocent_Contig_84309_371	1	2	0.002852	0.017178	0.004011	0.003957
136	LdDocent_Contig_14970_362	0	1	0.998039	0.988870	0.002772	0.003129
136	LdDocent_Contig_14970_362	1	2	0.001961	0.011130	0.002772	0.003129
137	LdDocent_Contig_2608_327	0	1	0.997577	0.911511	0.003406	0.008918
137	LdDocent_Contig_2608_327	1	2	0.002423	0.088489	0.003406	0.008918
138	LdDocent_Contig_3563_135	0	1	0.957237	0.929106	0.012837	0.007635
138	LdDocent_Contig_3563_135	1	2	0.042763	0.070894	0.012837	0.007635
139	LdDocent_Contig_5911_120	0	1	0.997497	0.989839	0.003533	0.003117
139	LdDocent_Contig_5911_120	1	2	0.002503	0.010161	0.003533	0.003117
140	LdDocent_Contig_25087_406	0	1	0.964389	0.999491	0.012729	0.000719
140	LdDocent_Contig_25087_406	1	2	0.035611	0.000509	0.012729	0.000719
141	LdDocent_Contig_6152_64	0	1	0.997908	0.789914	0.002949	0.012246
141	LdDocent_Contig_6152_64	1	2	0.002092	0.210086	0.002949	0.012246
142	LdDocent_Contig_12602_422	0	1	0.997920	0.992438	0.002933	0.002585
142	LdDocent_Contig_12602_422	1	2	0.002080	0.007562	0.002933	0.002585
143	LdDocent_Contig_2261_396	0	1	0.868024	0.998508	0.023030	0.001217
143	LdDocent_Contig_2261_396	1	2	0.131976	0.001492	0.023030	0.001217
144	LdDocent_Contig_380_31	0	1	0.997775	0.987593	0.003134	0.003484
144	LdDocent_Contig_380_31	1	2	0.002225	0.012407	0.003134	0.003484
145	LdDocent_Contig_84367_434	0	1	0.992960	0.993219	0.005714	0.002649
145	LdDocent_Contig_84367_434	1	2	0.007040	0.006781	0.005714	0.002649
146	LdDocent_Contig_2786_363	0	1	0.945595	0.927445	0.019724	0.007689
146	LdDocent_Contig_2786_363	1	2	0.054405	0.072555	0.019724	0.007689
147	LdDocent_Contig_3166_66	0	1	0.997205	0.968968	0.003842	0.005470
147	LdDocent_Contig_3166_66	1	2	0.002795	0.031032	0.003842	0.005470
148	LdDocent_Contig_5102_9	0	1	0.997965	0.991348	0.002870	0.002795
148	LdDocent_Contig_5102_9	1	2	0.002035	0.008652	0.002870	0.002795
149	LdDocent_Contig_34626_57	0	1	0.987903	0.992970	0.007386	0.002661
149	LdDocent_Contig_34626_57	1	2	0.012097	0.007030	0.007386	0.002661
150	LdDocent_Contig_66771_16	0	1	0.997817	0.980001	0.003079	0.004370
150	LdDocent_Contig_66771_16	1	2	0.002183	0.019999	0.003079	0.004370
151	LdDocent_Contig_3685_365	0	1	0.998073	0.992678	0.002720	0.002500
151	LdDocent_Contig_3685_365	1	2	0.001927	0.007322	0.002720	0.002500
152	LdDocent_Contig_1393_47	0	1	0.921917	0.998456	0.016974	0.001258
152	LdDocent_Contig_1393_47	1	2	0.078083	0.001544	0.016974	0.001258
153	LdDocent_Contig_62739_33	0	1	0.916536	0.996455	0.018602	0.001890
153	LdDocent_Contig_62739_33	1	2	0.083464	0.003545	0.018602	0.001890
154	LdDocent_Contig_64541_394	0	1	0.943832	0.999500	0.016052	0.000709
154	LdDocent_Contig_64541_394	1	2	0.056168	0.000500	0.016052	0.000709
155	LdDocent_Contig_1795_134	0	1	0.084020	0.998541	0.020910	0.001190
155	LdDocent_Contig_1795_134	1	2	0.915980	0.001459	0.020910	0.001190
156	LdDocent_Contig_58621_49	0	1	0.931131	0.999525	0.016345	0.000671
156	LdDocent_Contig_58621_49	1	2	0.068869	0.000475	0.016345	0.000671
157	LdDocent_Contig_3868_38	0	1	0.997820	0.988572	0.003076	0.003349
157	LdDocent_Contig_3868_38	1	2	0.002180	0.011428	0.003076	0.003349
158	LdDocent_Contig_1872_41	0	1	0.992770	0.931949	0.005833	0.007729
158	LdDocent_Contig_1872_41	1	2	0.007230	0.068051	0.005833	0.007729
159	LdDocent_Contig_2761_113	0	1	0.997952	0.991424	0.002884	0.002768
159	LdDocent_Contig_2761_113	1	2	0.002048	0.008576	0.002884	0.002768
160	LdDocent_Contig_63199_84	0	1	0.925458	0.985024	0.017504	0.003769
160	LdDocent_Contig_63199_84	1	2	0.074542	0.014976	0.017504	0.003769
161	LdDocent_Contig_7330_136	0	1	0.178853	0.997643	0.032406	0.001489
161	LdDocent_Contig_7330_136	1	2	0.821147	0.002357	0.032406	0.001489
162	LdDocent_Contig_1312_462	0	1	0.997726	0.982331	0.003189	0.004077
162	LdDocent_Contig_1312_462	1	2	0.002274	0.017669	0.003189	0.004077
163	LdDocent_Contig_22941_380	0	1	0.997685	0.993237	0.003261	0.002641
163	LdDocent_Contig_22941_380	1	2	0.002315	0.006763	0.003261	0.002641
164	LdDocent_Contig_92730_110	0	1	0.993913	0.974119	0.004940	0.004704
164	LdDocent_Contig_92730_110	1	2	0.006087	0.025881	0.004940	0.004704
165	LdDocent_Contig_92358_102	0	1	0.993806	0.989348	0.005036	0.003125
165	LdDocent_Contig_92358_102	1	2	0.006194	0.010652	0.005036	0.003125
166	LdDocent_Contig_73992_382	0	1	0.986633	0.993446	0.007081	0.002383
166	LdDocent_Contig_73992_382	1	2	0.013367	0.006554	0.007081	0.002383
167	LdDocent_Contig_95282_414	0	1	0.918967	0.996866	0.017138	0.001671
167	LdDocent_Contig_95282_414	1	2	0.081033	0.003134	0.017138	0.001671
168	LdDocent_Contig_18259_310	0	1	0.678411	0.999477	0.031753	0.000740
168	LdDocent_Contig_18259_310	1	2	0.321589	0.000523	0.031753	0.000740
169	LdDocent_Contig_14643_33	0	1	0.981762	0.995692	0.008495	0.002026
169	LdDocent_Contig_14643_33	1	2	0.018238	0.004308	0.008495	0.002026
170	LdDocent_Contig_75463_414	0	1	0.997894	0.993263	0.002966	0.002450
170	LdDocent_Contig_75463_414	1	2	0.002106	0.006737	0.002966	0.002450
171	LdDocent_Contig_93037_418	0	1	0.997991	0.987358	0.002829	0.003299
171	LdDocent_Contig_93037_418	1	2	0.002009	0.012642	0.002829	0.003299
172	LdDocent_Contig_95220_99	0	1	0.989388	0.798436	0.006656	0.012257
172	LdDocent_Contig_95220_99	1	2	0.010612	0.201564	0.006656	0.012257
173	LdDocent_Contig_1213_457	0	2	0.024007	0.193921	0.010091	0.011816
173	LdDocent_Contig_1213_457	1	1	0.975993	0.806079	0.010091	0.011816
174	LdDocent_Contig_20299_482	0	1	0.941155	0.982867	0.026885	0.003923
174	LdDocent_Contig_20299_482	1	2	0.058845	0.017133	0.026885	0.003923
175	LdDocent_Contig_2035_96	0	1	0.997083	0.991054	0.004087	0.002941
175	LdDocent_Contig_2035_96	1	2	0.002917	0.008946	0.004087	0.002941
176	LdDocent_Contig_34273_350	0	1	0.944552	0.973186	0.015189	0.005072
176	LdDocent_Contig_34273_350	1	2	0.055448	0.026814	0.015189	0.005072
177	LdDocent_Contig_650_40	0	1	0.996348	0.987650	0.005066	0.003317
177	LdDocent_Contig_650_40	1	2	0.003652	0.012350	0.005066	0.003317
178	LdDocent_Contig_64588_406	0	1	0.997689	0.989519	0.003223	0.003087
178	LdDocent_Contig_64588_406	1	2	0.002311	0.010481	0.003223	0.003087
179	LdDocent_Contig_1629_400	0	1	0.948013	0.999564	0.013748	0.000616
179	LdDocent_Contig_1629_400	1	2	0.051987	0.000436	0.013748	0.000616
180	LdDocent_Contig_93488_498	0	1	0.990761	0.991724	0.007503	0.002825
180	LdDocent_Contig_93488_498	1	2	0.009239	0.008276	0.007503	0.002825
181	LdDocent_Contig_85159_67	0	1	0.997091	0.992173	0.004096	0.002671
181	LdDocent_Contig_85159_67	1	2	0.002909	0.007827	0.004096	0.002671
182	LdDocent_Contig_5818_139	0	1	0.928044	0.998595	0.016546	0.001147
182	LdDocent_Contig_5818_139	1	2	0.071956	0.001405	0.016546	0.001147
183	LdDocent_Contig_15638_334	0	1	0.937412	0.992538	0.039510	0.002544
183	LdDocent_Contig_15638_334	1	2	0.062588	0.007462	0.039510	0.002544
184	LdDocent_Contig_18290_404	0	1	0.908742	0.999561	0.017936	0.000621
184	LdDocent_Contig_18290_404	1	2	0.091258	0.000439	0.017936	0.000621
185	LdDocent_Contig_2364_439	0	1	0.998106	0.621273	0.002671	0.014145
185	LdDocent_Contig_2364_439	1	2	0.001894	0.378727	0.002671	0.014145
186	LdDocent_Contig_2726_40	0	1	0.998029	0.969460	0.002778	0.005192
186	LdDocent_Contig_2726_40	1	2	0.001971	0.030540	0.002778	0.005192
187	LdDocent_Contig_72344_144	0	1	0.996902	0.978511	0.004172	0.004524
187	LdDocent_Contig_72344_144	1	2	0.003098	0.021489	0.004172	0.004524
188	LdDocent_Contig_65052_13	0	1	0.993998	0.979314	0.004878	0.004314
188	LdDocent_Contig_65052_13	1	2	0.006002	0.020686	0.004878	0.004314
189	LdDocent_Contig_2523_454	0	1	0.998018	0.993388	0.002790	0.002401
189	LdDocent_Contig_2523_454	1	2	0.001982	0.006612	0.002790	0.002401
190	LdDocent_Contig_87910_402	0	1	0.997931	0.981260	0.002920	0.004097
190	LdDocent_Contig_87910_402	1	2	0.002069	0.018740	0.002920	0.004097
191	LdDocent_Contig_7177_362	0	1	0.947386	0.978526	0.014761	0.004680
191	LdDocent_Contig_7177_362	1	2	0.052614	0.021474	0.014761	0.004680
192	LdDocent_Contig_1427_377	0	1	0.997913	0.960295	0.002929	0.005972
192	LdDocent_Contig_1427_377	1	2	0.002087	0.039705	0.002929	0.005972
193	LdDocent_Contig_1050_136	0	1	0.998093	0.991056	0.002690	0.002747
193	LdDocent_Contig_1050_136	1	2	0.001907	0.008944	0.002690	0.002747
194	LdDocent_Contig_384_321	0	1	0.973378	0.998512	0.010383	0.001210
194	LdDocent_Contig_384_321	1	2	0.026622	0.001488	0.010383	0.001210
195	LdDocent_Contig_67361_402	0	1	0.997543	0.987728	0.003457	0.003448
195	LdDocent_Contig_67361_402	1	2	0.002457	0.012272	0.003457	0.003448
196	LdDocent_Contig_91159_460	0	1	0.997728	0.990184	0.003199	0.003166
196	LdDocent_Contig_91159_460	1	2	0.002272	0.009816	0.003199	0.003166
197	LdDocent_Contig_71998_388	0	1	0.997545	0.989928	0.003460	0.003088
197	LdDocent_Contig_71998_388	1	2	0.002455	0.010072	0.003460	0.003088
198	LdDocent_Contig_72722_48	0	1	0.858050	0.998600	0.024222	0.001142
198	LdDocent_Contig_72722_48	1	2	0.141950	0.001400	0.024222	0.001142
199	LdDocent_Contig_60897_12	0	1	0.997677	0.991910	0.003278	0.002761
199	LdDocent_Contig_60897_12	1	2	0.002323	0.008090	0.003278	0.002761
