999901_sweeps	1.000/0.000/0.000/0.000	0.000/0.000/0.000/1.000	0.000/0.500/0.500/0.000	0.250/0.250/0.250/0.250	0.500/0.250/0.250/0.000	0.000/0.250/0.250/0.500
1	0.00000	0.99985	0.00000	0.00000	0.00000	0.00015
2	0.00000	0.99998	0.00000	0.00000	0.00000	0.00002
3	0.00000	1.00000	0.00000	0.00000	0.00000	0.00000
4	0.00000	0.94203	0.00001	0.00272	0.00000	0.05525
5	0.00000	1.00000	0.00000	0.00000	0.00000	0.00000
6	0.00000	0.99997	0.00000	0.00000	0.00000	0.00003
7	0.00000	0.69125	0.00000	0.00001	0.00000	0.30874
8	0.00000	1.00000	0.00000	0.00000	0.00000	0.00000
9	0.00000	0.99996	0.00000	0.00000	0.00000	0.00004
10	0.00000	0.00000	0.00000	0.00036	0.99964	0.00000
11	0.99999	0.00000	0.00000	0.00000	0.00001	0.00000
12	0.00000	0.99676	0.00000	0.00001	0.00000	0.00323
13	0.00000	0.99997	0.00000	0.00000	0.00000	0.00003
14	0.00000	1.00000	0.00000	0.00000	0.00000	0.00000
15	0.00000	0.99999	0.00000	0.00000	0.00000	0.00001
16	0.00000	0.99904	0.00000	0.00000	0.00000	0.00096
17	0.99999	0.00000	0.00000	0.00000	0.00001	0.00000
18	0.98595	0.00000	0.00000	0.00020	0.01385	0.00000
19	0.00000	0.97357	0.00000	0.00060	0.00000	0.02583
20	1.00000	0.00000	0.00000	0.00000	0.00000	0.00000
21	0.00000	0.66321	0.00181	0.08110	0.00045	0.25343
22	0.00000	0.99169	0.00000	0.00004	0.00000	0.00827
23	0.99812	0.00000	0.00000	0.00000	0.00187	0.00000
24	1.00000	0.00000	0.00000	0.00000	0.00000	0.00000
25	1.00000	0.00000	0.00000	0.00000	0.00000	0.00000
26	0.00000	0.99999	0.00000	0.00000	0.00000	0.00001
27	0.00000	1.00000	0.00000	0.00000	0.00000	0.00000
28	0.00000	0.99999	0.00000	0.00000	0.00000	0.00001
29	0.00000	1.00000	0.00000	0.00000	0.00000	0.00000
30	0.99998	0.00000	0.00000	0.00000	0.00002	0.00000
31	0.99905	0.00000	0.00000	0.00000	0.00095	0.00000
32	0.00000	0.98331	0.00000	0.00033	0.00000	0.01636
33	0.99584	0.00000	0.00000	0.00001	0.00416	0.00000
34	0.00000	0.93327	0.00000	0.00420	0.00000	0.06254
35	0.00000	0.27990	0.00000	0.04763	0.00000	0.67246
36	0.00000	1.00000	0.00000	0.00000	0.00000	0.00000
37	0.99998	0.00000	0.00000	0.00000	0.00002	0.00000
38	1.00000	0.00000	0.00000	0.00000	0.00000	0.00000
39	0.00000	1.00000	0.00000	0.00000	0.00000	0.00000
40	0.00000	0.99999	0.00000	0.00000	0.00000	0.00001
41	0.00000	1.00000	0.00000	0.00000	0.00000	0.00000
42	0.00000	0.99999	0.00000	0.00000	0.00000	0.00001
43	0.99987	0.00000	0.00000	0.00000	0.00013	0.00000
44	0.00000	0.99546	0.00000	0.00000	0.00000	0.00454
45	1.00000	0.00000	0.00000	0.00000	0.00000	0.00000
46	0.00000	0.85102	0.00000	0.00000	0.00000	0.14897
47	0.00000	1.00000	0.00000	0.00000	0.00000	0.00000
48	1.00000	0.00000	0.00000	0.00000	0.00000	0.00000
49	0.99995	0.00000	0.00000	0.00000	0.00005	0.00000
50	0.00000	0.99910	0.00000	0.00000	0.00000	0.00090
51	0.00000	0.99999	0.00000	0.00000	0.00000	0.00001
52	0.00000	0.99995	0.00000	0.00000	0.00000	0.00005
53	0.91459	0.00000	0.00000	0.00000	0.08541	0.00000
54	0.00000	0.99999	0.00000	0.00000	0.00000	0.00001
55	0.00000	1.00000	0.00000	0.00000	0.00000	0.00000
56	0.89279	0.00000	0.00000	0.01252	0.09470	0.00000
57	0.00000	1.00000	0.00000	0.00000	0.00000	0.00000
58	0.00000	1.00000	0.00000	0.00000	0.00000	0.00000
59	0.00000	0.99951	0.00000	0.00000	0.00000	0.00049
60	0.00000	1.00000	0.00000	0.00000	0.00000	0.00000
61	0.00000	1.00000	0.00000	0.00000	0.00000	0.00000
62	0.00000	0.99999	0.00000	0.00000	0.00000	0.00001
63	0.00000	0.99994	0.00000	0.00000	0.00000	0.00006
64	0.00000	0.99814	0.00000	0.00000	0.00000	0.00186
65	0.00000	0.98416	0.00000	0.00001	0.00000	0.01583
66	0.99995	0.00000	0.00000	0.00000	0.00005	0.00000
67	0.00000	0.99999	0.00000	0.00000	0.00000	0.00001
68	0.00000	0.99999	0.00000	0.00000	0.00000	0.00001
69	0.00000	0.75736	0.00015	0.04405	0.00003	0.19841
70	0.00000	0.99992	0.00000	0.00000	0.00000	0.00008
71	0.00000	1.00000	0.00000	0.00000	0.00000	0.00000
72	0.00000	1.00000	0.00000	0.00000	0.00000	0.00000
73	0.00000	0.99992	0.00000	0.00000	0.00000	0.00008
74	0.00000	0.99990	0.00000	0.00000	0.00000	0.00010
75	0.00000	0.99999	0.00000	0.00000	0.00000	0.00001
76	0.00000	0.99998	0.00000	0.00000	0.00000	0.00002
77	0.99999	0.00000	0.00000	0.00000	0.00001	0.00000
78	0.99998	0.00000	0.00000	0.00000	0.00002	0.00000
79	0.99548	0.00000	0.00000	0.00000	0.00452	0.00000
80	0.00000	0.18975	0.00001	0.08315	0.00000	0.72709
81	0.00000	1.00000	0.00000	0.00000	0.00000	0.00000
82	0.48686	0.00954	0.06785	0.13925	0.26010	0.03640
83	0.99999	0.00000	0.00000	0.00000	0.00001	0.00000
84	0.00000	1.00000	0.00000	0.00000	0.00000	0.00000
85	1.00000	0.00000	0.00000	0.00000	0.00000	0.00000
86	0.99461	0.00000	0.00000	0.00000	0.00539	0.00000
87	0.00000	0.99998	0.00000	0.00000	0.00000	0.00002
88	1.00000	0.00000	0.00000	0.00000	0.00000	0.00000
89	0.00000	0.99996	0.00000	0.00000	0.00000	0.00004
90	0.00000	1.00000	0.00000	0.00000	0.00000	0.00000
91	0.98249	0.00000	0.00000	0.00026	0.01725	0.00000
92	0.00000	0.00000	0.00000	0.00088	0.00000	0.99912
93	0.00000	0.99998	0.00000	0.00000	0.00000	0.00002
94	0.97796	0.00000	0.00000	0.00037	0.02167	0.00000
95	0.00000	0.99993	0.00000	0.00000	0.00000	0.00007
96	0.00000	0.99998	0.00000	0.00000	0.00000	0.00002
97	0.99929	0.00000	0.00000	0.00000	0.00071	0.00000
98	0.00000	0.99999	0.00000	0.00000	0.00000	0.00001
99	0.00029	0.54572	0.01019	0.15131	0.00545	0.28705
100	0.00000	1.00000	0.00000	0.00000	0.00000	0.00000
101	0.00000	1.00000	0.00000	0.00000	0.00000	0.00000
102	0.00000	0.99984	0.00000	0.00000	0.00000	0.00016
103	0.00000	1.00000	0.00000	0.00000	0.00000	0.00000
104	0.00000	0.99998	0.00000	0.00000	0.00000	0.00002
105	0.00000	0.76508	0.00013	0.04646	0.00003	0.18829
106	0.00000	0.99971	0.00000	0.00000	0.00000	0.00029
107	0.00000	0.99991	0.00000	0.00000	0.00000	0.00009
108	0.99912	0.00000	0.00000	0.00000	0.00088	0.00000
109	0.00000	0.99999	0.00000	0.00000	0.00000	0.00001
110	0.00000	0.99992	0.00000	0.00000	0.00000	0.00008
111	0.00000	0.99999	0.00000	0.00000	0.00000	0.00001
112	0.99997	0.00000	0.00000	0.00000	0.00003	0.00000
113	0.99908	0.00000	0.00000	0.00000	0.00092	0.00000
114	0.00000	0.99823	0.00000	0.00000	0.00000	0.00177
115	0.00000	1.00000	0.00000	0.00000	0.00000	0.00000
116	0.42281	0.00000	0.00000	0.00001	0.57718	0.00000
117	0.00000	1.00000	0.00000	0.00000	0.00000	0.00000
118	0.99999	0.00000	0.00000	0.00000	0.00001	0.00000
119	1.00000	0.00000	0.00000	0.00000	0.00000	0.00000
120	0.00000	1.00000	0.00000	0.00000	0.00000	0.00000
121	0.00000	1.00000	0.00000	0.00000	0.00000	0.00000
122	0.00000	0.99998	0.00000	0.00000	0.00000	0.00002
123	0.01707	0.33295	0.16897	0.15358	0.08000	0.24742
124	0.00000	0.99999	0.00000	0.00000	0.00000	0.00001
125	0.00000	0.99992	0.00000	0.00000	0.00000	0.00008
126	0.00000	1.00000	0.00000	0.00000	0.00000	0.00000
127	0.00000	0.99999	0.00000	0.00000	0.00000	0.00001
128	0.00000	0.99984	0.00000	0.00000	0.00000	0.00016
129	0.00000	0.99982	0.00000	0.00000	0.00000	0.00018
130	0.00000	0.96776	0.00000	0.00000	0.00000	0.03224
131	0.99586	0.00000	0.00000	0.00000	0.00414	0.00000
132	0.00000	1.00000	0.00000	0.00000	0.00000	0.00000
133	0.00000	0.99999	0.00000	0.00000	0.00000	0.00001
134	0.00000	0.99990	0.00000	0.00000	0.00000	0.00010
135	0.00000	0.99998	0.00000	0.00000	0.00000	0.00002
136	0.00000	1.00000	0.00000	0.00000	0.00000	0.00000
137	0.00000	0.99997	0.00000	0.00000	0.00000	0.00003
138	0.99847	0.00000	0.00000	0.00000	0.00153	0.00000
139	0.99965	0.00000	0.00000	0.00000	0.00035	0.00000
140	1.00000	0.00000	0.00000	0.00000	0.00000	0.00000
141	0.99547	0.00000	0.00000	0.00002	0.00451	0.00000
142	0.99987	0.00000	0.00000	0.00000	0.00013	0.00000
143	0.00000	0.99997	0.00000	0.00000	0.00000	0.00003
144	0.99788	0.00000	0.00000	0.00000	0.00212	0.00000
145	0.99954	0.00000	0.00000	0.00000	0.00046	0.00000
146	0.99999	0.00000	0.00000	0.00000	0.00001	0.00000
147	0.99999	0.00000	0.00000	0.00000	0.00001	0.00000
148	1.00000	0.00000	0.00000	0.00000	0.00000	0.00000
149	0.99998	0.00000	0.00000	0.00000	0.00002	0.00000
150	0.99995	0.00000	0.00000	0.00000	0.00005	0.00000
151	0.00000	0.99490	0.00000	0.00002	0.00000	0.00508
152	0.00642	0.51943	0.05694	0.12949	0.02858	0.25914
153	0.00000	0.99850	0.00000	0.00000	0.00000	0.00150
154	0.00000	0.99989	0.00000	0.00000	0.00000	0.00011
155	0.00000	0.99988	0.00000	0.00000	0.00000	0.00012
156	0.00000	1.00000	0.00000	0.00000	0.00000	0.00000
157	0.00000	1.00000	0.00000	0.00000	0.00000	0.00000
158	0.00000	0.99998	0.00000	0.00000	0.00000	0.00002
159	0.00000	0.99994	0.00000	0.00000	0.00000	0.00006
160	0.00000	0.99996	0.00000	0.00000	0.00000	0.00004
161	0.00000	1.00000	0.00000	0.00000	0.00000	0.00000
162	0.99995	0.00000	0.00000	0.00000	0.00005	0.00000
163	0.00000	0.99981	0.00000	0.00000	0.00000	0.00019
164	0.00000	0.99864	0.00000	0.00000	0.00000	0.00136
165	0.00000	0.94407	0.00000	0.00298	0.00000	0.05294
166	0.99985	0.00000	0.00000	0.00000	0.00015	0.00000
167	1.00000	0.00000	0.00000	0.00000	0.00000	0.00000
168	0.94406	0.00000	0.00000	0.00001	0.05593	0.00000
169	0.00000	0.99997	0.00000	0.00000	0.00000	0.00003
170	0.00000	0.99908	0.00000	0.00000	0.00000	0.00092
171	0.00000	1.00000	0.00000	0.00000	0.00000	0.00000
172	0.00000	0.99998	0.00000	0.00000	0.00000	0.00002
173	1.00000	0.00000	0.00000	0.00000	0.00000	0.00000
174	0.00000	0.99998	0.00000	0.00000	0.00000	0.00002
175	0.00000	0.99998	0.00000	0.00000	0.00000	0.00002
176	0.00000	0.99993	0.00000	0.00000	0.00000	0.00007
177	0.00000	0.99999	0.00000	0.00000	0.00000	0.00001
178	0.99999	0.00000	0.00000	0.00000	0.00001	0.00000
179	0.99999	0.00000	0.00000	0.00000	0.00001	0.00000
180	0.00000	1.00000	0.00000	0.00000	0.00000	0.00000
181	0.00000	1.00000	0.00000	0.00000	0.00000	0.00000
182	0.95622	0.00000	0.00000	0.00173	0.04205	0.00000
183	0.00000	0.99999	0.00000	0.00000	0.00000	0.00001
184	0.00000	1.00000	0.00000	0.00000	0.00000	0.00000
185	0.00000	0.99999	0.00000	0.00000	0.00000	0.00001
186	0.99995	0.00000	0.00000	0.00000	0.00005	0.00000
187	0.00000	1.00000	0.00000	0.00000	0.00000	0.00000
188	0.00000	0.99999	0.00000	0.00000	0.00000	0.00001
189	0.00000	0.99803	0.00000	0.00000	0.00000	0.00197
190	0.00000	0.37333	0.00000	0.25923	0.00000	0.36745
191	0.99841	0.00000	0.00000	0.00000	0.00159	0.00000
192	0.99996	0.00000	0.00000	0.00000	0.00004	0.00000
193	0.73185	0.00000	0.00000	0.00000	0.26814	0.00000
194	0.00000	1.00000	0.00000	0.00000	0.00000	0.00000
195	0.00000	0.99999	0.00000	0.00000	0.00000	0.00001
196	0.00000	0.99999	0.00000	0.00000	0.00000	0.00001
197	0.00000	0.08236	0.00000	0.69501	0.00000	0.22263
198	0.00000	0.99986	0.00000	0.00000	0.00000	0.00014
199	0.00000	0.99996	0.00000	0.00000	0.00000	0.00004
200	0.00000	0.00000	0.99895	0.00051	0.00000	0.00054
201	0.00000	0.99882	0.00000	0.00000	0.00000	0.00118
202	0.00000	1.00000	0.00000	0.00000	0.00000	0.00000
203	0.00000	0.97298	0.00000	0.00071	0.00000	0.02631
204	0.00000	0.99997	0.00000	0.00000	0.00000	0.00003
205	0.00000	0.99999	0.00000	0.00000	0.00000	0.00001
206	0.00000	0.99996	0.00000	0.00000	0.00000	0.00004
207	0.00000	1.00000	0.00000	0.00000	0.00000	0.00000
208	0.00000	0.99999	0.00000	0.00000	0.00000	0.00001
209	0.00000	0.99986	0.00000	0.00000	0.00000	0.00014
210	0.00000	0.99916	0.00000	0.00000	0.00000	0.00084
211	0.00000	0.99285	0.00000	0.00000	0.00000	0.00715
212	0.00000	0.99999	0.00000	0.00000	0.00000	0.00001
213	0.99223	0.00000	0.00000	0.00000	0.00777	0.00000
214	0.99993	0.00000	0.00000	0.00000	0.00007	0.00000
215	0.00000	1.00000	0.00000	0.00000	0.00000	0.00000
216	0.00000	1.00000	0.00000	0.00000	0.00000	0.00000
217	0.00000	1.00000	0.00000	0.00000	0.00000	0.00000
218	0.00000	0.99998	0.00000	0.00000	0.00000	0.00002
219	0.00000	0.99999	0.00000	0.00000	0.00000	0.00001
220	0.00000	0.96210	0.00000	0.00144	0.00000	0.03646
221	0.00000	0.99999	0.00000	0.00000	0.00000	0.00001
222	0.00000	1.00000	0.00000	0.00000	0.00000	0.00000
223	0.00000	0.98689	0.00000	0.00018	0.00000	0.01293
224	0.00000	1.00000	0.00000	0.00000	0.00000	0.00000
225	0.00000	1.00000	0.00000	0.00000	0.00000	0.00000
226	1.00000	0.00000	0.00000	0.00000	0.00000	0.00000
227	0.00000	0.99989	0.00000	0.00000	0.00000	0.00011
228	0.00000	0.99734	0.00000	0.00000	0.00000	0.00266
229	0.93897	0.00000	0.00000	0.00352	0.05750	0.00000
230	0.00000	0.99999	0.00000	0.00000	0.00000	0.00001
231	0.00000	1.00000	0.00000	0.00000	0.00000	0.00000
232	0.00000	0.99530	0.00000	0.00002	0.00000	0.00468
233	0.99997	0.00000	0.00000	0.00000	0.00003	0.00000
234	0.00000	0.99529	0.00000	0.00002	0.00000	0.00469
235	0.00000	0.99999	0.00000	0.00000	0.00000	0.00001
236	0.00000	0.99881	0.00000	0.00000	0.00000	0.00119
237	0.00000	0.99999	0.00000	0.00000	0.00000	0.00001
238	0.00000	0.99999	0.00000	0.00000	0.00000	0.00001
239	0.99999	0.00000	0.00000	0.00000	0.00001	0.00000
240	1.00000	0.00000	0.00000	0.00000	0.00000	0.00000
241	1.00000	0.00000	0.00000	0.00000	0.00000	0.00000
242	1.00000	0.00000	0.00000	0.00000	0.00000	0.00000
243	0.00000	0.99970	0.00000	0.00000	0.00000	0.00030
244	0.99974	0.00000	0.00000	0.00000	0.00026	0.00000
245	0.99996	0.00000	0.00000	0.00000	0.00004	0.00000
246	0.00000	0.99999	0.00000	0.00000	0.00000	0.00001
247	0.00000	0.99999	0.00000	0.00000	0.00000	0.00001
248	0.00000	0.99985	0.00000	0.00000	0.00000	0.00015
249	0.00000	0.99818	0.00000	0.00000	0.00000	0.00182
250	0.00000	0.99997	0.00000	0.00000	0.00000	0.00003
251	0.00000	0.99970	0.00000	0.00000	0.00000	0.00030
252	0.00000	0.99999	0.00000	0.00000	0.00000	0.00001
253	0.00000	1.00000	0.00000	0.00000	0.00000	0.00000
254	0.00000	1.00000	0.00000	0.00000	0.00000	0.00000
255	0.00000	1.00000	0.00000	0.00000	0.00000	0.00000
256	0.00000	0.99979	0.00000	0.00000	0.00000	0.00021
257	0.00000	1.00000	0.00000	0.00000	0.00000	0.00000
258	0.00000	0.99999	0.00000	0.00000	0.00000	0.00001
259	0.00000	1.00000	0.00000	0.00000	0.00000	0.00000
260	0.00000	0.30813	0.00000	0.03616	0.00000	0.65571
261	0.00000	0.99889	0.00000	0.00000	0.00000	0.00111
262	0.00000	0.99972	0.00000	0.00000	0.00000	0.00028
263	0.00000	0.99996	0.00000	0.00000	0.00000	0.00004
264	0.00000	1.00000	0.00000	0.00000	0.00000	0.00000
265	0.00000	0.00897	0.00000	0.90916	0.00000	0.08187
266	0.00000	1.00000	0.00000	0.00000	0.00000	0.00000
267	0.00000	0.99991	0.00000	0.00000	0.00000	0.00009
268	0.00000	0.99998	0.00000	0.00000	0.00000	0.00002
269	0.00000	0.99815	0.00000	0.00000	0.00000	0.00185
270	0.00000	1.00000	0.00000	0.00000	0.00000	0.00000
271	0.00000	0.99993	0.00000	0.00000	0.00000	0.00007
272	0.00000	0.99996	0.00000	0.00000	0.00000	0.00004
273	0.00000	0.99983	0.00000	0.00000	0.00000	0.00017
274	0.00000	0.99999	0.00000	0.00000	0.00000	0.00001
275	0.00000	0.99951	0.00000	0.00000	0.00000	0.00049
276	0.00000	0.99996	0.00000	0.00000	0.00000	0.00004
277	0.00000	0.99999	0.00000	0.00000	0.00000	0.00001
278	0.00000	1.00000	0.00000	0.00000	0.00000	0.00000
279	0.00000	0.99975	0.00000	0.00000	0.00000	0.00025
280	0.00000	0.99993	0.00000	0.00000	0.00000	0.00007
281	0.00000	0.99804	0.00000	0.00000	0.00000	0.00195
282	0.00000	0.99978	0.00000	0.00000	0.00000	0.00022
283	0.99997	0.00000	0.00000	0.00000	0.00003	0.00000
284	0.00000	0.99935	0.00000	0.00000	0.00000	0.00065
285	0.00000	0.99999	0.00000	0.00000	0.00000	0.00001
286	0.00000	0.99999	0.00000	0.00000	0.00000	0.00001
287	0.00000	1.00000	0.00000	0.00000	0.00000	0.00000
288	0.00000	1.00000	0.00000	0.00000	0.00000	0.00000
289	0.00000	1.00000	0.00000	0.00000	0.00000	0.00000
290	0.00000	0.99999	0.00000	0.00000	0.00000	0.00001
291	0.00000	1.00000	0.00000	0.00000	0.00000	0.00000
292	0.00000	0.99997	0.00000	0.00000	0.00000	0.00003
293	0.00000	1.00000	0.00000	0.00000	0.00000	0.00000
294	0.00000	1.00000	0.00000	0.00000	0.00000	0.00000
295	0.00000	1.00000	0.00000	0.00000	0.00000	0.00000
296	0.99999	0.00000	0.00000	0.00000	0.00001	0.00000
297	0.17291	0.16055	0.16660	0.16664	0.16974	0.16356
298	0.00000	0.99841	0.00000	0.00000	0.00000	0.00159
299	0.00000	0.89698	0.00025	0.00927	0.00002	0.09347
300	1.00000	0.00000	0.00000	0.00000	0.00000	0.00000
301	0.00000	0.99976	0.00000	0.00000	0.00000	0.00024
302	0.00000	0.99984	0.00000	0.00000	0.00000	0.00016
303	0.00000	0.99995	0.00000	0.00000	0.00000	0.00005
304	0.00000	0.99753	0.00000	0.00000	0.00000	0.00247
305	0.00000	0.99999	0.00000	0.00000	0.00000	0.00001
306	0.00000	0.99999	0.00000	0.00000	0.00000	0.00001
307	0.00000	0.99998	0.00000	0.00000	0.00000	0.00002
308	0.00000	1.00000	0.00000	0.00000	0.00000	0.00000
309	0.00000	1.00000	0.00000	0.00000	0.00000	0.00000
310	0.00000	0.99998	0.00000	0.00000	0.00000	0.00002
311	0.00000	0.99637	0.00000	0.00000	0.00000	0.00363
312	0.00000	0.96328	0.00000	0.00131	0.00000	0.03541
313	0.00000	1.00000	0.00000	0.00000	0.00000	0.00000
314	0.00000	0.99999	0.00000	0.00000	0.00000	0.00001
315	0.00000	0.99994	0.00000	0.00000	0.00000	0.00006
316	0.00000	0.15209	0.00000	0.00003	0.00000	0.84788
317	0.00000	1.00000	0.00000	0.00000	0.00000	0.00000
318	0.00000	1.00000	0.00000	0.00000	0.00000	0.00000
319	0.00000	0.99999	0.00000	0.00000	0.00000	0.00001
320	0.00000	0.17470	0.00000	0.04678	0.00000	0.77852
321	0.00000	0.99961	0.00000	0.00000	0.00000	0.00039
322	0.00000	0.99997	0.00000	0.00000	0.00000	0.00003
323	0.00000	0.99995	0.00000	0.00000	0.00000	0.00005
324	0.00000	0.99999	0.00000	0.00000	0.00000	0.00001
325	0.00000	0.99988	0.00000	0.00000	0.00000	0.00012
326	0.00000	0.99442	0.00000	0.00000	0.00000	0.00558
327	0.00000	0.99439	0.00000	0.00003	0.00000	0.00559
328	0.00000	1.00000	0.00000	0.00000	0.00000	0.00000
329	0.00000	1.00000	0.00000	0.00000	0.00000	0.00000
330	0.00000	0.99957	0.00000	0.00000	0.00000	0.00043
331	0.00062	0.74754	0.01429	0.04968	0.00477	0.18311
332	0.00000	0.99999	0.00000	0.00000	0.00000	0.00001
333	0.00000	0.99998	0.00000	0.00000	0.00000	0.00002
334	0.00000	0.99998	0.00000	0.00000	0.00000	0.00002
335	0.00000	1.00000	0.00000	0.00000	0.00000	0.00000
336	0.00000	1.00000	0.00000	0.00000	0.00000	0.00000
337	0.30759	0.04654	0.11900	0.19084	0.24194	0.09410
338	0.00000	1.00000	0.00000	0.00000	0.00000	0.00000
339	0.00000	1.00000	0.00000	0.00000	0.00000	0.00000
340	0.00000	1.00000	0.00000	0.00000	0.00000	0.00000
341	0.00000	0.00000	0.99695	0.00009	0.00000	0.00296
342	0.00000	0.99999	0.00000	0.00000	0.00000	0.00001
343	0.00000	0.99999	0.00000	0.00000	0.00000	0.00001
344	0.00000	0.00000	0.00000	0.00004	0.00000	0.99996
345	0.00000	0.99996	0.00000	0.00000	0.00000	0.00004
346	0.00000	1.00000	0.00000	0.00000	0.00000	0.00000
347	0.00000	0.96705	0.00000	0.00057	0.00000	0.03238
348	0.00000	0.00000	0.00000	0.00003	0.00000	0.99997
349	0.00000	0.99998	0.00000	0.00000	0.00000	0.00002
350	0.00000	0.99998	0.00000	0.00000	0.00000	0.00002
351	0.00000	0.99994	0.00000	0.00000	0.00000	0.00006
352	0.00000	0.99182	0.00000	0.00003	0.00000	0.00815
353	0.00000	1.00000	0.00000	0.00000	0.00000	0.00000
354	0.00000	0.99187	0.00000	0.00007	0.00000	0.00807
355	0.00000	0.86788	0.00010	0.01563	0.00001	0.11637
356	0.99996	0.00000	0.00000	0.00000	0.00004	0.00000
357	0.00000	1.00000	0.00000	0.00000	0.00000	0.00000
358	0.00000	0.99985	0.00000	0.00000	0.00000	0.00015
359	0.00000	0.71577	0.00110	0.06583	0.00034	0.21696
360	0.00000	0.99960	0.00000	0.00000	0.00000	0.00040
361	0.00000	0.99959	0.00000	0.00000	0.00000	0.00041
362	0.99999	0.00000	0.00000	0.00000	0.00001	0.00000
363	1.00000	0.00000	0.00000	0.00000	0.00000	0.00000
364	0.00000	0.99989	0.00000	0.00000	0.00000	0.00011
365	0.00000	0.99998	0.00000	0.00000	0.00000	0.00002
366	0.00000	0.99998	0.00000	0.00000	0.00000	0.00002
367	0.00000	1.00000	0.00000	0.00000	0.00000	0.00000
368	0.00000	0.99997	0.00000	0.00000	0.00000	0.00003
369	0.99995	0.00000	0.00000	0.00000	0.00005	0.00000
370	0.00000	0.99984	0.00000	0.00000	0.00000	0.00016
371	0.00000	0.99997	0.00000	0.00000	0.00000	0.00003
372	0.00000	1.00000	0.00000	0.00000	0.00000	0.00000
373	0.00000	0.99987	0.00000	0.00000	0.00000	0.00013
374	0.00000	0.53199	0.00023	0.16879	0.00013	0.29885
375	0.99997	0.00000	0.00000	0.00000	0.00003	0.00000
376	0.00000	0.99992	0.00000	0.00000	0.00000	0.00008
377	0.23996	0.10415	0.15800	0.16643	0.19982	0.13164
378	1.00000	0.00000	0.00000	0.00000	0.00000	0.00000
379	0.99753	0.00000	0.00000	0.00000	0.00246	0.00000
380	0.00000	0.99999	0.00000	0.00000	0.00000	0.00001
381	0.00000	0.99988	0.00000	0.00000	0.00000	0.00012
382	0.00000	0.99999	0.00000	0.00000	0.00000	0.00001
383	0.99991	0.00000	0.00000	0.00000	0.00009	0.00000
384	0.00000	0.99999	0.00000	0.00000	0.00000	0.00001
385	0.00000	1.00000	0.00000	0.00000	0.00000	0.00000
386	0.00000	1.00000	0.00000	0.00000	0.00000	0.00000
387	0.00000	0.99996	0.00000	0.00000	0.00000	0.00004
388	0.99902	0.00000	0.00000	0.00000	0.00098	0.00000
389	0.00000	0.99999	0.00000	0.00000	0.00000	0.00001
390	0.00000	1.00000	0.00000	0.00000	0.00000	0.00000
391	0.00000	1.00000	0.00000	0.00000	0.00000	0.00000
392	0.00000	0.89365	0.00002	0.01091	0.00000	0.09541
393	0.00000	0.96894	0.00000	0.00010	0.00000	0.03097
394	0.00000	0.76515	0.00000	0.00048	0.00000	0.23436
395	0.00000	0.99999	0.00000	0.00000	0.00000	0.00001
396	0.00000	0.99996	0.00000	0.00000	0.00000	0.00004
397	0.00000	0.99996	0.00000	0.00000	0.00000	0.00004
398	0.00000	1.00000	0.00000	0.00000	0.00000	0.00000
399	0.00031	0.38387	0.00950	0.27420	0.00809	0.32403
400	0.00000	1.00000	0.00000	0.00000	0.00000	0.00000
401	0.00000	1.00000	0.00000	0.00000	0.00000	0.00000
402	0.00000	0.83074	0.00011	0.02505	0.00002	0.14408
403	0.00000	0.99999	0.00000	0.00000	0.00000	0.00001
404	0.00000	0.99996	0.00000	0.00000	0.00000	0.00004
405	0.00000	0.99800	0.00000	0.00000	0.00000	0.00200
406	0.00000	0.99996	0.00000	0.00000	0.00000	0.00004
407	0.00000	0.99981	0.00000	0.00000	0.00000	0.00019
408	0.00000	1.00000	0.00000	0.00000	0.00000	0.00000
409	0.00000	0.99999	0.00000	0.00000	0.00000	0.00001
410	0.00000	0.99998	0.00000	0.00000	0.00000	0.00002
411	0.00000	1.00000	0.00000	0.00000	0.00000	0.00000
412	0.99997	0.00000	0.00000	0.00000	0.00003	0.00000
413	0.00000	1.00000	0.00000	0.00000	0.00000	0.00000
414	0.00000	0.99975	0.00000	0.00000	0.00000	0.00025
415	0.00000	1.00000	0.00000	0.00000	0.00000	0.00000
416	0.00000	0.96817	0.00000	0.00085	0.00000	0.03098
417	0.00000	0.99999	0.00000	0.00000	0.00000	0.00001
418	0.00000	1.00000	0.00000	0.00000	0.00000	0.00000
419	0.00000	0.99989	0.00000	0.00000	0.00000	0.00011
420	0.00000	1.00000	0.00000	0.00000	0.00000	0.00000
421	0.00000	0.99999	0.00000	0.00000	0.00000	0.00001
422	0.00000	0.99999	0.00000	0.00000	0.00000	0.00001
423	0.00000	0.99243	0.00000	0.00007	0.00000	0.00750
424	0.00000	0.97960	0.00000	0.00042	0.00000	0.01999
425	0.00000	0.99996	0.00000	0.00000	0.00000	0.00004
426	0.00000	0.99968	0.00000	0.00000	0.00000	0.00032
427	0.00000	0.99999	0.00000	0.00000	0.00000	0.00001
428	0.00000	0.99999	0.00000	0.00000	0.00000	0.00001
429	0.00000	0.99995	0.00000	0.00000	0.00000	0.00005
430	0.00000	0.99992	0.00000	0.00000	0.00000	0.00008
431	0.00000	0.99995	0.00000	0.00000	0.00000	0.00005
432	0.00000	0.99993	0.00000	0.00000	0.00000	0.00007
433	0.00000	0.99970	0.00000	0.00000	0.00000	0.00030
434	0.00000	1.00000	0.00000	0.00000	0.00000	0.00000
435	0.00000	0.96816	0.00000	0.00104	0.00000	0.03080
436	0.00000	0.99999	0.00000	0.00000	0.00000	0.00001
437	0.99987	0.00000	0.00000	0.00000	0.00013	0.00000
438	0.00000	0.99999	0.00000	0.00000	0.00000	0.00001
439	0.00000	1.00000	0.00000	0.00000	0.00000	0.00000
440	0.00000	0.99947	0.00000	0.00000	0.00000	0.00053
441	0.00000	0.99495	0.00000	0.00000	0.00000	0.00505
442	0.00000	1.00000	0.00000	0.00000	0.00000	0.00000
443	0.00000	0.99992	0.00000	0.00000	0.00000	0.00008
444	0.00000	0.99999	0.00000	0.00000	0.00000	0.00001
445	0.00000	0.99999	0.00000	0.00000	0.00000	0.00001
446	0.00000	1.00000	0.00000	0.00000	0.00000	0.00000
447	0.00000	1.00000	0.00000	0.00000	0.00000	0.00000
448	0.00000	0.99999	0.00000	0.00000	0.00000	0.00001
449	0.00000	1.00000	0.00000	0.00000	0.00000	0.00000
450	0.00000	0.99998	0.00000	0.00000	0.00000	0.00002
451	0.00000	0.99998	0.00000	0.00000	0.00000	0.00002
452	0.00000	1.00000	0.00000	0.00000	0.00000	0.00000
453	0.00000	0.92248	0.00000	0.00562	0.00000	0.07190
454	0.00000	1.00000	0.00000	0.00000	0.00000	0.00000
455	0.00000	0.99995	0.00000	0.00000	0.00000	0.00005
456	0.00000	0.99503	0.00000	0.00001	0.00000	0.00495
457	0.00000	0.99992	0.00000	0.00000	0.00000	0.00008
458	0.00000	0.99612	0.00000	0.00001	0.00000	0.00388
459	0.00000	1.00000	0.00000	0.00000	0.00000	0.00000
460	0.00000	1.00000	0.00000	0.00000	0.00000	0.00000
461	0.99997	0.00000	0.00000	0.00000	0.00003	0.00000
462	0.00000	0.99999	0.00000	0.00000	0.00000	0.00001
463	0.00000	0.99971	0.00000	0.00000	0.00000	0.00029
464	0.00007	0.70765	0.00443	0.06908	0.00163	0.21714
465	0.99979	0.00000	0.00000	0.00000	0.00021	0.00000
466	0.00000	0.99836	0.00000	0.00000	0.00000	0.00164
467	0.00000	1.00000	0.00000	0.00000	0.00000	0.00000
468	0.00000	0.98937	0.00000	0.00011	0.00000	0.01052
469	0.00000	0.99996	0.00000	0.00000	0.00000	0.00004
470	0.00000	0.99999	0.00000	0.00000	0.00000	0.00001
471	0.00000	0.99908	0.00000	0.00000	0.00000	0.00092
472	0.00000	0.99999	0.00000	0.00000	0.00000	0.00001
473	0.00000	0.68173	0.00000	0.00052	0.00000	0.31776
474	0.00000	1.00000	0.00000	0.00000	0.00000	0.00000
475	0.00018	0.40517	0.00700	0.25852	0.00562	0.32351
476	0.00000	1.00000	0.00000	0.00000	0.00000	0.00000
477	0.00000	0.99999	0.00000	0.00000	0.00000	0.00001
478	0.00000	0.99999	0.00000	0.00000	0.00000	0.00001
479	0.00000	1.00000	0.00000	0.00000	0.00000	0.00000
480	0.00000	0.99834	0.00000	0.00000	0.00000	0.00166
481	0.00000	1.00000	0.00000	0.00000	0.00000	0.00000
482	0.00000	0.99999	0.00000	0.00000	0.00000	0.00001
483	0.00000	0.99999	0.00000	0.00000	0.00000	0.00001
484	0.00000	0.99999	0.00000	0.00000	0.00000	0.00001
485	0.00000	0.99999	0.00000	0.00000	0.00000	0.00001
486	0.00000	1.00000	0.00000	0.00000	0.00000	0.00000
487	0.00000	0.99999	0.00000	0.00000	0.00000	0.00001
488	0.00000	1.00000	0.00000	0.00000	0.00000	0.00000
489	0.00000	1.00000	0.00000	0.00000	0.00000	0.00000
490	0.00000	1.00000	0.00000	0.00000	0.00000	0.00000
491	0.00000	0.99997	0.00000	0.00000	0.00000	0.00003
492	0.00000	1.00000	0.00000	0.00000	0.00000	0.00000
493	0.00000	0.99459	0.00000	0.00002	0.00000	0.00539
494	0.00000	1.00000	0.00000	0.00000	0.00000	0.00000
495	0.00000	0.74336	0.00037	0.04496	0.00005	0.21126
496	0.00000	0.99951	0.00000	0.00000	0.00000	0.00049
497	0.00000	0.99999	0.00000	0.00000	0.00000	0.00001
498	0.00000	0.99999	0.00000	0.00000	0.00000	0.00001
499	0.00000	0.99991	0.00000	0.00000	0.00000	0.00009
500	0.00000	0.99998	0.00000	0.00000	0.00000	0.00002
501	0.13331	0.16789	0.14892	0.20202	0.16384	0.18401
502	0.00000	0.99999	0.00000	0.00000	0.00000	0.00001
503	0.00042	0.74599	0.01740	0.04628	0.00437	0.18554
504	0.00000	1.00000	0.00000	0.00000	0.00000	0.00000
505	0.00000	1.00000	0.00000	0.00000	0.00000	0.00000
506	0.00000	0.99991	0.00000	0.00000	0.00000	0.00009
507	0.99987	0.00000	0.00000	0.00000	0.00013	0.00000
508	1.00000	0.00000	0.00000	0.00000	0.00000	0.00000
509	0.00000	0.98777	0.00000	0.00007	0.00000	0.01217
510	0.00000	0.99986	0.00000	0.00000	0.00000	0.00014
511	0.00000	0.99998	0.00000	0.00000	0.00000	0.00002
512	0.00000	1.00000	0.00000	0.00000	0.00000	0.00000
513	0.00000	0.99999	0.00000	0.00000	0.00000	0.00001
514	0.29073	0.00000	0.00000	0.00025	0.70902	0.00000
515	0.00000	0.99995	0.00000	0.00000	0.00000	0.00005
516	1.00000	0.00000	0.00000	0.00000	0.00000	0.00000
517	0.00000	0.98720	0.00000	0.00016	0.00000	0.01264
518	0.00000	0.99979	0.00000	0.00000	0.00000	0.00021
519	1.00000	0.00000	0.00000	0.00000	0.00000	0.00000
520	0.00000	0.99977	0.00000	0.00000	0.00000	0.00023
521	0.00000	1.00000	0.00000	0.00000	0.00000	0.00000
522	0.00000	0.99988	0.00000	0.00000	0.00000	0.00012
523	0.00000	1.00000	0.00000	0.00000	0.00000	0.00000
524	0.00000	1.00000	0.00000	0.00000	0.00000	0.00000
525	0.00000	0.99999	0.00000	0.00000	0.00000	0.00001
526	0.00000	0.99995	0.00000	0.00000	0.00000	0.00005
527	0.00000	0.99911	0.00000	0.00000	0.00000	0.00089
528	0.00000	1.00000	0.00000	0.00000	0.00000	0.00000
529	0.00000	0.98631	0.00000	0.00017	0.00000	0.01352
530	0.00018	0.73689	0.01128	0.05237	0.00303	0.19624
531	0.00000	0.99999	0.00000	0.00000	0.00000	0.00001
532	0.00000	1.00000	0.00000	0.00000	0.00000	0.00000
533	0.00000	0.99997	0.00000	0.00000	0.00000	0.00003
534	1.00000	0.00000	0.00000	0.00000	0.00000	0.00000
535	0.00000	1.00000	0.00000	0.00000	0.00000	0.00000
536	0.00000	1.00000	0.00000	0.00000	0.00000	0.00000
537	0.00000	0.99997	0.00000	0.00000	0.00000	0.00003
538	0.99941	0.00000	0.00000	0.00000	0.00059	0.00000
539	0.00000	0.22501	0.00000	0.47062	0.00000	0.30438
540	0.00000	1.00000	0.00000	0.00000	0.00000	0.00000
541	0.95600	0.00000	0.00000	0.00151	0.04250	0.00000
542	0.99998	0.00000	0.00000	0.00000	0.00002	0.00000
543	0.99956	0.00000	0.00000	0.00000	0.00044	0.00000
544	0.00000	0.99981	0.00000	0.00000	0.00000	0.00019
545	0.00000	1.00000	0.00000	0.00000	0.00000	0.00000
546	0.00000	0.99997	0.00000	0.00000	0.00000	0.00003
547	0.00000	0.99929	0.00000	0.00000	0.00000	0.00071
548	0.00000	0.99996	0.00000	0.00000	0.00000	0.00004
549	0.99774	0.00000	0.00000	0.00000	0.00226	0.00000
550	0.00000	0.99999	0.00000	0.00000	0.00000	0.00001
551	0.00000	0.99999	0.00000	0.00000	0.00000	0.00001
552	1.00000	0.00000	0.00000	0.00000	0.00000	0.00000
553	0.00000	0.99999	0.00000	0.00000	0.00000	0.00001
554	0.00000	0.99998	0.00000	0.00000	0.00000	0.00002
555	0.00000	0.99997	0.00000	0.00000	0.00000	0.00003
556	0.00000	1.00000	0.00000	0.00000	0.00000	0.00000
557	0.00000	0.00000	0.99989	0.00005	0.00006	0.00000
558	0.00000	0.99977	0.00000	0.00000	0.00000	0.00023
559	0.00000	1.00000	0.00000	0.00000	0.00000	0.00000
560	0.83373	0.00000	0.00000	0.00002	0.16625	0.00000
561	1.00000	0.00000	0.00000	0.00000	0.00000	0.00000
562	1.00000	0.00000	0.00000	0.00000	0.00000	0.00000
563	1.00000	0.00000	0.00000	0.00000	0.00000	0.00000
564	0.00000	0.99998	0.00000	0.00000	0.00000	0.00002
565	0.00000	1.00000	0.00000	0.00000	0.00000	0.00000
566	1.00000	0.00000	0.00000	0.00000	0.00000	0.00000
567	0.00000	0.99999	0.00000	0.00000	0.00000	0.00001
568	0.27411	0.08358	0.15117	0.16307	0.21136	0.11671
569	0.99999	0.00000	0.00000	0.00000	0.00001	0.00000
570	0.00000	0.13848	0.00000	0.00001	0.00000	0.86151
571	0.00000	0.99999	0.00000	0.00000	0.00000	0.00001
572	0.00000	1.00000	0.00000	0.00000	0.00000	0.00000
573	0.00000	1.00000	0.00000	0.00000	0.00000	0.00000
574	0.00000	0.98929	0.00000	0.00000	0.00000	0.01071
575	0.00000	0.99624	0.00000	0.00000	0.00000	0.00375
576	0.00000	0.00000	0.00000	0.00064	0.99935	0.00000
577	0.00000	1.00000	0.00000	0.00000	0.00000	0.00000
578	1.00000	0.00000	0.00000	0.00000	0.00000	0.00000
579	0.00000	1.00000	0.00000	0.00000	0.00000	0.00000
580	0.00000	0.95540	0.00000	0.00000	0.00000	0.04460
581	0.00000	0.96951	0.00000	0.00091	0.00000	0.02958
582	0.00000	0.99986	0.00000	0.00000	0.00000	0.00014
583	0.00000	1.00000	0.00000	0.00000	0.00000	0.00000
584	0.00000	0.98409	0.00000	0.00029	0.00000	0.01562
585	0.00000	0.99984	0.00000	0.00000	0.00000	0.00016
586	0.00000	0.81806	0.00000	0.00000	0.00000	0.18194
587	0.00000	0.99999	0.00000	0.00000	0.00000	0.00001
588	0.00000	0.99871	0.00000	0.00000	0.00000	0.00129
589	0.00000	0.99935	0.00000	0.00000	0.00000	0.00065
590	0.00000	0.99999	0.00000	0.00000	0.00000	0.00001
591	0.00000	0.99999	0.00000	0.00000	0.00000	0.00001
592	0.00000	0.99616	0.00000	0.00001	0.00000	0.00382
593	0.00000	0.99758	0.00000	0.00001	0.00000	0.00241
594	0.00000	0.99999	0.00000	0.00000	0.00000	0.00001
595	0.00000	0.99997	0.00000	0.00000	0.00000	0.00003
596	0.00000	0.99997	0.00000	0.00000	0.00000	0.00003
597	0.00001	0.00002	0.00140	0.90078	0.00535	0.09244
598	0.00000	0.99995	0.00000	0.00000	0.00000	0.00005
599	0.00000	0.95881	0.00000	0.00165	0.00000	0.03955
600	0.00000	0.61866	0.00000	0.00635	0.00000	0.37498
601	0.00000	0.99997	0.00000	0.00000	0.00000	0.00003
602	0.00000	0.96869	0.00000	0.00098	0.00000	0.03033
603	0.99934	0.00000	0.00000	0.00000	0.00066	0.00000
604	0.98599	0.00000	0.00000	0.00015	0.01386	0.00000
605	0.00000	0.99991	0.00000	0.00000	0.00000	0.00009
606	0.00000	0.99961	0.00000	0.00000	0.00000	0.00039
607	0.00000	0.99777	0.00000	0.00000	0.00000	0.00223
608	0.00000	0.99999	0.00000	0.00000	0.00000	0.00001
609	0.00000	0.99999	0.00000	0.00000	0.00000	0.00001
610	0.00000	0.99999	0.00000	0.00000	0.00000	0.00001
611	0.99815	0.00000	0.00000	0.00000	0.00185	0.00000
612	0.00000	0.99999	0.00000	0.00000	0.00000	0.00001
613	0.00000	1.00000	0.00000	0.00000	0.00000	0.00000
614	0.00000	1.00000	0.00000	0.00000	0.00000	0.00000
615	0.00000	0.99093	0.00000	0.00009	0.00000	0.00898
616	0.00000	0.99991	0.00000	0.00000	0.00000	0.00009
617	0.00000	1.00000	0.00000	0.00000	0.00000	0.00000
618	0.00000	1.00000	0.00000	0.00000	0.00000	0.00000
619	0.00000	0.99966	0.00000	0.00000	0.00000	0.00034
620	0.00000	0.99997	0.00000	0.00000	0.00000	0.00003
621	0.00000	1.00000	0.00000	0.00000	0.00000	0.00000
622	0.00000	0.99999	0.00000	0.00000	0.00000	0.00001
623	0.00000	0.99877	0.00000	0.00000	0.00000	0.00123
624	0.00000	0.99999	0.00000	0.00000	0.00000	0.00001
625	0.00000	0.99817	0.00000	0.00000	0.00000	0.00183
626	0.00000	0.99996	0.00000	0.00000	0.00000	0.00004
627	0.00000	0.89621	0.00026	0.00844	0.00002	0.09507
628	0.00000	0.99996	0.00000	0.00000	0.00000	0.00004
629	0.00000	0.99999	0.00000	0.00000	0.00000	0.00001
630	0.00000	0.99998	0.00000	0.00000	0.00000	0.00002
631	0.00000	1.00000	0.00000	0.00000	0.00000	0.00000
632	0.00000	1.00000	0.00000	0.00000	0.00000	0.00000
633	1.00000	0.00000	0.00000	0.00000	0.00000	0.00000
634	0.00000	0.99838	0.00000	0.00000	0.00000	0.00162
635	0.00000	1.00000	0.00000	0.00000	0.00000	0.00000
636	0.00000	1.00000	0.00000	0.00000	0.00000	0.00000
637	0.00000	0.45922	0.00000	0.24810	0.00000	0.29268
638	0.00000	0.41422	0.00000	0.18712	0.00000	0.39865
639	0.00000	0.99999	0.00000	0.00000	0.00000	0.00001
640	0.00000	1.00000	0.00000	0.00000	0.00000	0.00000
641	0.00000	1.00000	0.00000	0.00000	0.00000	0.00000
642	0.00000	0.99994	0.00000	0.00000	0.00000	0.00006
643	0.00000	0.99706	0.00000	0.00000	0.00000	0.00293
644	0.00000	1.00000	0.00000	0.00000	0.00000	0.00000
645	0.00000	0.00000	0.00000	0.00054	0.00000	0.99946
646	0.00000	0.99999	0.00000	0.00000	0.00000	0.00001
647	0.00000	0.83337	0.00000	0.00001	0.00000	0.16663
648	0.00000	1.00000	0.00000	0.00000	0.00000	0.00000
649	0.00000	1.00000	0.00000	0.00000	0.00000	0.00000
650	0.00000	0.99963	0.00000	0.00000	0.00000	0.00037
651	1.00000	0.00000	0.00000	0.00000	0.00000	0.00000
652	0.00000	1.00000	0.00000	0.00000	0.00000	0.00000
653	0.00000	0.99998	0.00000	0.00000	0.00000	0.00002
654	0.98662	0.00000	0.00000	0.00002	0.01336	0.00000
655	0.00000	0.99993	0.00000	0.00000	0.00000	0.00007
656	0.00000	0.99967	0.00000	0.00000	0.00000	0.00033
657	0.00000	0.99999	0.00000	0.00000	0.00000	0.00001
658	0.00000	1.00000	0.00000	0.00000	0.00000	0.00000
659	0.00000	1.00000	0.00000	0.00000	0.00000	0.00000
660	0.99491	0.00000	0.00000	0.00003	0.00507	0.00000
661	0.00000	0.99012	0.00000	0.00008	0.00000	0.00979
662	0.00000	0.99990	0.00000	0.00000	0.00000	0.00010
663	0.00000	0.99999	0.00000	0.00000	0.00000	0.00001
664	0.00000	0.83710	0.00176	0.01990	0.00019	0.14105
665	1.00000	0.00000	0.00000	0.00000	0.00000	0.00000
666	0.00000	0.99786	0.00000	0.00000	0.00000	0.00214
667	0.99989	0.00000	0.00000	0.00000	0.00011	0.00000
668	1.00000	0.00000	0.00000	0.00000	0.00000	0.00000
669	0.99993	0.00000	0.00000	0.00000	0.00007	0.00000
670	0.99998	0.00000	0.00000	0.00000	0.00002	0.00000
671	0.99671	0.00000	0.00000	0.00000	0.00329	0.00000
672	0.00000	0.99970	0.00000	0.00000	0.00000	0.00030
673	0.00000	0.99364	0.00000	0.00000	0.00000	0.00636
674	0.00000	1.00000	0.00000	0.00000	0.00000	0.00000
675	0.00001	0.83760	0.00206	0.02477	0.00047	0.13509
676	0.00000	0.99737	0.00000	0.00001	0.00000	0.00262
677	0.00000	0.99974	0.00000	0.00000	0.00000	0.00026
678	0.00000	0.99999	0.00000	0.00000	0.00000	0.00001
679	0.99919	0.00000	0.00000	0.00000	0.00081	0.00000
680	0.00000	0.99996	0.00000	0.00000	0.00000	0.00004
681	0.00000	1.00000	0.00000	0.00000	0.00000	0.00000
682	0.00000	1.00000	0.00000	0.00000	0.00000	0.00000
683	0.00000	1.00000	0.00000	0.00000	0.00000	0.00000
684	0.00000	0.99695	0.00000	0.00000	0.00000	0.00305
685	0.00000	0.99970	0.00000	0.00000	0.00000	0.00030
686	0.00000	1.00000	0.00000	0.00000	0.00000	0.00000
687	0.00000	0.99999	0.00000	0.00000	0.00000	0.00001
688	0.00000	0.99998	0.00000	0.00000	0.00000	0.00002
689	0.00000	0.99999	0.00000	0.00000	0.00000	0.00001
690	0.00000	0.99990	0.00000	0.00000	0.00000	0.00010
691	0.00000	0.99999	0.00000	0.00000	0.00000	0.00001
692	0.00000	0.99999	0.00000	0.00000	0.00000	0.00001
693	0.00000	0.99979	0.00000	0.00000	0.00000	0.00021
694	0.00000	0.99701	0.00000	0.00000	0.00000	0.00299
695	0.00000	0.85972	0.00000	0.01754	0.00000	0.12274
696	0.00000	0.99969	0.00000	0.00000	0.00000	0.00031
697	0.00000	0.99996	0.00000	0.00000	0.00000	0.00004
698	0.00000	0.99450	0.00000	0.00002	0.00000	0.00548
699	0.00000	0.99989	0.00000	0.00000	0.00000	0.00011
700	0.00000	1.00000	0.00000	0.00000	0.00000	0.00000
701	0.00000	0.99999	0.00000	0.00000	0.00000	0.00001
702	0.99998	0.00000	0.00000	0.00000	0.00002	0.00000
703	0.99997	0.00000	0.00000	0.00000	0.00003	0.00000
704	0.99997	0.00000	0.00000	0.00000	0.00003	0.00000
705	0.98895	0.00000	0.00000	0.00011	0.01094	0.00000
706	0.00000	0.99995	0.00000	0.00000	0.00000	0.00005
707	0.00000	0.99934	0.00000	0.00000	0.00000	0.00066
708	0.99853	0.00000	0.00000	0.00000	0.00147	0.00000
709	0.00000	0.99824	0.00000	0.00000	0.00000	0.00176
710	0.00000	1.00000	0.00000	0.00000	0.00000	0.00000
711	0.00000	1.00000	0.00000	0.00000	0.00000	0.00000
712	0.00000	0.99991	0.00000	0.00000	0.00000	0.00009
713	0.00000	1.00000	0.00000	0.00000	0.00000	0.00000
714	0.00000	1.00000	0.00000	0.00000	0.00000	0.00000
715	0.99995	0.00000	0.00000	0.00000	0.00005	0.00000
716	0.00000	0.82581	0.00002	0.02648	0.00000	0.14768
717	0.00000	0.99996	0.00000	0.00000	0.00000	0.00004
718	0.00000	0.99888	0.00000	0.00000	0.00000	0.00112
719	0.99972	0.00000	0.00000	0.00000	0.00028	0.00000
720	0.00000	1.00000	0.00000	0.00000	0.00000	0.00000
721	0.00000	0.99999	0.00000	0.00000	0.00000	0.00001
722	0.00000	0.99998	0.00000	0.00000	0.00000	0.00002
723	0.00000	0.99992	0.00000	0.00000	0.00000	0.00008
724	0.00000	1.00000	0.00000	0.00000	0.00000	0.00000
725	0.00000	0.98458	0.00000	0.00020	0.00000	0.01523
726	0.00000	0.92989	0.00007	0.00398	0.00000	0.06606
727	0.00000	0.99998	0.00000	0.00000	0.00000	0.00002
728	0.00000	1.00000	0.00000	0.00000	0.00000	0.00000
729	0.00047	0.42486	0.00943	0.23793	0.00750	0.31982
730	0.00000	0.99997	0.00000	0.00000	0.00000	0.00003
731	0.00000	1.00000	0.00000	0.00000	0.00000	0.00000
732	0.00000	0.99999	0.00000	0.00000	0.00000	0.00001
733	0.99938	0.00000	0.00000	0.00000	0.00062	0.00000
734	0.00000	0.99997	0.00000	0.00000	0.00000	0.00003
735	0.00000	0.99963	0.00000	0.00000	0.00000	0.00037
736	0.00000	0.99997	0.00000	0.00000	0.00000	0.00003
737	0.00000	0.99905	0.00000	0.00000	0.00000	0.00095
738	0.00000	1.00000	0.00000	0.00000	0.00000	0.00000
739	0.99991	0.00000	0.00000	0.00000	0.00009	0.00000
740	0.00000	0.99282	0.00000	0.00005	0.00000	0.00713
741	0.00000	0.99879	0.00000	0.00000	0.00000	0.00121
742	0.99995	0.00000	0.00000	0.00000	0.00005	0.00000
743	0.00000	0.99999	0.00000	0.00000	0.00000	0.00001
744	0.00000	1.00000	0.00000	0.00000	0.00000	0.00000
745	0.00000	0.99973	0.00000	0.00000	0.00000	0.00027
746	0.99999	0.00000	0.00000	0.00000	0.00001	0.00000
747	0.00000	0.99999	0.00000	0.00000	0.00000	0.00001
748	0.00000	0.99999	0.00000	0.00000	0.00000	0.00001
749	0.00000	1.00000	0.00000	0.00000	0.00000	0.00000
750	0.00000	0.99997	0.00000	0.00000	0.00000	0.00003
751	0.01363	0.45799	0.07834	0.14658	0.04444	0.25901
752	0.00000	1.00000	0.00000	0.00000	0.00000	0.00000
753	0.00000	1.00000	0.00000	0.00000	0.00000	0.00000
754	0.00000	1.00000	0.00000	0.00000	0.00000	0.00000
755	0.00000	0.99996	0.00000	0.00000	0.00000	0.00004
756	0.00000	0.99997	0.00000	0.00000	0.00000	0.00003
757	0.00000	1.00000	0.00000	0.00000	0.00000	0.00000
758	0.00000	0.98824	0.00000	0.00008	0.00000	0.01168
759	0.00000	0.99908	0.00000	0.00000	0.00000	0.00092
760	1.00000	0.00000	0.00000	0.00000	0.00000	0.00000
761	0.99998	0.00000	0.00000	0.00000	0.00002	0.00000
762	0.00000	0.96502	0.00000	0.00001	0.00000	0.03497
763	0.00000	0.99999	0.00000	0.00000	0.00000	0.00001
764	0.00000	0.99985	0.00000	0.00000	0.00000	0.00015
765	0.00000	1.00000	0.00000	0.00000	0.00000	0.00000
766	0.00000	0.99992	0.00000	0.00000	0.00000	0.00008
767	0.00000	0.99982	0.00000	0.00000	0.00000	0.00018
768	0.00000	1.00000	0.00000	0.00000	0.00000	0.00000
769	0.00000	0.99779	0.00000	0.00000	0.00000	0.00221
770	0.00000	0.97927	0.00000	0.00021	0.00000	0.02052
771	0.00000	0.99999	0.00000	0.00000	0.00000	0.00001
772	0.00000	0.99997	0.00000	0.00000	0.00000	0.00003
773	0.00000	0.99992	0.00000	0.00000	0.00000	0.00008
774	0.00000	0.92674	0.00000	0.00506	0.00000	0.06820
775	0.00000	0.99978	0.00000	0.00000	0.00000	0.00022
776	0.00000	0.99997	0.00000	0.00000	0.00000	0.00003
777	0.00000	1.00000	0.00000	0.00000	0.00000	0.00000
