UponCompletionOf_1000000_sweeps
LocNumber LocName AlleleNumber AlleleName FreqInPop0 FreqInPop1 SDInPop0 SDinPop1
0	L161_434	0	1	0.995420	0.979753	0.004558	0.004480
0	L161_434	1	2	0.004580	0.020247	0.004558	0.004480
1	L1134_27	0	1	0.986412	0.963271	0.007758	0.005863
1	L1134_27	1	2	0.013588	0.036729	0.007758	0.005863
2	L620_349	0	1	0.986826	0.828247	0.007531	0.012023
2	L620_349	1	2	0.013174	0.171753	0.007531	0.012023
3	L1033_364	0	1	0.990559	0.970122	0.006515	0.005168
3	L1033_364	1	2	0.009441	0.029878	0.006515	0.005168
4	L1546_440	0	1	0.931102	0.983644	0.017115	0.004050
4	L1546_440	1	2	0.068898	0.016356	0.017115	0.004050
5	L281_66	0	1	0.996156	0.985635	0.003826	0.003457
5	L281_66	1	2	0.003844	0.014365	0.003826	0.003457
6	L800_432	0	1	0.991538	0.988073	0.005952	0.003286
6	L800_432	1	2	0.008462	0.011927	0.005952	0.003286
7	L18_71	0	1	0.593140	0.995487	0.031696	0.002020
7	L18_71	1	2	0.406860	0.004513	0.031696	0.002020
8	L1253_420	0	1	0.995945	0.990917	0.004040	0.002862
8	L1253_420	1	2	0.004055	0.009083	0.004040	0.002862
9	L1710_356	0	1	0.191612	0.994798	0.024277	0.002225
9	L1710_356	1	2	0.808388	0.005202	0.024277	0.002225
10	L860_341	0	1	0.995767	0.986803	0.004220	0.003507
10	L860_341	1	2	0.004233	0.013197	0.004220	0.003507
11	L1320_14	0	1	0.995729	0.991510	0.004256	0.002825
11	L1320_14	1	2	0.004271	0.008490	0.004256	0.002825
12	L1180_96	0	1	0.984125	0.990863	0.007906	0.002879
12	L1180_96	1	2	0.015875	0.009137	0.007906	0.002879
13	L1128_322	0	1	0.891682	0.986547	0.042253	0.003451
13	L1128_322	1	2	0.108318	0.013453	0.042253	0.003451
14	L1135_40	0	1	0.989635	0.993598	0.010278	0.002410
14	L1135_40	1	2	0.010365	0.006402	0.010278	0.002410
15	L935_441	0	1	0.996110	0.992930	0.003873	0.002493
15	L935_441	1	2	0.003890	0.007070	0.003873	0.002493
16	L1656_335	0	1	0.995714	0.978054	0.004262	0.004627
16	L1656_335	1	2	0.004286	0.021946	0.004262	0.004627
17	L761_383	0	1	0.994616	0.962121	0.005342	0.006031
17	L761_383	1	2	0.005384	0.037879	0.005342	0.006031
18	L1375_60	0	1	0.995992	0.981714	0.003989	0.003947
18	L1375_60	1	2	0.004008	0.018286	0.003989	0.003947
19	L251_400	0	1	0.946398	0.999129	0.013928	0.000872
19	L251_400	1	2	0.053602	0.000871	0.013928	0.000872
20	L59_142	0	1	0.995676	0.988712	0.004304	0.003378
20	L59_142	1	2	0.004324	0.011288	0.004304	0.003378
21	L1367_103	0	1	0.993472	0.991205	0.005522	0.002894
21	L1367_103	1	2	0.006528	0.008795	0.005522	0.002894
22	L1696_119	0	1	0.995281	0.960104	0.004692	0.006260
22	L1696_119	1	2	0.004719	0.039896	0.004692	0.006260
23	L1428_384	0	1	0.627835	0.997310	0.033824	0.001555
23	L1428_384	1	2	0.372165	0.002690	0.033824	0.001555
24	L1457_50	0	1	0.995261	0.991679	0.004717	0.002765
24	L1457_50	1	2	0.004739	0.008321	0.004717	0.002765
25	L1543_403	0	1	0.995356	0.966616	0.004626	0.005716
25	L1543_403	1	2	0.004644	0.033384	0.004626	0.005716
26	L1163_393	0	1	0.441367	0.909202	0.033324	0.008704
26	L1163_393	1	2	0.558633	0.090798	0.033324	0.008704
27	L1089_136	0	1	0.995535	0.958419	0.004421	0.006212
27	L1089_136	1	2	0.004465	0.041581	0.004421	0.006212
28	L1147_356	0	1	0.990781	0.969118	0.006389	0.005482
28	L1147_356	1	2	0.009219	0.030882	0.006389	0.005482
29	L1005_87	0	1	0.995790	0.992381	0.004190	0.002684
29	L1005_87	1	2	0.004210	0.007619	0.004190	0.002684
30	L1612_428	0	1	0.990193	0.756524	0.007318	0.013271
30	L1612_428	1	2	0.009807	0.243476	0.007318	0.013271
31	L458_96	0	2	0.007994	0.323192	0.005618	0.013825
31	L458_96	1	1	0.992006	0.676808	0.005618	0.013825
32	L406_96	0	1	0.992446	0.991104	0.006591	0.002982
32	L406_96	1	2	0.007554	0.008896	0.006591	0.002982
33	L382_70	0	1	0.945391	0.998153	0.014694	0.001306
33	L382_70	1	2	0.054609	0.001847	0.014694	0.001306
34	L1328_14	0	1	0.921653	0.996307	0.017273	0.001842
34	L1328_14	1	2	0.078347	0.003693	0.017273	0.001842
35	L666_430	0	1	0.995744	0.969532	0.004243	0.005144
35	L666_430	1	2	0.004256	0.030468	0.004243	0.005144
36	L1323_480	0	1	0.995283	0.868159	0.004683	0.010532
36	L1323_480	1	2	0.004717	0.131841	0.004683	0.010532
37	L1155_437	0	1	0.995181	0.990502	0.004797	0.002852
37	L1155_437	1	2	0.004819	0.009498	0.004797	0.002852
38	L299_104	0	1	0.996272	0.991454	0.003718	0.002690
38	L299_104	1	2	0.003728	0.008546	0.003718	0.002690
39	L37_420	0	1	0.996049	0.954661	0.003934	0.006135
39	L37_420	1	2	0.003951	0.045339	0.003934	0.006135
40	L401_464	0	1	0.996233	0.986218	0.003758	0.003421
40	L401_464	1	2	0.003767	0.013782	0.003758	0.003421
41	L1640_493	0	1	0.992629	0.987271	0.006796	0.003631
41	L1640_493	1	2	0.007371	0.012729	0.006796	0.003631
42	L375_477	0	1	0.981819	0.990768	0.008555	0.002885
42	L375_477	1	2	0.018181	0.009232	0.008555	0.002885
43	L992_41	0	1	0.995762	0.991509	0.004224	0.002820
43	L992_41	1	2	0.004238	0.008491	0.004224	0.002820
44	L1405_407	0	1	0.869142	0.999066	0.021891	0.000934
44	L1405_407	1	2	0.130858	0.000934	0.021891	0.000934
45	L433_433	0	1	0.902886	0.999103	0.018821	0.000897
45	L433_433	1	2	0.097114	0.000897	0.018821	0.000897
46	L1542_368	0	1	0.993861	0.992876	0.006122	0.002511
46	L1542_368	1	2	0.006139	0.007124	0.006122	0.002511
47	L790_70	0	1	0.954474	0.999193	0.012832	0.000806
47	L790_70	1	2	0.045526	0.000807	0.012832	0.000806
48	L283_432	0	1	0.995541	0.983294	0.004429	0.004015
48	L283_432	1	2	0.004459	0.016706	0.004429	0.004015
49	L1119_84	0	1	0.921524	0.984964	0.017779	0.003743
49	L1119_84	1	2	0.078476	0.015036	0.017779	0.003743
50	L1515_21	0	1	0.990572	0.972726	0.006620	0.005176
50	L1515_21	1	2	0.009428	0.027274	0.006620	0.005176
51	L783_77	0	1	0.995902	0.991634	0.004085	0.002776
51	L783_77	1	2	0.004098	0.008366	0.004085	0.002776
52	L1233_134	0	1	0.995161	0.338573	0.004811	0.014669
52	L1233_134	1	2	0.004839	0.661427	0.004811	0.014669
53	L894_363	0	1	0.995577	0.988370	0.004398	0.003337
53	L894_363	1	2	0.004423	0.011630	0.004398	0.003337
54	L1484_27	0	1	0.996104	0.853967	0.003887	0.010449
54	L1484_27	1	2	0.003896	0.146033	0.003887	0.010449
55	L1140_29	0	1	0.995588	0.872264	0.004393	0.010301
55	L1140_29	1	2	0.004412	0.127736	0.004393	0.010301
56	L658_368	0	1	0.994858	0.969992	0.005125	0.005396
56	L658_368	1	2	0.005142	0.030008	0.005125	0.005396
57	L1370_16	0	1	0.987497	0.798428	0.007268	0.011962
57	L1370_16	1	2	0.012503	0.201572	0.007268	0.011962
58	L1_519	0	1	0.596738	0.999037	0.034046	0.000961
58	L1_519	1	2	0.403262	0.000963	0.034046	0.000961
59	L494_21	0	1	0.996043	0.981839	0.003945	0.004026
59	L494_21	1	2	0.003957	0.018161	0.003945	0.004026
60	L587_67	0	1	0.995596	0.960502	0.004359	0.006289
60	L587_67	1	2	0.004404	0.039498	0.004359	0.006289
61	L989_351	0	1	0.017414	0.695735	0.008609	0.013726
61	L989_351	1	2	0.982586	0.304265	0.008609	0.013726
62	L34_407	0	1	0.993253	0.990460	0.006688	0.003000
62	L34_407	1	2	0.006747	0.009540	0.006688	0.003000
63	L678_79	0	1	0.995800	0.981726	0.004182	0.004153
63	L678_79	1	2	0.004200	0.018274	0.004182	0.004153
64	L910_334	0	1	0.996097	0.991662	0.003885	0.002765
64	L910_334	1	2	0.003903	0.008338	0.003885	0.002765
65	L1614_348	0	1	0.937081	0.996112	0.015723	0.001938
65	L1614_348	1	2	0.062919	0.003888	0.015723	0.001938
66	L579_430	0	1	0.995513	0.991879	0.004475	0.002862
66	L579_430	1	2	0.004487	0.008121	0.004475	0.002862
67	L902_15	0	1	0.961146	0.999114	0.013431	0.000886
67	L902_15	1	2	0.038854	0.000886	0.013431	0.000886
68	L507_431	0	1	0.087999	0.975992	0.018293	0.004658
68	L507_431	1	2	0.912001	0.024008	0.018293	0.004658
69	L710_425	0	1	0.995539	0.991018	0.004446	0.002982
69	L710_425	1	2	0.004461	0.008982	0.004446	0.002982
70	L1461_25	0	1	0.993696	0.980664	0.006289	0.003999
70	L1461_25	1	2	0.006304	0.019336	0.006289	0.003999
71	L214_499	0	1	0.995895	0.984592	0.004092	0.003706
71	L214_499	1	2	0.004105	0.015408	0.004092	0.003706
72	L1679_34	0	1	0.991620	0.939086	0.005920	0.007440
72	L1679_34	1	2	0.008380	0.060914	0.005920	0.007440
73	L333_79	0	1	0.945435	0.998244	0.014162	0.001247
73	L333_79	1	2	0.054565	0.001756	0.014162	0.001247
74	L1443_404	0	1	0.995495	0.992002	0.004486	0.002817
74	L1443_404	1	2	0.004505	0.007998	0.004486	0.002817
75	L328_15	0	1	0.996035	0.989960	0.003942	0.003012
75	L328_15	1	2	0.003965	0.010040	0.003942	0.003012
76	L896_107	0	1	0.995578	0.990853	0.004404	0.003030
76	L896_107	1	2	0.004422	0.009147	0.004404	0.003030
77	L1399_378	0	1	0.994351	0.982229	0.005281	0.003845
77	L1399_378	1	2	0.005649	0.017771	0.005281	0.003845
78	L450_414	0	1	0.995831	0.992805	0.004156	0.002533
78	L450_414	1	2	0.004169	0.007195	0.004156	0.002533
79	L335_27	0	1	0.995425	0.982739	0.004522	0.004045
79	L335_27	1	2	0.004575	0.017261	0.004522	0.004045
80	L555_133	0	1	0.991740	0.986648	0.005809	0.003673
80	L555_133	1	2	0.008260	0.013352	0.005809	0.003673
81	L1601_481	0	1	0.957262	0.992896	0.013213	0.002676
81	L1601_481	1	2	0.042738	0.007104	0.013213	0.002676
82	L987_429	0	1	0.995908	0.985826	0.004075	0.003517
82	L987_429	1	2	0.004092	0.014174	0.004075	0.003517
83	L147_47	0	1	0.920543	0.997944	0.017064	0.001452
83	L147_47	1	2	0.079457	0.002056	0.017064	0.001452
84	L1311_48	0	1	0.856195	0.998147	0.024288	0.001308
84	L1311_48	1	2	0.143805	0.001853	0.024288	0.001308
85	L1628_22	0	1	0.995345	0.923815	0.004621	0.007989
85	L1628_22	1	2	0.004655	0.076185	0.004621	0.007989
86	L532_96	0	1	0.995578	0.987710	0.004404	0.003264
86	L532_96	1	2	0.004422	0.012290	0.004404	0.003264
87	L435_66	0	1	0.919640	0.999025	0.017223	0.000973
87	L435_66	1	2	0.080360	0.000975	0.017223	0.000973
88	L1715_119	0	1	0.027916	0.996578	0.010472	0.001741
88	L1715_119	1	2	0.972084	0.003422	0.010472	0.001741
89	L6_106	0	1	0.994859	0.716290	0.005106	0.014460
89	L6_106	1	2	0.005141	0.283710	0.005106	0.014460
90	L1573_141	0	1	0.962871	0.964187	0.012364	0.005890
90	L1573_141	1	2	0.037129	0.035813	0.012364	0.005890
91	L1196_29	0	1	0.995652	0.987331	0.004330	0.003488
91	L1196_29	1	2	0.004348	0.012669	0.004330	0.003488
92	L1588_136	0	1	0.969549	0.997996	0.010787	0.001404
92	L1588_136	1	2	0.030451	0.002004	0.010787	0.001404
93	L462_74	0	1	0.566984	0.999136	0.031055	0.000863
93	L462_74	1	2	0.433016	0.000864	0.031055	0.000863
94	L171_139	0	1	0.870890	0.998965	0.022006	0.001032
94	L171_139	1	2	0.129110	0.001035	0.022006	0.001032
95	L303_68	0	1	0.990563	0.686791	0.006619	0.014497
95	L303_68	1	2	0.009437	0.313209	0.006619	0.014497
96	L771_42	0	1	0.964218	0.999035	0.011774	0.000963
96	L771_42	1	2	0.035782	0.000965	0.011774	0.000963
97	L1445_11	0	1	0.008016	0.499784	0.005630	0.015143
97	L1445_11	1	2	0.991984	0.500216	0.005630	0.015143
98	L1160_38	0	1	0.995873	0.992338	0.004108	0.002695
98	L1160_38	1	2	0.004127	0.007662	0.004108	0.002695
99	L785_15	0	1	0.672325	0.912740	0.030333	0.008595
99	L785_15	1	2	0.327675	0.087260	0.030333	0.008595
100	L1152_334	0	1	0.995970	0.955453	0.004017	0.006236
100	L1152_334	1	2	0.004030	0.044547	0.004017	0.006236
101	L506_402	0	1	0.995941	0.985708	0.004047	0.003548
101	L506_402	1	2	0.004059	0.014292	0.004047	0.003548
102	L1422_376	0	1	0.027276	0.993217	0.010966	0.002583
102	L1422_376	1	2	0.972724	0.006783	0.010966	0.002583
103	L1694_383	0	1	0.933963	0.998223	0.017030	0.001256
103	L1694_383	1	2	0.066037	0.001777	0.017030	0.001256
104	L898_451	0	1	0.961493	0.997522	0.011928	0.001457
104	L898_451	1	2	0.038507	0.002478	0.011928	0.001457
105	L165_50	0	2	0.994460	0.942464	0.005486	0.006987
105	L165_50	1	1	0.005540	0.057536	0.005486	0.006987
106	L1462_26	0	1	0.008099	0.992965	0.005703	0.002566
106	L1462_26	1	2	0.991901	0.007035	0.005703	0.002566
107	L1650_498	0	1	0.987756	0.991251	0.008573	0.002903
107	L1650_498	1	2	0.012244	0.008749	0.008573	0.002903
108	L1479_379	0	1	0.995709	0.988711	0.004273	0.003239
108	L1479_379	1	2	0.004291	0.011289	0.004273	0.003239
109	L584_376	0	1	0.984616	0.991388	0.015147	0.002711
109	L584_376	1	2	0.015384	0.008612	0.015147	0.002711
110	L430_37	0	1	0.996268	0.959973	0.003717	0.005847
110	L430_37	1	2	0.003732	0.040027	0.003717	0.005847
111	L371_409	0	1	0.007868	0.994436	0.005579	0.002266
111	L371_409	1	2	0.992132	0.005564	0.005579	0.002266
112	L1271_13	0	1	0.995951	0.990666	0.004028	0.002934
112	L1271_13	1	2	0.004049	0.009334	0.004028	0.002934
113	L702_374	0	1	0.995358	0.984686	0.004621	0.003926
113	L702_374	1	2	0.004642	0.015314	0.004621	0.003926
114	L583_76	0	1	0.995475	0.984142	0.004481	0.003721
114	L583_76	1	2	0.004525	0.015858	0.004481	0.003721
115	L824_389	0	1	0.995826	0.962321	0.004136	0.005587
115	L824_389	1	2	0.004174	0.037679	0.004136	0.005587
116	L1060_527	0	1	0.012959	0.996188	0.007421	0.001901
116	L1060_527	1	2	0.987041	0.003812	0.007421	0.001901
117	L310_444	0	1	0.967574	0.997028	0.011364	0.001707
117	L310_444	1	2	0.032426	0.002972	0.011364	0.001707
118	L451_427	0	1	0.995699	0.971246	0.004285	0.005092
118	L451_427	1	2	0.004301	0.028754	0.004285	0.005092
119	L191_423	0	1	0.966110	0.613473	0.011204	0.014037
119	L191_423	1	2	0.033890	0.386527	0.011204	0.014037
120	L115_145	0	1	0.991805	0.866172	0.005768	0.010313
120	L115_145	1	2	0.008195	0.133828	0.005768	0.010313
121	L854_445	0	1	0.995836	0.973044	0.004147	0.004942
121	L854_445	1	2	0.004164	0.026956	0.004147	0.004942
122	L466_448	0	1	0.895830	0.999073	0.025406	0.000926
122	L466_448	1	2	0.104170	0.000927	0.025406	0.000926
123	L619_140	0	1	0.991794	0.873826	0.006117	0.010188
123	L619_140	1	2	0.008206	0.126174	0.006117	0.010188
124	L1095_79	0	1	0.995590	0.983724	0.004395	0.004031
124	L1095_79	1	2	0.004410	0.016276	0.004395	0.004031
125	L733_110	0	1	0.911969	0.998069	0.018364	0.001363
125	L733_110	1	2	0.088031	0.001931	0.018364	0.001363
126	L21_366	0	1	0.831829	0.999009	0.024546	0.000989
126	L21_366	1	2	0.168171	0.000991	0.024546	0.000989
127	L1388_430	0	1	0.995192	0.978281	0.004769	0.004703
127	L1388_430	1	2	0.004808	0.021719	0.004769	0.004703
128	L963_109	0	1	0.991708	0.914450	0.005818	0.008319
128	L963_109	1	2	0.008292	0.085550	0.005818	0.008319
129	L1390_485	0	1	0.941960	0.998991	0.015600	0.001009
129	L1390_485	1	2	0.058040	0.001009	0.015600	0.001009
130	L890_420	0	1	0.962496	0.999057	0.012229	0.000941
130	L890_420	1	2	0.037504	0.000943	0.012229	0.000941
131	L1611_51	0	1	0.015650	0.994653	0.007876	0.002200
131	L1611_51	1	2	0.984350	0.005347	0.007876	0.002200
132	L1486_123	0	1	0.995926	0.988673	0.004062	0.003252
132	L1486_123	1	2	0.004074	0.011327	0.004062	0.003252
133	L275_404	0	1	0.995883	0.992720	0.004102	0.002563
133	L275_404	1	2	0.004117	0.007280	0.004102	0.002563
134	L43_142	0	1	0.502776	0.998027	0.032908	0.001398
134	L43_142	1	2	0.497224	0.001973	0.032908	0.001398
135	L1534_326	0	1	0.996155	0.977195	0.003832	0.004422
135	L1534_326	1	2	0.003845	0.022805	0.003832	0.004422
136	L1690_16	0	1	0.995786	0.963775	0.004195	0.006008
136	L1690_16	1	2	0.004214	0.036225	0.004195	0.006008
137	L1449_81	0	1	0.995162	0.982548	0.004818	0.004200
137	L1449_81	1	2	0.004838	0.017452	0.004818	0.004200
138	L1722_52	0	1	0.992069	0.989435	0.005603	0.003031
138	L1722_52	1	2	0.007931	0.010565	0.005603	0.003031
139	L1698_118	0	1	0.981971	0.967353	0.008770	0.005549
139	L1698_118	1	2	0.018029	0.032647	0.008770	0.005549
140	L1723_12	0	1	0.995690	0.987205	0.004290	0.003528
140	L1723_12	1	2	0.004310	0.012795	0.004290	0.003528
141	L46_113	0	1	0.995943	0.922426	0.004034	0.007806
141	L46_113	1	2	0.004057	0.077574	0.004034	0.007806
142	L224_334	0	1	0.923337	0.992199	0.042235	0.002591
142	L224_334	1	2	0.076663	0.007801	0.042235	0.002591
143	L1368_488	0	1	0.955128	0.999085	0.013190	0.000913
143	L1368_488	1	2	0.044872	0.000915	0.013190	0.000913
144	L1065_12	0	1	0.995371	0.991451	0.004605	0.002836
144	L1065_12	1	2	0.004629	0.008549	0.004605	0.002836
145	L83_438	0	1	0.008359	0.633298	0.005870	0.014211
145	L83_438	1	2	0.991641	0.366702	0.005870	0.014211
146	L741_44	0	1	0.996081	0.974653	0.003916	0.004726
146	L741_44	1	2	0.003919	0.025347	0.003916	0.004726
147	L1492_366	0	1	0.996166	0.991204	0.003822	0.002769
147	L1492_366	1	2	0.003834	0.008796	0.003822	0.002769
148	L1704_455	0	1	0.996120	0.987102	0.003863	0.003307
148	L1704_455	1	2	0.003880	0.012898	0.003863	0.003307
149	L1125_418	0	1	0.016901	0.988932	0.008494	0.003320
149	L1125_418	1	2	0.983099	0.011068	0.008494	0.003320
150	L512_98	0	1	0.963730	0.996331	0.011478	0.001815
150	L512_98	1	2	0.036270	0.003669	0.011478	0.001815
151	L865_419	0	1	0.995867	0.892441	0.004116	0.009277
151	L865_419	1	2	0.004133	0.107559	0.004116	0.009277
152	L1561_24	0	1	0.994984	0.988574	0.004932	0.003454
152	L1561_24	1	2	0.005016	0.011426	0.004932	0.003454
153	L305_462	0	1	0.796350	0.997505	0.024940	0.001468
153	L305_462	1	2	0.203650	0.002495	0.024940	0.001468
154	L168_463	0	1	0.994219	0.991420	0.005631	0.002742
154	L168_463	1	2	0.005781	0.008580	0.005631	0.002742
155	L1396_385	0	1	0.995785	0.992751	0.004197	0.002553
155	L1396_385	1	2	0.004215	0.007249	0.004197	0.002553
156	L1312_308	0	1	0.996137	0.992963	0.003846	0.002479
156	L1312_308	1	2	0.003863	0.007037	0.003846	0.002479
157	L927_432	0	1	0.995800	0.810650	0.004176	0.012095
157	L927_432	1	2	0.004200	0.189350	0.004176	0.012095
158	L309_365	0	1	0.995976	0.992897	0.004009	0.002503
158	L309_365	1	2	0.004024	0.007103	0.004009	0.002503
159	L228_11	0	1	0.995332	0.983359	0.004644	0.003999
159	L228_11	1	2	0.004668	0.016641	0.004644	0.003999
160	L70_471	0	1	0.989999	0.992601	0.006840	0.002691
160	L70_471	1	2	0.010001	0.007399	0.006840	0.002691
161	L1086_466	0	1	0.075504	0.955383	0.017699	0.006704
161	L1086_466	1	2	0.924496	0.044617	0.017699	0.006704
162	L564_395	0	1	0.991180	0.962478	0.006203	0.005890
162	L564_395	1	2	0.008820	0.037522	0.006203	0.005890
163	L713_10	0	1	0.499015	0.998295	0.030436	0.001210
163	L713_10	1	2	0.500985	0.001705	0.030436	0.001210
164	L1153_431	0	1	0.995871	0.969102	0.004108	0.005291
164	L1153_431	1	2	0.004129	0.030898	0.004108	0.005291
165	L1711_79	0	1	0.988522	0.967029	0.006653	0.005205
165	L1711_79	1	2	0.011478	0.032971	0.006653	0.005205
166	L295_380	0	1	0.849758	0.999150	0.021884	0.000851
166	L295_380	1	2	0.150242	0.000850	0.021884	0.000851
167	L868_365	0	1	0.995573	0.980624	0.004407	0.004297
167	L868_365	1	2	0.004427	0.019376	0.004407	0.004297
168	L205_126	0	1	0.876422	0.999087	0.020750	0.000911
168	L205_126	1	2	0.123578	0.000913	0.020750	0.000911
169	L1662_367	0	1	0.016419	0.990019	0.008384	0.003122
169	L1662_367	1	2	0.983581	0.009981	0.008384	0.003122
170	L1702_313	0	1	0.987220	0.975357	0.007287	0.004701
170	L1702_313	1	2	0.012780	0.024643	0.007287	0.004701
171	L1685_418	0	1	0.821551	0.999056	0.024377	0.000943
171	L1685_418	1	2	0.178449	0.000944	0.024377	0.000943
172	L81_264	0	1	0.995828	0.991210	0.004171	0.002913
172	L81_264	1	2	0.004172	0.008790	0.004171	0.002913
173	L1724_364	0	1	0.991388	0.784556	0.006049	0.012714
173	L1724_364	1	2	0.008612	0.215444	0.006049	0.012714
174	L236_367	0	1	0.995867	0.984175	0.004113	0.003806
174	L236_367	1	2	0.004133	0.015825	0.004113	0.003806
175	L1285_93	0	1	0.992537	0.992109	0.005243	0.002618
175	L1285_93	1	2	0.007463	0.007891	0.005243	0.002618
176	L74_19	0	1	0.886559	0.998248	0.020167	0.001239
176	L74_19	1	2	0.113441	0.001752	0.020167	0.001239
177	L1568_15	0	1	0.995001	0.983939	0.004974	0.003979
177	L1568_15	1	2	0.004999	0.016061	0.004974	0.003979
178	L1199_384	0	1	0.995870	0.982694	0.004108	0.004038
178	L1199_384	1	2	0.004130	0.017306	0.004108	0.004038
179	L410_16	0	1	0.990838	0.973541	0.006442	0.005019
179	L410_16	1	2	0.009162	0.026459	0.006442	0.005019
180	L260_509	0	1	0.033652	0.991707	0.012477	0.002926
180	L260_509	1	2	0.966348	0.008293	0.012477	0.002926
181	L1220_458	0	2	0.013379	0.626725	0.007656	0.015401
181	L1220_458	1	1	0.986621	0.373275	0.007656	0.015401
182	L294_465	0	2	0.968070	0.841712	0.011814	0.011435
182	L294_465	1	1	0.031930	0.158288	0.011814	0.011435
183	L1689_418	0	1	0.883313	0.998141	0.020335	0.001321
183	L1689_418	1	2	0.116687	0.001859	0.020335	0.001321
184	L1241_461	0	1	0.986779	0.738838	0.007546	0.012899
184	L1241_461	1	2	0.013221	0.261162	0.007546	0.012899
185	L795_397	0	1	0.995673	0.950761	0.004281	0.006865
185	L795_397	1	2	0.004327	0.049239	0.004281	0.006865
186	L372_420	0	1	0.995342	0.987641	0.004665	0.003551
186	L372_420	1	2	0.004658	0.012359	0.004665	0.003551
187	L1709_330	0	1	0.987302	0.837542	0.007407	0.011251
187	L1709_330	1	2	0.012698	0.162458	0.007407	0.011251
188	L1551_402	0	1	0.995906	0.980803	0.004079	0.004151
188	L1551_402	1	2	0.004094	0.019197	0.004079	0.004151
189	L998_29	0	1	0.994746	0.979476	0.005230	0.004331
189	L998_29	1	2	0.005254	0.020524	0.005230	0.004331
190	L492_410	0	1	0.995322	0.991721	0.004656	0.002910
190	L492_410	1	2	0.004678	0.008279	0.004656	0.002910
191	L1343_480	0	1	0.991996	0.941660	0.005619	0.007117
191	L1343_480	1	2	0.008004	0.058340	0.005619	0.007117
192	L120_36	0	1	0.996145	0.991119	0.003844	0.002795
192	L120_36	1	2	0.003855	0.008881	0.003844	0.002795
193	L830_392	0	1	0.996091	0.990290	0.003894	0.003054
193	L830_392	1	2	0.003909	0.009710	0.003894	0.003054
194	L676_425	0	1	0.863798	0.998218	0.021377	0.001258
194	L676_425	1	2	0.136202	0.001782	0.021377	0.001258
195	L291_455	0	1	0.993549	0.990203	0.006413	0.002936
195	L291_455	1	2	0.006451	0.009797	0.006413	0.002936
196	L1069_56	0	1	0.990817	0.966471	0.006458	0.005649
196	L1069_56	1	2	0.009183	0.033529	0.006458	0.005649
197	L366_27	0	1	0.408284	0.995687	0.042800	0.001927
197	L366_27	1	2	0.591716	0.004313	0.042800	0.001927
198	L1178_32	0	1	0.993985	0.986588	0.005989	0.003559
198	L1178_32	1	2	0.006015	0.013412	0.005989	0.003559
199	L1680_97	0	1	0.994828	0.984524	0.004973	0.003881
199	L1680_97	1	2	0.005172	0.015476	0.004973	0.003881
