UponCompletionOf_94801_sweeps
LocNumber LocName AlleleNumber AlleleName FreqInPop0 FreqInPop1 SDInPop0 SDinPop1
0	LdDocent_Contig_1600_411	0	1	0.997647	0.989638	0.003317	0.003192
0	LdDocent_Contig_1600_411	1	2	0.002353	0.010362	0.003317	0.003192
1	LdDocent_Contig_55551_107	0	1	0.023690	0.998509	0.011105	0.001220
1	LdDocent_Contig_55551_107	1	2	0.976310	0.001491	0.011105	0.001220
2	LdDocent_Contig_35933_333	0	1	0.997651	0.991432	0.003286	0.002916
2	LdDocent_Contig_35933_333	1	2	0.002349	0.008568	0.003286	0.002916
3	LdDocent_Contig_56001_309	0	1	0.997676	0.985959	0.003259	0.003795
3	LdDocent_Contig_56001_309	1	2	0.002324	0.014041	0.003259	0.003795
4	LdDocent_Contig_25896_441	0	1	0.886599	0.999511	0.022130	0.000689
4	LdDocent_Contig_25896_441	1	2	0.113401	0.000489	0.022130	0.000689
5	LdDocent_Contig_8351_306	0	1	0.997856	0.820965	0.003023	0.011817
5	LdDocent_Contig_8351_306	1	2	0.002144	0.179035	0.003023	0.011817
6	LdDocent_Contig_59618_419	0	1	0.997791	0.991048	0.003098	0.002902
6	LdDocent_Contig_59618_419	1	2	0.002209	0.008952	0.003098	0.002902
7	LdDocent_Contig_29860_458	0	1	0.987707	0.952163	0.007727	0.006756
7	LdDocent_Contig_29860_458	1	2	0.012293	0.047837	0.007727	0.006756
8	LdDocent_Contig_51338_419	0	1	0.997899	0.892816	0.002956	0.009253
8	LdDocent_Contig_51338_419	1	2	0.002101	0.107184	0.002956	0.009253
9	LdDocent_Contig_16062_439	0	1	0.998127	0.989408	0.002632	0.002977
9	LdDocent_Contig_16062_439	1	2	0.001873	0.010592	0.002632	0.002977
10	LdDocent_Contig_2739_120	0	1	0.998115	0.969643	0.002652	0.005017
10	LdDocent_Contig_2739_120	1	2	0.001885	0.030357	0.002652	0.005017
11	LdDocent_Contig_20645_16	0	1	0.997893	0.989999	0.002981	0.003067
11	LdDocent_Contig_20645_16	1	2	0.002107	0.010001	0.002981	0.003067
12	LdDocent_Contig_799_467	0	1	0.997935	0.991896	0.002917	0.002769
12	LdDocent_Contig_799_467	1	2	0.002065	0.008104	0.002917	0.002769
13	LdDocent_Contig_68153_66	0	2	0.575330	0.388147	0.032645	0.015012
13	LdDocent_Contig_68153_66	1	1	0.424670	0.611853	0.032645	0.015012
14	LdDocent_Contig_65614_7	0	1	0.942572	0.998666	0.014660	0.001103
14	LdDocent_Contig_65614_7	1	2	0.057428	0.001334	0.014660	0.001103
15	LdDocent_Contig_2026_19	0	1	0.997802	0.992875	0.003084	0.002596
15	LdDocent_Contig_2026_19	1	2	0.002198	0.007125	0.003084	0.002596
16	LdDocent_Contig_2299_319	0	1	0.963483	0.998763	0.013080	0.001013
16	LdDocent_Contig_2299_319	1	2	0.036517	0.001237	0.013080	0.001013
17	LdDocent_Contig_1475_425	0	1	0.997013	0.986281	0.003995	0.003628
17	LdDocent_Contig_1475_425	1	2	0.002987	0.013719	0.003995	0.003628
18	LdDocent_Contig_2682_379	0	1	0.941479	0.998424	0.015118	0.001297
18	LdDocent_Contig_2682_379	1	2	0.058521	0.001576	0.015118	0.001297
19	LdDocent_Contig_2075_487	0	1	0.997710	0.993209	0.003251	0.002658
19	LdDocent_Contig_2075_487	1	2	0.002290	0.006791	0.003251	0.002658
20	LdDocent_Contig_245_458	0	1	0.998098	0.986459	0.002677	0.003413
20	LdDocent_Contig_245_458	1	2	0.001902	0.013541	0.002677	0.003413
21	LdDocent_Contig_1146_501	0	1	0.630050	0.949329	0.033295	0.007097
21	LdDocent_Contig_1146_501	1	2	0.369950	0.050671	0.033295	0.007097
22	LdDocent_Contig_60974_395	0	1	0.997834	0.992216	0.003027	0.002825
22	LdDocent_Contig_60974_395	1	2	0.002166	0.007784	0.003027	0.002825
23	LdDocent_Contig_1011_519	0	1	0.596169	0.999521	0.034200	0.000675
23	LdDocent_Contig_1011_519	1	2	0.403831	0.000479	0.034200	0.000675
24	LdDocent_Contig_52123_371	0	1	0.997919	0.989233	0.002932	0.003163
24	LdDocent_Contig_52123_371	1	2	0.002081	0.010767	0.002932	0.003163
25	LdDocent_Contig_20889_81	0	1	0.997461	0.983608	0.003486	0.003899
25	LdDocent_Contig_20889_81	1	2	0.002539	0.016392	0.003486	0.003899
26	LdDocent_Contig_115_104	0	1	0.953089	0.998648	0.013468	0.001101
26	LdDocent_Contig_115_104	1	2	0.046911	0.001352	0.013468	0.001101
27	LdDocent_Contig_826_64	0	1	0.998135	0.956653	0.002661	0.005963
27	LdDocent_Contig_826_64	1	2	0.001865	0.043347	0.002661	0.005963
28	LdDocent_Contig_351_95	0	1	0.986061	0.913495	0.007384	0.008419
28	LdDocent_Contig_351_95	1	2	0.013939	0.086505	0.007384	0.008419
29	LdDocent_Contig_2596_459	0	1	0.198160	0.950251	0.026555	0.006728
29	LdDocent_Contig_2596_459	1	2	0.801840	0.049749	0.026555	0.006728
30	LdDocent_Contig_61345_82	0	1	0.991569	0.966473	0.006695	0.005637
30	LdDocent_Contig_61345_82	1	2	0.008431	0.033527	0.006695	0.005637
31	LdDocent_Contig_1589_34	0	1	0.997623	0.985979	0.003338	0.003527
31	LdDocent_Contig_1589_34	1	2	0.002377	0.014021	0.003338	0.003527
32	LdDocent_Contig_22_433	0	1	0.904364	0.999551	0.018750	0.000634
32	LdDocent_Contig_22_433	1	2	0.095636	0.000449	0.018750	0.000634
33	LdDocent_Contig_6165_441	0	1	0.107533	0.984597	0.020719	0.003926
33	LdDocent_Contig_6165_441	1	2	0.892467	0.015403	0.020719	0.003926
34	LdDocent_Contig_63523_351	0	2	0.997899	0.984546	0.002962	0.003780
34	LdDocent_Contig_63523_351	1	1	0.002101	0.015454	0.002962	0.003780
35	LdDocent_Contig_24056_402	0	1	0.997980	0.986088	0.002864	0.003498
35	LdDocent_Contig_24056_402	1	2	0.002020	0.013912	0.002864	0.003498
36	LdDocent_Contig_93561_362	0	1	0.993534	0.992135	0.005241	0.002680
36	LdDocent_Contig_93561_362	1	2	0.006466	0.007865	0.005241	0.002680
37	LdDocent_Contig_95857_118	0	1	0.984346	0.967736	0.008220	0.005512
37	LdDocent_Contig_95857_118	1	2	0.015654	0.032264	0.008220	0.005512
38	LdDocent_Contig_73998_480	0	1	0.997878	0.992858	0.003006	0.002600
38	LdDocent_Contig_73998_480	1	2	0.002122	0.007142	0.003006	0.002600
39	LdDocent_Contig_85_72	0	1	0.006527	0.995623	0.005343	0.002077
39	LdDocent_Contig_85_72	1	2	0.993473	0.004377	0.005343	0.002077
40	LdDocent_Contig_2341_410	0	1	0.997646	0.992236	0.003312	0.002811
40	LdDocent_Contig_2341_410	1	2	0.002354	0.007764	0.003312	0.002811
41	LdDocent_Contig_88698_108	0	1	0.994304	0.994276	0.004620	0.002243
41	LdDocent_Contig_88698_108	1	2	0.005696	0.005724	0.004620	0.002243
42	LdDocent_Contig_5106_408	0	1	0.742205	0.996780	0.034897	0.001716
42	LdDocent_Contig_5106_408	1	2	0.257795	0.003220	0.034897	0.001716
43	LdDocent_Contig_90757_446	0	1	0.997329	0.993187	0.003781	0.002475
43	LdDocent_Contig_90757_446	1	2	0.002671	0.006813	0.003781	0.002475
44	LdDocent_Contig_80753_403	0	1	0.997687	0.990662	0.003256	0.003011
44	LdDocent_Contig_80753_403	1	2	0.002313	0.009338	0.003256	0.003011
45	LdDocent_Contig_1217_447	0	1	0.953385	0.999508	0.014040	0.000698
45	LdDocent_Contig_1217_447	1	2	0.046615	0.000492	0.014040	0.000698
46	LdDocent_Contig_62739_33	0	1	0.916435	0.996471	0.018670	0.001885
46	LdDocent_Contig_62739_33	1	2	0.083565	0.003529	0.018670	0.001885
47	LdDocent_Contig_6407_358	0	1	0.610668	0.995641	0.030705	0.002047
47	LdDocent_Contig_6407_358	1	2	0.389332	0.004359	0.030705	0.002047
48	LdDocent_Contig_64876_131	0	1	0.675685	0.997217	0.028559	0.001666
48	LdDocent_Contig_64876_131	1	2	0.324315	0.002783	0.028559	0.001666
49	LdDocent_Contig_7945_395	0	1	0.958524	0.999558	0.012519	0.000626
49	LdDocent_Contig_7945_395	1	2	0.041476	0.000442	0.012519	0.000626
50	LdDocent_Contig_92640_436	0	1	0.955843	0.997894	0.012714	0.001348
50	LdDocent_Contig_92640_436	1	2	0.044157	0.002106	0.012714	0.001348
51	LdDocent_Contig_82617_50	0	1	0.997677	0.992100	0.003264	0.002701
51	LdDocent_Contig_82617_50	1	2	0.002323	0.007900	0.003264	0.002701
52	LdDocent_Contig_9568_383	0	1	0.935800	0.998698	0.016874	0.001085
52	LdDocent_Contig_9568_383	1	2	0.064200	0.001302	0.016874	0.001085
53	LdDocent_Contig_1332_425	0	1	0.916601	0.996801	0.017682	0.001703
53	LdDocent_Contig_1332_425	1	2	0.083399	0.003199	0.017682	0.001703
54	LdDocent_Contig_113_116	0	1	0.969133	0.998583	0.011073	0.001149
54	LdDocent_Contig_113_116	1	2	0.030867	0.001417	0.011073	0.001149
55	LdDocent_Contig_65881_48	0	1	0.998066	0.984700	0.002722	0.003718
55	LdDocent_Contig_65881_48	1	2	0.001934	0.015300	0.002722	0.003718
56	LdDocent_Contig_7276_503	0	1	0.997859	0.993086	0.003012	0.002510
56	LdDocent_Contig_7276_503	1	2	0.002141	0.006914	0.003012	0.002510
57	LdDocent_Contig_15667_369	0	1	0.980396	0.993017	0.009159	0.002540
57	LdDocent_Contig_15667_369	1	2	0.019604	0.006983	0.009159	0.002540
58	LdDocent_Contig_92684_428	0	1	0.950008	0.998496	0.014419	0.001218
58	LdDocent_Contig_92684_428	1	2	0.049992	0.001504	0.014419	0.001218
59	LdDocent_Contig_627_11	0	1	0.998017	0.989394	0.002785	0.003098
59	LdDocent_Contig_627_11	1	2	0.001983	0.010606	0.002785	0.003098
60	LdDocent_Contig_168_103	0	1	0.988895	0.770683	0.006985	0.013048
60	LdDocent_Contig_168_103	1	2	0.011105	0.229317	0.006985	0.013048
61	LdDocent_Contig_64552_29	0	1	0.997773	0.872531	0.003142	0.010265
61	LdDocent_Contig_64552_29	1	2	0.002227	0.127469	0.003142	0.010265
62	LdDocent_Contig_1183_492	0	1	0.978779	0.997629	0.009229	0.001484
62	LdDocent_Contig_1183_492	1	2	0.021221	0.002371	0.009229	0.001484
63	LdDocent_Contig_156_432	0	1	0.966839	0.999533	0.011210	0.000659
63	LdDocent_Contig_156_432	1	2	0.033161	0.000467	0.011210	0.000659
64	LdDocent_Contig_80681_384	0	1	0.627997	0.997762	0.034066	0.001410
64	LdDocent_Contig_80681_384	1	2	0.372003	0.002238	0.034066	0.001410
65	LdDocent_Contig_1065_489	0	1	0.990228	0.994965	0.007073	0.002328
65	LdDocent_Contig_1065_489	1	2	0.009772	0.005035	0.007073	0.002328
66	LdDocent_Contig_23377_446	0	1	0.997874	0.992773	0.002990	0.002616
66	LdDocent_Contig_23377_446	1	2	0.002126	0.007227	0.002990	0.002616
67	LdDocent_Contig_1993_364	0	1	0.911643	0.999550	0.017737	0.000632
67	LdDocent_Contig_1993_364	1	2	0.088357	0.000450	0.017737	0.000632
68	LdDocent_Contig_85865_430	0	1	0.997741	0.986540	0.003151	0.003405
68	LdDocent_Contig_85865_430	1	2	0.002259	0.013460	0.003151	0.003405
69	LdDocent_Contig_1022_397	0	1	0.997708	0.989475	0.003186	0.003108
69	LdDocent_Contig_1022_397	1	2	0.002292	0.010525	0.003186	0.003108
70	LdDocent_Contig_3461_11	0	1	0.993825	0.972837	0.005018	0.004919
70	LdDocent_Contig_3461_11	1	2	0.006175	0.027163	0.005018	0.004919
71	LdDocent_Contig_8454_442	0	1	0.997972	0.972578	0.002851	0.004904
71	LdDocent_Contig_8454_442	1	2	0.002028	0.027422	0.002851	0.004904
72	LdDocent_Contig_1875_18	0	2	0.986017	0.835148	0.008514	0.011109
72	LdDocent_Contig_1875_18	1	1	0.013983	0.164852	0.008514	0.011109
73	LdDocent_Contig_265_37	0	1	0.989514	0.957311	0.007507	0.006338
73	LdDocent_Contig_265_37	1	2	0.010486	0.042689	0.007507	0.006338
74	LdDocent_Contig_60825_73	0	1	0.041197	0.981708	0.013795	0.004295
74	LdDocent_Contig_60825_73	1	2	0.958803	0.018292	0.013795	0.004295
75	LdDocent_Contig_928_73	0	1	0.009432	0.993163	0.007083	0.002693
75	LdDocent_Contig_928_73	1	2	0.990568	0.006837	0.007083	0.002693
76	LdDocent_Contig_32861_397	0	1	0.967109	0.995981	0.012713	0.001889
76	LdDocent_Contig_32861_397	1	2	0.032891	0.004019	0.012713	0.001889
77	LdDocent_Contig_12821_467	0	1	0.997772	0.984009	0.003141	0.003776
77	LdDocent_Contig_12821_467	1	2	0.002228	0.015991	0.003141	0.003776
78	LdDocent_Contig_5930_404	0	1	0.997920	0.988466	0.002946	0.003262
78	LdDocent_Contig_5930_404	1	2	0.002080	0.011534	0.002946	0.003262
79	LdDocent_Contig_12779_143	0	1	0.997296	0.988607	0.003630	0.003116
79	LdDocent_Contig_12779_143	1	2	0.002704	0.011393	0.003630	0.003116
80	LdDocent_Contig_600_364	0	1	0.997831	0.992797	0.003047	0.002614
80	LdDocent_Contig_600_364	1	2	0.002169	0.007203	0.003047	0.002614
81	LdDocent_Contig_374_70	0	1	0.956574	0.999593	0.012504	0.000576
81	LdDocent_Contig_374_70	1	2	0.043426	0.000407	0.012504	0.000576
82	LdDocent_Contig_34845_506	0	1	0.975743	0.995065	0.015050	0.002104
82	LdDocent_Contig_34845_506	1	2	0.024257	0.004935	0.015050	0.002104
83	LdDocent_Contig_743_434	0	1	0.882271	0.997544	0.020028	0.001543
83	LdDocent_Contig_743_434	1	2	0.117729	0.002456	0.020028	0.001543
84	LdDocent_Contig_29388_323	0	1	0.883216	0.995621	0.021385	0.002058
84	LdDocent_Contig_29388_323	1	2	0.116784	0.004379	0.021385	0.002058
85	LdDocent_Contig_7170_403	0	1	0.969583	0.913869	0.015294	0.008417
85	LdDocent_Contig_7170_403	1	2	0.030417	0.086131	0.015294	0.008417
86	LdDocent_Contig_64774_370	0	2	0.125999	0.183105	0.021743	0.011808
86	LdDocent_Contig_64774_370	1	1	0.874001	0.816895	0.021743	0.011808
87	LdDocent_Contig_71732_419	0	1	0.997631	0.947831	0.003293	0.006780
87	LdDocent_Contig_71732_419	1	2	0.002369	0.052169	0.003293	0.006780
88	LdDocent_Contig_121_388	0	1	0.997924	0.768154	0.002937	0.012625
88	LdDocent_Contig_121_388	1	2	0.002076	0.231846	0.002937	0.012625
89	LdDocent_Contig_533_139	0	1	0.998012	0.894904	0.002812	0.008950
89	LdDocent_Contig_533_139	1	2	0.001988	0.105096	0.002812	0.008950
90	LdDocent_Contig_93405_379	0	1	0.990618	0.971018	0.005890	0.004944
90	LdDocent_Contig_93405_379	1	2	0.009382	0.028982	0.005890	0.004944
91	LdDocent_Contig_1407_483	0	1	0.998129	0.962487	0.002647	0.005468
91	LdDocent_Contig_1407_483	1	2	0.001871	0.037513	0.002647	0.005468
92	LdDocent_Contig_92624_35	0	1	0.997870	0.987992	0.003005	0.003385
92	LdDocent_Contig_92624_35	1	2	0.002130	0.012008	0.003005	0.003385
93	LdDocent_Contig_36582_322	0	1	0.997969	0.990909	0.002859	0.002787
93	LdDocent_Contig_36582_322	1	2	0.002031	0.009091	0.002859	0.002787
94	LdDocent_Contig_37885_42	0	1	0.993848	0.939725	0.004995	0.007198
94	LdDocent_Contig_37885_42	1	2	0.006152	0.060275	0.004995	0.007198
95	LdDocent_Contig_94380_460	0	1	0.993971	0.993382	0.004894	0.002403
95	LdDocent_Contig_94380_460	1	2	0.006029	0.006618	0.004894	0.002403
96	LdDocent_Contig_506_129	0	1	0.941060	0.999494	0.016817	0.000714
96	LdDocent_Contig_506_129	1	2	0.058940	0.000506	0.016817	0.000714
97	LdDocent_Contig_368_104	0	1	0.988585	0.993229	0.007160	0.002456
97	LdDocent_Contig_368_104	1	2	0.011415	0.006771	0.007160	0.002456
98	LdDocent_Contig_35645_389	0	1	0.973273	0.998657	0.010319	0.001101
98	LdDocent_Contig_35645_389	1	2	0.026727	0.001343	0.010319	0.001101
99	LdDocent_Contig_933_443	0	1	0.994300	0.988973	0.004637	0.003100
99	LdDocent_Contig_933_443	1	2	0.005700	0.011027	0.004637	0.003100
100	LdDocent_Contig_1331_460	0	1	0.010960	0.998183	0.006825	0.001394
100	LdDocent_Contig_1331_460	1	2	0.989040	0.001817	0.006825	0.001394
101	LdDocent_Contig_94840_462	0	1	0.997972	0.846902	0.002863	0.010480
101	LdDocent_Contig_94840_462	1	2	0.002028	0.153098	0.002863	0.010480
102	LdDocent_Contig_71429_310	0	1	0.997883	0.984982	0.002993	0.003766
102	LdDocent_Contig_71429_310	1	2	0.002117	0.015018	0.002993	0.003766
103	LdDocent_Contig_531_334	0	1	0.998035	0.992093	0.002774	0.002703
103	LdDocent_Contig_531_334	1	2	0.001965	0.007907	0.002774	0.002703
104	LdDocent_Contig_95990_58	0	1	0.979467	0.980264	0.009616	0.004432
104	LdDocent_Contig_95990_58	1	2	0.020533	0.019736	0.009616	0.004432
105	LdDocent_Contig_35158_404	0	1	0.914345	0.986086	0.019161	0.003513
105	LdDocent_Contig_35158_404	1	2	0.085655	0.013914	0.019161	0.003513
106	LdDocent_Contig_552_409	0	2	0.994372	0.478311	0.005598	0.014957
106	LdDocent_Contig_552_409	1	1	0.005628	0.521689	0.005598	0.014957
107	LdDocent_Contig_1643_122	0	1	0.002147	0.450296	0.003012	0.015280
107	LdDocent_Contig_1643_122	1	2	0.997853	0.549704	0.003012	0.015280
108	LdDocent_Contig_51875_12	0	1	0.996508	0.990416	0.004594	0.003153
108	LdDocent_Contig_51875_12	1	2	0.003492	0.009584	0.004594	0.003153
109	LdDocent_Contig_1418_406	0	1	0.997728	0.992754	0.003201	0.002623
109	LdDocent_Contig_1418_406	1	2	0.002272	0.007246	0.003201	0.002623
110	LdDocent_Contig_89062_15	0	1	0.997506	0.984406	0.003525	0.003912
110	LdDocent_Contig_89062_15	1	2	0.002494	0.015594	0.003525	0.003912
111	LdDocent_Contig_5625_436	0	1	0.948678	0.999573	0.013585	0.000607
111	LdDocent_Contig_5625_436	1	2	0.051322	0.000427	0.013585	0.000607
112	LdDocent_Contig_85002_61	0	1	0.008411	0.996653	0.006320	0.001777
112	LdDocent_Contig_85002_61	1	2	0.991589	0.003347	0.006320	0.001777
113	LdDocent_Contig_73527_499	0	1	0.998040	0.980058	0.002774	0.004583
113	LdDocent_Contig_73527_499	1	2	0.001960	0.019942	0.002774	0.004583
114	LdDocent_Contig_2270_79	0	1	0.997364	0.959903	0.003702	0.006265
114	LdDocent_Contig_2270_79	1	2	0.002636	0.040097	0.003702	0.006265
115	LdDocent_Contig_32736_374	0	1	0.997669	0.985184	0.003278	0.003854
115	LdDocent_Contig_32736_374	1	2	0.002331	0.014816	0.003278	0.003854
116	LdDocent_Contig_19946_25	0	1	0.949376	0.999518	0.014521	0.000682
116	LdDocent_Contig_19946_25	1	2	0.050624	0.000482	0.014521	0.000682
117	LdDocent_Contig_59418_335	0	1	0.994296	0.987027	0.004636	0.003284
117	LdDocent_Contig_59418_335	1	2	0.005704	0.012973	0.004636	0.003284
118	LdDocent_Contig_2054_505	0	1	0.997501	0.981808	0.003488	0.004196
118	LdDocent_Contig_2054_505	1	2	0.002499	0.018192	0.003488	0.004196
119	LdDocent_Contig_27474_401	0	1	0.997690	0.986166	0.003247	0.003611
119	LdDocent_Contig_27474_401	1	2	0.002310	0.013834	0.003247	0.003611
120	LdDocent_Contig_6274_10	0	1	0.989024	0.994305	0.006892	0.002221
120	LdDocent_Contig_6274_10	1	2	0.010976	0.005695	0.006892	0.002221
121	LdDocent_Contig_1585_417	0	1	0.997797	0.870117	0.003084	0.010392
121	LdDocent_Contig_1585_417	1	2	0.002203	0.129883	0.003084	0.010392
122	LdDocent_Contig_55861_143	0	1	0.997601	0.983554	0.003290	0.003812
122	LdDocent_Contig_55861_143	1	2	0.002399	0.016446	0.003290	0.003812
123	LdDocent_Contig_1648_467	0	1	0.993019	0.987786	0.005696	0.003436
123	LdDocent_Contig_1648_467	1	2	0.006981	0.012214	0.005696	0.003436
124	LdDocent_Contig_1449_38	0	1	0.998085	0.849924	0.002694	0.010818
124	LdDocent_Contig_1449_38	1	2	0.001915	0.150076	0.002694	0.010818
125	LdDocent_Contig_180_462	0	1	0.797372	0.997874	0.024935	0.001346
125	LdDocent_Contig_180_462	1	2	0.202628	0.002126	0.024935	0.001346
126	LdDocent_Contig_36808_102	0	1	0.996620	0.987684	0.004637	0.003361
126	LdDocent_Contig_36808_102	1	2	0.003380	0.012316	0.004637	0.003361
127	LdDocent_Contig_22136_393	0	1	0.389296	0.995866	0.032054	0.002059
127	LdDocent_Contig_22136_393	1	2	0.610704	0.004134	0.032054	0.002059
128	LdDocent_Contig_648_369	0	1	0.832925	0.996954	0.023050	0.001625
128	LdDocent_Contig_648_369	1	2	0.167075	0.003046	0.023050	0.001625
129	LdDocent_Contig_91725_95	0	1	0.997869	0.940676	0.002999	0.007240
129	LdDocent_Contig_91725_95	1	2	0.002131	0.059324	0.002999	0.007240
130	LdDocent_Contig_199_70	0	1	0.945161	0.999099	0.014903	0.001023
130	LdDocent_Contig_199_70	1	2	0.054839	0.000901	0.014903	0.001023
131	LdDocent_Contig_1216_455	0	1	0.998069	0.988860	0.002726	0.003138
131	LdDocent_Contig_1216_455	1	2	0.001931	0.011140	0.002726	0.003138
132	LdDocent_Contig_60398_404	0	1	0.393567	0.790759	0.030186	0.012516
132	LdDocent_Contig_60398_404	1	2	0.606433	0.209241	0.030186	0.012516
133	LdDocent_Contig_14107_449	0	1	0.997863	0.987666	0.003009	0.003475
133	LdDocent_Contig_14107_449	1	2	0.002137	0.012334	0.003009	0.003475
134	LdDocent_Contig_1583_367	0	1	0.973923	0.981251	0.020782	0.004022
134	LdDocent_Contig_1583_367	1	2	0.026077	0.018749	0.020782	0.004022
135	LdDocent_Contig_12530_436	0	1	0.997484	0.979136	0.003538	0.004458
135	LdDocent_Contig_12530_436	1	2	0.002516	0.020864	0.003538	0.004458
136	LdDocent_Contig_7303_480	0	1	0.997654	0.868253	0.003313	0.010546
136	LdDocent_Contig_7303_480	1	2	0.002346	0.131747	0.003313	0.010546
137	LdDocent_Contig_570_56	0	1	0.997959	0.982852	0.002869	0.003846
137	LdDocent_Contig_570_56	1	2	0.002041	0.017148	0.002869	0.003846
138	LdDocent_Contig_60333_358	0	1	0.997314	0.985708	0.003767	0.003731
138	LdDocent_Contig_60333_358	1	2	0.002686	0.014292	0.003767	0.003731
139	LdDocent_Contig_1931_379	0	1	0.997712	0.836557	0.003230	0.011440
139	LdDocent_Contig_1931_379	1	2	0.002288	0.163443	0.003230	0.011440
140	LdDocent_Contig_30286_368	0	1	0.997423	0.970439	0.003620	0.005345
140	LdDocent_Contig_30286_368	1	2	0.002577	0.029561	0.003620	0.005345
141	LdDocent_Contig_88645_448	0	1	0.977110	0.997509	0.009635	0.001573
141	LdDocent_Contig_88645_448	1	2	0.022890	0.002491	0.009635	0.001573
142	LdDocent_Contig_12505_264	0	1	0.997878	0.991690	0.002993	0.002844
142	LdDocent_Contig_12505_264	1	2	0.002122	0.008310	0.002993	0.002844
143	LdDocent_Contig_18722_40	0	1	0.997833	0.944293	0.003041	0.007033
143	LdDocent_Contig_18722_40	1	2	0.002167	0.055707	0.003041	0.007033
144	LdDocent_Contig_80137_105	0	1	0.997851	0.979964	0.003022	0.004383
144	LdDocent_Contig_80137_105	1	2	0.002149	0.020036	0.003022	0.004383
145	LdDocent_Contig_72760_460	0	1	0.970907	0.873269	0.011194	0.010821
145	LdDocent_Contig_72760_460	1	2	0.029093	0.126731	0.011194	0.010821
146	LdDocent_Contig_83009_25	0	1	0.996849	0.981054	0.004424	0.003953
146	LdDocent_Contig_83009_25	1	2	0.003151	0.018946	0.004424	0.003953
147	LdDocent_Contig_6262_459	0	1	0.978257	0.980437	0.019051	0.004085
147	LdDocent_Contig_6262_459	1	2	0.021743	0.019563	0.019051	0.004085
148	LdDocent_Contig_114_407	0	1	0.996636	0.990917	0.004711	0.002926
148	LdDocent_Contig_114_407	1	2	0.003364	0.009083	0.004711	0.002926
149	LdDocent_Contig_64_322	0	1	0.903538	0.986931	0.039808	0.003411
149	LdDocent_Contig_64_322	1	2	0.096462	0.013069	0.039808	0.003411
150	LdDocent_Contig_1068_369	0	1	0.998043	0.981158	0.002739	0.004020
150	LdDocent_Contig_1068_369	1	2	0.001957	0.018842	0.002739	0.004020
151	LdDocent_Contig_817_11	0	1	0.006141	0.498875	0.005005	0.015067
151	LdDocent_Contig_817_11	1	2	0.993859	0.501125	0.005005	0.015067
152	LdDocent_Contig_206_421	0	1	0.826922	0.998774	0.025617	0.001078
152	LdDocent_Contig_206_421	1	2	0.173078	0.001226	0.025617	0.001078
153	LdDocent_Contig_26523_388	0	1	0.990597	0.957078	0.007157	0.006152
153	LdDocent_Contig_26523_388	1	2	0.009403	0.042922	0.007157	0.006152
154	LdDocent_Contig_192_122	0	1	0.997927	0.787629	0.002934	0.012701
154	LdDocent_Contig_192_122	1	2	0.002073	0.212371	0.002934	0.012701
155	LdDocent_Contig_5_345	0	1	0.993137	0.993747	0.008078	0.002369
155	LdDocent_Contig_5_345	1	2	0.006863	0.006253	0.008078	0.002369
156	LdDocent_Contig_55838_22	0	1	0.998026	0.987858	0.002790	0.003283
156	LdDocent_Contig_55838_22	1	2	0.001974	0.012142	0.002790	0.003283
157	LdDocent_Contig_11404_44	0	1	0.997768	0.827555	0.003146	0.011983
157	LdDocent_Contig_11404_44	1	2	0.002232	0.172445	0.003146	0.011983
158	LdDocent_Contig_10416_504	0	1	0.997718	0.987456	0.003219	0.003517
158	LdDocent_Contig_10416_504	1	2	0.002282	0.012544	0.003219	0.003517
159	LdDocent_Contig_61626_397	0	1	0.997853	0.952627	0.003045	0.006770
159	LdDocent_Contig_61626_397	1	2	0.002147	0.047373	0.003045	0.006770
160	LdDocent_Contig_96823_339	0	1	0.995006	0.963158	0.005440	0.005972
160	LdDocent_Contig_96823_339	1	2	0.004994	0.036842	0.005440	0.005972
161	LdDocent_Contig_74392_408	0	1	0.997738	0.993313	0.003188	0.002616
161	LdDocent_Contig_74392_408	1	2	0.002262	0.006687	0.003188	0.002616
162	LdDocent_Contig_35273_124	0	1	0.997931	0.993024	0.002922	0.002548
162	LdDocent_Contig_35273_124	1	2	0.002069	0.006976	0.002922	0.002548
163	LdDocent_Contig_1989_140	0	1	0.957864	0.999547	0.012740	0.000640
163	LdDocent_Contig_1989_140	1	2	0.042136	0.000453	0.012740	0.000640
164	LdDocent_Contig_5506_480	0	1	0.997826	0.976284	0.003058	0.004847
164	LdDocent_Contig_5506_480	1	2	0.002174	0.023716	0.003058	0.004847
165	LdDocent_Contig_9871_137	0	1	0.997979	0.984520	0.002838	0.003661
165	LdDocent_Contig_9871_137	1	2	0.002021	0.015480	0.002838	0.003661
166	LdDocent_Contig_63079_138	0	1	0.980989	0.985390	0.008882	0.003676
166	LdDocent_Contig_63079_138	1	2	0.019011	0.014610	0.008882	0.003676
167	LdDocent_Contig_1284_68	0	1	0.998013	0.990964	0.002823	0.002933
167	LdDocent_Contig_1284_68	1	2	0.001987	0.009036	0.002823	0.002933
168	LdDocent_Contig_626_446	0	1	0.997386	0.989924	0.003661	0.002959
168	LdDocent_Contig_626_446	1	2	0.002614	0.010076	0.003661	0.002959
169	LdDocent_Contig_34076_10	0	1	0.503236	0.998160	0.030490	0.001338
169	LdDocent_Contig_34076_10	1	2	0.496764	0.001840	0.030490	0.001338
170	LdDocent_Contig_14998_119	0	1	0.987785	0.973882	0.007485	0.004962
170	LdDocent_Contig_14998_119	1	2	0.012215	0.026118	0.007485	0.004962
171	LdDocent_Contig_1038_464	0	1	0.440064	0.996926	0.030310	0.001695
171	LdDocent_Contig_1038_464	1	2	0.559936	0.003074	0.030310	0.001695
172	LdDocent_Contig_64892_437	0	1	0.997597	0.990911	0.003377	0.002790
172	LdDocent_Contig_64892_437	1	2	0.002403	0.009089	0.003377	0.002790
173	LdDocent_Contig_6565_37	0	1	0.989926	0.982684	0.006339	0.003886
173	LdDocent_Contig_6565_37	1	2	0.010074	0.017316	0.006339	0.003886
174	LdDocent_Contig_11514_142	0	1	0.499682	0.999492	0.033094	0.000716
174	LdDocent_Contig_11514_142	1	2	0.500318	0.000508	0.033094	0.000716
175	LdDocent_Contig_56278_338	0	1	0.985627	0.949567	0.008947	0.006341
175	LdDocent_Contig_56278_338	1	2	0.014373	0.050433	0.008947	0.006341
176	LdDocent_Contig_6079_434	0	1	0.149101	0.305827	0.022432	0.013660
176	LdDocent_Contig_6079_434	1	2	0.850899	0.694173	0.022432	0.013660
177	LdDocent_Contig_6920_137	0	1	0.998018	0.993189	0.002813	0.002486
177	LdDocent_Contig_6920_137	1	2	0.001982	0.006811	0.002813	0.002486
178	LdDocent_Contig_5644_464	0	1	0.989855	0.994248	0.014151	0.002245
178	LdDocent_Contig_5644_464	1	2	0.010145	0.005752	0.014151	0.002245
179	LdDocent_Contig_164_128	0	2	0.552104	0.483986	0.075192	0.014809
179	LdDocent_Contig_164_128	1	1	0.447896	0.516014	0.075192	0.014809
180	LdDocent_Contig_2767_425	0	1	0.997881	0.992666	0.002983	0.002666
180	LdDocent_Contig_2767_425	1	2	0.002119	0.007334	0.002983	0.002666
181	LdDocent_Contig_2791_386	0	1	0.988596	0.935381	0.007104	0.007195
181	LdDocent_Contig_2791_386	1	2	0.011404	0.064619	0.007104	0.007195
182	LdDocent_Contig_84942_33	0	1	0.985250	0.993912	0.007820	0.002417
182	LdDocent_Contig_84942_33	1	2	0.014750	0.006088	0.007820	0.002417
183	LdDocent_Contig_59677_483	0	1	0.997778	0.988540	0.003130	0.003350
183	LdDocent_Contig_59677_483	1	2	0.002222	0.011460	0.003130	0.003350
184	LdDocent_Contig_790_438	0	1	0.995077	0.988613	0.004772	0.003196
184	LdDocent_Contig_790_438	1	2	0.004923	0.011387	0.004772	0.003196
185	LdDocent_Contig_1056_71	0	1	0.601262	0.995036	0.031572	0.002108
185	LdDocent_Contig_1056_71	1	2	0.398738	0.004964	0.031572	0.002108
186	LdDocent_Contig_93341_74	0	1	0.981139	0.977854	0.008786	0.004401
186	LdDocent_Contig_93341_74	1	2	0.018861	0.022146	0.008786	0.004401
187	LdDocent_Contig_85118_145	0	1	0.544287	0.973287	0.068736	0.004787
187	LdDocent_Contig_85118_145	1	2	0.455713	0.026713	0.068736	0.004787
188	LdDocent_Contig_6351_135	0	1	0.997813	0.992947	0.003088	0.002412
188	LdDocent_Contig_6351_135	1	2	0.002187	0.007053	0.003088	0.002412
189	LdDocent_Contig_1563_72	0	1	0.997944	0.983218	0.002885	0.003984
189	LdDocent_Contig_1563_72	1	2	0.002056	0.016782	0.002885	0.003984
190	LdDocent_Contig_13051_144	0	1	0.997617	0.972486	0.003318	0.004845
190	LdDocent_Contig_13051_144	1	2	0.002383	0.027514	0.003318	0.004845
191	LdDocent_Contig_74460_38	0	1	0.997790	0.964616	0.003106	0.005675
191	LdDocent_Contig_74460_38	1	2	0.002210	0.035384	0.003106	0.005675
192	LdDocent_Contig_56615_443	0	1	0.981762	0.984923	0.008489	0.003625
192	LdDocent_Contig_56615_443	1	2	0.018238	0.015077	0.008489	0.003625
193	LdDocent_Contig_969_369	0	1	0.969574	0.999539	0.010902	0.000649
193	LdDocent_Contig_969_369	1	2	0.030426	0.000461	0.010902	0.000649
194	LdDocent_Contig_69170_362	0	1	0.997916	0.953219	0.002949	0.006427
194	LdDocent_Contig_69170_362	1	2	0.002084	0.046781	0.002949	0.006427
195	LdDocent_Contig_96182_330	0	1	0.990816	0.837576	0.006597	0.011220
195	LdDocent_Contig_96182_330	1	2	0.009184	0.162424	0.006597	0.011220
196	LdDocent_Contig_87255_456	0	1	0.997813	0.984935	0.003074	0.003793
196	LdDocent_Contig_87255_456	1	2	0.002187	0.015065	0.003074	0.003793
197	LdDocent_Contig_72874_463	0	1	0.990587	0.991813	0.013111	0.002648
197	LdDocent_Contig_72874_463	1	2	0.009413	0.008187	0.013111	0.002648
198	LdDocent_Contig_2985_333	0	1	0.433723	0.834001	0.031436	0.011097
198	LdDocent_Contig_2985_333	1	2	0.566277	0.165999	0.031436	0.011097
199	LdDocent_Contig_19045_63	0	1	0.993234	0.991132	0.005495	0.002871
199	LdDocent_Contig_19045_63	1	2	0.006766	0.008868	0.005495	0.002871
