999901_sweeps	1.000/0.000/0.000/0.000	0.000/0.000/0.000/1.000	0.000/0.500/0.500/0.000	0.250/0.250/0.250/0.250	0.500/0.250/0.250/0.000	0.000/0.250/0.250/0.500
1	0.00000	1.00000	0.00000	0.00000	0.00000	0.00000
2	0.00000	0.99961	0.00000	0.00000	0.00000	0.00039
3	0.00000	0.99995	0.00000	0.00000	0.00000	0.00005
4	0.00000	0.95382	0.00000	0.00145	0.00000	0.04474
5	0.00000	0.99993	0.00000	0.00000	0.00000	0.00007
6	0.00000	0.99981	0.00000	0.00000	0.00000	0.00019
7	0.00000	0.99987	0.00000	0.00000	0.00000	0.00013
8	0.00000	0.99999	0.00000	0.00000	0.00000	0.00001
9	0.00000	0.99999	0.00000	0.00000	0.00000	0.00001
10	0.00000	0.00000	0.00000	0.00033	0.99967	0.00000
11	0.99999	0.00000	0.00000	0.00000	0.00001	0.00000
12	0.00000	0.97152	0.00000	0.00076	0.00000	0.02772
13	0.00000	0.99999	0.00000	0.00000	0.00000	0.00001
14	0.00000	1.00000	0.00000	0.00000	0.00000	0.00000
15	0.00000	0.99996	0.00000	0.00000	0.00000	0.00004
16	0.00000	0.99935	0.00000	0.00000	0.00000	0.00065
17	0.99998	0.00000	0.00000	0.00000	0.00002	0.00000
18	0.97786	0.00000	0.00000	0.00049	0.02166	0.00000
19	0.00000	0.95306	0.00000	0.00150	0.00000	0.04544
20	0.99999	0.00000	0.00000	0.00000	0.00001	0.00000
21	0.36947	0.02460	0.09434	0.18432	0.26011	0.06716
22	0.00000	0.99930	0.00000	0.00000	0.00000	0.00070
23	0.99263	0.00000	0.00000	0.00004	0.00733	0.00000
24	0.99999	0.00000	0.00000	0.00000	0.00001	0.00000
25	1.00000	0.00000	0.00000	0.00000	0.00000	0.00000
26	0.00000	0.99996	0.00000	0.00000	0.00000	0.00004
27	0.00000	0.99997	0.00000	0.00000	0.00000	0.00003
28	0.00000	0.89155	0.00000	0.00000	0.00000	0.10845
29	0.00000	0.99999	0.00000	0.00000	0.00000	0.00001
30	0.99998	0.00000	0.00000	0.00000	0.00002	0.00000
31	0.99999	0.00000	0.00000	0.00000	0.00001	0.00000
32	0.00000	0.99545	0.00000	0.00002	0.00000	0.00453
33	0.99825	0.00000	0.00000	0.00000	0.00175	0.00000
34	0.00000	0.76461	0.00007	0.04661	0.00002	0.18870
35	0.00000	0.98487	0.00000	0.00023	0.00000	0.01490
36	0.00000	0.99992	0.00000	0.00000	0.00000	0.00008
37	0.99998	0.00000	0.00000	0.00000	0.00002	0.00000
38	0.99992	0.00000	0.00000	0.00000	0.00008	0.00000
39	0.00000	0.99999	0.00000	0.00000	0.00000	0.00001
40	0.00000	0.99999	0.00000	0.00000	0.00000	0.00001
41	0.00000	0.99999	0.00000	0.00000	0.00000	0.00001
42	0.00000	0.99997	0.00000	0.00000	0.00000	0.00003
43	0.97319	0.00000	0.00000	0.00000	0.02681	0.00000
44	0.00000	0.99961	0.00000	0.00000	0.00000	0.00039
45	1.00000	0.00000	0.00000	0.00000	0.00000	0.00000
46	0.00000	1.00000	0.00000	0.00000	0.00000	0.00000
47	0.00000	0.99999	0.00000	0.00000	0.00000	0.00001
48	0.99999	0.00000	0.00000	0.00000	0.00001	0.00000
49	0.95590	0.00000	0.00000	0.00003	0.04407	0.00000
50	0.00000	0.92154	0.00000	0.00391	0.00000	0.07455
51	0.00000	1.00000	0.00000	0.00000	0.00000	0.00000
52	0.00000	1.00000	0.00000	0.00000	0.00000	0.00000
53	0.97210	0.00000	0.00000	0.00011	0.02780	0.00000
54	0.00000	1.00000	0.00000	0.00000	0.00000	0.00000
55	0.00000	0.99996	0.00000	0.00000	0.00000	0.00004
56	0.00012	0.00000	0.00003	0.98928	0.00918	0.00140
57	0.00000	0.99999	0.00000	0.00000	0.00000	0.00001
58	0.00000	0.99999	0.00000	0.00000	0.00000	0.00001
59	0.00000	0.99654	0.00000	0.00000	0.00000	0.00346
60	0.00000	0.99999	0.00000	0.00000	0.00000	0.00001
61	0.00000	1.00000	0.00000	0.00000	0.00000	0.00000
62	0.00000	0.99972	0.00000	0.00000	0.00000	0.00028
63	0.00000	1.00000	0.00000	0.00000	0.00000	0.00000
64	0.00000	0.99999	0.00000	0.00000	0.00000	0.00001
65	0.00000	0.99761	0.00000	0.00000	0.00000	0.00238
66	0.99985	0.00000	0.00000	0.00000	0.00015	0.00000
67	0.00000	1.00000	0.00000	0.00000	0.00000	0.00000
68	0.00000	0.96703	0.00000	0.00000	0.00000	0.03297
69	0.00000	0.73980	0.00157	0.05060	0.00030	0.20773
70	0.00000	0.99589	0.00000	0.00002	0.00000	0.00409
71	0.00000	0.99999	0.00000	0.00000	0.00000	0.00001
72	0.00000	1.00000	0.00000	0.00000	0.00000	0.00000
73	0.00000	0.99977	0.00000	0.00000	0.00000	0.00023
74	0.00000	1.00000	0.00000	0.00000	0.00000	0.00000
75	0.00000	1.00000	0.00000	0.00000	0.00000	0.00000
76	0.00000	0.99998	0.00000	0.00000	0.00000	0.00002
77	0.99981	0.00000	0.00000	0.00000	0.00019	0.00000
78	1.00000	0.00000	0.00000	0.00000	0.00000	0.00000
79	0.99993	0.00000	0.00000	0.00000	0.00007	0.00000
80	0.00000	0.00005	0.00000	0.97467	0.00000	0.02528
81	0.00000	0.99862	0.00000	0.00000	0.00000	0.00138
82	0.80482	0.00000	0.00001	0.03282	0.16236	0.00000
83	0.99995	0.00000	0.00000	0.00000	0.00005	0.00000
84	0.00000	0.99959	0.00000	0.00000	0.00000	0.00041
85	0.99999	0.00000	0.00000	0.00000	0.00001	0.00000
86	0.99999	0.00000	0.00000	0.00000	0.00001	0.00000
87	0.00000	0.99999	0.00000	0.00000	0.00000	0.00001
88	0.99992	0.00000	0.00000	0.00000	0.00008	0.00000
89	0.00000	0.99983	0.00000	0.00000	0.00000	0.00017
90	0.00000	0.99974	0.00000	0.00000	0.00000	0.00026
91	0.97783	0.00000	0.00000	0.00034	0.02184	0.00000
92	0.00000	0.00000	0.00000	0.00093	0.00000	0.99907
93	0.00000	0.99999	0.00000	0.00000	0.00000	0.00001
94	0.98684	0.00000	0.00000	0.00014	0.01303	0.00000
95	0.00000	0.99992	0.00000	0.00000	0.00000	0.00008
96	0.00000	0.99994	0.00000	0.00000	0.00000	0.00006
97	0.99982	0.00000	0.00000	0.00000	0.00018	0.00000
98	0.00000	0.96483	0.00000	0.00001	0.00000	0.03516
99	0.14330	0.18459	0.16232	0.17341	0.15753	0.17885
100	0.00000	0.99999	0.00000	0.00000	0.00000	0.00001
101	0.00000	1.00000	0.00000	0.00000	0.00000	0.00000
102	0.00000	0.99997	0.00000	0.00000	0.00000	0.00003
103	0.00000	0.99999	0.00000	0.00000	0.00000	0.00001
104	0.00000	0.99988	0.00000	0.00000	0.00000	0.00012
105	0.00000	0.97284	0.00000	0.00072	0.00000	0.02644
106	0.00000	0.99999	0.00000	0.00000	0.00000	0.00001
107	0.00000	1.00000	0.00000	0.00000	0.00000	0.00000
108	1.00000	0.00000	0.00000	0.00000	0.00000	0.00000
109	0.00000	1.00000	0.00000	0.00000	0.00000	0.00000
110	0.00000	1.00000	0.00000	0.00000	0.00000	0.00000
111	0.00000	0.99999	0.00000	0.00000	0.00000	0.00001
112	0.98298	0.00000	0.00000	0.00000	0.01702	0.00000
113	0.99772	0.00000	0.00000	0.00000	0.00227	0.00000
114	0.00000	0.99997	0.00000	0.00000	0.00000	0.00003
115	0.00000	0.99994	0.00000	0.00000	0.00000	0.00006
116	0.00000	0.00000	0.00000	0.00046	0.99953	0.00000
117	0.00000	0.99999	0.00000	0.00000	0.00000	0.00001
118	0.99756	0.00000	0.00000	0.00000	0.00244	0.00000
119	0.99997	0.00000	0.00000	0.00000	0.00003	0.00000
120	0.00000	0.99998	0.00000	0.00000	0.00000	0.00002
121	0.00000	0.99999	0.00000	0.00000	0.00000	0.00001
122	0.00000	0.99959	0.00000	0.00000	0.00000	0.00041
123	0.00652	0.05895	0.01882	0.65708	0.06413	0.19450
124	0.00000	0.99932	0.00000	0.00000	0.00000	0.00068
125	0.00000	0.99926	0.00000	0.00000	0.00000	0.00074
126	0.00000	0.99998	0.00000	0.00000	0.00000	0.00002
127	0.00000	1.00000	0.00000	0.00000	0.00000	0.00000
128	0.00000	0.99980	0.00000	0.00000	0.00000	0.00020
129	0.00000	0.99948	0.00000	0.00000	0.00000	0.00052
130	0.00000	0.85364	0.00000	0.00002	0.00000	0.14634
131	0.99869	0.00000	0.00000	0.00000	0.00131	0.00000
132	0.00000	0.99996	0.00000	0.00000	0.00000	0.00004
133	0.00000	0.99989	0.00000	0.00000	0.00000	0.00011
134	0.00000	0.99991	0.00000	0.00000	0.00000	0.00009
135	0.00000	0.99999	0.00000	0.00000	0.00000	0.00001
136	0.00000	0.99999	0.00000	0.00000	0.00000	0.00001
137	0.00000	0.99976	0.00000	0.00000	0.00000	0.00024
138	0.99902	0.00000	0.00000	0.00000	0.00098	0.00000
139	0.99490	0.00000	0.00000	0.00000	0.00510	0.00000
140	0.99999	0.00000	0.00000	0.00000	0.00001	0.00000
141	0.00001	0.00000	0.00000	0.99377	0.00622	0.00000
142	0.98128	0.00000	0.00000	0.00000	0.01872	0.00000
143	0.00000	0.99993	0.00000	0.00000	0.00000	0.00007
144	1.00000	0.00000	0.00000	0.00000	0.00000	0.00000
145	0.98605	0.00000	0.00000	0.00000	0.01395	0.00000
146	0.99995	0.00000	0.00000	0.00000	0.00005	0.00000
147	0.99998	0.00000	0.00000	0.00000	0.00002	0.00000
148	1.00000	0.00000	0.00000	0.00000	0.00000	0.00000
149	0.99613	0.00000	0.00000	0.00001	0.00386	0.00000
150	0.99992	0.00000	0.00000	0.00000	0.00008	0.00000
151	0.00000	0.99938	0.00000	0.00000	0.00000	0.00062
152	0.14038	0.19480	0.16524	0.16659	0.15289	0.18011
153	0.00000	0.99420	0.00000	0.00002	0.00000	0.00579
154	0.00000	0.99939	0.00000	0.00000	0.00000	0.00061
155	0.00000	0.99962	0.00000	0.00000	0.00000	0.00038
156	0.00000	0.99999	0.00000	0.00000	0.00000	0.00001
157	0.00000	1.00000	0.00000	0.00000	0.00000	0.00000
158	0.00000	1.00000	0.00000	0.00000	0.00000	0.00000
159	0.00000	0.99995	0.00000	0.00000	0.00000	0.00005
160	0.00000	0.99965	0.00000	0.00000	0.00000	0.00035
161	0.00000	1.00000	0.00000	0.00000	0.00000	0.00000
162	0.99588	0.00000	0.00000	0.00000	0.00412	0.00000
163	0.00000	1.00000	0.00000	0.00000	0.00000	0.00000
164	0.00000	0.99982	0.00000	0.00000	0.00000	0.00018
165	0.00000	0.93337	0.00000	0.00265	0.00000	0.06397
166	0.99999	0.00000	0.00000	0.00000	0.00001	0.00000
167	0.99988	0.00000	0.00000	0.00000	0.00012	0.00000
168	0.99996	0.00000	0.00000	0.00000	0.00004	0.00000
169	0.00000	0.99998	0.00000	0.00000	0.00000	0.00002
170	0.00000	0.99971	0.00000	0.00000	0.00000	0.00029
171	0.00000	1.00000	0.00000	0.00000	0.00000	0.00000
172	0.00000	0.99996	0.00000	0.00000	0.00000	0.00004
173	0.99959	0.00000	0.00000	0.00000	0.00041	0.00000
174	0.00000	0.99998	0.00000	0.00000	0.00000	0.00002
175	0.00000	0.99993	0.00000	0.00000	0.00000	0.00007
176	0.00000	1.00000	0.00000	0.00000	0.00000	0.00000
177	0.00000	0.99982	0.00000	0.00000	0.00000	0.00018
178	0.99997	0.00000	0.00000	0.00000	0.00003	0.00000
179	0.99998	0.00000	0.00000	0.00000	0.00002	0.00000
180	0.00000	0.99992	0.00000	0.00000	0.00000	0.00008
181	0.00000	1.00000	0.00000	0.00000	0.00000	0.00000
182	0.99929	0.00000	0.00000	0.00000	0.00071	0.00000
183	0.00000	0.04314	0.00000	0.00010	0.00000	0.95676
184	0.00000	0.99999	0.00000	0.00000	0.00000	0.00001
185	0.00000	0.99997	0.00000	0.00000	0.00000	0.00003
186	0.99992	0.00000	0.00000	0.00000	0.00008	0.00000
187	0.00000	0.99957	0.00000	0.00000	0.00000	0.00043
188	0.00000	0.99205	0.00000	0.00000	0.00000	0.00795
189	0.00000	0.99972	0.00000	0.00000	0.00000	0.00028
190	0.00000	0.99801	0.00000	0.00000	0.00000	0.00198
191	1.00000	0.00000	0.00000	0.00000	0.00000	0.00000
192	0.99991	0.00000	0.00000	0.00000	0.00009	0.00000
193	0.99638	0.00000	0.00000	0.00000	0.00362	0.00000
194	0.00000	0.99996	0.00000	0.00000	0.00000	0.00004
195	0.00000	0.99978	0.00000	0.00000	0.00000	0.00022
196	0.00000	0.99998	0.00000	0.00000	0.00000	0.00002
197	0.00000	0.99362	0.00000	0.00004	0.00000	0.00634
198	0.00000	0.99998	0.00000	0.00000	0.00000	0.00002
199	0.00000	0.99982	0.00000	0.00000	0.00000	0.00018
200	0.00000	0.00000	0.99973	0.00012	0.00000	0.00015
201	0.00000	0.99995	0.00000	0.00000	0.00000	0.00005
202	0.00000	0.99995	0.00000	0.00000	0.00000	0.00005
203	0.00000	0.97600	0.00000	0.00049	0.00000	0.02351
204	0.00000	0.99998	0.00000	0.00000	0.00000	0.00002
205	0.00000	0.99983	0.00000	0.00000	0.00000	0.00017
206	0.00000	0.99998	0.00000	0.00000	0.00000	0.00002
207	0.00000	0.99999	0.00000	0.00000	0.00000	0.00001
208	0.00000	1.00000	0.00000	0.00000	0.00000	0.00000
209	0.00000	0.99966	0.00000	0.00000	0.00000	0.00034
210	0.00000	0.99996	0.00000	0.00000	0.00000	0.00004
211	0.00000	0.08918	0.00000	0.00011	0.00000	0.91071
212	0.00000	0.99859	0.00000	0.00000	0.00000	0.00141
213	0.98829	0.00000	0.00000	0.00000	0.01171	0.00000
214	0.99003	0.00000	0.00000	0.00000	0.00997	0.00000
215	0.00000	0.99979	0.00000	0.00000	0.00000	0.00021
216	0.00000	0.99998	0.00000	0.00000	0.00000	0.00002
217	0.00000	1.00000	0.00000	0.00000	0.00000	0.00000
218	0.00000	0.99998	0.00000	0.00000	0.00000	0.00002
219	0.00000	1.00000	0.00000	0.00000	0.00000	0.00000
220	0.00000	0.74563	0.00044	0.05378	0.00012	0.20004
221	0.00000	0.99917	0.00000	0.00000	0.00000	0.00083
222	0.00000	1.00000	0.00000	0.00000	0.00000	0.00000
223	0.00000	0.99930	0.00000	0.00000	0.00000	0.00070
224	0.00000	0.99999	0.00000	0.00000	0.00000	0.00001
225	0.00000	0.99995	0.00000	0.00000	0.00000	0.00005
226	0.99998	0.00000	0.00000	0.00000	0.00002	0.00000
227	0.00000	1.00000	0.00000	0.00000	0.00000	0.00000
228	0.00000	0.99553	0.00000	0.00001	0.00000	0.00446
229	0.16321	0.00000	0.00004	0.10800	0.72876	0.00000
230	0.00000	1.00000	0.00000	0.00000	0.00000	0.00000
231	0.00000	1.00000	0.00000	0.00000	0.00000	0.00000
232	0.00000	0.97711	0.00000	0.00050	0.00000	0.02239
233	0.99998	0.00000	0.00000	0.00000	0.00002	0.00000
234	0.00000	0.99998	0.00000	0.00000	0.00000	0.00002
235	0.00000	0.99998	0.00000	0.00000	0.00000	0.00002
236	0.00000	0.99990	0.00000	0.00000	0.00000	0.00010
237	0.00000	0.99994	0.00000	0.00000	0.00000	0.00006
238	0.00000	1.00000	0.00000	0.00000	0.00000	0.00000
239	1.00000	0.00000	0.00000	0.00000	0.00000	0.00000
240	0.99999	0.00000	0.00000	0.00000	0.00001	0.00000
241	0.99997	0.00000	0.00000	0.00000	0.00003	0.00000
242	0.99999	0.00000	0.00000	0.00000	0.00001	0.00000
243	0.00000	0.99999	0.00000	0.00000	0.00000	0.00001
244	1.00000	0.00000	0.00000	0.00000	0.00000	0.00000
245	0.99854	0.00000	0.00000	0.00000	0.00146	0.00000
246	0.00000	0.99492	0.00000	0.00001	0.00000	0.00507
247	0.00000	1.00000	0.00000	0.00000	0.00000	0.00000
248	0.00000	0.99983	0.00000	0.00000	0.00000	0.00017
249	0.00000	0.99996	0.00000	0.00000	0.00000	0.00004
250	0.00000	1.00000	0.00000	0.00000	0.00000	0.00000
251	0.00000	0.99999	0.00000	0.00000	0.00000	0.00001
252	0.00000	1.00000	0.00000	0.00000	0.00000	0.00000
253	0.00000	1.00000	0.00000	0.00000	0.00000	0.00000
254	0.00000	1.00000	0.00000	0.00000	0.00000	0.00000
255	0.00000	0.99992	0.00000	0.00000	0.00000	0.00008
256	0.00000	0.80404	0.00000	0.00059	0.00000	0.19537
257	0.00000	1.00000	0.00000	0.00000	0.00000	0.00000
258	0.00000	0.99997	0.00000	0.00000	0.00000	0.00003
259	0.00000	0.99997	0.00000	0.00000	0.00000	0.00003
260	0.00000	0.90771	0.00000	0.00719	0.00000	0.08510
261	0.00000	0.99999	0.00000	0.00000	0.00000	0.00001
262	0.00000	0.99998	0.00000	0.00000	0.00000	0.00002
263	0.00000	0.99898	0.00000	0.00000	0.00000	0.00102
264	0.00000	1.00000	0.00000	0.00000	0.00000	0.00000
265	0.00013	0.00695	0.00066	0.90892	0.00861	0.07473
266	0.00000	1.00000	0.00000	0.00000	0.00000	0.00000
267	0.00000	0.99544	0.00000	0.00000	0.00000	0.00456
268	0.00000	1.00000	0.00000	0.00000	0.00000	0.00000
269	0.00000	0.99976	0.00000	0.00000	0.00000	0.00024
270	0.00000	0.99999	0.00000	0.00000	0.00000	0.00001
271	0.00000	0.99997	0.00000	0.00000	0.00000	0.00003
272	0.00000	0.99924	0.00000	0.00000	0.00000	0.00076
273	0.00000	0.99981	0.00000	0.00000	0.00000	0.00019
274	0.00000	0.99999	0.00000	0.00000	0.00000	0.00001
275	0.00000	0.99999	0.00000	0.00000	0.00000	0.00001
276	0.00000	0.99970	0.00000	0.00000	0.00000	0.00030
277	0.00000	0.99965	0.00000	0.00000	0.00000	0.00035
278	0.00000	0.99999	0.00000	0.00000	0.00000	0.00001
279	0.00000	0.99986	0.00000	0.00000	0.00000	0.00014
280	0.00000	0.99993	0.00000	0.00000	0.00000	0.00007
281	0.00000	0.99790	0.00000	0.00000	0.00000	0.00210
282	0.00000	0.99998	0.00000	0.00000	0.00000	0.00002
283	1.00000	0.00000	0.00000	0.00000	0.00000	0.00000
284	0.00000	0.99718	0.00000	0.00001	0.00000	0.00281
285	0.00000	0.99939	0.00000	0.00000	0.00000	0.00061
286	0.00000	0.99995	0.00000	0.00000	0.00000	0.00005
287	0.00000	0.99996	0.00000	0.00000	0.00000	0.00004
288	0.00000	0.99999	0.00000	0.00000	0.00000	0.00001
289	0.00000	0.99931	0.00000	0.00000	0.00000	0.00069
290	0.00000	0.99998	0.00000	0.00000	0.00000	0.00002
291	0.00000	0.99999	0.00000	0.00000	0.00000	0.00001
292	0.00000	0.99979	0.00000	0.00000	0.00000	0.00021
293	0.00000	0.99957	0.00000	0.00000	0.00000	0.00043
294	0.00000	0.99997	0.00000	0.00000	0.00000	0.00003
295	0.00000	0.99998	0.00000	0.00000	0.00000	0.00002
296	0.99998	0.00000	0.00000	0.00000	0.00002	0.00000
297	0.00000	0.99980	0.00000	0.00000	0.00000	0.00020
298	0.00000	0.98757	0.00000	0.00017	0.00000	0.01226
299	0.99995	0.00000	0.00000	0.00000	0.00005	0.00000
300	0.00000	0.98779	0.00000	0.00006	0.00000	0.01215
301	0.00000	0.99998	0.00000	0.00000	0.00000	0.00002
302	0.00000	0.99999	0.00000	0.00000	0.00000	0.00001
303	0.00000	1.00000	0.00000	0.00000	0.00000	0.00000
304	0.00000	0.99997	0.00000	0.00000	0.00000	0.00003
305	0.00000	0.99997	0.00000	0.00000	0.00000	0.00003
306	0.00000	0.99594	0.00000	0.00001	0.00000	0.00405
307	0.00000	0.99998	0.00000	0.00000	0.00000	0.00002
308	0.00000	1.00000	0.00000	0.00000	0.00000	0.00000
309	0.00000	0.99929	0.00000	0.00000	0.00000	0.00071
310	0.00000	0.99990	0.00000	0.00000	0.00000	0.00010
311	0.00000	0.90443	0.00000	0.00850	0.00000	0.08707
312	0.00000	0.99999	0.00000	0.00000	0.00000	0.00001
313	0.00000	0.99998	0.00000	0.00000	0.00000	0.00002
314	0.00000	0.99984	0.00000	0.00000	0.00000	0.00016
315	0.00000	0.97295	0.00000	0.00001	0.00000	0.02704
316	0.00000	1.00000	0.00000	0.00000	0.00000	0.00000
317	0.00000	1.00000	0.00000	0.00000	0.00000	0.00000
318	0.00000	0.99999	0.00000	0.00000	0.00000	0.00001
319	0.00000	0.99517	0.00000	0.00000	0.00000	0.00483
320	0.00000	0.99999	0.00000	0.00000	0.00000	0.00001
321	0.00000	0.99838	0.00000	0.00000	0.00000	0.00162
322	0.00000	0.99998	0.00000	0.00000	0.00000	0.00002
323	0.00000	0.98254	0.00000	0.00000	0.00000	0.01745
324	0.00000	1.00000	0.00000	0.00000	0.00000	0.00000
325	0.00000	0.96159	0.00000	0.00000	0.00000	0.03841
326	0.00000	0.99811	0.00000	0.00000	0.00000	0.00188
327	0.00000	1.00000	0.00000	0.00000	0.00000	0.00000
328	0.00000	0.99983	0.00000	0.00000	0.00000	0.00017
329	0.00000	0.99994	0.00000	0.00000	0.00000	0.00006
330	0.00000	0.74514	0.00028	0.05377	0.00008	0.20073
331	0.00000	0.99999	0.00000	0.00000	0.00000	0.00001
332	0.00000	1.00000	0.00000	0.00000	0.00000	0.00000
333	0.00000	0.99689	0.00000	0.00001	0.00000	0.00310
334	0.00000	1.00000	0.00000	0.00000	0.00000	0.00000
335	0.00000	0.99682	0.00000	0.00000	0.00000	0.00318
336	0.00077	0.54074	0.01933	0.14713	0.01014	0.28190
337	0.00000	0.99990	0.00000	0.00000	0.00000	0.00010
338	0.00000	0.99996	0.00000	0.00000	0.00000	0.00004
339	0.00000	0.99999	0.00000	0.00000	0.00000	0.00001
340	0.00000	0.00000	0.99982	0.00011	0.00000	0.00007
341	0.00000	0.99964	0.00000	0.00000	0.00000	0.00036
342	0.00000	0.99997	0.00000	0.00000	0.00000	0.00003
343	0.00000	0.00000	0.00000	0.00343	0.00000	0.99657
344	0.00000	0.58202	0.00000	0.00226	0.00000	0.41572
345	0.00000	0.99998	0.00000	0.00000	0.00000	0.00002
346	0.00000	0.85157	0.00005	0.01840	0.00001	0.12998
347	0.00000	0.00000	0.00000	0.70250	0.00000	0.29750
348	0.00000	0.99967	0.00000	0.00000	0.00000	0.00033
349	0.00000	0.99996	0.00000	0.00000	0.00000	0.00004
350	0.00000	0.99998	0.00000	0.00000	0.00000	0.00002
351	0.00000	0.99885	0.00000	0.00000	0.00000	0.00115
352	0.00000	1.00000	0.00000	0.00000	0.00000	0.00000
353	0.00000	0.99263	0.00000	0.00004	0.00000	0.00733
354	0.00044	0.66650	0.01671	0.07989	0.00582	0.23063
355	0.99991	0.00000	0.00000	0.00000	0.00009	0.00000
356	0.00000	0.99999	0.00000	0.00000	0.00000	0.00001
357	0.00000	0.99937	0.00000	0.00000	0.00000	0.00063
358	0.00000	0.74521	0.00060	0.05381	0.00016	0.20021
359	0.00000	0.97514	0.00000	0.00000	0.00000	0.02486
360	0.00000	0.99987	0.00000	0.00000	0.00000	0.00013
361	0.99998	0.00000	0.00000	0.00000	0.00002	0.00000
362	0.99880	0.00000	0.00000	0.00000	0.00120	0.00000
363	0.00000	0.99969	0.00000	0.00000	0.00000	0.00031
364	0.00000	0.99698	0.00000	0.00001	0.00000	0.00301
365	0.00000	0.99275	0.00000	0.00000	0.00000	0.00725
366	0.00000	0.99944	0.00000	0.00000	0.00000	0.00056
367	0.00000	0.99998	0.00000	0.00000	0.00000	0.00002
368	0.99997	0.00000	0.00000	0.00000	0.00003	0.00000
369	0.00000	0.99999	0.00000	0.00000	0.00000	0.00001
370	0.00000	0.99999	0.00000	0.00000	0.00000	0.00001
371	0.00000	0.99953	0.00000	0.00000	0.00000	0.00047
372	0.00000	0.99998	0.00000	0.00000	0.00000	0.00002
373	0.00000	0.91993	0.00000	0.00600	0.00000	0.07407
374	0.99997	0.00000	0.00000	0.00000	0.00003	0.00000
375	0.00000	0.99983	0.00000	0.00000	0.00000	0.00017
376	0.12452	0.21504	0.16348	0.16517	0.14337	0.18842
377	0.99945	0.00000	0.00000	0.00000	0.00055	0.00000
378	0.99360	0.00000	0.00000	0.00003	0.00638	0.00000
379	0.00000	1.00000	0.00000	0.00000	0.00000	0.00000
380	0.00000	0.99997	0.00000	0.00000	0.00000	0.00003
381	0.00000	0.99995	0.00000	0.00000	0.00000	0.00005
382	0.99430	0.00000	0.00000	0.00000	0.00570	0.00000
383	0.00000	0.99997	0.00000	0.00000	0.00000	0.00003
384	0.00000	1.00000	0.00000	0.00000	0.00000	0.00000
385	0.00000	0.99895	0.00000	0.00000	0.00000	0.00105
386	0.00000	0.99998	0.00000	0.00000	0.00000	0.00002
387	0.98699	0.00000	0.00000	0.00005	0.01296	0.00000
388	0.00000	1.00000	0.00000	0.00000	0.00000	0.00000
389	0.00000	0.99996	0.00000	0.00000	0.00000	0.00004
390	0.00000	0.99998	0.00000	0.00000	0.00000	0.00002
391	0.00000	0.94791	0.00000	0.00321	0.00000	0.04887
392	0.00000	0.57560	0.00000	0.00444	0.00000	0.41995
393	0.00000	0.99980	0.00000	0.00000	0.00000	0.00020
394	0.00000	1.00000	0.00000	0.00000	0.00000	0.00000
395	0.00000	1.00000	0.00000	0.00000	0.00000	0.00000
396	0.00000	0.99957	0.00000	0.00000	0.00000	0.00043
397	0.00000	1.00000	0.00000	0.00000	0.00000	0.00000
398	0.00000	0.79892	0.00009	0.03466	0.00002	0.16632
399	0.00000	0.99989	0.00000	0.00000	0.00000	0.00011
400	0.00000	0.99999	0.00000	0.00000	0.00000	0.00001
401	0.48366	0.01503	0.08498	0.12606	0.24682	0.04346
402	0.00000	0.99999	0.00000	0.00000	0.00000	0.00001
403	0.00000	0.99971	0.00000	0.00000	0.00000	0.00029
404	0.00000	0.99962	0.00000	0.00000	0.00000	0.00038
405	0.00000	0.99999	0.00000	0.00000	0.00000	0.00001
406	0.00000	1.00000	0.00000	0.00000	0.00000	0.00000
407	0.00000	0.99999	0.00000	0.00000	0.00000	0.00001
408	0.00000	0.99998	0.00000	0.00000	0.00000	0.00002
409	0.00000	0.99997	0.00000	0.00000	0.00000	0.00003
410	0.00000	0.99999	0.00000	0.00000	0.00000	0.00001
411	1.00000	0.00000	0.00000	0.00000	0.00000	0.00000
412	0.00000	1.00000	0.00000	0.00000	0.00000	0.00000
413	0.00000	0.99981	0.00000	0.00000	0.00000	0.00019
414	0.00000	0.99996	0.00000	0.00000	0.00000	0.00004
415	0.00000	0.99323	0.00000	0.00005	0.00000	0.00672
416	0.00000	0.99937	0.00000	0.00000	0.00000	0.00063
417	0.00000	0.99888	0.00000	0.00000	0.00000	0.00112
418	0.00000	0.99998	0.00000	0.00000	0.00000	0.00002
419	0.00000	0.99999	0.00000	0.00000	0.00000	0.00001
420	0.00000	0.99989	0.00000	0.00000	0.00000	0.00011
421	0.00000	0.99998	0.00000	0.00000	0.00000	0.00002
422	0.00000	0.99093	0.00000	0.00009	0.00000	0.00898
423	0.00000	0.99091	0.00000	0.00006	0.00000	0.00903
424	0.00000	0.58544	0.00000	0.00006	0.00000	0.41450
425	0.00000	0.99999	0.00000	0.00000	0.00000	0.00001
426	0.00000	0.99999	0.00000	0.00000	0.00000	0.00001
427	0.00000	0.99735	0.00000	0.00000	0.00000	0.00264
428	0.00000	0.99997	0.00000	0.00000	0.00000	0.00003
429	0.00000	0.99988	0.00000	0.00000	0.00000	0.00012
430	0.00000	0.99998	0.00000	0.00000	0.00000	0.00002
431	0.00000	1.00000	0.00000	0.00000	0.00000	0.00000
432	0.00000	0.99942	0.00000	0.00000	0.00000	0.00057
433	0.00000	0.99998	0.00000	0.00000	0.00000	0.00002
434	0.00000	0.99038	0.00000	0.00007	0.00000	0.00955
435	0.00000	0.99995	0.00000	0.00000	0.00000	0.00005
436	0.99998	0.00000	0.00000	0.00000	0.00002	0.00000
437	0.00000	0.99996	0.00000	0.00000	0.00000	0.00004
438	0.00000	1.00000	0.00000	0.00000	0.00000	0.00000
439	0.00000	0.99999	0.00000	0.00000	0.00000	0.00001
440	0.00000	0.99923	0.00000	0.00000	0.00000	0.00077
441	0.00000	0.99997	0.00000	0.00000	0.00000	0.00003
442	0.00000	0.99996	0.00000	0.00000	0.00000	0.00004
443	0.00000	1.00000	0.00000	0.00000	0.00000	0.00000
444	0.00000	0.99999	0.00000	0.00000	0.00000	0.00001
445	0.00000	0.96377	0.00000	0.00000	0.00000	0.03623
446	0.00000	0.99997	0.00000	0.00000	0.00000	0.00003
447	0.00000	0.81187	0.00000	0.00002	0.00000	0.18812
448	0.00000	1.00000	0.00000	0.00000	0.00000	0.00000
449	0.00000	1.00000	0.00000	0.00000	0.00000	0.00000
450	0.00000	0.99997	0.00000	0.00000	0.00000	0.00003
451	0.00000	1.00000	0.00000	0.00000	0.00000	0.00000
452	0.00001	0.68992	0.00215	0.07696	0.00072	0.23023
453	0.00000	1.00000	0.00000	0.00000	0.00000	0.00000
454	0.00000	0.99999	0.00000	0.00000	0.00000	0.00001
455	0.00000	0.98446	0.00000	0.00021	0.00000	0.01533
456	0.00000	0.99999	0.00000	0.00000	0.00000	0.00001
457	0.00000	0.99998	0.00000	0.00000	0.00000	0.00002
458	0.00000	0.99999	0.00000	0.00000	0.00000	0.00001
459	0.00000	0.99999	0.00000	0.00000	0.00000	0.00001
460	0.99996	0.00000	0.00000	0.00000	0.00004	0.00000
461	0.00000	0.99999	0.00000	0.00000	0.00000	0.00001
462	0.00000	0.99999	0.00000	0.00000	0.00000	0.00001
463	0.00120	0.56175	0.01488	0.13713	0.00779	0.27725
464	0.99997	0.00000	0.00000	0.00000	0.00003	0.00000
465	0.00000	1.00000	0.00000	0.00000	0.00000	0.00000
466	0.00000	0.99986	0.00000	0.00000	0.00000	0.00014
467	0.00000	0.88379	0.00000	0.01174	0.00000	0.10447
468	0.00000	0.99998	0.00000	0.00000	0.00000	0.00002
469	0.00000	0.99944	0.00000	0.00000	0.00000	0.00056
470	0.00000	0.99628	0.00000	0.00001	0.00000	0.00372
471	0.00000	0.99994	0.00000	0.00000	0.00000	0.00006
472	0.00000	0.99977	0.00000	0.00000	0.00000	0.00023
473	0.00000	0.99845	0.00000	0.00000	0.00000	0.00155
474	0.16282	0.17006	0.16626	0.16725	0.16498	0.16862
475	0.00000	0.99999	0.00000	0.00000	0.00000	0.00001
476	0.00000	1.00000	0.00000	0.00000	0.00000	0.00000
477	0.00000	0.99982	0.00000	0.00000	0.00000	0.00018
478	0.00000	1.00000	0.00000	0.00000	0.00000	0.00000
479	0.00000	0.99431	0.00000	0.00002	0.00000	0.00566
480	0.00000	0.99997	0.00000	0.00000	0.00000	0.00003
481	0.00000	0.99678	0.00000	0.00000	0.00000	0.00322
482	0.00000	0.99997	0.00000	0.00000	0.00000	0.00003
483	0.00000	0.99992	0.00000	0.00000	0.00000	0.00008
484	0.00000	0.99999	0.00000	0.00000	0.00000	0.00001
485	0.00000	0.99997	0.00000	0.00000	0.00000	0.00003
486	0.00000	0.99999	0.00000	0.00000	0.00000	0.00001
487	0.00000	0.99994	0.00000	0.00000	0.00000	0.00006
488	0.00000	0.99981	0.00000	0.00000	0.00000	0.00019
489	0.00000	0.99678	0.00000	0.00000	0.00000	0.00322
490	0.00000	0.99984	0.00000	0.00000	0.00000	0.00016
491	0.00000	0.99997	0.00000	0.00000	0.00000	0.00003
492	0.00000	0.99990	0.00000	0.00000	0.00000	0.00010
493	0.00000	0.99761	0.00000	0.00000	0.00000	0.00239
494	0.00000	0.88769	0.00001	0.01148	0.00000	0.10082
495	0.00000	1.00000	0.00000	0.00000	0.00000	0.00000
496	0.00000	0.99999	0.00000	0.00000	0.00000	0.00001
497	0.00000	0.99999	0.00000	0.00000	0.00000	0.00001
498	0.00000	0.99984	0.00000	0.00000	0.00000	0.00016
499	0.00000	0.99999	0.00000	0.00000	0.00000	0.00001
500	0.43682	0.00003	0.00324	0.23678	0.32073	0.00240
501	0.00000	0.99998	0.00000	0.00000	0.00000	0.00002
502	0.00000	0.78191	0.00063	0.04024	0.00015	0.17707
503	0.00000	0.99998	0.00000	0.00000	0.00000	0.00002
504	0.00000	0.99997	0.00000	0.00000	0.00000	0.00003
505	0.00000	0.99999	0.00000	0.00000	0.00000	0.00001
506	0.99559	0.00000	0.00000	0.00001	0.00439	0.00000
507	0.99998	0.00000	0.00000	0.00000	0.00002	0.00000
508	0.00000	0.99986	0.00000	0.00000	0.00000	0.00014
509	0.00000	0.99978	0.00000	0.00000	0.00000	0.00022
510	0.00000	0.99976	0.00000	0.00000	0.00000	0.00024
511	0.00000	0.99998	0.00000	0.00000	0.00000	0.00002
512	0.00000	0.99987	0.00000	0.00000	0.00000	0.00013
513	0.99999	0.00000	0.00000	0.00000	0.00001	0.00000
514	0.00000	0.99987	0.00000	0.00000	0.00000	0.00013
515	0.99992	0.00000	0.00000	0.00000	0.00008	0.00000
516	0.00000	0.99611	0.00000	0.00001	0.00000	0.00388
517	0.00000	1.00000	0.00000	0.00000	0.00000	0.00000
518	0.99999	0.00000	0.00000	0.00000	0.00001	0.00000
519	0.00000	0.98591	0.00000	0.00000	0.00000	0.01409
520	0.00000	0.99999	0.00000	0.00000	0.00000	0.00001
521	0.00000	0.99997	0.00000	0.00000	0.00000	0.00003
522	0.00000	0.99995	0.00000	0.00000	0.00000	0.00005
523	0.00000	1.00000	0.00000	0.00000	0.00000	0.00000
524	0.00000	1.00000	0.00000	0.00000	0.00000	0.00000
525	0.00000	0.99998	0.00000	0.00000	0.00000	0.00002
526	0.00000	0.99980	0.00000	0.00000	0.00000	0.00020
527	0.00000	1.00000	0.00000	0.00000	0.00000	0.00000
528	0.00000	0.99930	0.00000	0.00000	0.00000	0.00070
529	0.00001	0.53696	0.00133	0.16423	0.00074	0.29672
530	0.00000	0.99949	0.00000	0.00000	0.00000	0.00051
531	0.00000	1.00000	0.00000	0.00000	0.00000	0.00000
532	0.00000	0.99992	0.00000	0.00000	0.00000	0.00008
533	0.99977	0.00000	0.00000	0.00000	0.00023	0.00000
534	0.00000	0.99957	0.00000	0.00000	0.00000	0.00043
535	0.00000	0.99999	0.00000	0.00000	0.00000	0.00001
536	0.00000	0.99970	0.00000	0.00000	0.00000	0.00030
537	0.99897	0.00000	0.00000	0.00000	0.00103	0.00000
538	0.00000	0.99096	0.00000	0.00008	0.00000	0.00895
539	0.00000	0.99999	0.00000	0.00000	0.00000	0.00001
540	0.91764	0.00000	0.00000	0.00521	0.07715	0.00000
541	1.00000	0.00000	0.00000	0.00000	0.00000	0.00000
542	0.99998	0.00000	0.00000	0.00000	0.00002	0.00000
543	0.00000	0.99976	0.00000	0.00000	0.00000	0.00024
544	0.00000	1.00000	0.00000	0.00000	0.00000	0.00000
545	0.00000	0.98927	0.00000	0.00000	0.00000	0.01073
546	0.00000	0.99999	0.00000	0.00000	0.00000	0.00001
547	0.00000	0.99999	0.00000	0.00000	0.00000	0.00001
548	0.99362	0.00000	0.00000	0.00004	0.00634	0.00000
549	0.00000	0.99932	0.00000	0.00000	0.00000	0.00068
550	0.00000	1.00000	0.00000	0.00000	0.00000	0.00000
551	0.99994	0.00000	0.00000	0.00000	0.00006	0.00000
552	0.00000	0.99993	0.00000	0.00000	0.00000	0.00007
553	0.00000	0.99997	0.00000	0.00000	0.00000	0.00003
554	0.00000	1.00000	0.00000	0.00000	0.00000	0.00000
555	0.00000	0.99998	0.00000	0.00000	0.00000	0.00002
556	0.00000	0.00000	0.99982	0.00004	0.00000	0.00013
557	0.00000	0.99999	0.00000	0.00000	0.00000	0.00001
558	0.00000	1.00000	0.00000	0.00000	0.00000	0.00000
559	0.99981	0.00000	0.00000	0.00000	0.00019	0.00000
560	1.00000	0.00000	0.00000	0.00000	0.00000	0.00000
561	1.00000	0.00000	0.00000	0.00000	0.00000	0.00000
562	0.99917	0.00000	0.00000	0.00000	0.00083	0.00000
563	0.00000	0.99548	0.00000	0.00000	0.00000	0.00452
564	0.00000	0.99994	0.00000	0.00000	0.00000	0.00006
565	1.00000	0.00000	0.00000	0.00000	0.00000	0.00000
566	0.00000	0.99999	0.00000	0.00000	0.00000	0.00001
567	0.17933	0.15443	0.16634	0.16664	0.17285	0.16040
568	1.00000	0.00000	0.00000	0.00000	0.00000	0.00000
569	0.00000	0.99418	0.00000	0.00000	0.00000	0.00582
570	0.00000	0.99997	0.00000	0.00000	0.00000	0.00003
571	0.00000	0.99971	0.00000	0.00000	0.00000	0.00029
572	0.00000	0.99997	0.00000	0.00000	0.00000	0.00003
573	0.00000	0.71838	0.00000	0.00066	0.00000	0.28096
574	0.00000	0.98318	0.00000	0.00000	0.00000	0.01682
575	0.00000	0.00000	0.00000	0.00075	0.99925	0.00000
576	0.00000	1.00000	0.00000	0.00000	0.00000	0.00000
577	0.99996	0.00000	0.00000	0.00000	0.00004	0.00000
578	0.00000	0.99999	0.00000	0.00000	0.00000	0.00001
579	0.00000	0.99956	0.00000	0.00000	0.00000	0.00044
580	0.00000	0.91390	0.00000	0.00696	0.00000	0.07914
581	0.00000	0.99101	0.00000	0.00004	0.00000	0.00895
582	0.00000	0.99966	0.00000	0.00000	0.00000	0.00034
583	0.00000	0.54774	0.00051	0.16512	0.00040	0.28622
584	0.00000	0.99997	0.00000	0.00000	0.00000	0.00003
585	0.00000	0.96729	0.00000	0.00000	0.00000	0.03271
586	0.00000	0.99999	0.00000	0.00000	0.00000	0.00001
587	0.00000	0.99999	0.00000	0.00000	0.00000	0.00001
588	0.00000	0.99999	0.00000	0.00000	0.00000	0.00001
589	0.00000	0.99975	0.00000	0.00000	0.00000	0.00025
590	0.00000	0.99980	0.00000	0.00000	0.00000	0.00020
591	0.00024	0.48433	0.00353	0.20084	0.00285	0.30822
592	0.00000	0.96686	0.00000	0.00107	0.00000	0.03207
593	0.00000	0.99991	0.00000	0.00000	0.00000	0.00009
594	0.00000	1.00000	0.00000	0.00000	0.00000	0.00000
595	0.00000	0.99999	0.00000	0.00000	0.00000	0.00001
596	0.00000	0.00011	0.00000	0.95917	0.00000	0.04072
597	0.00000	0.99946	0.00000	0.00000	0.00000	0.00054
598	0.00000	0.96832	0.00000	0.00085	0.00000	0.03083
599	0.00000	0.99823	0.00000	0.00000	0.00000	0.00177
600	0.00000	0.99953	0.00000	0.00000	0.00000	0.00047
601	0.00000	0.89096	0.00000	0.00981	0.00000	0.09923
602	0.99993	0.00000	0.00000	0.00000	0.00007	0.00000
603	0.97365	0.00000	0.00000	0.00068	0.02566	0.00000
604	0.00000	0.99985	0.00000	0.00000	0.00000	0.00015
605	0.00000	0.45035	0.00000	0.14663	0.00000	0.40302
606	0.00000	1.00000	0.00000	0.00000	0.00000	0.00000
607	0.00000	0.99998	0.00000	0.00000	0.00000	0.00002
608	0.00000	1.00000	0.00000	0.00000	0.00000	0.00000
609	0.00000	0.99927	0.00000	0.00000	0.00000	0.00073
610	0.98957	0.00000	0.00000	0.00001	0.01043	0.00000
611	0.00000	0.99985	0.00000	0.00000	0.00000	0.00015
612	0.00000	0.99986	0.00000	0.00000	0.00000	0.00014
613	0.00000	0.99999	0.00000	0.00000	0.00000	0.00001
614	0.00000	0.99757	0.00000	0.00001	0.00000	0.00242
615	0.00000	1.00000	0.00000	0.00000	0.00000	0.00000
616	0.00000	0.99995	0.00000	0.00000	0.00000	0.00005
617	0.00000	0.99999	0.00000	0.00000	0.00000	0.00001
618	0.00000	0.99999	0.00000	0.00000	0.00000	0.00001
619	0.00000	0.99738	0.00000	0.00001	0.00000	0.00261
620	0.00000	1.00000	0.00000	0.00000	0.00000	0.00000
621	0.00000	0.99999	0.00000	0.00000	0.00000	0.00001
622	0.00000	0.99823	0.00000	0.00000	0.00000	0.00177
623	0.00000	0.99999	0.00000	0.00000	0.00000	0.00001
624	0.00000	0.99655	0.00000	0.00000	0.00000	0.00345
625	0.00000	0.99999	0.00000	0.00000	0.00000	0.00001
626	0.00003	0.65580	0.00337	0.09286	0.00128	0.24665
627	0.00000	1.00000	0.00000	0.00000	0.00000	0.00000
628	0.00000	0.99997	0.00000	0.00000	0.00000	0.00003
629	0.00000	0.99999	0.00000	0.00000	0.00000	0.00001
630	0.00000	1.00000	0.00000	0.00000	0.00000	0.00000
631	0.00000	0.99999	0.00000	0.00000	0.00000	0.00001
632	0.99969	0.00000	0.00000	0.00000	0.00031	0.00000
633	0.00000	0.99970	0.00000	0.00000	0.00000	0.00030
634	0.00000	0.99998	0.00000	0.00000	0.00000	0.00002
635	0.00000	1.00000	0.00000	0.00000	0.00000	0.00000
636	0.00000	0.16809	0.00000	0.55876	0.00000	0.27314
637	0.00000	0.99989	0.00000	0.00000	0.00000	0.00011
638	0.00000	0.99993	0.00000	0.00000	0.00000	0.00007
639	0.00000	1.00000	0.00000	0.00000	0.00000	0.00000
640	0.00000	0.99999	0.00000	0.00000	0.00000	0.00001
641	0.00000	1.00000	0.00000	0.00000	0.00000	0.00000
642	0.00000	0.99897	0.00000	0.00000	0.00000	0.00103
643	0.00000	0.99988	0.00000	0.00000	0.00000	0.00012
644	0.00000	0.00000	0.00000	0.00142	0.00000	0.99858
645	0.00000	0.99990	0.00000	0.00000	0.00000	0.00010
646	0.00000	0.99961	0.00000	0.00000	0.00000	0.00039
647	0.00000	0.99998	0.00000	0.00000	0.00000	0.00002
648	0.00000	0.99920	0.00000	0.00000	0.00000	0.00080
649	0.00000	0.99901	0.00000	0.00000	0.00000	0.00099
650	1.00000	0.00000	0.00000	0.00000	0.00000	0.00000
651	0.00000	0.96575	0.00000	0.00003	0.00000	0.03422
652	0.00000	0.99994	0.00000	0.00000	0.00000	0.00006
653	0.99631	0.00000	0.00000	0.00001	0.00367	0.00000
654	0.00000	1.00000	0.00000	0.00000	0.00000	0.00000
655	0.00000	1.00000	0.00000	0.00000	0.00000	0.00000
656	0.00000	0.99999	0.00000	0.00000	0.00000	0.00001
657	0.00000	0.99999	0.00000	0.00000	0.00000	0.00001
658	0.00000	1.00000	0.00000	0.00000	0.00000	0.00000
659	0.94684	0.00000	0.00000	0.00272	0.05043	0.00000
660	0.00000	0.98105	0.00000	0.00020	0.00000	0.01875
661	0.00000	0.99860	0.00000	0.00000	0.00000	0.00140
662	0.00000	0.99999	0.00000	0.00000	0.00000	0.00001
663	0.00000	0.89033	0.00000	0.00799	0.00000	0.10168
664	0.99621	0.00000	0.00000	0.00000	0.00379	0.00000
665	0.00000	0.99678	0.00000	0.00001	0.00000	0.00321
666	1.00000	0.00000	0.00000	0.00000	0.00000	0.00000
667	0.99976	0.00000	0.00000	0.00000	0.00024	0.00000
668	0.99998	0.00000	0.00000	0.00000	0.00002	0.00000
669	0.99995	0.00000	0.00000	0.00000	0.00005	0.00000
670	0.99996	0.00000	0.00000	0.00000	0.00004	0.00000
671	0.00000	0.99999	0.00000	0.00000	0.00000	0.00001
672	0.00000	0.99998	0.00000	0.00000	0.00000	0.00002
673	0.00000	1.00000	0.00000	0.00000	0.00000	0.00000
674	0.00000	0.92131	0.00027	0.00621	0.00004	0.07218
675	0.00000	0.99949	0.00000	0.00000	0.00000	0.00051
676	0.00000	0.99880	0.00000	0.00000	0.00000	0.00120
677	0.00000	0.99997	0.00000	0.00000	0.00000	0.00003
678	0.97747	0.00000	0.00000	0.00000	0.02253	0.00000
679	0.00000	0.99999	0.00000	0.00000	0.00000	0.00001
680	0.00000	1.00000	0.00000	0.00000	0.00000	0.00000
681	0.00000	0.99990	0.00000	0.00000	0.00000	0.00010
682	0.00000	0.99990	0.00000	0.00000	0.00000	0.00010
683	0.00000	0.99990	0.00000	0.00000	0.00000	0.00010
684	0.00000	0.99927	0.00000	0.00000	0.00000	0.00073
685	0.00000	0.99998	0.00000	0.00000	0.00000	0.00002
686	0.00000	0.99492	0.00000	0.00000	0.00000	0.00508
687	0.00000	0.99997	0.00000	0.00000	0.00000	0.00003
688	0.00000	0.99979	0.00000	0.00000	0.00000	0.00021
689	0.00000	0.99999	0.00000	0.00000	0.00000	0.00001
690	0.00000	0.99999	0.00000	0.00000	0.00000	0.00001
691	0.00000	0.99999	0.00000	0.00000	0.00000	0.00001
692	0.00000	1.00000	0.00000	0.00000	0.00000	0.00000
693	0.00000	0.99995	0.00000	0.00000	0.00000	0.00005
694	0.00000	0.95675	0.00000	0.00167	0.00000	0.04158
695	0.00000	1.00000	0.00000	0.00000	0.00000	0.00000
696	0.00000	1.00000	0.00000	0.00000	0.00000	0.00000
697	0.00000	0.91504	0.00000	0.00035	0.00000	0.08462
698	0.00000	0.99597	0.00000	0.00001	0.00000	0.00402
699	0.00000	0.99999	0.00000	0.00000	0.00000	0.00001
700	0.00000	0.99955	0.00000	0.00000	0.00000	0.00045
701	0.99997	0.00000	0.00000	0.00000	0.00003	0.00000
702	0.99799	0.00000	0.00000	0.00000	0.00201	0.00000
703	0.99987	0.00000	0.00000	0.00000	0.00013	0.00000
704	0.99520	0.00000	0.00000	0.00002	0.00479	0.00000
705	0.00000	0.76487	0.00000	0.00021	0.00000	0.23493
706	0.00000	0.99949	0.00000	0.00000	0.00000	0.00051
707	0.96867	0.00000	0.00000	0.00047	0.03086	0.00000
708	0.00000	0.99994	0.00000	0.00000	0.00000	0.00006
709	0.00000	0.98806	0.00000	0.00000	0.00000	0.01194
710	0.00000	1.00000	0.00000	0.00000	0.00000	0.00000
711	0.00000	0.81158	0.00000	0.00025	0.00000	0.18817
712	0.00000	0.99999	0.00000	0.00000	0.00000	0.00001
713	0.00000	0.99999	0.00000	0.00000	0.00000	0.00001
714	0.99186	0.00000	0.00000	0.00000	0.00814	0.00000
715	0.00000	0.85865	0.00002	0.01780	0.00000	0.12352
716	0.00000	0.99493	0.00000	0.00000	0.00000	0.00507
717	0.00000	0.99999	0.00000	0.00000	0.00000	0.00001
718	1.00000	0.00000	0.00000	0.00000	0.00000	0.00000
719	0.00000	0.99994	0.00000	0.00000	0.00000	0.00006
720	0.00000	1.00000	0.00000	0.00000	0.00000	0.00000
721	0.00000	0.99998	0.00000	0.00000	0.00000	0.00002
722	0.00000	0.99999	0.00000	0.00000	0.00000	0.00001
723	0.00000	0.99999	0.00000	0.00000	0.00000	0.00001
724	0.00000	0.98354	0.00000	0.00027	0.00000	0.01619
725	0.07052	0.00049	0.00317	0.69631	0.21923	0.01029
726	0.00000	0.99999	0.00000	0.00000	0.00000	0.00001
727	0.00000	0.99997	0.00000	0.00000	0.00000	0.00003
728	0.00000	0.96887	0.00000	0.00099	0.00000	0.03014
729	0.00000	0.99993	0.00000	0.00000	0.00000	0.00007
730	0.00000	0.99999	0.00000	0.00000	0.00000	0.00001
731	0.00000	0.99999	0.00000	0.00000	0.00000	0.00001
732	0.99929	0.00000	0.00000	0.00000	0.00071	0.00000
733	0.00000	0.97769	0.00000	0.00012	0.00000	0.02220
734	0.00000	0.99987	0.00000	0.00000	0.00000	0.00013
735	0.00000	0.99995	0.00000	0.00000	0.00000	0.00005
736	0.00000	0.72012	0.00000	0.06711	0.00000	0.21277
737	0.00000	0.99999	0.00000	0.00000	0.00000	0.00001
738	1.00000	0.00000	0.00000	0.00000	0.00000	0.00000
739	0.00000	0.95246	0.00000	0.00215	0.00000	0.04539
740	0.00000	1.00000	0.00000	0.00000	0.00000	0.00000
741	0.99997	0.00000	0.00000	0.00000	0.00003	0.00000
742	0.00000	1.00000	0.00000	0.00000	0.00000	0.00000
743	0.00000	1.00000	0.00000	0.00000	0.00000	0.00000
744	0.00000	0.99896	0.00000	0.00000	0.00000	0.00104
745	0.99999	0.00000	0.00000	0.00000	0.00001	0.00000
746	0.00000	0.99872	0.00000	0.00000	0.00000	0.00128
747	0.00000	0.99997	0.00000	0.00000	0.00000	0.00003
748	0.00000	0.99999	0.00000	0.00000	0.00000	0.00001
749	0.00000	0.99354	0.00000	0.00003	0.00000	0.00643
750	0.18066	0.15330	0.16640	0.16647	0.17342	0.15975
751	0.00000	0.99999	0.00000	0.00000	0.00000	0.00001
752	0.00000	0.99981	0.00000	0.00000	0.00000	0.00019
753	0.00000	1.00000	0.00000	0.00000	0.00000	0.00000
754	0.00000	0.99978	0.00000	0.00000	0.00000	0.00022
755	0.00000	0.99940	0.00000	0.00000	0.00000	0.00060
756	0.00000	1.00000	0.00000	0.00000	0.00000	0.00000
757	0.00000	0.85001	0.00000	0.01351	0.00000	0.13647
758	0.00000	0.93448	0.00000	0.00292	0.00000	0.06260
759	0.99999	0.00000	0.00000	0.00000	0.00001	0.00000
760	1.00000	0.00000	0.00000	0.00000	0.00000	0.00000
761	0.00000	0.00011	0.00000	0.41437	0.00000	0.58552
762	0.00000	0.99972	0.00000	0.00000	0.00000	0.00028
763	0.00000	0.99993	0.00000	0.00000	0.00000	0.00007
764	0.00000	0.99995	0.00000	0.00000	0.00000	0.00005
765	0.00000	0.99994	0.00000	0.00000	0.00000	0.00006
766	0.00000	0.99995	0.00000	0.00000	0.00000	0.00005
767	0.00000	0.99999	0.00000	0.00000	0.00000	0.00001
768	0.00000	0.99663	0.00000	0.00001	0.00000	0.00336
769	0.00000	0.99734	0.00000	0.00001	0.00000	0.00266
770	0.00000	0.99991	0.00000	0.00000	0.00000	0.00009
771	0.00000	0.99999	0.00000	0.00000	0.00000	0.00001
772	0.00000	0.99956	0.00000	0.00000	0.00000	0.00044
773	0.00000	0.99742	0.00000	0.00001	0.00000	0.00257
774	0.00000	0.99713	0.00000	0.00001	0.00000	0.00286
775	0.00000	0.99881	0.00000	0.00000	0.00000	0.00119
776	0.00000	1.00000	0.00000	0.00000	0.00000	0.00000
