1000000_sweeps	IndivName	1.000/0.000/0.000/0.000	0.000/0.000/0.000/1.000	0.000/0.500/0.500/0.000	0.250/0.250/0.250/0.250	0.500/0.250/0.250/0.000	0.000/0.250/0.250/0.500
1	NoName	0.00000	1.00000	0.00000	0.00000	0.00000	0.00000
2	NoName	0.00000	0.99999	0.00000	0.00000	0.00000	0.00001
3	NoName	0.00000	1.00000	0.00000	0.00000	0.00000	0.00000
4	NoName	0.00000	0.99869	0.00000	0.00002	0.00000	0.00129
5	NoName	0.00000	1.00000	0.00000	0.00000	0.00000	0.00000
6	NoName	0.00000	0.99978	0.00000	0.00000	0.00000	0.00022
7	NoName	0.00000	0.99997	0.00000	0.00000	0.00000	0.00003
8	NoName	0.00000	0.99999	0.00000	0.00000	0.00000	0.00001
9	NoName	0.00000	1.00000	0.00000	0.00000	0.00000	0.00000
10	NoName	0.05716	0.00000	0.00000	0.00230	0.94053	0.00000
11	NoName	1.00000	0.00000	0.00000	0.00000	0.00000	0.00000
12	NoName	0.00000	0.99674	0.00000	0.00018	0.00000	0.00308
13	NoName	0.00000	1.00000	0.00000	0.00000	0.00000	0.00000
14	NoName	0.00000	1.00000	0.00000	0.00000	0.00000	0.00000
15	NoName	0.00000	1.00000	0.00000	0.00000	0.00000	0.00000
16	NoName	0.00000	0.99976	0.00000	0.00000	0.00000	0.00024
17	NoName	0.99998	0.00000	0.00000	0.00000	0.00002	0.00000
18	NoName	0.99159	0.00001	0.00003	0.00053	0.00783	0.00001
19	NoName	0.00000	0.99936	0.00000	0.00001	0.00000	0.00063
20	NoName	1.00000	0.00000	0.00000	0.00000	0.00000	0.00000
21	NoName	0.96440	0.00000	0.00000	0.00346	0.03213	0.00000
22	NoName	0.00000	0.99990	0.00000	0.00000	0.00000	0.00010
23	NoName	0.99956	0.00000	0.00000	0.00000	0.00044	0.00000
24	NoName	0.99998	0.00000	0.00000	0.00000	0.00002	0.00000
25	NoName	1.00000	0.00000	0.00000	0.00000	0.00000	0.00000
26	NoName	0.00000	1.00000	0.00000	0.00000	0.00000	0.00000
27	NoName	0.00000	1.00000	0.00000	0.00000	0.00000	0.00000
28	NoName	0.00000	1.00000	0.00000	0.00000	0.00000	0.00000
29	NoName	0.00000	1.00000	0.00000	0.00000	0.00000	0.00000
30	NoName	1.00000	0.00000	0.00000	0.00000	0.00000	0.00000
31	NoName	0.99982	0.00000	0.00000	0.00000	0.00018	0.00000
32	NoName	0.00000	0.99846	0.00000	0.00004	0.00000	0.00150
33	NoName	1.00000	0.00000	0.00000	0.00000	0.00000	0.00000
34	NoName	0.00004	0.99483	0.00006	0.00032	0.00004	0.00471
35	NoName	0.00000	0.99962	0.00000	0.00000	0.00000	0.00038
36	NoName	0.00000	0.99999	0.00000	0.00000	0.00000	0.00001
37	NoName	1.00000	0.00000	0.00000	0.00000	0.00000	0.00000
38	NoName	0.99999	0.00000	0.00000	0.00000	0.00001	0.00000
39	NoName	0.00000	1.00000	0.00000	0.00000	0.00000	0.00000
40	NoName	0.00000	0.99997	0.00000	0.00000	0.00000	0.00003
41	NoName	0.00000	1.00000	0.00000	0.00000	0.00000	0.00000
42	NoName	0.00000	1.00000	0.00000	0.00000	0.00000	0.00000
43	NoName	0.98325	0.00000	0.00000	0.00000	0.01675	0.00000
44	NoName	0.00000	0.99982	0.00000	0.00000	0.00000	0.00018
45	NoName	1.00000	0.00000	0.00000	0.00000	0.00000	0.00000
46	NoName	0.00000	0.99981	0.00000	0.00000	0.00000	0.00019
47	NoName	0.00000	1.00000	0.00000	0.00000	0.00000	0.00000
48	NoName	0.99983	0.00000	0.00000	0.00000	0.00017	0.00000
49	NoName	0.99997	0.00000	0.00000	0.00000	0.00003	0.00000
50	NoName	0.00000	0.99417	0.00001	0.00037	0.00000	0.00544
51	NoName	0.00000	1.00000	0.00000	0.00000	0.00000	0.00000
52	NoName	0.00000	1.00000	0.00000	0.00000	0.00000	0.00000
53	NoName	0.99972	0.00000	0.00000	0.00000	0.00028	0.00000
54	NoName	0.00000	1.00000	0.00000	0.00000	0.00000	0.00000
55	NoName	0.00000	1.00000	0.00000	0.00000	0.00000	0.00000
56	NoName	0.99965	0.00000	0.00000	0.00000	0.00035	0.00000
57	NoName	0.00000	1.00000	0.00000	0.00000	0.00000	0.00000
58	NoName	0.00000	0.99999	0.00000	0.00000	0.00000	0.00001
59	NoName	0.00000	0.99984	0.00000	0.00000	0.00000	0.00016
60	NoName	0.00000	1.00000	0.00000	0.00000	0.00000	0.00000
61	NoName	0.00000	1.00000	0.00000	0.00000	0.00000	0.00000
62	NoName	0.00000	1.00000	0.00000	0.00000	0.00000	0.00000
63	NoName	0.00000	0.99999	0.00000	0.00000	0.00000	0.00001
64	NoName	0.00000	0.99774	0.00000	0.00000	0.00000	0.00226
65	NoName	0.00000	1.00000	0.00000	0.00000	0.00000	0.00000
66	NoName	0.99989	0.00000	0.00000	0.00000	0.00011	0.00000
67	NoName	0.00000	0.99999	0.00000	0.00000	0.00000	0.00001
68	NoName	0.00000	0.99999	0.00000	0.00000	0.00000	0.00001
69	NoName	0.00000	0.99912	0.00000	0.00001	0.00000	0.00087
70	NoName	0.00000	0.99999	0.00000	0.00000	0.00000	0.00001
71	NoName	0.00000	0.99994	0.00000	0.00000	0.00000	0.00006
72	NoName	0.00000	1.00000	0.00000	0.00000	0.00000	0.00000
73	NoName	0.00000	0.99980	0.00000	0.00000	0.00000	0.00020
74	NoName	0.00000	1.00000	0.00000	0.00000	0.00000	0.00000
75	NoName	0.00000	1.00000	0.00000	0.00000	0.00000	0.00000
76	NoName	0.00000	1.00000	0.00000	0.00000	0.00000	0.00000
77	NoName	1.00000	0.00000	0.00000	0.00000	0.00000	0.00000
78	NoName	1.00000	0.00000	0.00000	0.00000	0.00000	0.00000
79	NoName	0.99968	0.00000	0.00000	0.00000	0.00031	0.00000
80	NoName	0.00000	0.99958	0.00000	0.00000	0.00000	0.00042
81	NoName	0.00000	0.99999	0.00000	0.00000	0.00000	0.00001
82	NoName	0.05529	0.93052	0.00236	0.00103	0.00256	0.00824
83	NoName	0.99999	0.00000	0.00000	0.00000	0.00001	0.00000
84	NoName	0.00000	0.99999	0.00000	0.00000	0.00000	0.00001
85	NoName	0.99999	0.00000	0.00000	0.00000	0.00001	0.00000
86	NoName	0.99891	0.00000	0.00000	0.00000	0.00109	0.00000
87	NoName	0.00000	0.99998	0.00000	0.00000	0.00000	0.00002
88	NoName	0.99975	0.00000	0.00000	0.00000	0.00025	0.00000
89	NoName	0.00000	1.00000	0.00000	0.00000	0.00000	0.00000
90	NoName	0.00000	0.99999	0.00000	0.00000	0.00000	0.00001
91	NoName	0.99969	0.00000	0.00000	0.00000	0.00031	0.00000
92	NoName	0.00000	0.00001	0.00002	0.00355	0.00000	0.99642
93	NoName	0.00000	0.99999	0.00000	0.00000	0.00000	0.00001
94	NoName	0.99965	0.00000	0.00000	0.00000	0.00035	0.00000
95	NoName	0.00000	0.99996	0.00000	0.00000	0.00000	0.00004
96	NoName	0.00000	0.99925	0.00000	0.00000	0.00000	0.00075
97	NoName	0.99994	0.00000	0.00000	0.00000	0.00006	0.00000
98	NoName	0.00000	0.99998	0.00000	0.00000	0.00000	0.00002
99	NoName	0.00000	0.99766	0.00000	0.00007	0.00000	0.00226
100	NoName	0.00000	1.00000	0.00000	0.00000	0.00000	0.00000
101	NoName	0.00000	0.99989	0.00000	0.00000	0.00000	0.00011
102	NoName	0.00000	0.99996	0.00000	0.00000	0.00000	0.00004
103	NoName	0.00000	1.00000	0.00000	0.00000	0.00000	0.00000
104	NoName	0.00000	1.00000	0.00000	0.00000	0.00000	0.00000
105	NoName	0.00000	0.99931	0.00000	0.00001	0.00000	0.00068
106	NoName	0.00000	0.99998	0.00000	0.00000	0.00000	0.00002
107	NoName	0.00000	0.99998	0.00000	0.00000	0.00000	0.00002
108	NoName	0.99998	0.00000	0.00000	0.00000	0.00002	0.00000
109	NoName	0.00000	1.00000	0.00000	0.00000	0.00000	0.00000
110	NoName	0.00000	1.00000	0.00000	0.00000	0.00000	0.00000
111	NoName	0.00000	1.00000	0.00000	0.00000	0.00000	0.00000
112	NoName	0.99997	0.00000	0.00000	0.00000	0.00003	0.00000
113	NoName	0.99983	0.00000	0.00000	0.00000	0.00017	0.00000
114	NoName	0.00000	1.00000	0.00000	0.00000	0.00000	0.00000
115	NoName	0.00000	1.00000	0.00000	0.00000	0.00000	0.00000
116	NoName	0.06891	0.00000	0.00000	0.00697	0.92412	0.00000
117	NoName	0.00000	1.00000	0.00000	0.00000	0.00000	0.00000
118	NoName	0.99996	0.00000	0.00000	0.00000	0.00004	0.00000
119	NoName	0.99999	0.00000	0.00000	0.00000	0.00001	0.00000
120	NoName	0.00000	1.00000	0.00000	0.00000	0.00000	0.00000
121	NoName	0.00000	0.99998	0.00000	0.00000	0.00000	0.00002
122	NoName	0.00000	1.00000	0.00000	0.00000	0.00000	0.00000
123	NoName	0.00004	0.99548	0.00014	0.00020	0.00005	0.00410
124	NoName	0.00000	0.99999	0.00000	0.00000	0.00000	0.00001
125	NoName	0.00000	0.99949	0.00000	0.00000	0.00000	0.00051
126	NoName	0.00000	0.99999	0.00000	0.00000	0.00000	0.00001
127	NoName	0.00000	1.00000	0.00000	0.00000	0.00000	0.00000
128	NoName	0.00000	0.99989	0.00000	0.00000	0.00000	0.00011
129	NoName	0.00000	0.99985	0.00000	0.00000	0.00000	0.00015
130	NoName	0.00000	0.99989	0.00000	0.00000	0.00000	0.00011
131	NoName	0.99997	0.00000	0.00000	0.00000	0.00003	0.00000
132	NoName	0.00000	1.00000	0.00000	0.00000	0.00000	0.00000
133	NoName	0.00000	1.00000	0.00000	0.00000	0.00000	0.00000
134	NoName	0.00000	0.99998	0.00000	0.00000	0.00000	0.00002
135	NoName	0.00000	1.00000	0.00000	0.00000	0.00000	0.00000
136	NoName	0.00000	0.99998	0.00000	0.00000	0.00000	0.00002
137	NoName	0.00000	1.00000	0.00000	0.00000	0.00000	0.00000
138	NoName	0.99955	0.00000	0.00000	0.00000	0.00045	0.00000
139	NoName	0.99973	0.00000	0.00000	0.00000	0.00027	0.00000
140	NoName	0.99998	0.00000	0.00000	0.00000	0.00002	0.00000
141	NoName	0.99044	0.00000	0.00000	0.00090	0.00866	0.00000
142	NoName	0.82053	0.00000	0.00000	0.00001	0.17946	0.00000
143	NoName	0.00000	1.00000	0.00000	0.00000	0.00000	0.00000
144	NoName	0.99992	0.00000	0.00000	0.00000	0.00008	0.00000
145	NoName	1.00000	0.00000	0.00000	0.00000	0.00000	0.00000
146	NoName	1.00000	0.00000	0.00000	0.00000	0.00000	0.00000
147	NoName	0.99996	0.00000	0.00000	0.00000	0.00004	0.00000
148	NoName	0.99999	0.00000	0.00000	0.00000	0.00001	0.00000
149	NoName	0.99999	0.00000	0.00000	0.00000	0.00001	0.00000
150	NoName	0.99997	0.00000	0.00000	0.00000	0.00003	0.00000
151	NoName	0.00000	0.99953	0.00000	0.00000	0.00000	0.00047
152	NoName	0.31486	0.66269	0.00476	0.00157	0.00754	0.00857
153	NoName	0.00000	0.99946	0.00000	0.00000	0.00000	0.00054
154	NoName	0.00000	0.99999	0.00000	0.00000	0.00000	0.00001
155	NoName	0.00000	0.99997	0.00000	0.00000	0.00000	0.00003
156	NoName	0.00000	1.00000	0.00000	0.00000	0.00000	0.00000
157	NoName	0.00000	1.00000	0.00000	0.00000	0.00000	0.00000
158	NoName	0.00000	1.00000	0.00000	0.00000	0.00000	0.00000
159	NoName	0.00000	1.00000	0.00000	0.00000	0.00000	0.00000
160	NoName	0.00000	0.99999	0.00000	0.00000	0.00000	0.00001
161	NoName	0.00000	1.00000	0.00000	0.00000	0.00000	0.00000
162	NoName	0.99997	0.00000	0.00000	0.00000	0.00003	0.00000
163	NoName	0.00000	0.99999	0.00000	0.00000	0.00000	0.00001
164	NoName	0.00000	0.99999	0.00000	0.00000	0.00000	0.00001
165	NoName	0.00000	0.99720	0.00001	0.00010	0.00000	0.00268
166	NoName	1.00000	0.00000	0.00000	0.00000	0.00000	0.00000
167	NoName	1.00000	0.00000	0.00000	0.00000	0.00000	0.00000
168	NoName	0.99999	0.00000	0.00000	0.00000	0.00001	0.00000
169	NoName	0.00000	1.00000	0.00000	0.00000	0.00000	0.00000
170	NoName	0.00000	0.99969	0.00000	0.00000	0.00000	0.00030
171	NoName	0.00000	0.99996	0.00000	0.00000	0.00000	0.00004
172	NoName	0.00000	0.99999	0.00000	0.00000	0.00000	0.00001
173	NoName	0.99801	0.00000	0.00000	0.00000	0.00199	0.00000
174	NoName	0.00000	0.99989	0.00000	0.00000	0.00000	0.00011
175	NoName	0.00000	0.99999	0.00000	0.00000	0.00000	0.00001
176	NoName	0.00000	0.99999	0.00000	0.00000	0.00000	0.00001
177	NoName	0.00000	1.00000	0.00000	0.00000	0.00000	0.00000
178	NoName	0.99999	0.00000	0.00000	0.00000	0.00001	0.00000
179	NoName	0.99999	0.00000	0.00000	0.00000	0.00001	0.00000
180	NoName	0.00000	1.00000	0.00000	0.00000	0.00000	0.00000
181	NoName	0.00000	1.00000	0.00000	0.00000	0.00000	0.00000
182	NoName	0.99998	0.00000	0.00000	0.00000	0.00002	0.00000
183	NoName	0.00000	1.00000	0.00000	0.00000	0.00000	0.00000
184	NoName	0.00000	0.99999	0.00000	0.00000	0.00000	0.00001
185	NoName	0.00000	1.00000	0.00000	0.00000	0.00000	0.00000
186	NoName	0.99993	0.00000	0.00000	0.00000	0.00007	0.00000
187	NoName	0.00000	0.99997	0.00000	0.00000	0.00000	0.00003
188	NoName	0.00000	0.99992	0.00000	0.00000	0.00000	0.00008
189	NoName	0.00000	0.99994	0.00000	0.00000	0.00000	0.00006
190	NoName	0.00000	0.99974	0.00000	0.00000	0.00000	0.00026
191	NoName	0.99999	0.00000	0.00000	0.00000	0.00001	0.00000
192	NoName	0.99998	0.00000	0.00000	0.00000	0.00002	0.00000
193	NoName	0.99998	0.00000	0.00000	0.00000	0.00002	0.00000
194	NoName	0.00000	0.99974	0.00000	0.00000	0.00000	0.00026
195	NoName	0.00000	0.99998	0.00000	0.00000	0.00000	0.00002
196	NoName	0.00000	1.00000	0.00000	0.00000	0.00000	0.00000
197	NoName	0.00000	0.99992	0.00000	0.00000	0.00000	0.00008
198	NoName	0.00000	1.00000	0.00000	0.00000	0.00000	0.00000
199	NoName	0.00000	0.99997	0.00000	0.00000	0.00000	0.00003
200	NoName	0.00000	0.00000	0.99691	0.00052	0.00014	0.00243
201	NoName	0.00000	0.99999	0.00000	0.00000	0.00000	0.00001
202	NoName	0.00000	0.99996	0.00000	0.00000	0.00000	0.00004
203	NoName	0.00000	0.99962	0.00000	0.00000	0.00000	0.00038
204	NoName	0.00000	0.99998	0.00000	0.00000	0.00000	0.00002
205	NoName	0.00000	1.00000	0.00000	0.00000	0.00000	0.00000
206	NoName	0.00000	0.99994	0.00000	0.00000	0.00000	0.00006
207	NoName	0.00000	0.99999	0.00000	0.00000	0.00000	0.00001
208	NoName	0.00000	0.99999	0.00000	0.00000	0.00000	0.00001
209	NoName	0.00000	0.99999	0.00000	0.00000	0.00000	0.00001
210	NoName	0.00000	0.99996	0.00000	0.00000	0.00000	0.00004
211	NoName	0.00000	0.99357	0.00000	0.00000	0.00000	0.00643
212	NoName	0.00000	0.99999	0.00000	0.00000	0.00000	0.00001
213	NoName	0.99508	0.00000	0.00000	0.00000	0.00492	0.00000
214	NoName	0.99983	0.00000	0.00000	0.00000	0.00017	0.00000
215	NoName	0.00000	1.00000	0.00000	0.00000	0.00000	0.00000
216	NoName	0.00000	1.00000	0.00000	0.00000	0.00000	0.00000
217	NoName	0.00000	1.00000	0.00000	0.00000	0.00000	0.00000
218	NoName	0.00000	1.00000	0.00000	0.00000	0.00000	0.00000
219	NoName	0.00000	1.00000	0.00000	0.00000	0.00000	0.00000
220	NoName	0.00093	0.99305	0.00017	0.00046	0.00018	0.00522
221	NoName	0.00000	1.00000	0.00000	0.00000	0.00000	0.00000
222	NoName	0.00000	1.00000	0.00000	0.00000	0.00000	0.00000
223	NoName	0.00000	0.99805	0.00000	0.00005	0.00000	0.00190
224	NoName	0.00000	0.99999	0.00000	0.00000	0.00000	0.00001
225	NoName	0.00000	1.00000	0.00000	0.00000	0.00000	0.00000
226	NoName	0.99999	0.00000	0.00000	0.00000	0.00001	0.00000
227	NoName	0.00000	1.00000	0.00000	0.00000	0.00000	0.00000
228	NoName	0.00000	0.99901	0.00000	0.00001	0.00000	0.00097
229	NoName	0.99381	0.00000	0.00000	0.00027	0.00592	0.00000
230	NoName	0.00000	0.99999	0.00000	0.00000	0.00000	0.00001
231	NoName	0.00000	1.00000	0.00000	0.00000	0.00000	0.00000
232	NoName	0.00000	0.99977	0.00000	0.00000	0.00000	0.00022
233	NoName	0.99999	0.00000	0.00000	0.00000	0.00001	0.00000
234	NoName	0.00000	0.99998	0.00000	0.00000	0.00000	0.00002
235	NoName	0.00000	1.00000	0.00000	0.00000	0.00000	0.00000
236	NoName	0.00000	1.00000	0.00000	0.00000	0.00000	0.00000
237	NoName	0.00000	1.00000	0.00000	0.00000	0.00000	0.00000
238	NoName	0.00000	1.00000	0.00000	0.00000	0.00000	0.00000
239	NoName	0.99999	0.00000	0.00000	0.00000	0.00001	0.00000
240	NoName	1.00000	0.00000	0.00000	0.00000	0.00000	0.00000
241	NoName	0.99997	0.00000	0.00000	0.00000	0.00003	0.00000
242	NoName	1.00000	0.00000	0.00000	0.00000	0.00000	0.00000
243	NoName	0.00000	1.00000	0.00000	0.00000	0.00000	0.00000
244	NoName	0.99999	0.00000	0.00000	0.00000	0.00001	0.00000
245	NoName	0.99999	0.00000	0.00000	0.00000	0.00001	0.00000
246	NoName	0.00000	1.00000	0.00000	0.00000	0.00000	0.00000
247	NoName	0.00000	1.00000	0.00000	0.00000	0.00000	0.00000
248	NoName	0.00000	1.00000	0.00000	0.00000	0.00000	0.00000
249	NoName	0.00000	0.99998	0.00000	0.00000	0.00000	0.00002
250	NoName	0.00000	1.00000	0.00000	0.00000	0.00000	0.00000
251	NoName	0.00000	0.99999	0.00000	0.00000	0.00000	0.00001
252	NoName	0.00000	1.00000	0.00000	0.00000	0.00000	0.00000
253	NoName	0.00000	1.00000	0.00000	0.00000	0.00000	0.00000
254	NoName	0.00000	1.00000	0.00000	0.00000	0.00000	0.00000
255	NoName	0.00000	0.99999	0.00000	0.00000	0.00000	0.00001
256	NoName	0.00000	0.99998	0.00000	0.00000	0.00000	0.00002
257	NoName	0.00000	1.00000	0.00000	0.00000	0.00000	0.00000
258	NoName	0.00000	0.99999	0.00000	0.00000	0.00000	0.00001
259	NoName	0.00000	0.99999	0.00000	0.00000	0.00000	0.00001
260	NoName	0.00000	0.99752	0.00000	0.00009	0.00000	0.00239
261	NoName	0.00000	1.00000	0.00000	0.00000	0.00000	0.00000
262	NoName	0.00000	0.99999	0.00000	0.00000	0.00000	0.00001
263	NoName	0.00000	1.00000	0.00000	0.00000	0.00000	0.00000
264	NoName	0.00000	0.99999	0.00000	0.00000	0.00000	0.00001
265	NoName	0.00000	0.99954	0.00000	0.00000	0.00000	0.00045
266	NoName	0.00000	0.99999	0.00000	0.00000	0.00000	0.00001
267	NoName	0.00000	0.99999	0.00000	0.00000	0.00000	0.00001
268	NoName	0.00000	1.00000	0.00000	0.00000	0.00000	0.00000
269	NoName	0.00000	0.99997	0.00000	0.00000	0.00000	0.00003
270	NoName	0.00000	1.00000	0.00000	0.00000	0.00000	0.00000
271	NoName	0.00000	1.00000	0.00000	0.00000	0.00000	0.00000
272	NoName	0.00000	1.00000	0.00000	0.00000	0.00000	0.00000
273	NoName	0.00000	1.00000	0.00000	0.00000	0.00000	0.00000
274	NoName	0.00000	1.00000	0.00000	0.00000	0.00000	0.00000
275	NoName	0.00000	0.99999	0.00000	0.00000	0.00000	0.00001
276	NoName	0.00000	0.99999	0.00000	0.00000	0.00000	0.00001
277	NoName	0.00000	1.00000	0.00000	0.00000	0.00000	0.00000
278	NoName	0.00000	0.99999	0.00000	0.00000	0.00000	0.00001
279	NoName	0.00000	0.99999	0.00000	0.00000	0.00000	0.00001
280	NoName	0.00000	0.99999	0.00000	0.00000	0.00000	0.00001
281	NoName	0.00000	0.99998	0.00000	0.00000	0.00000	0.00002
282	NoName	0.00000	1.00000	0.00000	0.00000	0.00000	0.00000
283	NoName	0.99990	0.00000	0.00000	0.00000	0.00010	0.00000
284	NoName	0.00000	0.99806	0.00000	0.00005	0.00000	0.00189
285	NoName	0.00000	1.00000	0.00000	0.00000	0.00000	0.00000
286	NoName	0.00000	1.00000	0.00000	0.00000	0.00000	0.00000
287	NoName	0.00000	1.00000	0.00000	0.00000	0.00000	0.00000
288	NoName	0.00000	1.00000	0.00000	0.00000	0.00000	0.00000
289	NoName	0.00000	0.99951	0.00000	0.00000	0.00000	0.00049
290	NoName	0.00000	0.99999	0.00000	0.00000	0.00000	0.00001
291	NoName	0.00000	0.99999	0.00000	0.00000	0.00000	0.00001
292	NoName	0.00000	0.99959	0.00000	0.00000	0.00000	0.00041
293	NoName	0.00000	1.00000	0.00000	0.00000	0.00000	0.00000
294	NoName	0.00000	1.00000	0.00000	0.00000	0.00000	0.00000
295	NoName	0.00000	0.99998	0.00000	0.00000	0.00000	0.00002
296	NoName	0.99975	0.00000	0.00000	0.00000	0.00025	0.00000
297	NoName	0.18395	0.79695	0.00400	0.00130	0.00524	0.00855
298	NoName	0.00000	1.00000	0.00000	0.00000	0.00000	0.00000
299	NoName	0.00000	0.99942	0.00000	0.00000	0.00000	0.00058
300	NoName	0.99995	0.00000	0.00000	0.00000	0.00005	0.00000
301	NoName	0.00000	0.99998	0.00000	0.00000	0.00000	0.00002
302	NoName	0.00000	1.00000	0.00000	0.00000	0.00000	0.00000
303	NoName	0.00000	1.00000	0.00000	0.00000	0.00000	0.00000
304	NoName	0.00000	1.00000	0.00000	0.00000	0.00000	0.00000
305	NoName	0.00000	1.00000	0.00000	0.00000	0.00000	0.00000
306	NoName	0.00000	1.00000	0.00000	0.00000	0.00000	0.00000
307	NoName	0.00000	0.99875	0.00000	0.00001	0.00000	0.00124
308	NoName	0.00000	1.00000	0.00000	0.00000	0.00000	0.00000
309	NoName	0.00000	1.00000	0.00000	0.00000	0.00000	0.00000
310	NoName	0.00000	1.00000	0.00000	0.00000	0.00000	0.00000
311	NoName	0.00000	1.00000	0.00000	0.00000	0.00000	0.00000
312	NoName	0.00000	0.99793	0.00000	0.00006	0.00000	0.00200
313	NoName	0.00000	1.00000	0.00000	0.00000	0.00000	0.00000
314	NoName	0.00000	1.00000	0.00000	0.00000	0.00000	0.00000
315	NoName	0.00000	1.00000	0.00000	0.00000	0.00000	0.00000
316	NoName	0.00000	0.32616	0.00000	0.00262	0.00000	0.67122
317	NoName	0.00000	1.00000	0.00000	0.00000	0.00000	0.00000
318	NoName	0.00000	1.00000	0.00000	0.00000	0.00000	0.00000
319	NoName	0.00000	1.00000	0.00000	0.00000	0.00000	0.00000
320	NoName	0.00000	0.99971	0.00000	0.00000	0.00000	0.00029
321	NoName	0.00000	0.99999	0.00000	0.00000	0.00000	0.00001
322	NoName	0.00000	0.99997	0.00000	0.00000	0.00000	0.00003
323	NoName	0.00000	1.00000	0.00000	0.00000	0.00000	0.00000
324	NoName	0.00000	0.99999	0.00000	0.00000	0.00000	0.00001
325	NoName	0.00000	1.00000	0.00000	0.00000	0.00000	0.00000
326	NoName	0.00000	1.00000	0.00000	0.00000	0.00000	0.00000
327	NoName	0.00000	0.99985	0.00000	0.00000	0.00000	0.00015
328	NoName	0.00000	1.00000	0.00000	0.00000	0.00000	0.00000
329	NoName	0.00000	1.00000	0.00000	0.00000	0.00000	0.00000
330	NoName	0.00000	0.99999	0.00000	0.00000	0.00000	0.00001
331	NoName	0.00000	0.99906	0.00000	0.00001	0.00000	0.00093
332	NoName	0.00000	1.00000	0.00000	0.00000	0.00000	0.00000
333	NoName	0.00000	1.00000	0.00000	0.00000	0.00000	0.00000
334	NoName	0.00000	1.00000	0.00000	0.00000	0.00000	0.00000
335	NoName	0.00000	1.00000	0.00000	0.00000	0.00000	0.00000
336	NoName	0.00000	1.00000	0.00000	0.00000	0.00000	0.00000
337	NoName	0.23944	0.73977	0.00440	0.00144	0.00629	0.00867
338	NoName	0.00000	1.00000	0.00000	0.00000	0.00000	0.00000
339	NoName	0.00000	0.99998	0.00000	0.00000	0.00000	0.00002
340	NoName	0.00000	1.00000	0.00000	0.00000	0.00000	0.00000
341	NoName	0.00000	0.00000	0.99914	0.00032	0.00005	0.00049
342	NoName	0.00000	1.00000	0.00000	0.00000	0.00000	0.00000
343	NoName	0.00000	1.00000	0.00000	0.00000	0.00000	0.00000
344	NoName	0.00000	0.00069	0.00000	0.00542	0.00000	0.99389
345	NoName	0.00000	0.99996	0.00000	0.00000	0.00000	0.00004
346	NoName	0.00000	1.00000	0.00000	0.00000	0.00000	0.00000
347	NoName	0.00000	0.99794	0.00000	0.00005	0.00000	0.00201
348	NoName	0.00000	0.19495	0.00000	0.00008	0.00000	0.80498
349	NoName	0.00000	1.00000	0.00000	0.00000	0.00000	0.00000
350	NoName	0.00000	0.99999	0.00000	0.00000	0.00000	0.00001
351	NoName	0.00000	1.00000	0.00000	0.00000	0.00000	0.00000
352	NoName	0.00000	0.99909	0.00000	0.00001	0.00000	0.00090
353	NoName	0.00000	1.00000	0.00000	0.00000	0.00000	0.00000
354	NoName	0.00000	0.99912	0.00000	0.00001	0.00000	0.00087
355	NoName	0.00000	0.99673	0.00000	0.00014	0.00000	0.00313
356	NoName	0.99997	0.00000	0.00000	0.00000	0.00003	0.00000
357	NoName	0.00000	1.00000	0.00000	0.00000	0.00000	0.00000
358	NoName	0.00000	0.99996	0.00000	0.00000	0.00000	0.00004
359	NoName	0.18984	0.79083	0.00405	0.00132	0.00537	0.00859
360	NoName	0.00000	0.99999	0.00000	0.00000	0.00000	0.00001
361	NoName	0.00000	0.99981	0.00000	0.00000	0.00000	0.00019
362	NoName	1.00000	0.00000	0.00000	0.00000	0.00000	0.00000
363	NoName	1.00000	0.00000	0.00000	0.00000	0.00000	0.00000
364	NoName	0.00000	1.00000	0.00000	0.00000	0.00000	0.00000
365	NoName	0.00000	0.99994	0.00000	0.00000	0.00000	0.00006
366	NoName	0.00000	1.00000	0.00000	0.00000	0.00000	0.00000
367	NoName	0.00000	1.00000	0.00000	0.00000	0.00000	0.00000
368	NoName	0.00000	1.00000	0.00000	0.00000	0.00000	0.00000
369	NoName	0.99999	0.00000	0.00000	0.00000	0.00001	0.00000
370	NoName	0.00000	1.00000	0.00000	0.00000	0.00000	0.00000
371	NoName	0.00000	0.99992	0.00000	0.00000	0.00000	0.00008
372	NoName	0.00000	1.00000	0.00000	0.00000	0.00000	0.00000
373	NoName	0.00000	1.00000	0.00000	0.00000	0.00000	0.00000
374	NoName	0.00000	0.99914	0.00000	0.00001	0.00000	0.00085
375	NoName	0.99995	0.00000	0.00000	0.00000	0.00005	0.00000
376	NoName	0.00000	0.99974	0.00000	0.00000	0.00000	0.00026
377	NoName	0.40762	0.56830	0.00503	0.00172	0.00900	0.00832
378	NoName	0.99999	0.00000	0.00000	0.00000	0.00001	0.00000
379	NoName	0.99992	0.00000	0.00000	0.00000	0.00008	0.00000
380	NoName	0.00000	0.99999	0.00000	0.00000	0.00000	0.00001
381	NoName	0.00000	1.00000	0.00000	0.00000	0.00000	0.00000
382	NoName	0.00000	1.00000	0.00000	0.00000	0.00000	0.00000
383	NoName	0.99998	0.00000	0.00000	0.00000	0.00002	0.00000
384	NoName	0.00000	1.00000	0.00000	0.00000	0.00000	0.00000
385	NoName	0.00000	1.00000	0.00000	0.00000	0.00000	0.00000
386	NoName	0.00000	1.00000	0.00000	0.00000	0.00000	0.00000
387	NoName	0.00000	0.99997	0.00000	0.00000	0.00000	0.00003
388	NoName	0.99937	0.00000	0.00000	0.00001	0.00062	0.00000
389	NoName	0.00000	1.00000	0.00000	0.00000	0.00000	0.00000
390	NoName	0.00000	1.00000	0.00000	0.00000	0.00000	0.00000
391	NoName	0.00000	1.00000	0.00000	0.00000	0.00000	0.00000
392	NoName	0.00000	0.99953	0.00000	0.00000	0.00000	0.00047
393	NoName	0.00000	0.99981	0.00000	0.00000	0.00000	0.00019
394	NoName	0.00000	0.97692	0.00000	0.00003	0.00000	0.02306
395	NoName	0.00000	1.00000	0.00000	0.00000	0.00000	0.00000
396	NoName	0.00000	0.99998	0.00000	0.00000	0.00000	0.00002
397	NoName	0.00000	0.99977	0.00000	0.00000	0.00000	0.00023
398	NoName	0.00000	0.99999	0.00000	0.00000	0.00000	0.00001
399	NoName	0.00001	0.99554	0.00002	0.00025	0.00001	0.00418
400	NoName	0.00000	0.99999	0.00000	0.00000	0.00000	0.00001
401	NoName	0.00000	1.00000	0.00000	0.00000	0.00000	0.00000
402	NoName	0.36921	0.60639	0.00493	0.00182	0.00881	0.00884
403	NoName	0.00000	1.00000	0.00000	0.00000	0.00000	0.00000
404	NoName	0.00000	0.99999	0.00000	0.00000	0.00000	0.00001
405	NoName	0.00000	0.99997	0.00000	0.00000	0.00000	0.00003
406	NoName	0.00000	0.99986	0.00000	0.00000	0.00000	0.00014
407	NoName	0.00000	0.99992	0.00000	0.00000	0.00000	0.00008
408	NoName	0.00000	1.00000	0.00000	0.00000	0.00000	0.00000
409	NoName	0.00000	1.00000	0.00000	0.00000	0.00000	0.00000
410	NoName	0.00000	1.00000	0.00000	0.00000	0.00000	0.00000
411	NoName	0.00000	0.99999	0.00000	0.00000	0.00000	0.00001
412	NoName	0.99847	0.00000	0.00000	0.00000	0.00153	0.00000
413	NoName	0.00000	1.00000	0.00000	0.00000	0.00000	0.00000
414	NoName	0.00000	0.99998	0.00000	0.00000	0.00000	0.00002
415	NoName	0.00000	1.00000	0.00000	0.00000	0.00000	0.00000
416	NoName	0.00000	0.99923	0.00000	0.00001	0.00000	0.00076
417	NoName	0.00000	1.00000	0.00000	0.00000	0.00000	0.00000
418	NoName	0.00000	0.99999	0.00000	0.00000	0.00000	0.00001
419	NoName	0.00000	1.00000	0.00000	0.00000	0.00000	0.00000
420	NoName	0.00000	1.00000	0.00000	0.00000	0.00000	0.00000
421	NoName	0.00000	1.00000	0.00000	0.00000	0.00000	0.00000
422	NoName	0.00000	1.00000	0.00000	0.00000	0.00000	0.00000
423	NoName	0.00000	0.99947	0.00000	0.00000	0.00000	0.00053
424	NoName	0.00000	0.99976	0.00000	0.00000	0.00000	0.00024
425	NoName	0.00000	1.00000	0.00000	0.00000	0.00000	0.00000
426	NoName	0.00000	1.00000	0.00000	0.00000	0.00000	0.00000
427	NoName	0.00000	1.00000	0.00000	0.00000	0.00000	0.00000
428	NoName	0.00000	1.00000	0.00000	0.00000	0.00000	0.00000
429	NoName	0.00000	1.00000	0.00000	0.00000	0.00000	0.00000
430	NoName	0.00000	1.00000	0.00000	0.00000	0.00000	0.00000
431	NoName	0.00000	1.00000	0.00000	0.00000	0.00000	0.00000
432	NoName	0.00000	1.00000	0.00000	0.00000	0.00000	0.00000
433	NoName	0.00000	1.00000	0.00000	0.00000	0.00000	0.00000
434	NoName	0.00000	1.00000	0.00000	0.00000	0.00000	0.00000
435	NoName	0.00000	0.99851	0.00000	0.00003	0.00000	0.00145
436	NoName	0.00000	1.00000	0.00000	0.00000	0.00000	0.00000
437	NoName	1.00000	0.00000	0.00000	0.00000	0.00000	0.00000
438	NoName	0.00000	0.99999	0.00000	0.00000	0.00000	0.00001
439	NoName	0.00000	1.00000	0.00000	0.00000	0.00000	0.00000
440	NoName	0.00000	1.00000	0.00000	0.00000	0.00000	0.00000
441	NoName	0.00000	0.99997	0.00000	0.00000	0.00000	0.00003
442	NoName	0.00000	1.00000	0.00000	0.00000	0.00000	0.00000
443	NoName	0.00000	0.99999	0.00000	0.00000	0.00000	0.00001
444	NoName	0.00000	1.00000	0.00000	0.00000	0.00000	0.00000
445	NoName	0.00000	1.00000	0.00000	0.00000	0.00000	0.00000
446	NoName	0.00000	0.99953	0.00000	0.00000	0.00000	0.00047
447	NoName	0.00000	1.00000	0.00000	0.00000	0.00000	0.00000
448	NoName	0.00000	1.00000	0.00000	0.00000	0.00000	0.00000
449	NoName	0.00000	1.00000	0.00000	0.00000	0.00000	0.00000
450	NoName	0.00000	1.00000	0.00000	0.00000	0.00000	0.00000
451	NoName	0.00000	0.99989	0.00000	0.00000	0.00000	0.00011
452	NoName	0.00000	1.00000	0.00000	0.00000	0.00000	0.00000
453	NoName	0.00072	0.99261	0.00027	0.00047	0.00019	0.00574
454	NoName	0.00000	0.99994	0.00000	0.00000	0.00000	0.00006
455	NoName	0.00000	1.00000	0.00000	0.00000	0.00000	0.00000
456	NoName	0.00000	0.99976	0.00000	0.00000	0.00000	0.00024
457	NoName	0.00000	1.00000	0.00000	0.00000	0.00000	0.00000
458	NoName	0.00000	0.99998	0.00000	0.00000	0.00000	0.00002
459	NoName	0.00000	0.99999	0.00000	0.00000	0.00000	0.00001
460	NoName	0.00000	1.00000	0.00000	0.00000	0.00000	0.00000
461	NoName	0.99997	0.00000	0.00000	0.00000	0.00003	0.00000
462	NoName	0.00000	0.99975	0.00000	0.00000	0.00000	0.00025
463	NoName	0.00000	0.99999	0.00000	0.00000	0.00000	0.00001
464	NoName	0.00054	0.99200	0.00014	0.00062	0.00012	0.00659
465	NoName	0.99998	0.00000	0.00000	0.00000	0.00002	0.00000
466	NoName	0.00000	1.00000	0.00000	0.00000	0.00000	0.00000
467	NoName	0.00000	0.99997	0.00000	0.00000	0.00000	0.00003
468	NoName	0.00000	0.99676	0.00000	0.00007	0.00000	0.00317
469	NoName	0.00000	0.99999	0.00000	0.00000	0.00000	0.00001
470	NoName	0.00000	1.00000	0.00000	0.00000	0.00000	0.00000
471	NoName	0.00000	0.99996	0.00000	0.00000	0.00000	0.00004
472	NoName	0.00000	0.99999	0.00000	0.00000	0.00000	0.00001
473	NoName	0.00000	1.00000	0.00000	0.00000	0.00000	0.00000
474	NoName	0.00000	0.99999	0.00000	0.00000	0.00000	0.00001
475	NoName	0.00003	0.99328	0.00004	0.00053	0.00003	0.00609
476	NoName	0.00000	1.00000	0.00000	0.00000	0.00000	0.00000
477	NoName	0.00000	0.99999	0.00000	0.00000	0.00000	0.00001
478	NoName	0.00000	1.00000	0.00000	0.00000	0.00000	0.00000
479	NoName	0.00000	0.99999	0.00000	0.00000	0.00000	0.00001
480	NoName	0.00000	0.99989	0.00000	0.00000	0.00000	0.00011
481	NoName	0.00000	1.00000	0.00000	0.00000	0.00000	0.00000
482	NoName	0.00000	1.00000	0.00000	0.00000	0.00000	0.00000
483	NoName	0.00000	1.00000	0.00000	0.00000	0.00000	0.00000
484	NoName	0.00000	1.00000	0.00000	0.00000	0.00000	0.00000
485	NoName	0.00000	1.00000	0.00000	0.00000	0.00000	0.00000
486	NoName	0.00000	1.00000	0.00000	0.00000	0.00000	0.00000
487	NoName	0.00000	1.00000	0.00000	0.00000	0.00000	0.00000
488	NoName	0.00000	1.00000	0.00000	0.00000	0.00000	0.00000
489	NoName	0.00000	1.00000	0.00000	0.00000	0.00000	0.00000
490	NoName	0.00000	1.00000	0.00000	0.00000	0.00000	0.00000
491	NoName	0.00000	0.99999	0.00000	0.00000	0.00000	0.00001
492	NoName	0.00000	1.00000	0.00000	0.00000	0.00000	0.00000
493	NoName	0.00000	0.99997	0.00000	0.00000	0.00000	0.00003
494	NoName	0.00000	1.00000	0.00000	0.00000	0.00000	0.00000
495	NoName	0.00000	0.99669	0.00001	0.00014	0.00000	0.00316
496	NoName	0.00000	0.99999	0.00000	0.00000	0.00000	0.00001
497	NoName	0.00000	1.00000	0.00000	0.00000	0.00000	0.00000
498	NoName	0.00000	1.00000	0.00000	0.00000	0.00000	0.00000
499	NoName	0.00000	1.00000	0.00000	0.00000	0.00000	0.00000
500	NoName	0.00000	1.00000	0.00000	0.00000	0.00000	0.00000
501	NoName	0.00000	0.99688	0.00000	0.00013	0.00000	0.00299
502	NoName	0.00000	1.00000	0.00000	0.00000	0.00000	0.00000
503	NoName	0.01232	0.97516	0.00103	0.00121	0.00119	0.00910
504	NoName	0.00000	0.99995	0.00000	0.00000	0.00000	0.00005
505	NoName	0.00000	0.99998	0.00000	0.00000	0.00000	0.00002
506	NoName	0.00000	1.00000	0.00000	0.00000	0.00000	0.00000
507	NoName	0.99941	0.00000	0.00000	0.00000	0.00058	0.00000
508	NoName	0.99996	0.00000	0.00000	0.00000	0.00004	0.00000
509	NoName	0.00000	0.95451	0.00000	0.01270	0.00000	0.03279
510	NoName	0.00000	0.99998	0.00000	0.00000	0.00000	0.00002
511	NoName	0.00000	1.00000	0.00000	0.00000	0.00000	0.00000
512	NoName	0.00000	0.99995	0.00000	0.00000	0.00000	0.00005
513	NoName	0.00000	0.99943	0.00000	0.00000	0.00000	0.00057
514	NoName	0.99985	0.00000	0.00000	0.00000	0.00015	0.00000
515	NoName	0.00000	1.00000	0.00000	0.00000	0.00000	0.00000
516	NoName	0.99961	0.00000	0.00000	0.00000	0.00039	0.00000
517	NoName	0.00000	0.99987	0.00000	0.00000	0.00000	0.00013
518	NoName	0.00000	1.00000	0.00000	0.00000	0.00000	0.00000
519	NoName	1.00000	0.00000	0.00000	0.00000	0.00000	0.00000
520	NoName	0.00000	0.99404	0.00000	0.00000	0.00000	0.00596
521	NoName	0.00000	0.99999	0.00000	0.00000	0.00000	0.00001
522	NoName	0.00000	1.00000	0.00000	0.00000	0.00000	0.00000
523	NoName	0.00000	1.00000	0.00000	0.00000	0.00000	0.00000
524	NoName	0.00000	0.99999	0.00000	0.00000	0.00000	0.00001
525	NoName	0.00000	1.00000	0.00000	0.00000	0.00000	0.00000
526	NoName	0.00000	1.00000	0.00000	0.00000	0.00000	0.00000
527	NoName	0.00000	0.99947	0.00000	0.00000	0.00000	0.00053
528	NoName	0.00000	1.00000	0.00000	0.00000	0.00000	0.00000
529	NoName	0.00000	0.99947	0.00000	0.00000	0.00000	0.00053
530	NoName	0.00023	0.99484	0.00015	0.00028	0.00008	0.00442
531	NoName	0.00000	0.99974	0.00000	0.00000	0.00000	0.00026
532	NoName	0.00000	1.00000	0.00000	0.00000	0.00000	0.00000
533	NoName	0.00000	1.00000	0.00000	0.00000	0.00000	0.00000
534	NoName	0.99992	0.00000	0.00000	0.00000	0.00008	0.00000
535	NoName	0.00000	1.00000	0.00000	0.00000	0.00000	0.00000
536	NoName	0.00000	1.00000	0.00000	0.00000	0.00000	0.00000
537	NoName	0.00000	1.00000	0.00000	0.00000	0.00000	0.00000
538	NoName	0.99998	0.00000	0.00000	0.00000	0.00002	0.00000
539	NoName	0.00000	0.99913	0.00000	0.00001	0.00000	0.00086
540	NoName	0.00000	1.00000	0.00000	0.00000	0.00000	0.00000
541	NoName	0.99901	0.00000	0.00000	0.00001	0.00098	0.00000
542	NoName	0.99999	0.00000	0.00000	0.00000	0.00001	0.00000
543	NoName	0.99999	0.00000	0.00000	0.00000	0.00001	0.00000
544	NoName	0.00000	0.99999	0.00000	0.00000	0.00000	0.00001
545	NoName	0.00000	1.00000	0.00000	0.00000	0.00000	0.00000
546	NoName	0.00000	1.00000	0.00000	0.00000	0.00000	0.00000
547	NoName	0.00000	0.99955	0.00000	0.00000	0.00000	0.00045
548	NoName	0.00000	0.99998	0.00000	0.00000	0.00000	0.00002
549	NoName	0.96687	0.00000	0.00003	0.00131	0.03177	0.00000
550	NoName	0.00000	0.98139	0.00000	0.00000	0.00000	0.01861
551	NoName	0.00000	1.00000	0.00000	0.00000	0.00000	0.00000
552	NoName	1.00000	0.00000	0.00000	0.00000	0.00000	0.00000
553	NoName	0.00000	0.99999	0.00000	0.00000	0.00000	0.00001
554	NoName	0.00000	1.00000	0.00000	0.00000	0.00000	0.00000
555	NoName	0.00000	1.00000	0.00000	0.00000	0.00000	0.00000
556	NoName	0.00000	0.99999	0.00000	0.00000	0.00000	0.00001
557	NoName	0.00000	0.00000	0.87588	0.01512	0.00007	0.10893
558	NoName	0.00000	1.00000	0.00000	0.00000	0.00000	0.00000
559	NoName	0.00000	1.00000	0.00000	0.00000	0.00000	0.00000
560	NoName	0.99998	0.00000	0.00000	0.00000	0.00002	0.00000
561	NoName	0.99998	0.00000	0.00000	0.00000	0.00002	0.00000
562	NoName	0.99999	0.00000	0.00000	0.00000	0.00001	0.00000
563	NoName	0.99999	0.00000	0.00000	0.00000	0.00001	0.00000
564	NoName	0.00000	0.99999	0.00000	0.00000	0.00000	0.00001
565	NoName	0.00000	1.00000	0.00000	0.00000	0.00000	0.00000
566	NoName	1.00000	0.00000	0.00000	0.00000	0.00000	0.00000
567	NoName	0.00000	1.00000	0.00000	0.00000	0.00000	0.00000
568	NoName	0.36733	0.60897	0.00494	0.00171	0.00850	0.00857
569	NoName	1.00000	0.00000	0.00000	0.00000	0.00000	0.00000
570	NoName	0.00000	1.00000	0.00000	0.00000	0.00000	0.00000
571	NoName	0.00000	1.00000	0.00000	0.00000	0.00000	0.00000
572	NoName	0.00000	1.00000	0.00000	0.00000	0.00000	0.00000
573	NoName	0.00000	0.99999	0.00000	0.00000	0.00000	0.00001
574	NoName	0.00000	0.99999	0.00000	0.00000	0.00000	0.00001
575	NoName	0.00000	1.00000	0.00000	0.00000	0.00000	0.00000
576	NoName	0.00000	0.00000	0.00205	0.02231	0.97564	0.00000
577	NoName	0.00000	0.98484	0.00000	0.00000	0.00000	0.01516
578	NoName	0.99945	0.00000	0.00000	0.00000	0.00055	0.00000
579	NoName	0.00000	1.00000	0.00000	0.00000	0.00000	0.00000
580	NoName	0.00000	0.01458	0.00000	0.02643	0.00000	0.95899
581	NoName	0.00000	0.99984	0.00000	0.00000	0.00000	0.00016
582	NoName	0.00000	0.99998	0.00000	0.00000	0.00000	0.00002
583	NoName	0.00000	0.99994	0.00000	0.00000	0.00000	0.00006
584	NoName	0.00000	0.99951	0.00000	0.00000	0.00000	0.00048
585	NoName	0.00000	1.00000	0.00000	0.00000	0.00000	0.00000
586	NoName	0.00000	0.99502	0.00000	0.00000	0.00000	0.00498
587	NoName	0.00000	1.00000	0.00000	0.00000	0.00000	0.00000
588	NoName	0.00000	0.99999	0.00000	0.00000	0.00000	0.00001
589	NoName	0.00000	0.99999	0.00000	0.00000	0.00000	0.00001
590	NoName	0.00000	1.00000	0.00000	0.00000	0.00000	0.00000
591	NoName	0.00000	1.00000	0.00000	0.00000	0.00000	0.00000
592	NoName	0.00000	0.99781	0.00000	0.00006	0.00000	0.00212
593	NoName	0.00000	0.99972	0.00000	0.00000	0.00000	0.00028
594	NoName	0.00000	1.00000	0.00000	0.00000	0.00000	0.00000
595	NoName	0.00000	0.99994	0.00000	0.00000	0.00000	0.00006
596	NoName	0.00000	1.00000	0.00000	0.00000	0.00000	0.00000
597	NoName	0.00001	0.90589	0.00002	0.05564	0.00033	0.03810
598	NoName	0.00000	0.99999	0.00000	0.00000	0.00000	0.00001
599	NoName	0.00000	0.99901	0.00000	0.00001	0.00000	0.00097
600	NoName	0.00000	0.93175	0.00000	0.00036	0.00000	0.06788
601	NoName	0.00000	1.00000	0.00000	0.00000	0.00000	0.00000
602	NoName	0.00183	0.98898	0.00034	0.00101	0.00044	0.00739
603	NoName	1.00000	0.00000	0.00000	0.00000	0.00000	0.00000
604	NoName	0.99821	0.00000	0.00000	0.00003	0.00177	0.00000
605	NoName	0.00000	0.99999	0.00000	0.00000	0.00000	0.00001
606	NoName	0.00000	0.99717	0.00000	0.00010	0.00000	0.00273
607	NoName	0.00000	1.00000	0.00000	0.00000	0.00000	0.00000
608	NoName	0.00000	1.00000	0.00000	0.00000	0.00000	0.00000
609	NoName	0.00000	0.99991	0.00000	0.00000	0.00000	0.00009
610	NoName	0.00000	1.00000	0.00000	0.00000	0.00000	0.00000
611	NoName	0.99903	0.00000	0.00000	0.00001	0.00097	0.00000
612	NoName	0.00000	0.99986	0.00000	0.00000	0.00000	0.00014
613	NoName	0.00000	0.99999	0.00000	0.00000	0.00000	0.00001
614	NoName	0.00000	0.99999	0.00000	0.00000	0.00000	0.00001
615	NoName	0.00123	0.96880	0.00027	0.00823	0.00101	0.02046
616	NoName	0.00000	1.00000	0.00000	0.00000	0.00000	0.00000
617	NoName	0.00000	1.00000	0.00000	0.00000	0.00000	0.00000
618	NoName	0.00000	1.00000	0.00000	0.00000	0.00000	0.00000
619	NoName	0.00000	1.00000	0.00000	0.00000	0.00000	0.00000
620	NoName	0.00000	0.99999	0.00000	0.00000	0.00000	0.00001
621	NoName	0.00000	1.00000	0.00000	0.00000	0.00000	0.00000
622	NoName	0.00000	0.99998	0.00000	0.00000	0.00000	0.00002
623	NoName	0.00000	0.99920	0.00000	0.00001	0.00000	0.00079
624	NoName	0.00000	0.99999	0.00000	0.00000	0.00000	0.00001
625	NoName	0.00000	0.99994	0.00000	0.00000	0.00000	0.00006
626	NoName	0.00000	1.00000	0.00000	0.00000	0.00000	0.00000
627	NoName	0.00000	0.99918	0.00000	0.00001	0.00000	0.00081
628	NoName	0.00000	1.00000	0.00000	0.00000	0.00000	0.00000
629	NoName	0.00000	1.00000	0.00000	0.00000	0.00000	0.00000
630	NoName	0.00000	1.00000	0.00000	0.00000	0.00000	0.00000
631	NoName	0.00000	1.00000	0.00000	0.00000	0.00000	0.00000
632	NoName	0.00000	1.00000	0.00000	0.00000	0.00000	0.00000
633	NoName	0.99990	0.00000	0.00000	0.00000	0.00010	0.00000
634	NoName	0.00000	0.99998	0.00000	0.00000	0.00000	0.00002
635	NoName	0.00000	0.99999	0.00000	0.00000	0.00000	0.00001
636	NoName	0.00000	0.99989	0.00000	0.00000	0.00000	0.00011
637	NoName	0.00000	0.99769	0.00000	0.00008	0.00000	0.00223
638	NoName	0.00000	0.99937	0.00000	0.00000	0.00000	0.00063
639	NoName	0.00000	1.00000	0.00000	0.00000	0.00000	0.00000
640	NoName	0.00000	1.00000	0.00000	0.00000	0.00000	0.00000
641	NoName	0.00000	0.99999	0.00000	0.00000	0.00000	0.00001
642	NoName	0.00000	1.00000	0.00000	0.00000	0.00000	0.00000
643	NoName	0.00000	0.99989	0.00000	0.00000	0.00000	0.00011
644	NoName	0.00000	0.99999	0.00000	0.00000	0.00000	0.00001
645	NoName	0.00000	0.29678	0.00000	0.00003	0.00000	0.70320
646	NoName	0.00000	1.00000	0.00000	0.00000	0.00000	0.00000
647	NoName	0.00000	0.99977	0.00000	0.00000	0.00000	0.00023
648	NoName	0.00000	1.00000	0.00000	0.00000	0.00000	0.00000
649	NoName	0.00000	0.99998	0.00000	0.00000	0.00000	0.00002
650	NoName	0.00000	0.99991	0.00000	0.00000	0.00000	0.00009
651	NoName	0.99901	0.00000	0.00000	0.00000	0.00099	0.00000
652	NoName	0.00000	0.99998	0.00000	0.00000	0.00000	0.00002
653	NoName	0.00000	1.00000	0.00000	0.00000	0.00000	0.00000
654	NoName	0.38882	0.00000	0.00000	0.15122	0.45996	0.00000
655	NoName	0.00000	0.63423	0.00000	0.04283	0.00000	0.32294
656	NoName	0.00000	1.00000	0.00000	0.00000	0.00000	0.00000
657	NoName	0.00000	0.99998	0.00000	0.00000	0.00000	0.00002
658	NoName	0.00000	0.99999	0.00000	0.00000	0.00000	0.00001
659	NoName	0.00000	0.99999	0.00000	0.00000	0.00000	0.00001
660	NoName	0.98360	0.00007	0.00007	0.00182	0.01438	0.00007
661	NoName	0.00000	0.99939	0.00000	0.00000	0.00000	0.00061
662	NoName	0.00000	1.00000	0.00000	0.00000	0.00000	0.00000
663	NoName	0.00000	0.99999	0.00000	0.00000	0.00000	0.00001
664	NoName	0.00000	0.99784	0.00001	0.00005	0.00000	0.00211
665	NoName	0.99998	0.00000	0.00000	0.00000	0.00002	0.00000
666	NoName	0.00000	0.99857	0.00000	0.00002	0.00000	0.00140
667	NoName	0.99998	0.00000	0.00000	0.00000	0.00002	0.00000
668	NoName	1.00000	0.00000	0.00000	0.00000	0.00000	0.00000
669	NoName	0.99992	0.00000	0.00000	0.00000	0.00008	0.00000
670	NoName	0.99955	0.00000	0.00000	0.00000	0.00045	0.00000
671	NoName	0.99979	0.00000	0.00000	0.00000	0.00021	0.00000
672	NoName	0.00000	0.99997	0.00000	0.00000	0.00000	0.00003
673	NoName	0.00000	0.99999	0.00000	0.00000	0.00000	0.00001
674	NoName	0.00000	1.00000	0.00000	0.00000	0.00000	0.00000
675	NoName	0.00000	0.99785	0.00000	0.00006	0.00000	0.00209
676	NoName	0.00000	0.99989	0.00000	0.00000	0.00000	0.00011
677	NoName	0.00000	0.99993	0.00000	0.00000	0.00000	0.00007
678	NoName	0.00000	1.00000	0.00000	0.00000	0.00000	0.00000
679	NoName	0.99998	0.00000	0.00000	0.00000	0.00002	0.00000
680	NoName	0.00000	1.00000	0.00000	0.00000	0.00000	0.00000
681	NoName	0.00000	1.00000	0.00000	0.00000	0.00000	0.00000
682	NoName	0.00000	0.99999	0.00000	0.00000	0.00000	0.00001
683	NoName	0.00000	1.00000	0.00000	0.00000	0.00000	0.00000
684	NoName	0.00000	1.00000	0.00000	0.00000	0.00000	0.00000
685	NoName	0.00000	0.99971	0.00000	0.00000	0.00000	0.00029
686	NoName	0.00000	1.00000	0.00000	0.00000	0.00000	0.00000
687	NoName	0.00000	1.00000	0.00000	0.00000	0.00000	0.00000
688	NoName	0.00000	0.99999	0.00000	0.00000	0.00000	0.00001
689	NoName	0.00000	1.00000	0.00000	0.00000	0.00000	0.00000
690	NoName	0.00000	1.00000	0.00000	0.00000	0.00000	0.00000
691	NoName	0.00000	0.99999	0.00000	0.00000	0.00000	0.00001
692	NoName	0.00000	0.99999	0.00000	0.00000	0.00000	0.00001
693	NoName	0.00000	0.99999	0.00000	0.00000	0.00000	0.00001
694	NoName	0.00000	1.00000	0.00000	0.00000	0.00000	0.00000
695	NoName	0.10162	0.88235	0.00308	0.00110	0.00358	0.00827
696	NoName	0.00000	0.99991	0.00000	0.00000	0.00000	0.00009
697	NoName	0.00000	1.00000	0.00000	0.00000	0.00000	0.00000
698	NoName	0.00000	0.99543	0.00000	0.00001	0.00000	0.00456
699	NoName	0.00000	0.93095	0.00000	0.02582	0.00000	0.04323
700	NoName	0.00000	1.00000	0.00000	0.00000	0.00000	0.00000
701	NoName	0.00000	1.00000	0.00000	0.00000	0.00000	0.00000
702	NoName	0.99998	0.00000	0.00000	0.00000	0.00002	0.00000
703	NoName	0.99996	0.00000	0.00000	0.00000	0.00004	0.00000
704	NoName	0.99984	0.00000	0.00000	0.00000	0.00016	0.00000
705	NoName	0.98595	0.00000	0.00001	0.00141	0.01262	0.00001
706	NoName	0.00000	1.00000	0.00000	0.00000	0.00000	0.00000
707	NoName	0.00000	1.00000	0.00000	0.00000	0.00000	0.00000
708	NoName	0.98607	0.00000	0.00000	0.00180	0.01213	0.00000
709	NoName	0.00000	0.99998	0.00000	0.00000	0.00000	0.00002
710	NoName	0.00000	0.99999	0.00000	0.00000	0.00000	0.00001
711	NoName	0.00000	1.00000	0.00000	0.00000	0.00000	0.00000
712	NoName	0.00000	1.00000	0.00000	0.00000	0.00000	0.00000
713	NoName	0.00000	1.00000	0.00000	0.00000	0.00000	0.00000
714	NoName	0.00000	1.00000	0.00000	0.00000	0.00000	0.00000
715	NoName	0.84748	0.00000	0.00000	0.00033	0.15218	0.00000
716	NoName	0.00000	0.99768	0.00000	0.00007	0.00000	0.00224
717	NoName	0.00000	1.00000	0.00000	0.00000	0.00000	0.00000
718	NoName	0.00000	0.99999	0.00000	0.00000	0.00000	0.00001
719	NoName	1.00000	0.00000	0.00000	0.00000	0.00000	0.00000
720	NoName	0.00000	1.00000	0.00000	0.00000	0.00000	0.00000
721	NoName	0.00000	1.00000	0.00000	0.00000	0.00000	0.00000
722	NoName	0.00000	1.00000	0.00000	0.00000	0.00000	0.00000
723	NoName	0.00000	1.00000	0.00000	0.00000	0.00000	0.00000
724	NoName	0.00000	1.00000	0.00000	0.00000	0.00000	0.00000
725	NoName	0.00000	0.99904	0.00000	0.00001	0.00000	0.00095
726	NoName	0.00000	0.99958	0.00000	0.00000	0.00000	0.00042
727	NoName	0.00000	1.00000	0.00000	0.00000	0.00000	0.00000
728	NoName	0.00000	1.00000	0.00000	0.00000	0.00000	0.00000
729	NoName	0.00000	0.99654	0.00000	0.00015	0.00000	0.00330
730	NoName	0.00000	1.00000	0.00000	0.00000	0.00000	0.00000
731	NoName	0.00000	0.99998	0.00000	0.00000	0.00000	0.00002
732	NoName	0.00000	0.99993	0.00000	0.00000	0.00000	0.00007
733	NoName	0.99990	0.00000	0.00000	0.00000	0.00010	0.00000
734	NoName	0.00000	0.99999	0.00000	0.00000	0.00000	0.00001
735	NoName	0.00000	0.99999	0.00000	0.00000	0.00000	0.00001
736	NoName	0.00000	1.00000	0.00000	0.00000	0.00000	0.00000
737	NoName	0.00000	0.99663	0.00001	0.00015	0.00000	0.00322
738	NoName	0.00000	0.99999	0.00000	0.00000	0.00000	0.00001
739	NoName	1.00000	0.00000	0.00000	0.00000	0.00000	0.00000
740	NoName	0.00002	0.99589	0.00003	0.00021	0.00001	0.00385
741	NoName	0.00000	1.00000	0.00000	0.00000	0.00000	0.00000
742	NoName	0.99997	0.00000	0.00000	0.00000	0.00003	0.00000
743	NoName	0.00000	1.00000	0.00000	0.00000	0.00000	0.00000
744	NoName	0.00000	1.00000	0.00000	0.00000	0.00000	0.00000
745	NoName	0.00000	0.99996	0.00000	0.00000	0.00000	0.00004
746	NoName	0.99999	0.00000	0.00000	0.00000	0.00001	0.00000
747	NoName	0.00000	1.00000	0.00000	0.00000	0.00000	0.00000
748	NoName	0.00000	0.99999	0.00000	0.00000	0.00000	0.00001
749	NoName	0.00000	0.99999	0.00000	0.00000	0.00000	0.00001
750	NoName	0.00000	1.00000	0.00000	0.00000	0.00000	0.00000
751	NoName	0.11849	0.86501	0.00334	0.00110	0.00387	0.00819
752	NoName	0.00000	0.99986	0.00000	0.00000	0.00000	0.00014
753	NoName	0.00000	1.00000	0.00000	0.00000	0.00000	0.00000
754	NoName	0.00000	1.00000	0.00000	0.00000	0.00000	0.00000
755	NoName	0.00000	1.00000	0.00000	0.00000	0.00000	0.00000
756	NoName	0.00000	0.99994	0.00000	0.00000	0.00000	0.00006
757	NoName	0.00000	1.00000	0.00000	0.00000	0.00000	0.00000
758	NoName	0.00000	0.99850	0.00000	0.00002	0.00000	0.00147
759	NoName	0.00000	0.99976	0.00000	0.00000	0.00000	0.00024
760	NoName	0.99992	0.00000	0.00000	0.00000	0.00008	0.00000
761	NoName	0.99999	0.00000	0.00000	0.00000	0.00001	0.00000
762	NoName	0.00000	0.00000	0.00000	0.43565	0.00000	0.56435
763	NoName	0.00000	0.99999	0.00000	0.00000	0.00000	0.00001
764	NoName	0.00000	1.00000	0.00000	0.00000	0.00000	0.00000
765	NoName	0.00000	0.99999	0.00000	0.00000	0.00000	0.00001
766	NoName	0.00000	1.00000	0.00000	0.00000	0.00000	0.00000
767	NoName	0.00000	1.00000	0.00000	0.00000	0.00000	0.00000
768	NoName	0.00000	1.00000	0.00000	0.00000	0.00000	0.00000
769	NoName	0.00000	0.99998	0.00000	0.00000	0.00000	0.00002
770	NoName	0.00000	0.99999	0.00000	0.00000	0.00000	0.00001
771	NoName	0.00000	1.00000	0.00000	0.00000	0.00000	0.00000
772	NoName	0.00000	1.00000	0.00000	0.00000	0.00000	0.00000
773	NoName	0.00000	0.99999	0.00000	0.00000	0.00000	0.00001
774	NoName	0.00000	0.99937	0.00000	0.00001	0.00000	0.00062
775	NoName	0.00000	0.99993	0.00000	0.00000	0.00000	0.00007
776	NoName	0.00000	0.99999	0.00000	0.00000	0.00000	0.00001
777	NoName	0.00000	0.99999	0.00000	0.00000	0.00000	0.00001
