UponCompletionOf_1000000_sweeps
LocNumber LocName AlleleNumber AlleleName FreqInPop0 FreqInPop1 SDInPop0 SDinPop1
0	LdDocent_Contig_95152_97	0	1	0.997328	0.984908	0.003640	0.003832
0	LdDocent_Contig_95152_97	1	2	0.002672	0.015092	0.003640	0.003832
1	LdDocent_Contig_1935_91	0	1	0.997870	0.959535	0.002985	0.005817
1	LdDocent_Contig_1935_91	1	2	0.002130	0.040465	0.002985	0.005817
2	LdDocent_Contig_13040_148	0	1	0.943702	0.999546	0.014358	0.000642
2	LdDocent_Contig_13040_148	1	2	0.056298	0.000454	0.014358	0.000642
3	LdDocent_Contig_60380_375	0	1	0.998093	0.983893	0.002694	0.003711
3	LdDocent_Contig_60380_375	1	2	0.001907	0.016107	0.002694	0.003711
4	LdDocent_Contig_626_446	0	1	0.997396	0.989915	0.003662	0.002959
4	LdDocent_Contig_626_446	1	2	0.002604	0.010085	0.003662	0.002959
5	LdDocent_Contig_16_120	0	1	0.994524	0.979991	0.004455	0.004083
5	LdDocent_Contig_16_120	1	2	0.005476	0.020009	0.004455	0.004083
6	LdDocent_Contig_32665_23	0	1	0.994319	0.949634	0.004616	0.006648
6	LdDocent_Contig_32665_23	1	2	0.005681	0.050366	0.004616	0.006648
7	LdDocent_Contig_65016_131	0	1	0.936384	0.999535	0.015627	0.000656
7	LdDocent_Contig_65016_131	1	2	0.063616	0.000465	0.015627	0.000656
8	LdDocent_Contig_2564_66	0	1	0.998052	0.993434	0.002753	0.002389
8	LdDocent_Contig_2564_66	1	2	0.001948	0.006566	0.002753	0.002389
9	LdDocent_Contig_1118_8	0	1	0.925879	0.999546	0.016567	0.000642
9	LdDocent_Contig_1118_8	1	2	0.074121	0.000454	0.016567	0.000642
10	LdDocent_Contig_1993_364	0	1	0.911186	0.999553	0.017846	0.000634
10	LdDocent_Contig_1993_364	1	2	0.088814	0.000447	0.017846	0.000634
11	LdDocent_Contig_143_44	0	1	0.997953	0.986522	0.002891	0.003509
11	LdDocent_Contig_143_44	1	2	0.002047	0.013478	0.002891	0.003509
12	LdDocent_Contig_38007_408	0	1	0.997594	0.978057	0.003394	0.004676
12	LdDocent_Contig_38007_408	1	2	0.002406	0.021943	0.003394	0.004676
13	LdDocent_Contig_81500_448	0	1	0.366869	0.977881	0.029753	0.004766
13	LdDocent_Contig_81500_448	1	2	0.633131	0.022119	0.029753	0.004766
14	LdDocent_Contig_596_393	0	1	0.963165	0.999512	0.012372	0.000688
14	LdDocent_Contig_596_393	1	2	0.036835	0.000488	0.012372	0.000688
15	LdDocent_Contig_12500_50	0	1	0.997964	0.989568	0.002870	0.003056
15	LdDocent_Contig_12500_50	1	2	0.002036	0.010432	0.002870	0.003056
16	LdDocent_Contig_18650_24	0	1	0.997839	0.993301	0.003049	0.002616
16	LdDocent_Contig_18650_24	1	2	0.002161	0.006699	0.003049	0.002616
17	LdDocent_Contig_90525_37	0	1	0.993790	0.987462	0.005048	0.003390
17	LdDocent_Contig_90525_37	1	2	0.006210	0.012538	0.005048	0.003390
18	LdDocent_Contig_7902_345	0	1	0.987591	0.891897	0.017234	0.009141
18	LdDocent_Contig_7902_345	1	2	0.012409	0.108103	0.017234	0.009141
19	LdDocent_Contig_1278_371	0	1	0.572540	0.998722	0.033723	0.001059
19	LdDocent_Contig_1278_371	1	2	0.427460	0.001278	0.033723	0.001059
20	LdDocent_Contig_525_7	0	1	0.997976	0.833844	0.002855	0.011268
20	LdDocent_Contig_525_7	1	2	0.002024	0.166156	0.002855	0.011268
21	LdDocent_Contig_31898_418	0	1	0.997771	0.988816	0.003144	0.003280
21	LdDocent_Contig_31898_418	1	2	0.002229	0.011184	0.003144	0.003280
22	LdDocent_Contig_29041_10	0	1	0.879131	0.932195	0.021618	0.007588
22	LdDocent_Contig_29041_10	1	2	0.120869	0.067805	0.021618	0.007588
23	LdDocent_Contig_18553_133	0	1	0.997970	0.992381	0.002862	0.002602
23	LdDocent_Contig_18553_133	1	2	0.002030	0.007619	0.002862	0.002602
24	LdDocent_Contig_1811_365	0	1	0.997980	0.993331	0.002853	0.002427
24	LdDocent_Contig_1811_365	1	2	0.002020	0.006669	0.002853	0.002427
25	LdDocent_Contig_87696_333	0	1	0.816717	0.930506	0.025880	0.007859
25	LdDocent_Contig_87696_333	1	2	0.183283	0.069494	0.025880	0.007859
26	LdDocent_Contig_56278_338	0	1	0.984371	0.949831	0.009598	0.006336
26	LdDocent_Contig_56278_338	1	2	0.015629	0.050169	0.009598	0.006336
27	LdDocent_Contig_3427_65	0	1	0.977099	0.995965	0.009634	0.001897
27	LdDocent_Contig_3427_65	1	2	0.022901	0.004035	0.009634	0.001897
28	LdDocent_Contig_2215_29	0	1	0.997851	0.992811	0.003023	0.002614
28	LdDocent_Contig_2215_29	1	2	0.002149	0.007189	0.003023	0.002614
29	LdDocent_Contig_95959_313	0	1	0.989460	0.975734	0.006594	0.004666
29	LdDocent_Contig_95959_313	1	2	0.010540	0.024266	0.006594	0.004666
30	LdDocent_Contig_93133_7	0	1	0.958105	0.955701	0.025479	0.006117
30	LdDocent_Contig_93133_7	1	2	0.041895	0.044299	0.025479	0.006117
31	LdDocent_Contig_23347_338	0	1	0.959883	0.999568	0.012108	0.000612
31	LdDocent_Contig_23347_338	1	2	0.040117	0.000432	0.012108	0.000612
32	LdDocent_Contig_10199_293	0	1	0.997779	0.989699	0.003127	0.003161
32	LdDocent_Contig_10199_293	1	2	0.002221	0.010301	0.003127	0.003161
33	LdDocent_Contig_292_140	0	1	0.993407	0.874301	0.005353	0.010159
33	LdDocent_Contig_292_140	1	2	0.006593	0.125699	0.005353	0.010159
34	LdDocent_Contig_20171_45	0	1	0.998101	0.990693	0.002680	0.002860
34	LdDocent_Contig_20171_45	1	2	0.001899	0.009307	0.002680	0.002860
35	LdDocent_Contig_1337_22	0	1	0.997839	0.962744	0.003045	0.005814
35	LdDocent_Contig_1337_22	1	2	0.002161	0.037256	0.003045	0.005814
36	LdDocent_Contig_1635_376	0	1	0.997802	0.980597	0.003098	0.004245
36	LdDocent_Contig_1635_376	1	2	0.002198	0.019403	0.003098	0.004245
37	LdDocent_Contig_72768_63	0	1	0.997930	0.984262	0.002915	0.003731
37	LdDocent_Contig_72768_63	1	2	0.002070	0.015738	0.002915	0.003731
38	LdDocent_Contig_51417_381	0	1	0.790031	0.839525	0.025613	0.010984
38	LdDocent_Contig_51417_381	1	2	0.209969	0.160475	0.025613	0.010984
39	LdDocent_Contig_2942_110	0	1	0.997950	0.992400	0.002890	0.002599
39	LdDocent_Contig_2942_110	1	2	0.002050	0.007600	0.002890	0.002599
40	LdDocent_Contig_15299_317	0	1	0.994009	0.991397	0.004869	0.002780
40	LdDocent_Contig_15299_317	1	2	0.005991	0.008603	0.004869	0.002780
41	LdDocent_Contig_29388_323	0	1	0.882135	0.995958	0.021418	0.002035
41	LdDocent_Contig_29388_323	1	2	0.117865	0.004042	0.021418	0.002035
42	LdDocent_Contig_7333_112	0	1	0.997758	0.991352	0.003162	0.002951
42	LdDocent_Contig_7333_112	1	2	0.002242	0.008648	0.003162	0.002951
43	LdDocent_Contig_2056_493	0	1	0.933805	0.999528	0.016771	0.000668
43	LdDocent_Contig_2056_493	1	2	0.066195	0.000472	0.016771	0.000668
44	LdDocent_Contig_24693_440	0	1	0.992210	0.993856	0.006330	0.002401
44	LdDocent_Contig_24693_440	1	2	0.007790	0.006144	0.006330	0.002401
45	LdDocent_Contig_18722_40	0	1	0.997850	0.944243	0.003031	0.007017
45	LdDocent_Contig_18722_40	1	2	0.002150	0.055757	0.003031	0.007017
46	LdDocent_Contig_193_382	0	1	0.997962	0.981196	0.002869	0.004019
46	LdDocent_Contig_193_382	1	2	0.002038	0.018804	0.002869	0.004019
47	LdDocent_Contig_12687_339	0	1	0.997687	0.888296	0.003231	0.009814
47	LdDocent_Contig_12687_339	1	2	0.002313	0.111704	0.003231	0.009814
48	LdDocent_Contig_870_53	0	1	0.997723	0.887821	0.003210	0.009714
48	LdDocent_Contig_870_53	1	2	0.002277	0.112179	0.003210	0.009714
49	LdDocent_Contig_50102_11	0	1	0.997853	0.993176	0.003021	0.002481
49	LdDocent_Contig_50102_11	1	2	0.002147	0.006824	0.003021	0.002481
50	LdDocent_Contig_10416_504	0	1	0.997723	0.987459	0.003212	0.003521
50	LdDocent_Contig_10416_504	1	2	0.002277	0.012541	0.003212	0.003521
51	LdDocent_Contig_34132_66	0	1	0.997925	0.929093	0.002928	0.008080
51	LdDocent_Contig_34132_66	1	2	0.002075	0.070907	0.002928	0.008080
52	LdDocent_Contig_29905_476	0	1	0.997840	0.991070	0.003040	0.002886
52	LdDocent_Contig_29905_476	1	2	0.002160	0.008930	0.003040	0.002886
53	LdDocent_Contig_3465_420	0	1	0.997906	0.988442	0.002953	0.003384
53	LdDocent_Contig_3465_420	1	2	0.002094	0.011558	0.002953	0.003384
54	LdDocent_Contig_57717_106	0	2	0.981124	0.824303	0.008974	0.011667
54	LdDocent_Contig_57717_106	1	1	0.018876	0.175697	0.008974	0.011667
55	LdDocent_Contig_27_441	0	1	0.057053	0.997986	0.014935	0.001307
55	LdDocent_Contig_27_441	1	2	0.942947	0.002014	0.014935	0.001307
56	LdDocent_Contig_20190_448	0	1	0.997093	0.991493	0.003823	0.002800
56	LdDocent_Contig_20190_448	1	2	0.002907	0.008507	0.003823	0.002800
57	LdDocent_Contig_848_442	0	1	0.006831	0.991714	0.006102	0.002853
57	LdDocent_Contig_848_442	1	2	0.993169	0.008286	0.006102	0.002853
58	LdDocent_Contig_1745_380	0	1	0.997892	0.949142	0.002963	0.006653
58	LdDocent_Contig_1745_380	1	2	0.002108	0.050858	0.002963	0.006653
59	LdDocent_Contig_1481_423	0	1	0.966583	0.613481	0.011297	0.014067
59	LdDocent_Contig_1481_423	1	2	0.033417	0.386519	0.011297	0.014067
60	LdDocent_Contig_77100_313	0	1	0.997308	0.955868	0.003751	0.006483
60	LdDocent_Contig_77100_313	1	2	0.002692	0.044132	0.003751	0.006483
61	LdDocent_Contig_58774_132	0	1	0.997810	0.973228	0.003089	0.005031
61	LdDocent_Contig_58774_132	1	2	0.002190	0.026772	0.003089	0.005031
62	LdDocent_Contig_947_112	0	1	0.997999	0.986778	0.002821	0.003447
62	LdDocent_Contig_947_112	1	2	0.002001	0.013222	0.002821	0.003447
63	LdDocent_Contig_13740_312	0	1	0.997987	0.977219	0.002837	0.004460
63	LdDocent_Contig_13740_312	1	2	0.002013	0.022781	0.002837	0.004460
64	LdDocent_Contig_3899_397	0	1	0.997913	0.980375	0.002947	0.004287
64	LdDocent_Contig_3899_397	1	2	0.002087	0.019625	0.002947	0.004287
65	LdDocent_Contig_6752_358	0	1	0.997639	0.987149	0.003333	0.003478
65	LdDocent_Contig_6752_358	1	2	0.002361	0.012851	0.003333	0.003478
66	LdDocent_Contig_27243_7	0	1	0.870371	0.995294	0.020576	0.002001
66	LdDocent_Contig_27243_7	1	2	0.129629	0.004706	0.020576	0.002001
67	LdDocent_Contig_84942_33	0	1	0.985609	0.993832	0.007633	0.002414
67	LdDocent_Contig_84942_33	1	2	0.014391	0.006168	0.007633	0.002414
68	LdDocent_Contig_6342_311	0	1	0.964150	0.999528	0.012033	0.000665
68	LdDocent_Contig_6342_311	1	2	0.035850	0.000472	0.012033	0.000665
69	LdDocent_Contig_85847_414	0	1	0.997815	0.991643	0.003082	0.002854
69	LdDocent_Contig_85847_414	1	2	0.002185	0.008357	0.003082	0.002854
70	LdDocent_Contig_1216_455	0	1	0.998074	0.988863	0.002715	0.003129
70	LdDocent_Contig_1216_455	1	2	0.001926	0.011137	0.002715	0.003129
71	LdDocent_Contig_93628_477	0	1	0.665485	0.869329	0.031621	0.010702
71	LdDocent_Contig_93628_477	1	2	0.334515	0.130671	0.031621	0.010702
72	LdDocent_Contig_879_336	0	1	0.006714	0.996845	0.005441	0.001874
72	LdDocent_Contig_879_336	1	2	0.993286	0.003155	0.005441	0.001874
73	LdDocent_Contig_92730_110	0	1	0.993868	0.974134	0.004976	0.004703
73	LdDocent_Contig_92730_110	1	2	0.006132	0.025866	0.004976	0.004703
74	LdDocent_Contig_1585_417	0	1	0.997804	0.870079	0.003096	0.010413
74	LdDocent_Contig_1585_417	1	2	0.002196	0.129921	0.003096	0.010413
75	LdDocent_Contig_20225_464	0	1	0.998102	0.986639	0.002678	0.003372
75	LdDocent_Contig_20225_464	1	2	0.001898	0.013361	0.002678	0.003372
76	LdDocent_Contig_67854_95	0	1	0.998074	0.987990	0.002719	0.003249
76	LdDocent_Contig_67854_95	1	2	0.001926	0.012010	0.002719	0.003249
77	LdDocent_Contig_77839_91	0	2	0.794661	0.359049	0.026434	0.014819
77	LdDocent_Contig_77839_91	1	1	0.205339	0.640951	0.026434	0.014819
78	LdDocent_Contig_64322_138	0	1	0.997952	0.941866	0.002889	0.007495
78	LdDocent_Contig_64322_138	1	2	0.002048	0.058134	0.002889	0.007495
79	LdDocent_Contig_83998_365	0	1	0.957986	0.995864	0.013313	0.001946
79	LdDocent_Contig_83998_365	1	2	0.042014	0.004136	0.013313	0.001946
80	LdDocent_Contig_814_432	0	1	0.882042	0.999499	0.021480	0.000707
80	LdDocent_Contig_814_432	1	2	0.117958	0.000501	0.021480	0.000707
81	LdDocent_Contig_92624_35	0	1	0.997894	0.987981	0.002971	0.003379
81	LdDocent_Contig_92624_35	1	2	0.002106	0.012019	0.002971	0.003379
82	LdDocent_Contig_6528_36	0	1	0.997693	0.979813	0.003253	0.004412
82	LdDocent_Contig_6528_36	1	2	0.002307	0.020187	0.003253	0.004412
83	LdDocent_Contig_53670_433	0	1	0.997809	0.980661	0.003096	0.004233
83	LdDocent_Contig_53670_433	1	2	0.002191	0.019339	0.003096	0.004233
84	LdDocent_Contig_5286_97	0	1	0.986154	0.974472	0.008643	0.004910
84	LdDocent_Contig_5286_97	1	2	0.013846	0.025528	0.008643	0.004910
85	LdDocent_Contig_1146_501	0	1	0.635549	0.948876	0.033084	0.007138
85	LdDocent_Contig_1146_501	1	2	0.364451	0.051124	0.033084	0.007138
86	LdDocent_Contig_84063_14	0	1	0.996140	0.991649	0.005152	0.002772
86	LdDocent_Contig_84063_14	1	2	0.003860	0.008351	0.005152	0.002772
87	LdDocent_Contig_38475_385	0	1	0.855309	0.995732	0.022299	0.001992
87	LdDocent_Contig_38475_385	1	2	0.144691	0.004268	0.022299	0.001992
88	LdDocent_Contig_2764_18	0	1	0.990156	0.977666	0.013490	0.004390
88	LdDocent_Contig_2764_18	1	2	0.009844	0.022334	0.013490	0.004390
89	LdDocent_Contig_93511_376	0	1	0.952159	0.998538	0.013787	0.001191
89	LdDocent_Contig_93511_376	1	2	0.047841	0.001462	0.013787	0.001191
90	LdDocent_Contig_59656_344	0	1	0.584099	0.997466	0.033288	0.001598
90	LdDocent_Contig_59656_344	1	2	0.415901	0.002534	0.033288	0.001598
91	LdDocent_Contig_5879_36	0	1	0.017655	0.984572	0.008276	0.003865
91	LdDocent_Contig_5879_36	1	2	0.982345	0.015428	0.008276	0.003865
92	LdDocent_Contig_59418_335	0	1	0.994349	0.987002	0.004593	0.003279
92	LdDocent_Contig_59418_335	1	2	0.005651	0.012998	0.004593	0.003279
93	LdDocent_Contig_34421_360	0	1	0.982772	0.979183	0.009105	0.004545
93	LdDocent_Contig_34421_360	1	2	0.017228	0.020817	0.009105	0.004545
94	LdDocent_Contig_71940_163	0	1	0.997729	0.981811	0.003138	0.004100
94	LdDocent_Contig_71940_163	1	2	0.002271	0.018189	0.003138	0.004100
95	LdDocent_Contig_908_392	0	1	0.649802	0.984835	0.030969	0.003699
95	LdDocent_Contig_908_392	1	2	0.350198	0.015165	0.030969	0.003699
96	LdDocent_Contig_82072_81	0	1	0.997600	0.983012	0.003386	0.004152
96	LdDocent_Contig_82072_81	1	2	0.002400	0.016988	0.003386	0.004152
97	LdDocent_Contig_718_137	0	1	0.992160	0.986740	0.006298	0.003625
97	LdDocent_Contig_718_137	1	2	0.007840	0.013260	0.006298	0.003625
98	LdDocent_Contig_23069_13	0	1	0.997073	0.989002	0.003916	0.003269
98	LdDocent_Contig_23069_13	1	2	0.002927	0.010998	0.003916	0.003269
99	LdDocent_Contig_3480_353	0	1	0.907147	0.999531	0.019055	0.000664
99	LdDocent_Contig_3480_353	1	2	0.092853	0.000469	0.019055	0.000664
100	LdDocent_Contig_75288_327	0	1	0.022095	0.996560	0.009606	0.001827
100	LdDocent_Contig_75288_327	1	2	0.977905	0.003440	0.009606	0.001827
101	LdDocent_Contig_50766_142	0	1	0.998076	0.944981	0.002717	0.006706
101	LdDocent_Contig_50766_142	1	2	0.001924	0.055019	0.002717	0.006706
102	LdDocent_Contig_87019_120	0	1	0.997589	0.990314	0.003365	0.003147
102	LdDocent_Contig_87019_120	1	2	0.002411	0.009686	0.003365	0.003147
103	LdDocent_Contig_52625_384	0	1	0.997950	0.987783	0.002892	0.003431
103	LdDocent_Contig_52625_384	1	2	0.002050	0.012217	0.002892	0.003431
104	LdDocent_Contig_74432_382	0	1	0.993379	0.897023	0.005360	0.009274
104	LdDocent_Contig_74432_382	1	2	0.006621	0.102977	0.005360	0.009274
105	LdDocent_Contig_15025_409	0	1	0.994325	0.863406	0.005116	0.009932
105	LdDocent_Contig_15025_409	1	2	0.005675	0.136594	0.005116	0.009932
106	LdDocent_Contig_1027_402	0	1	0.998062	0.981465	0.002727	0.003957
106	LdDocent_Contig_1027_402	1	2	0.001938	0.018535	0.002727	0.003957
107	LdDocent_Contig_1444_463	0	1	0.997205	0.991747	0.003889	0.002683
107	LdDocent_Contig_1444_463	1	2	0.002795	0.008253	0.003889	0.002683
108	LdDocent_Contig_7458_48	0	2	0.992489	0.961004	0.005986	0.005973
108	LdDocent_Contig_7458_48	1	1	0.007511	0.038996	0.005986	0.005973
109	LdDocent_Contig_6056_54	0	1	0.997643	0.988404	0.003310	0.003260
109	LdDocent_Contig_6056_54	1	2	0.002357	0.011596	0.003310	0.003260
110	LdDocent_Contig_50923_388	0	1	0.992731	0.975798	0.010072	0.004566
110	LdDocent_Contig_50923_388	1	2	0.007269	0.024202	0.010072	0.004566
111	LdDocent_Contig_90285_342	0	1	0.997878	0.945347	0.002989	0.006944
111	LdDocent_Contig_90285_342	1	2	0.002122	0.054653	0.002989	0.006944
112	LdDocent_Contig_29337_450	0	1	0.997894	0.977989	0.002969	0.004693
112	LdDocent_Contig_29337_450	1	2	0.002106	0.022011	0.002969	0.004693
113	LdDocent_Contig_69295_349	0	1	0.997731	0.983730	0.003200	0.003852
113	LdDocent_Contig_69295_349	1	2	0.002269	0.016270	0.003200	0.003852
114	LdDocent_Contig_26378_336	0	1	0.997777	0.958828	0.003131	0.006188
114	LdDocent_Contig_26378_336	1	2	0.002223	0.041172	0.003131	0.006188
115	LdDocent_Contig_60897_12	0	1	0.996925	0.992066	0.004131	0.002760
115	LdDocent_Contig_60897_12	1	2	0.003075	0.007934	0.004131	0.002760
116	LdDocent_Contig_6898_461	0	1	0.989539	0.738980	0.006952	0.012919
116	LdDocent_Contig_6898_461	1	2	0.010461	0.261020	0.006952	0.012919
117	LdDocent_Contig_6076_371	0	2	0.998029	0.973944	0.002777	0.004726
117	LdDocent_Contig_6076_371	1	1	0.001971	0.026056	0.002777	0.004726
118	LdDocent_Contig_16527_454	0	1	0.976705	0.920947	0.009768	0.008397
118	LdDocent_Contig_16527_454	1	2	0.023295	0.079053	0.009768	0.008397
119	LdDocent_Contig_2685_326	0	1	0.997980	0.935044	0.002840	0.007277
119	LdDocent_Contig_2685_326	1	2	0.002020	0.064956	0.002840	0.007277
120	LdDocent_Contig_64738_356	0	1	0.993191	0.969501	0.005483	0.005453
120	LdDocent_Contig_64738_356	1	2	0.006809	0.030499	0.005483	0.005453
121	LdDocent_Contig_52519_420	0	1	0.964423	0.999527	0.011962	0.000668
121	LdDocent_Contig_52519_420	1	2	0.035577	0.000473	0.011962	0.000668
122	LdDocent_Contig_83483_102	0	1	0.998097	0.918827	0.002681	0.008007
122	LdDocent_Contig_83483_102	1	2	0.001903	0.081173	0.002681	0.008007
123	LdDocent_Contig_37469_445	0	1	0.021479	0.999533	0.010219	0.000659
123	LdDocent_Contig_37469_445	1	2	0.978521	0.000467	0.010219	0.000659
124	LdDocent_Contig_80137_105	0	1	0.997839	0.979938	0.003046	0.004384
124	LdDocent_Contig_80137_105	1	2	0.002161	0.020062	0.003046	0.004384
125	LdDocent_Contig_18105_445	0	1	0.997732	0.990436	0.003200	0.003087
125	LdDocent_Contig_18105_445	1	2	0.002268	0.009564	0.003200	0.003087
126	LdDocent_Contig_23681_58	0	1	0.997941	0.990676	0.002901	0.003011
126	LdDocent_Contig_23681_58	1	2	0.002059	0.009324	0.002901	0.003011
127	LdDocent_Contig_15609_391	0	1	0.886100	0.999508	0.021224	0.000696
127	LdDocent_Contig_15609_391	1	2	0.113900	0.000492	0.021224	0.000696
128	LdDocent_Contig_72884_89	0	1	0.934352	0.998664	0.015598	0.001091
128	LdDocent_Contig_72884_89	1	2	0.065648	0.001336	0.015598	0.001091
129	LdDocent_Contig_19601_408	0	1	0.997476	0.944767	0.003541	0.007140
129	LdDocent_Contig_19601_408	1	2	0.002524	0.055233	0.003541	0.007140
130	LdDocent_Contig_371_12	0	1	0.997993	0.967610	0.002815	0.005083
130	LdDocent_Contig_371_12	1	2	0.002007	0.032390	0.002815	0.005083
131	LdDocent_Contig_6860_450	0	1	0.997791	0.950413	0.003108	0.006668
131	LdDocent_Contig_6860_450	1	2	0.002209	0.049587	0.003108	0.006668
132	LdDocent_Contig_11516_110	0	1	0.977236	0.990480	0.009573	0.002927
132	LdDocent_Contig_11516_110	1	2	0.022764	0.009520	0.009573	0.002927
133	LdDocent_Contig_65895_364	0	1	0.997943	0.982937	0.002903	0.003930
133	LdDocent_Contig_65895_364	1	2	0.002057	0.017063	0.002903	0.003930
134	LdDocent_Contig_3176_388	0	1	0.997619	0.992305	0.003323	0.002646
134	LdDocent_Contig_3176_388	1	2	0.002381	0.007695	0.003323	0.002646
135	LdDocent_Contig_93275_493	0	1	0.996044	0.987571	0.005156	0.003575
135	LdDocent_Contig_93275_493	1	2	0.003956	0.012429	0.005156	0.003575
136	LdDocent_Contig_374_70	0	1	0.956357	0.999597	0.012584	0.000570
136	LdDocent_Contig_374_70	1	2	0.043643	0.000403	0.012584	0.000570
137	LdDocent_Contig_15469_57	0	1	0.997975	0.955315	0.002844	0.006025
137	LdDocent_Contig_15469_57	1	2	0.002025	0.044685	0.002844	0.006025
138	LdDocent_Contig_9882_416	0	1	0.993585	0.977818	0.005158	0.004449
138	LdDocent_Contig_9882_416	1	2	0.006415	0.022182	0.005158	0.004449
139	LdDocent_Contig_17761_455	0	1	0.996749	0.990646	0.004567	0.002874
139	LdDocent_Contig_17761_455	1	2	0.003251	0.009354	0.004567	0.002874
140	LdDocent_Contig_65881_48	0	1	0.998078	0.984700	0.002712	0.003738
140	LdDocent_Contig_65881_48	1	2	0.001922	0.015300	0.002712	0.003738
141	LdDocent_Contig_1827_336	0	1	0.997235	0.976761	0.003794	0.004573
141	LdDocent_Contig_1827_336	1	2	0.002765	0.023239	0.003794	0.004573
142	LdDocent_Contig_63087_64	0	1	0.997854	0.990069	0.003025	0.003049
142	LdDocent_Contig_63087_64	1	2	0.002146	0.009931	0.003025	0.003049
143	LdDocent_Contig_194_40	0	1	0.998015	0.975007	0.002799	0.004702
143	LdDocent_Contig_194_40	1	2	0.001985	0.024993	0.002799	0.004702
144	LdDocent_Contig_5961_352	0	1	0.010647	0.998637	0.006692	0.001364
144	LdDocent_Contig_5961_352	1	2	0.989353	0.001363	0.006692	0.001364
145	LdDocent_Contig_58302_102	0	1	0.953703	0.997648	0.014022	0.001607
145	LdDocent_Contig_58302_102	1	2	0.046297	0.002352	0.014022	0.001607
146	LdDocent_Contig_1438_37	0	1	0.998043	0.992494	0.002758	0.002561
146	LdDocent_Contig_1438_37	1	2	0.001957	0.007506	0.002758	0.002561
147	LdDocent_Contig_555_371	0	1	0.024507	0.995160	0.010489	0.002302
147	LdDocent_Contig_555_371	1	2	0.975493	0.004840	0.010489	0.002302
148	LdDocent_Contig_96823_339	0	1	0.996538	0.962794	0.004543	0.005984
148	LdDocent_Contig_96823_339	1	2	0.003462	0.037206	0.004543	0.005984
149	LdDocent_Contig_69562_71	0	1	0.945404	0.968601	0.033311	0.005115
149	LdDocent_Contig_69562_71	1	2	0.054596	0.031399	0.033311	0.005115
150	LdDocent_Contig_326_330	0	1	0.801042	0.998579	0.026104	0.001164
150	LdDocent_Contig_326_330	1	2	0.198958	0.001421	0.026104	0.001164
151	LdDocent_Contig_1457_393	0	1	0.995141	0.966127	0.005417	0.005595
151	LdDocent_Contig_1457_393	1	2	0.004859	0.033873	0.005417	0.005595
152	LdDocent_Contig_156_432	0	1	0.966883	0.999535	0.011198	0.000657
152	LdDocent_Contig_156_432	1	2	0.033117	0.000465	0.011198	0.000657
153	LdDocent_Contig_2089_140	0	1	0.997456	0.989279	0.003585	0.003016
153	LdDocent_Contig_2089_140	1	2	0.002544	0.010721	0.003585	0.003016
154	LdDocent_Contig_13985_367	0	1	0.997932	0.893863	0.002907	0.009330
154	LdDocent_Contig_13985_367	1	2	0.002068	0.106137	0.002907	0.009330
155	LdDocent_Contig_2237_390	0	1	0.993146	0.993851	0.005562	0.002403
155	LdDocent_Contig_2237_390	1	2	0.006854	0.006149	0.005562	0.002403
156	LdDocent_Contig_60333_358	0	1	0.997173	0.985731	0.003972	0.003720
156	LdDocent_Contig_60333_358	1	2	0.002827	0.014269	0.003972	0.003720
157	LdDocent_Contig_7275_365	0	1	0.943879	0.966150	0.014383	0.005468
157	LdDocent_Contig_7275_365	1	2	0.056121	0.033850	0.014383	0.005468
158	LdDocent_Contig_93296_350	0	1	0.993941	0.992637	0.004928	0.002513
158	LdDocent_Contig_93296_350	1	2	0.006059	0.007363	0.004928	0.002513
159	LdDocent_Contig_95935_391	0	1	0.842167	0.998299	0.023491	0.001326
159	LdDocent_Contig_95935_391	1	2	0.157833	0.001701	0.023491	0.001326
160	LdDocent_Contig_68168_309	0	1	0.997844	0.977988	0.003042	0.004592
160	LdDocent_Contig_68168_309	1	2	0.002156	0.022012	0.003042	0.004592
161	LdDocent_Contig_86476_29	0	1	0.997758	0.992567	0.003159	0.002699
161	LdDocent_Contig_86476_29	1	2	0.002242	0.007433	0.003159	0.002699
162	LdDocent_Contig_699_378	0	1	0.998020	0.992406	0.002791	0.002592
162	LdDocent_Contig_699_378	1	2	0.001980	0.007594	0.002791	0.002592
163	LdDocent_Contig_68613_84	0	1	0.022716	0.542393	0.009771	0.015271
163	LdDocent_Contig_68613_84	1	2	0.977284	0.457607	0.009771	0.015271
164	LdDocent_Contig_3106_83	0	1	0.997475	0.988663	0.003558	0.003322
164	LdDocent_Contig_3106_83	1	2	0.002525	0.011337	0.003558	0.003322
165	LdDocent_Contig_57890_429	0	1	0.997945	0.986255	0.002898	0.003463
165	LdDocent_Contig_57890_429	1	2	0.002055	0.013745	0.002898	0.003463
166	LdDocent_Contig_1778_125	0	1	0.997969	0.899584	0.002858	0.009019
166	LdDocent_Contig_1778_125	1	2	0.002031	0.100416	0.002858	0.009019
167	LdDocent_Contig_93425_323	0	1	0.961987	0.998654	0.012108	0.001098
167	LdDocent_Contig_93425_323	1	2	0.038013	0.001346	0.012108	0.001098
168	LdDocent_Contig_72722_48	0	1	0.858428	0.998597	0.024168	0.001144
168	LdDocent_Contig_72722_48	1	2	0.141572	0.001403	0.024168	0.001144
169	LdDocent_Contig_71514_401	0	1	0.997657	0.989791	0.003300	0.003134
169	LdDocent_Contig_71514_401	1	2	0.002343	0.010209	0.003300	0.003134
170	LdDocent_Contig_200_339	0	1	0.998106	0.983364	0.002674	0.003733
170	LdDocent_Contig_200_339	1	2	0.001894	0.016636	0.002674	0.003733
171	LdDocent_Contig_5896_124	0	1	0.997194	0.990612	0.003889	0.003062
171	LdDocent_Contig_5896_124	1	2	0.002806	0.009388	0.003889	0.003062
172	LdDocent_Contig_95907_365	0	1	0.998052	0.971755	0.002751	0.004886
172	LdDocent_Contig_95907_365	1	2	0.001948	0.028245	0.002751	0.004886
173	LdDocent_Contig_32861_397	0	1	0.967527	0.995970	0.012506	0.001894
173	LdDocent_Contig_32861_397	1	2	0.032473	0.004030	0.012506	0.001894
174	LdDocent_Contig_95236_418	0	1	0.823558	0.999527	0.024248	0.000668
174	LdDocent_Contig_95236_418	1	2	0.176442	0.000473	0.024248	0.000668
175	LdDocent_Contig_71587_71	0	1	0.934810	0.999502	0.017120	0.000703
175	LdDocent_Contig_71587_71	1	2	0.065190	0.000498	0.017120	0.000703
176	LdDocent_Contig_388_399	0	1	0.339384	0.355872	0.052190	0.014065
176	LdDocent_Contig_388_399	1	2	0.660616	0.644128	0.052190	0.014065
177	LdDocent_Contig_14698_433	0	1	0.996861	0.979437	0.004386	0.004300
177	LdDocent_Contig_14698_433	1	2	0.003139	0.020563	0.004386	0.004300
178	LdDocent_Contig_31740_120	0	1	0.695247	0.999561	0.028696	0.000620
178	LdDocent_Contig_31740_120	1	2	0.304753	0.000439	0.028696	0.000620
179	LdDocent_Contig_934_99	0	1	0.936979	0.998711	0.015001	0.001055
179	LdDocent_Contig_934_99	1	2	0.063021	0.001289	0.015001	0.001055
180	LdDocent_Contig_516_116	0	1	0.997293	0.979713	0.003719	0.004353
180	LdDocent_Contig_516_116	1	2	0.002707	0.020287	0.003719	0.004353
181	LdDocent_Contig_36984_18	0	1	0.934526	0.996491	0.016169	0.001870
181	LdDocent_Contig_36984_18	1	2	0.065474	0.003509	0.016169	0.001870
182	LdDocent_Contig_3449_452	0	1	0.997729	0.979131	0.003182	0.004358
182	LdDocent_Contig_3449_452	1	2	0.002271	0.020869	0.003182	0.004358
183	LdDocent_Contig_12502_13	0	1	0.990175	0.992547	0.006174	0.002548
183	LdDocent_Contig_12502_13	1	2	0.009825	0.007453	0.006174	0.002548
184	LdDocent_Contig_80646_404	0	1	0.993187	0.988543	0.005533	0.003356
184	LdDocent_Contig_80646_404	1	2	0.006813	0.011457	0.005533	0.003356
185	LdDocent_Contig_32736_374	0	1	0.997684	0.985173	0.003262	0.003861
185	LdDocent_Contig_32736_374	1	2	0.002316	0.014827	0.003262	0.003861
186	LdDocent_Contig_95033_334	0	1	0.830315	0.999476	0.025253	0.000742
186	LdDocent_Contig_95033_334	1	2	0.169685	0.000524	0.025253	0.000742
187	LdDocent_Contig_7418_480	0	1	0.994002	0.942010	0.004868	0.007112
187	LdDocent_Contig_7418_480	1	2	0.005998	0.057990	0.004868	0.007112
188	LdDocent_Contig_29824_41	0	1	0.997774	0.955680	0.003134	0.006157
188	LdDocent_Contig_29824_41	1	2	0.002226	0.044320	0.003134	0.006157
189	LdDocent_Contig_38846_389	0	1	0.997932	0.962630	0.002908	0.005561
189	LdDocent_Contig_38846_389	1	2	0.002068	0.037370	0.002908	0.005561
190	LdDocent_Contig_733_14	0	1	0.923683	0.996752	0.017078	0.001731
190	LdDocent_Contig_733_14	1	2	0.076317	0.003248	0.017078	0.001731
191	LdDocent_Contig_80302_44	0	1	0.930595	0.999492	0.016989	0.000717
191	LdDocent_Contig_80302_44	1	2	0.069405	0.000508	0.016989	0.000717
192	LdDocent_Contig_7234_21	0	1	0.997841	0.858555	0.003042	0.010446
192	LdDocent_Contig_7234_21	1	2	0.002159	0.141445	0.003042	0.010446
193	LdDocent_Contig_1562_384	0	1	0.997894	0.978246	0.002970	0.004534
193	LdDocent_Contig_1562_384	1	2	0.002106	0.021754	0.002970	0.004534
194	LdDocent_Contig_8151_404	0	1	0.997743	0.992489	0.003181	0.002733
194	LdDocent_Contig_8151_404	1	2	0.002257	0.007511	0.003181	0.002733
195	LdDocent_Contig_61345_82	0	1	0.997910	0.965064	0.002945	0.005669
195	LdDocent_Contig_61345_82	1	2	0.002090	0.034936	0.002945	0.005669
196	LdDocent_Contig_95108_34	0	1	0.993644	0.939488	0.005167	0.007429
196	LdDocent_Contig_95108_34	1	2	0.006356	0.060512	0.005167	0.007429
197	LdDocent_Contig_59658_364	0	1	0.992955	0.970461	0.005637	0.005137
197	LdDocent_Contig_59658_364	1	2	0.007045	0.029539	0.005637	0.005137
198	LdDocent_Contig_1393_47	0	1	0.921688	0.998459	0.017008	0.001259
198	LdDocent_Contig_1393_47	1	2	0.078312	0.001541	0.017008	0.001259
199	LdDocent_Contig_52538_70	0	1	0.997739	0.883302	0.003185	0.010026
199	LdDocent_Contig_52538_70	1	2	0.002261	0.116698	0.003185	0.010026
