1000000_sweeps	IndivName	1.000/0.000/0.000/0.000	0.000/0.000/0.000/1.000	0.000/0.500/0.500/0.000	0.250/0.250/0.250/0.250	0.500/0.250/0.250/0.000	0.000/0.250/0.250/0.500
1	NoName	0.00000	1.00000	0.00000	0.00000	0.00000	0.00000
2	NoName	0.00000	1.00000	0.00000	0.00000	0.00000	0.00000
3	NoName	0.00000	1.00000	0.00000	0.00000	0.00000	0.00000
4	NoName	0.00000	0.99934	0.00000	0.00003	0.00000	0.00063
5	NoName	0.00000	1.00000	0.00000	0.00000	0.00000	0.00000
6	NoName	0.00000	0.99998	0.00000	0.00000	0.00000	0.00002
7	NoName	0.00000	0.40619	0.00000	0.00037	0.00000	0.59344
8	NoName	0.00000	1.00000	0.00000	0.00000	0.00000	0.00000
9	NoName	0.00000	1.00000	0.00000	0.00000	0.00000	0.00000
10	NoName	0.00000	0.00000	0.00000	0.01766	0.98234	0.00000
11	NoName	1.00000	0.00000	0.00000	0.00000	0.00000	0.00000
12	NoName	0.00000	0.99277	0.00002	0.00174	0.00001	0.00545
13	NoName	0.00000	1.00000	0.00000	0.00000	0.00000	0.00000
14	NoName	0.00000	1.00000	0.00000	0.00000	0.00000	0.00000
15	NoName	0.00000	1.00000	0.00000	0.00000	0.00000	0.00000
16	NoName	0.00000	0.99998	0.00000	0.00000	0.00000	0.00002
17	NoName	1.00000	0.00000	0.00000	0.00000	0.00000	0.00000
18	NoName	0.99828	0.00000	0.00000	0.00008	0.00164	0.00000
19	NoName	0.00000	0.99977	0.00000	0.00000	0.00000	0.00023
20	NoName	1.00000	0.00000	0.00000	0.00000	0.00000	0.00000
21	NoName	0.98272	0.00196	0.00043	0.00353	0.01107	0.00029
22	NoName	0.00000	0.99993	0.00000	0.00000	0.00000	0.00007
23	NoName	1.00000	0.00000	0.00000	0.00000	0.00000	0.00000
24	NoName	1.00000	0.00000	0.00000	0.00000	0.00000	0.00000
25	NoName	1.00000	0.00000	0.00000	0.00000	0.00000	0.00000
26	NoName	0.00000	1.00000	0.00000	0.00000	0.00000	0.00000
27	NoName	0.00000	1.00000	0.00000	0.00000	0.00000	0.00000
28	NoName	0.00000	0.99850	0.00000	0.00000	0.00000	0.00150
29	NoName	0.00000	1.00000	0.00000	0.00000	0.00000	0.00000
30	NoName	0.99997	0.00000	0.00000	0.00000	0.00003	0.00000
31	NoName	0.99995	0.00000	0.00000	0.00000	0.00005	0.00000
32	NoName	0.00000	0.99375	0.00000	0.00149	0.00000	0.00476
33	NoName	0.99999	0.00000	0.00000	0.00000	0.00001	0.00000
34	NoName	0.00000	0.99657	0.00002	0.00057	0.00001	0.00283
35	NoName	0.00000	0.99639	0.00000	0.00018	0.00000	0.00343
36	NoName	0.00000	1.00000	0.00000	0.00000	0.00000	0.00000
37	NoName	1.00000	0.00000	0.00000	0.00000	0.00000	0.00000
38	NoName	1.00000	0.00000	0.00000	0.00000	0.00000	0.00000
39	NoName	0.00000	1.00000	0.00000	0.00000	0.00000	0.00000
40	NoName	0.00000	1.00000	0.00000	0.00000	0.00000	0.00000
41	NoName	0.00000	1.00000	0.00000	0.00000	0.00000	0.00000
42	NoName	0.00000	1.00000	0.00000	0.00000	0.00000	0.00000
43	NoName	0.01717	0.00000	0.00000	0.00007	0.98276	0.00000
44	NoName	0.00000	1.00000	0.00000	0.00000	0.00000	0.00000
45	NoName	1.00000	0.00000	0.00000	0.00000	0.00000	0.00000
46	NoName	0.00000	1.00000	0.00000	0.00000	0.00000	0.00000
47	NoName	0.00000	0.99984	0.00000	0.00000	0.00000	0.00016
48	NoName	1.00000	0.00000	0.00000	0.00000	0.00000	0.00000
49	NoName	0.99997	0.00000	0.00000	0.00000	0.00003	0.00000
50	NoName	0.00000	0.99789	0.00000	0.00022	0.00000	0.00190
51	NoName	0.00000	1.00000	0.00000	0.00000	0.00000	0.00000
52	NoName	0.00000	1.00000	0.00000	0.00000	0.00000	0.00000
53	NoName	0.00093	0.00000	0.00000	0.64303	0.35604	0.00000
54	NoName	0.00000	1.00000	0.00000	0.00000	0.00000	0.00000
55	NoName	0.00000	1.00000	0.00000	0.00000	0.00000	0.00000
56	NoName	0.98867	0.00000	0.00000	0.00241	0.00892	0.00000
57	NoName	0.00000	1.00000	0.00000	0.00000	0.00000	0.00000
58	NoName	0.00000	1.00000	0.00000	0.00000	0.00000	0.00000
59	NoName	0.00000	1.00000	0.00000	0.00000	0.00000	0.00000
60	NoName	0.00000	1.00000	0.00000	0.00000	0.00000	0.00000
61	NoName	0.00000	1.00000	0.00000	0.00000	0.00000	0.00000
62	NoName	0.00000	0.99999	0.00000	0.00000	0.00000	0.00001
63	NoName	0.00000	1.00000	0.00000	0.00000	0.00000	0.00000
64	NoName	0.00000	1.00000	0.00000	0.00000	0.00000	0.00000
65	NoName	0.00000	0.99946	0.00000	0.00000	0.00000	0.00054
66	NoName	1.00000	0.00000	0.00000	0.00000	0.00000	0.00000
67	NoName	0.00000	1.00000	0.00000	0.00000	0.00000	0.00000
68	NoName	0.00000	0.99998	0.00000	0.00000	0.00000	0.00002
69	NoName	0.00000	0.99914	0.00000	0.00005	0.00000	0.00081
70	NoName	0.00000	1.00000	0.00000	0.00000	0.00000	0.00000
71	NoName	0.00000	1.00000	0.00000	0.00000	0.00000	0.00000
72	NoName	0.00000	1.00000	0.00000	0.00000	0.00000	0.00000
73	NoName	0.00000	0.99998	0.00000	0.00000	0.00000	0.00002
74	NoName	0.00000	1.00000	0.00000	0.00000	0.00000	0.00000
75	NoName	0.00000	1.00000	0.00000	0.00000	0.00000	0.00000
76	NoName	0.00000	1.00000	0.00000	0.00000	0.00000	0.00000
77	NoName	1.00000	0.00000	0.00000	0.00000	0.00000	0.00000
78	NoName	1.00000	0.00000	0.00000	0.00000	0.00000	0.00000
79	NoName	0.99995	0.00000	0.00000	0.00000	0.00005	0.00000
80	NoName	0.00000	0.14053	0.00000	0.75543	0.00000	0.10405
81	NoName	0.00000	1.00000	0.00000	0.00000	0.00000	0.00000
82	NoName	0.91864	0.04785	0.00229	0.01031	0.01829	0.00262
83	NoName	0.99999	0.00000	0.00000	0.00000	0.00001	0.00000
84	NoName	0.00000	1.00000	0.00000	0.00000	0.00000	0.00000
85	NoName	0.99999	0.00000	0.00000	0.00000	0.00001	0.00000
86	NoName	0.99998	0.00000	0.00000	0.00000	0.00002	0.00000
87	NoName	0.00000	1.00000	0.00000	0.00000	0.00000	0.00000
88	NoName	1.00000	0.00000	0.00000	0.00000	0.00000	0.00000
89	NoName	0.00000	1.00000	0.00000	0.00000	0.00000	0.00000
90	NoName	0.00000	1.00000	0.00000	0.00000	0.00000	0.00000
91	NoName	0.99981	0.00000	0.00000	0.00000	0.00019	0.00000
92	NoName	0.00000	0.00000	0.00000	0.00349	0.00000	0.99651
93	NoName	0.00000	1.00000	0.00000	0.00000	0.00000	0.00000
94	NoName	0.99994	0.00000	0.00000	0.00000	0.00006	0.00000
95	NoName	0.00000	1.00000	0.00000	0.00000	0.00000	0.00000
96	NoName	0.00000	0.99967	0.00000	0.00000	0.00000	0.00033
97	NoName	0.99994	0.00000	0.00000	0.00000	0.00006	0.00000
98	NoName	0.00000	1.00000	0.00000	0.00000	0.00000	0.00000
99	NoName	0.00014	0.99351	0.00010	0.00154	0.00007	0.00463
100	NoName	0.00000	1.00000	0.00000	0.00000	0.00000	0.00000
101	NoName	0.00000	0.99999	0.00000	0.00000	0.00000	0.00001
102	NoName	0.00000	0.99996	0.00000	0.00000	0.00000	0.00004
103	NoName	0.00000	1.00000	0.00000	0.00000	0.00000	0.00000
104	NoName	0.00000	1.00000	0.00000	0.00000	0.00000	0.00000
105	NoName	0.00000	0.99716	0.00000	0.00042	0.00000	0.00242
106	NoName	0.00000	1.00000	0.00000	0.00000	0.00000	0.00000
107	NoName	0.00000	1.00000	0.00000	0.00000	0.00000	0.00000
108	NoName	1.00000	0.00000	0.00000	0.00000	0.00000	0.00000
109	NoName	0.00000	1.00000	0.00000	0.00000	0.00000	0.00000
110	NoName	0.00000	0.99998	0.00000	0.00000	0.00000	0.00002
111	NoName	0.00000	1.00000	0.00000	0.00000	0.00000	0.00000
112	NoName	0.99831	0.00000	0.00000	0.00000	0.00169	0.00000
113	NoName	0.99997	0.00000	0.00000	0.00000	0.00003	0.00000
114	NoName	0.00000	1.00000	0.00000	0.00000	0.00000	0.00000
115	NoName	0.00000	1.00000	0.00000	0.00000	0.00000	0.00000
116	NoName	0.91847	0.00000	0.00000	0.00001	0.08151	0.00000
117	NoName	0.00000	1.00000	0.00000	0.00000	0.00000	0.00000
118	NoName	0.99997	0.00000	0.00000	0.00000	0.00003	0.00000
119	NoName	1.00000	0.00000	0.00000	0.00000	0.00000	0.00000
120	NoName	0.00000	0.99998	0.00000	0.00000	0.00000	0.00002
121	NoName	0.00000	1.00000	0.00000	0.00000	0.00000	0.00000
122	NoName	0.00000	1.00000	0.00000	0.00000	0.00000	0.00000
123	NoName	0.97595	0.00597	0.00083	0.00437	0.01228	0.00060
124	NoName	0.00000	1.00000	0.00000	0.00000	0.00000	0.00000
125	NoName	0.00000	1.00000	0.00000	0.00000	0.00000	0.00000
126	NoName	0.00000	1.00000	0.00000	0.00000	0.00000	0.00000
127	NoName	0.00000	1.00000	0.00000	0.00000	0.00000	0.00000
128	NoName	0.00000	1.00000	0.00000	0.00000	0.00000	0.00000
129	NoName	0.00000	1.00000	0.00000	0.00000	0.00000	0.00000
130	NoName	0.00000	0.99999	0.00000	0.00000	0.00000	0.00001
131	NoName	0.99863	0.00000	0.00000	0.00000	0.00137	0.00000
132	NoName	0.00000	1.00000	0.00000	0.00000	0.00000	0.00000
133	NoName	0.00000	1.00000	0.00000	0.00000	0.00000	0.00000
134	NoName	0.00000	1.00000	0.00000	0.00000	0.00000	0.00000
135	NoName	0.00000	1.00000	0.00000	0.00000	0.00000	0.00000
136	NoName	0.00000	1.00000	0.00000	0.00000	0.00000	0.00000
137	NoName	0.00000	1.00000	0.00000	0.00000	0.00000	0.00000
138	NoName	0.99998	0.00000	0.00000	0.00000	0.00002	0.00000
139	NoName	1.00000	0.00000	0.00000	0.00000	0.00000	0.00000
140	NoName	1.00000	0.00000	0.00000	0.00000	0.00000	0.00000
141	NoName	0.99892	0.00000	0.00000	0.00003	0.00105	0.00000
142	NoName	0.99924	0.00000	0.00000	0.00000	0.00076	0.00000
143	NoName	0.00000	1.00000	0.00000	0.00000	0.00000	0.00000
144	NoName	0.99956	0.00000	0.00000	0.00000	0.00044	0.00000
145	NoName	1.00000	0.00000	0.00000	0.00000	0.00000	0.00000
146	NoName	0.99980	0.00000	0.00000	0.00000	0.00020	0.00000
147	NoName	0.99997	0.00000	0.00000	0.00000	0.00003	0.00000
148	NoName	1.00000	0.00000	0.00000	0.00000	0.00000	0.00000
149	NoName	1.00000	0.00000	0.00000	0.00000	0.00000	0.00000
150	NoName	1.00000	0.00000	0.00000	0.00000	0.00000	0.00000
151	NoName	0.00000	0.99613	0.00000	0.00001	0.00000	0.00386
152	NoName	0.00000	0.99771	0.00000	0.00033	0.00000	0.00197
153	NoName	0.00000	0.99999	0.00000	0.00000	0.00000	0.00001
154	NoName	0.00000	1.00000	0.00000	0.00000	0.00000	0.00000
155	NoName	0.00000	0.99997	0.00000	0.00000	0.00000	0.00003
156	NoName	0.00000	1.00000	0.00000	0.00000	0.00000	0.00000
157	NoName	0.00000	1.00000	0.00000	0.00000	0.00000	0.00000
158	NoName	0.00000	1.00000	0.00000	0.00000	0.00000	0.00000
159	NoName	0.00000	1.00000	0.00000	0.00000	0.00000	0.00000
160	NoName	0.00000	1.00000	0.00000	0.00000	0.00000	0.00000
161	NoName	0.00000	1.00000	0.00000	0.00000	0.00000	0.00000
162	NoName	1.00000	0.00000	0.00000	0.00000	0.00000	0.00000
163	NoName	0.00000	1.00000	0.00000	0.00000	0.00000	0.00000
164	NoName	0.00000	1.00000	0.00000	0.00000	0.00000	0.00000
165	NoName	0.00000	0.99941	0.00000	0.00002	0.00000	0.00056
166	NoName	1.00000	0.00000	0.00000	0.00000	0.00000	0.00000
167	NoName	1.00000	0.00000	0.00000	0.00000	0.00000	0.00000
168	NoName	1.00000	0.00000	0.00000	0.00000	0.00000	0.00000
169	NoName	0.00000	0.99999	0.00000	0.00000	0.00000	0.00001
170	NoName	0.00000	0.99999	0.00000	0.00000	0.00000	0.00001
171	NoName	0.00000	1.00000	0.00000	0.00000	0.00000	0.00000
172	NoName	0.00000	0.99997	0.00000	0.00000	0.00000	0.00003
173	NoName	1.00000	0.00000	0.00000	0.00000	0.00000	0.00000
174	NoName	0.00000	0.99972	0.00000	0.00000	0.00000	0.00028
175	NoName	0.00000	0.99999	0.00000	0.00000	0.00000	0.00001
176	NoName	0.00000	1.00000	0.00000	0.00000	0.00000	0.00000
177	NoName	0.00000	0.99998	0.00000	0.00000	0.00000	0.00002
178	NoName	1.00000	0.00000	0.00000	0.00000	0.00000	0.00000
179	NoName	1.00000	0.00000	0.00000	0.00000	0.00000	0.00000
180	NoName	0.00000	1.00000	0.00000	0.00000	0.00000	0.00000
181	NoName	0.00000	1.00000	0.00000	0.00000	0.00000	0.00000
182	NoName	1.00000	0.00000	0.00000	0.00000	0.00000	0.00000
183	NoName	0.00000	1.00000	0.00000	0.00000	0.00000	0.00000
184	NoName	0.00000	1.00000	0.00000	0.00000	0.00000	0.00000
185	NoName	0.00000	0.99998	0.00000	0.00000	0.00000	0.00002
186	NoName	1.00000	0.00000	0.00000	0.00000	0.00000	0.00000
187	NoName	0.00000	1.00000	0.00000	0.00000	0.00000	0.00000
188	NoName	0.00000	0.99987	0.00000	0.00000	0.00000	0.00013
189	NoName	0.00000	1.00000	0.00000	0.00000	0.00000	0.00000
190	NoName	0.00000	1.00000	0.00000	0.00000	0.00000	0.00000
191	NoName	1.00000	0.00000	0.00000	0.00000	0.00000	0.00000
192	NoName	1.00000	0.00000	0.00000	0.00000	0.00000	0.00000
193	NoName	0.99963	0.00000	0.00000	0.00000	0.00037	0.00000
194	NoName	0.00000	1.00000	0.00000	0.00000	0.00000	0.00000
195	NoName	0.00000	1.00000	0.00000	0.00000	0.00000	0.00000
196	NoName	0.00000	1.00000	0.00000	0.00000	0.00000	0.00000
197	NoName	0.00000	0.73316	0.00000	0.22320	0.00000	0.04364
198	NoName	0.00000	0.99914	0.00000	0.00000	0.00000	0.00086
199	NoName	0.00000	0.99999	0.00000	0.00000	0.00000	0.00001
200	NoName	0.00000	0.00000	0.99400	0.00127	0.00000	0.00473
201	NoName	0.00000	1.00000	0.00000	0.00000	0.00000	0.00000
202	NoName	0.00000	1.00000	0.00000	0.00000	0.00000	0.00000
203	NoName	0.00000	0.99824	0.00000	0.00018	0.00000	0.00157
204	NoName	0.00000	1.00000	0.00000	0.00000	0.00000	0.00000
205	NoName	0.00000	1.00000	0.00000	0.00000	0.00000	0.00000
206	NoName	0.00000	1.00000	0.00000	0.00000	0.00000	0.00000
207	NoName	0.00000	1.00000	0.00000	0.00000	0.00000	0.00000
208	NoName	0.00000	1.00000	0.00000	0.00000	0.00000	0.00000
209	NoName	0.00000	1.00000	0.00000	0.00000	0.00000	0.00000
210	NoName	0.00000	1.00000	0.00000	0.00000	0.00000	0.00000
211	NoName	0.00000	0.99260	0.00000	0.00000	0.00000	0.00740
212	NoName	0.00000	1.00000	0.00000	0.00000	0.00000	0.00000
213	NoName	0.99968	0.00000	0.00000	0.00000	0.00032	0.00000
214	NoName	0.99997	0.00000	0.00000	0.00000	0.00003	0.00000
215	NoName	0.00000	1.00000	0.00000	0.00000	0.00000	0.00000
216	NoName	0.00000	0.99999	0.00000	0.00000	0.00000	0.00001
217	NoName	0.00000	0.99999	0.00000	0.00000	0.00000	0.00001
218	NoName	0.00000	1.00000	0.00000	0.00000	0.00000	0.00000
219	NoName	0.00000	0.99981	0.00000	0.00000	0.00000	0.00019
220	NoName	0.00002	0.99541	0.00004	0.00093	0.00002	0.00359
221	NoName	0.00000	1.00000	0.00000	0.00000	0.00000	0.00000
222	NoName	0.00000	1.00000	0.00000	0.00000	0.00000	0.00000
223	NoName	0.00000	0.99998	0.00000	0.00000	0.00000	0.00002
224	NoName	0.00000	0.99995	0.00000	0.00000	0.00000	0.00005
225	NoName	0.00000	1.00000	0.00000	0.00000	0.00000	0.00000
226	NoName	0.99999	0.00000	0.00000	0.00000	0.00001	0.00000
227	NoName	0.00000	0.99999	0.00000	0.00000	0.00000	0.00001
228	NoName	0.00000	0.99985	0.00000	0.00000	0.00000	0.00015
229	NoName	0.98238	0.00300	0.00059	0.00317	0.01049	0.00036
230	NoName	0.00000	1.00000	0.00000	0.00000	0.00000	0.00000
231	NoName	0.00000	1.00000	0.00000	0.00000	0.00000	0.00000
232	NoName	0.00000	0.99991	0.00000	0.00000	0.00000	0.00009
233	NoName	1.00000	0.00000	0.00000	0.00000	0.00000	0.00000
234	NoName	0.00000	0.99997	0.00000	0.00000	0.00000	0.00003
235	NoName	0.00000	0.99995	0.00000	0.00000	0.00000	0.00005
236	NoName	0.00000	1.00000	0.00000	0.00000	0.00000	0.00000
237	NoName	0.00000	0.99999	0.00000	0.00000	0.00000	0.00001
238	NoName	0.00000	0.99991	0.00000	0.00000	0.00000	0.00009
239	NoName	1.00000	0.00000	0.00000	0.00000	0.00000	0.00000
240	NoName	1.00000	0.00000	0.00000	0.00000	0.00000	0.00000
241	NoName	1.00000	0.00000	0.00000	0.00000	0.00000	0.00000
242	NoName	1.00000	0.00000	0.00000	0.00000	0.00000	0.00000
243	NoName	0.00000	1.00000	0.00000	0.00000	0.00000	0.00000
244	NoName	1.00000	0.00000	0.00000	0.00000	0.00000	0.00000
245	NoName	1.00000	0.00000	0.00000	0.00000	0.00000	0.00000
246	NoName	0.00000	1.00000	0.00000	0.00000	0.00000	0.00000
247	NoName	0.00000	1.00000	0.00000	0.00000	0.00000	0.00000
248	NoName	0.00000	0.99999	0.00000	0.00000	0.00000	0.00001
249	NoName	0.00000	0.99998	0.00000	0.00000	0.00000	0.00002
250	NoName	0.00000	1.00000	0.00000	0.00000	0.00000	0.00000
251	NoName	0.00000	1.00000	0.00000	0.00000	0.00000	0.00000
252	NoName	0.00000	1.00000	0.00000	0.00000	0.00000	0.00000
253	NoName	0.00000	1.00000	0.00000	0.00000	0.00000	0.00000
254	NoName	0.00000	1.00000	0.00000	0.00000	0.00000	0.00000
255	NoName	0.00000	1.00000	0.00000	0.00000	0.00000	0.00000
256	NoName	0.00000	0.99989	0.00000	0.00000	0.00000	0.00011
257	NoName	0.00000	1.00000	0.00000	0.00000	0.00000	0.00000
258	NoName	0.00000	1.00000	0.00000	0.00000	0.00000	0.00000
259	NoName	0.00000	0.99999	0.00000	0.00000	0.00000	0.00001
260	NoName	0.00000	0.99871	0.00000	0.00009	0.00000	0.00121
261	NoName	0.00000	1.00000	0.00000	0.00000	0.00000	0.00000
262	NoName	0.00000	1.00000	0.00000	0.00000	0.00000	0.00000
263	NoName	0.00000	1.00000	0.00000	0.00000	0.00000	0.00000
264	NoName	0.00000	1.00000	0.00000	0.00000	0.00000	0.00000
265	NoName	0.00000	0.90328	0.00000	0.06901	0.00000	0.02770
266	NoName	0.00000	1.00000	0.00000	0.00000	0.00000	0.00000
267	NoName	0.00000	1.00000	0.00000	0.00000	0.00000	0.00000
268	NoName	0.00000	1.00000	0.00000	0.00000	0.00000	0.00000
269	NoName	0.00000	1.00000	0.00000	0.00000	0.00000	0.00000
270	NoName	0.00000	1.00000	0.00000	0.00000	0.00000	0.00000
271	NoName	0.00000	1.00000	0.00000	0.00000	0.00000	0.00000
272	NoName	0.00000	1.00000	0.00000	0.00000	0.00000	0.00000
273	NoName	0.00000	1.00000	0.00000	0.00000	0.00000	0.00000
274	NoName	0.00000	1.00000	0.00000	0.00000	0.00000	0.00000
275	NoName	0.00000	1.00000	0.00000	0.00000	0.00000	0.00000
276	NoName	0.00000	1.00000	0.00000	0.00000	0.00000	0.00000
277	NoName	0.00000	0.99987	0.00000	0.00000	0.00000	0.00013
278	NoName	0.00000	1.00000	0.00000	0.00000	0.00000	0.00000
279	NoName	0.00000	1.00000	0.00000	0.00000	0.00000	0.00000
280	NoName	0.00000	1.00000	0.00000	0.00000	0.00000	0.00000
281	NoName	0.00000	0.99999	0.00000	0.00000	0.00000	0.00001
282	NoName	0.00000	1.00000	0.00000	0.00000	0.00000	0.00000
283	NoName	1.00000	0.00000	0.00000	0.00000	0.00000	0.00000
284	NoName	0.00000	0.99992	0.00000	0.00000	0.00000	0.00008
285	NoName	0.00000	0.99996	0.00000	0.00000	0.00000	0.00004
286	NoName	0.00000	1.00000	0.00000	0.00000	0.00000	0.00000
287	NoName	0.00000	1.00000	0.00000	0.00000	0.00000	0.00000
288	NoName	0.00000	1.00000	0.00000	0.00000	0.00000	0.00000
289	NoName	0.00000	1.00000	0.00000	0.00000	0.00000	0.00000
290	NoName	0.00000	0.99999	0.00000	0.00000	0.00000	0.00001
291	NoName	0.00000	1.00000	0.00000	0.00000	0.00000	0.00000
292	NoName	0.00000	1.00000	0.00000	0.00000	0.00000	0.00000
293	NoName	0.00000	1.00000	0.00000	0.00000	0.00000	0.00000
294	NoName	0.00000	1.00000	0.00000	0.00000	0.00000	0.00000
295	NoName	0.00000	1.00000	0.00000	0.00000	0.00000	0.00000
296	NoName	1.00000	0.00000	0.00000	0.00000	0.00000	0.00000
297	NoName	0.00000	1.00000	0.00000	0.00000	0.00000	0.00000
298	NoName	0.00000	0.99989	0.00000	0.00000	0.00000	0.00011
299	NoName	0.99999	0.00000	0.00000	0.00000	0.00001	0.00000
300	NoName	0.00000	1.00000	0.00000	0.00000	0.00000	0.00000
301	NoName	0.00000	1.00000	0.00000	0.00000	0.00000	0.00000
302	NoName	0.00000	1.00000	0.00000	0.00000	0.00000	0.00000
303	NoName	0.00000	0.99999	0.00000	0.00000	0.00000	0.00001
304	NoName	0.00000	0.99989	0.00000	0.00000	0.00000	0.00011
305	NoName	0.00000	0.99999	0.00000	0.00000	0.00000	0.00001
306	NoName	0.00000	0.99999	0.00000	0.00000	0.00000	0.00001
307	NoName	0.00000	1.00000	0.00000	0.00000	0.00000	0.00000
308	NoName	0.00000	1.00000	0.00000	0.00000	0.00000	0.00000
309	NoName	0.00000	1.00000	0.00000	0.00000	0.00000	0.00000
310	NoName	0.00000	1.00000	0.00000	0.00000	0.00000	0.00000
311	NoName	0.00000	0.99965	0.00000	0.00001	0.00000	0.00034
312	NoName	0.00000	1.00000	0.00000	0.00000	0.00000	0.00000
313	NoName	0.00000	1.00000	0.00000	0.00000	0.00000	0.00000
314	NoName	0.00000	1.00000	0.00000	0.00000	0.00000	0.00000
315	NoName	0.00000	0.28265	0.00000	0.00100	0.00000	0.71635
316	NoName	0.00000	1.00000	0.00000	0.00000	0.00000	0.00000
317	NoName	0.00000	1.00000	0.00000	0.00000	0.00000	0.00000
318	NoName	0.00000	1.00000	0.00000	0.00000	0.00000	0.00000
319	NoName	0.00000	0.99926	0.00000	0.00001	0.00000	0.00073
320	NoName	0.00000	1.00000	0.00000	0.00000	0.00000	0.00000
321	NoName	0.00000	1.00000	0.00000	0.00000	0.00000	0.00000
322	NoName	0.00000	1.00000	0.00000	0.00000	0.00000	0.00000
323	NoName	0.00000	1.00000	0.00000	0.00000	0.00000	0.00000
324	NoName	0.00000	1.00000	0.00000	0.00000	0.00000	0.00000
325	NoName	0.00000	1.00000	0.00000	0.00000	0.00000	0.00000
326	NoName	0.00000	0.99996	0.00000	0.00000	0.00000	0.00004
327	NoName	0.00000	1.00000	0.00000	0.00000	0.00000	0.00000
328	NoName	0.00000	1.00000	0.00000	0.00000	0.00000	0.00000
329	NoName	0.00000	1.00000	0.00000	0.00000	0.00000	0.00000
330	NoName	0.00000	0.99909	0.00000	0.00005	0.00000	0.00086
331	NoName	0.00000	0.99999	0.00000	0.00000	0.00000	0.00001
332	NoName	0.00000	1.00000	0.00000	0.00000	0.00000	0.00000
333	NoName	0.00000	0.99999	0.00000	0.00000	0.00000	0.00001
334	NoName	0.00000	1.00000	0.00000	0.00000	0.00000	0.00000
335	NoName	0.00000	0.99992	0.00000	0.00000	0.00000	0.00008
336	NoName	0.00000	0.99828	0.00000	0.00017	0.00000	0.00155
337	NoName	0.00000	1.00000	0.00000	0.00000	0.00000	0.00000
338	NoName	0.00000	1.00000	0.00000	0.00000	0.00000	0.00000
339	NoName	0.00000	0.99999	0.00000	0.00000	0.00000	0.00001
340	NoName	0.00000	0.00000	0.99960	0.00010	0.00000	0.00029
341	NoName	0.00000	1.00000	0.00000	0.00000	0.00000	0.00000
342	NoName	0.00000	1.00000	0.00000	0.00000	0.00000	0.00000
343	NoName	0.00000	0.00002	0.00000	0.00037	0.00000	0.99961
344	NoName	0.00000	1.00000	0.00000	0.00000	0.00000	0.00000
345	NoName	0.00000	1.00000	0.00000	0.00000	0.00000	0.00000
346	NoName	0.00000	0.99991	0.00000	0.00000	0.00000	0.00009
347	NoName	0.00000	0.00069	0.00000	0.01009	0.00000	0.98921
348	NoName	0.00000	1.00000	0.00000	0.00000	0.00000	0.00000
349	NoName	0.00000	1.00000	0.00000	0.00000	0.00000	0.00000
350	NoName	0.00000	1.00000	0.00000	0.00000	0.00000	0.00000
351	NoName	0.00000	0.99999	0.00000	0.00000	0.00000	0.00001
352	NoName	0.00000	0.99999	0.00000	0.00000	0.00000	0.00001
353	NoName	0.00000	0.99993	0.00000	0.00000	0.00000	0.00007
354	NoName	0.65058	0.31752	0.00497	0.00774	0.01333	0.00586
355	NoName	1.00000	0.00000	0.00000	0.00000	0.00000	0.00000
356	NoName	0.00000	0.99998	0.00000	0.00000	0.00000	0.00002
357	NoName	0.00000	0.99999	0.00000	0.00000	0.00000	0.00001
358	NoName	0.00000	0.99407	0.00001	0.00144	0.00001	0.00447
359	NoName	0.00000	1.00000	0.00000	0.00000	0.00000	0.00000
360	NoName	0.00000	0.99999	0.00000	0.00000	0.00000	0.00001
361	NoName	1.00000	0.00000	0.00000	0.00000	0.00000	0.00000
362	NoName	1.00000	0.00000	0.00000	0.00000	0.00000	0.00000
363	NoName	0.00000	0.99999	0.00000	0.00000	0.00000	0.00001
364	NoName	0.00000	1.00000	0.00000	0.00000	0.00000	0.00000
365	NoName	0.00000	0.99999	0.00000	0.00000	0.00000	0.00001
366	NoName	0.00000	0.99997	0.00000	0.00000	0.00000	0.00003
367	NoName	0.00000	1.00000	0.00000	0.00000	0.00000	0.00000
368	NoName	1.00000	0.00000	0.00000	0.00000	0.00000	0.00000
369	NoName	0.00000	1.00000	0.00000	0.00000	0.00000	0.00000
370	NoName	0.00000	1.00000	0.00000	0.00000	0.00000	0.00000
371	NoName	0.00000	1.00000	0.00000	0.00000	0.00000	0.00000
372	NoName	0.00000	0.99996	0.00000	0.00000	0.00000	0.00004
373	NoName	0.00000	0.99974	0.00000	0.00000	0.00000	0.00026
374	NoName	1.00000	0.00000	0.00000	0.00000	0.00000	0.00000
375	NoName	0.00000	1.00000	0.00000	0.00000	0.00000	0.00000
376	NoName	0.00007	0.99321	0.00008	0.00171	0.00006	0.00487
377	NoName	1.00000	0.00000	0.00000	0.00000	0.00000	0.00000
378	NoName	0.99996	0.00000	0.00000	0.00000	0.00004	0.00000
379	NoName	0.00000	1.00000	0.00000	0.00000	0.00000	0.00000
380	NoName	0.00000	0.99994	0.00000	0.00000	0.00000	0.00006
381	NoName	0.00000	0.99999	0.00000	0.00000	0.00000	0.00001
382	NoName	1.00000	0.00000	0.00000	0.00000	0.00000	0.00000
383	NoName	0.00000	1.00000	0.00000	0.00000	0.00000	0.00000
384	NoName	0.00000	1.00000	0.00000	0.00000	0.00000	0.00000
385	NoName	0.00000	1.00000	0.00000	0.00000	0.00000	0.00000
386	NoName	0.00000	1.00000	0.00000	0.00000	0.00000	0.00000
387	NoName	0.99981	0.00000	0.00000	0.00000	0.00019	0.00000
388	NoName	0.00000	1.00000	0.00000	0.00000	0.00000	0.00000
389	NoName	0.00000	1.00000	0.00000	0.00000	0.00000	0.00000
390	NoName	0.00000	1.00000	0.00000	0.00000	0.00000	0.00000
391	NoName	0.00000	0.99940	0.00000	0.00002	0.00000	0.00058
392	NoName	0.00000	1.00000	0.00000	0.00000	0.00000	0.00000
393	NoName	0.00000	1.00000	0.00000	0.00000	0.00000	0.00000
394	NoName	0.00000	1.00000	0.00000	0.00000	0.00000	0.00000
395	NoName	0.00000	1.00000	0.00000	0.00000	0.00000	0.00000
396	NoName	0.00000	1.00000	0.00000	0.00000	0.00000	0.00000
397	NoName	0.00000	0.99999	0.00000	0.00000	0.00000	0.00001
398	NoName	0.00000	0.99632	0.00000	0.00066	0.00000	0.00302
399	NoName	0.00000	0.99999	0.00000	0.00000	0.00000	0.00001
400	NoName	0.00000	1.00000	0.00000	0.00000	0.00000	0.00000
401	NoName	0.05847	0.92614	0.00254	0.00347	0.00267	0.00670
402	NoName	0.00000	1.00000	0.00000	0.00000	0.00000	0.00000
403	NoName	0.00000	1.00000	0.00000	0.00000	0.00000	0.00000
404	NoName	0.00000	1.00000	0.00000	0.00000	0.00000	0.00000
405	NoName	0.00000	1.00000	0.00000	0.00000	0.00000	0.00000
406	NoName	0.00000	0.99999	0.00000	0.00000	0.00000	0.00001
407	NoName	0.00000	1.00000	0.00000	0.00000	0.00000	0.00000
408	NoName	0.00000	1.00000	0.00000	0.00000	0.00000	0.00000
409	NoName	0.00000	1.00000	0.00000	0.00000	0.00000	0.00000
410	NoName	0.00000	1.00000	0.00000	0.00000	0.00000	0.00000
411	NoName	1.00000	0.00000	0.00000	0.00000	0.00000	0.00000
412	NoName	0.00000	1.00000	0.00000	0.00000	0.00000	0.00000
413	NoName	0.00000	0.99992	0.00000	0.00000	0.00000	0.00008
414	NoName	0.00000	0.99998	0.00000	0.00000	0.00000	0.00002
415	NoName	0.00000	0.99998	0.00000	0.00000	0.00000	0.00002
416	NoName	0.00000	1.00000	0.00000	0.00000	0.00000	0.00000
417	NoName	0.00000	1.00000	0.00000	0.00000	0.00000	0.00000
418	NoName	0.00000	1.00000	0.00000	0.00000	0.00000	0.00000
419	NoName	0.00000	1.00000	0.00000	0.00000	0.00000	0.00000
420	NoName	0.00000	1.00000	0.00000	0.00000	0.00000	0.00000
421	NoName	0.00000	0.99998	0.00000	0.00000	0.00000	0.00002
422	NoName	0.00000	0.99975	0.00000	0.00000	0.00000	0.00025
423	NoName	0.00000	0.98587	0.00000	0.00496	0.00000	0.00917
424	NoName	0.00000	0.99999	0.00000	0.00000	0.00000	0.00001
425	NoName	0.00000	1.00000	0.00000	0.00000	0.00000	0.00000
426	NoName	0.00000	1.00000	0.00000	0.00000	0.00000	0.00000
427	NoName	0.00000	1.00000	0.00000	0.00000	0.00000	0.00000
428	NoName	0.00000	0.99999	0.00000	0.00000	0.00000	0.00001
429	NoName	0.00000	1.00000	0.00000	0.00000	0.00000	0.00000
430	NoName	0.00000	1.00000	0.00000	0.00000	0.00000	0.00000
431	NoName	0.00000	1.00000	0.00000	0.00000	0.00000	0.00000
432	NoName	0.00000	1.00000	0.00000	0.00000	0.00000	0.00000
433	NoName	0.00000	1.00000	0.00000	0.00000	0.00000	0.00000
434	NoName	0.00000	0.99999	0.00000	0.00000	0.00000	0.00001
435	NoName	0.00000	0.99999	0.00000	0.00000	0.00000	0.00001
436	NoName	0.99999	0.00000	0.00000	0.00000	0.00001	0.00000
437	NoName	0.00000	1.00000	0.00000	0.00000	0.00000	0.00000
438	NoName	0.00000	0.99999	0.00000	0.00000	0.00000	0.00001
439	NoName	0.00000	1.00000	0.00000	0.00000	0.00000	0.00000
440	NoName	0.00000	1.00000	0.00000	0.00000	0.00000	0.00000
441	NoName	0.00000	1.00000	0.00000	0.00000	0.00000	0.00000
442	NoName	0.00000	0.99999	0.00000	0.00000	0.00000	0.00001
443	NoName	0.00000	0.99999	0.00000	0.00000	0.00000	0.00001
444	NoName	0.00000	0.99976	0.00000	0.00000	0.00000	0.00024
445	NoName	0.00000	0.99999	0.00000	0.00000	0.00000	0.00001
446	NoName	0.00000	0.99989	0.00000	0.00000	0.00000	0.00011
447	NoName	0.00000	0.99999	0.00000	0.00000	0.00000	0.00001
448	NoName	0.00000	1.00000	0.00000	0.00000	0.00000	0.00000
449	NoName	0.00000	0.99980	0.00000	0.00000	0.00000	0.00020
450	NoName	0.00000	1.00000	0.00000	0.00000	0.00000	0.00000
451	NoName	0.00000	1.00000	0.00000	0.00000	0.00000	0.00000
452	NoName	0.00000	0.99921	0.00000	0.00004	0.00000	0.00075
453	NoName	0.00000	1.00000	0.00000	0.00000	0.00000	0.00000
454	NoName	0.00000	1.00000	0.00000	0.00000	0.00000	0.00000
455	NoName	0.00000	0.99998	0.00000	0.00000	0.00000	0.00002
456	NoName	0.00000	1.00000	0.00000	0.00000	0.00000	0.00000
457	NoName	0.00000	0.99998	0.00000	0.00000	0.00000	0.00002
458	NoName	0.00000	1.00000	0.00000	0.00000	0.00000	0.00000
459	NoName	0.00000	1.00000	0.00000	0.00000	0.00000	0.00000
460	NoName	1.00000	0.00000	0.00000	0.00000	0.00000	0.00000
461	NoName	0.00000	1.00000	0.00000	0.00000	0.00000	0.00000
462	NoName	0.00000	1.00000	0.00000	0.00000	0.00000	0.00000
463	NoName	0.14032	0.83920	0.00372	0.00464	0.00477	0.00735
464	NoName	1.00000	0.00000	0.00000	0.00000	0.00000	0.00000
465	NoName	0.00000	1.00000	0.00000	0.00000	0.00000	0.00000
466	NoName	0.00000	1.00000	0.00000	0.00000	0.00000	0.00000
467	NoName	0.00000	0.99905	0.00000	0.00005	0.00000	0.00089
468	NoName	0.00000	1.00000	0.00000	0.00000	0.00000	0.00000
469	NoName	0.00000	1.00000	0.00000	0.00000	0.00000	0.00000
470	NoName	0.00000	1.00000	0.00000	0.00000	0.00000	0.00000
471	NoName	0.00000	1.00000	0.00000	0.00000	0.00000	0.00000
472	NoName	0.00000	0.99996	0.00000	0.00000	0.00000	0.00004
473	NoName	0.00000	1.00000	0.00000	0.00000	0.00000	0.00000
474	NoName	0.14585	0.83344	0.00381	0.00465	0.00489	0.00736
475	NoName	0.00000	1.00000	0.00000	0.00000	0.00000	0.00000
476	NoName	0.00000	1.00000	0.00000	0.00000	0.00000	0.00000
477	NoName	0.00000	1.00000	0.00000	0.00000	0.00000	0.00000
478	NoName	0.00000	0.99999	0.00000	0.00000	0.00000	0.00001
479	NoName	0.00000	0.99967	0.00000	0.00000	0.00000	0.00033
480	NoName	0.00000	1.00000	0.00000	0.00000	0.00000	0.00000
481	NoName	0.00000	1.00000	0.00000	0.00000	0.00000	0.00000
482	NoName	0.00000	0.99998	0.00000	0.00000	0.00000	0.00002
483	NoName	0.00000	1.00000	0.00000	0.00000	0.00000	0.00000
484	NoName	0.00000	1.00000	0.00000	0.00000	0.00000	0.00000
485	NoName	0.00000	1.00000	0.00000	0.00000	0.00000	0.00000
486	NoName	0.00000	1.00000	0.00000	0.00000	0.00000	0.00000
487	NoName	0.00000	1.00000	0.00000	0.00000	0.00000	0.00000
488	NoName	0.00000	1.00000	0.00000	0.00000	0.00000	0.00000
489	NoName	0.00000	1.00000	0.00000	0.00000	0.00000	0.00000
490	NoName	0.00000	1.00000	0.00000	0.00000	0.00000	0.00000
491	NoName	0.00000	1.00000	0.00000	0.00000	0.00000	0.00000
492	NoName	0.00000	0.99998	0.00000	0.00000	0.00000	0.00002
493	NoName	0.00000	0.99999	0.00000	0.00000	0.00000	0.00001
494	NoName	0.01928	0.01489	0.00050	0.85988	0.08922	0.01623
495	NoName	0.00000	0.99999	0.00000	0.00000	0.00000	0.00001
496	NoName	0.00000	0.99999	0.00000	0.00000	0.00000	0.00001
497	NoName	0.00000	1.00000	0.00000	0.00000	0.00000	0.00000
498	NoName	0.00000	1.00000	0.00000	0.00000	0.00000	0.00000
499	NoName	0.00000	1.00000	0.00000	0.00000	0.00000	0.00000
500	NoName	0.00000	0.99889	0.00000	0.00007	0.00000	0.00104
501	NoName	0.00000	1.00000	0.00000	0.00000	0.00000	0.00000
502	NoName	0.00000	0.99684	0.00000	0.00050	0.00000	0.00266
503	NoName	0.00000	0.99999	0.00000	0.00000	0.00000	0.00001
504	NoName	0.00000	1.00000	0.00000	0.00000	0.00000	0.00000
505	NoName	0.00000	1.00000	0.00000	0.00000	0.00000	0.00000
506	NoName	0.99999	0.00000	0.00000	0.00000	0.00001	0.00000
507	NoName	1.00000	0.00000	0.00000	0.00000	0.00000	0.00000
508	NoName	0.00000	0.99999	0.00000	0.00000	0.00000	0.00001
509	NoName	0.00000	1.00000	0.00000	0.00000	0.00000	0.00000
510	NoName	0.00000	1.00000	0.00000	0.00000	0.00000	0.00000
511	NoName	0.00000	1.00000	0.00000	0.00000	0.00000	0.00000
512	NoName	0.00000	0.99999	0.00000	0.00000	0.00000	0.00001
513	NoName	0.00276	0.00000	0.00000	0.00014	0.99711	0.00000
514	NoName	0.00000	1.00000	0.00000	0.00000	0.00000	0.00000
515	NoName	0.99547	0.00000	0.00000	0.00006	0.00447	0.00000
516	NoName	0.00000	0.99777	0.00000	0.00022	0.00000	0.00201
517	NoName	0.00000	1.00000	0.00000	0.00000	0.00000	0.00000
518	NoName	1.00000	0.00000	0.00000	0.00000	0.00000	0.00000
519	NoName	0.00000	1.00000	0.00000	0.00000	0.00000	0.00000
520	NoName	0.00000	1.00000	0.00000	0.00000	0.00000	0.00000
521	NoName	0.00000	1.00000	0.00000	0.00000	0.00000	0.00000
522	NoName	0.00000	1.00000	0.00000	0.00000	0.00000	0.00000
523	NoName	0.00000	1.00000	0.00000	0.00000	0.00000	0.00000
524	NoName	0.00000	1.00000	0.00000	0.00000	0.00000	0.00000
525	NoName	0.00000	0.99990	0.00000	0.00000	0.00000	0.00010
526	NoName	0.00000	0.99999	0.00000	0.00000	0.00000	0.00001
527	NoName	0.00000	1.00000	0.00000	0.00000	0.00000	0.00000
528	NoName	0.00000	0.99994	0.00000	0.00000	0.00000	0.00006
529	NoName	0.38370	0.58816	0.00519	0.00639	0.00930	0.00725
530	NoName	0.00000	1.00000	0.00000	0.00000	0.00000	0.00000
531	NoName	0.00000	1.00000	0.00000	0.00000	0.00000	0.00000
532	NoName	0.00000	0.99999	0.00000	0.00000	0.00000	0.00001
533	NoName	1.00000	0.00000	0.00000	0.00000	0.00000	0.00000
534	NoName	0.00000	1.00000	0.00000	0.00000	0.00000	0.00000
535	NoName	0.00000	1.00000	0.00000	0.00000	0.00000	0.00000
536	NoName	0.00000	1.00000	0.00000	0.00000	0.00000	0.00000
537	NoName	1.00000	0.00000	0.00000	0.00000	0.00000	0.00000
538	NoName	0.00000	0.98519	0.00000	0.00687	0.00000	0.00794
539	NoName	0.00000	0.99999	0.00000	0.00000	0.00000	0.00001
540	NoName	0.99997	0.00000	0.00000	0.00000	0.00003	0.00000
541	NoName	1.00000	0.00000	0.00000	0.00000	0.00000	0.00000
542	NoName	1.00000	0.00000	0.00000	0.00000	0.00000	0.00000
543	NoName	0.00000	1.00000	0.00000	0.00000	0.00000	0.00000
544	NoName	0.00000	1.00000	0.00000	0.00000	0.00000	0.00000
545	NoName	0.00000	1.00000	0.00000	0.00000	0.00000	0.00000
546	NoName	0.00000	1.00000	0.00000	0.00000	0.00000	0.00000
547	NoName	0.00000	1.00000	0.00000	0.00000	0.00000	0.00000
548	NoName	0.99969	0.00000	0.00000	0.00000	0.00030	0.00000
549	NoName	0.00000	0.99999	0.00000	0.00000	0.00000	0.00001
550	NoName	0.00000	1.00000	0.00000	0.00000	0.00000	0.00000
551	NoName	1.00000	0.00000	0.00000	0.00000	0.00000	0.00000
552	NoName	0.00000	0.99997	0.00000	0.00000	0.00000	0.00003
553	NoName	0.00000	0.99999	0.00000	0.00000	0.00000	0.00001
554	NoName	0.00000	1.00000	0.00000	0.00000	0.00000	0.00000
555	NoName	0.00000	1.00000	0.00000	0.00000	0.00000	0.00000
556	NoName	0.00000	0.00000	0.99943	0.00020	0.00001	0.00035
557	NoName	0.00000	0.99996	0.00000	0.00000	0.00000	0.00004
558	NoName	0.00000	1.00000	0.00000	0.00000	0.00000	0.00000
559	NoName	1.00000	0.00000	0.00000	0.00000	0.00000	0.00000
560	NoName	1.00000	0.00000	0.00000	0.00000	0.00000	0.00000
561	NoName	1.00000	0.00000	0.00000	0.00000	0.00000	0.00000
562	NoName	1.00000	0.00000	0.00000	0.00000	0.00000	0.00000
563	NoName	0.00000	0.99998	0.00000	0.00000	0.00000	0.00002
564	NoName	0.00000	1.00000	0.00000	0.00000	0.00000	0.00000
565	NoName	1.00000	0.00000	0.00000	0.00000	0.00000	0.00000
566	NoName	0.00000	0.99998	0.00000	0.00000	0.00000	0.00002
567	NoName	0.97740	0.00014	0.00012	0.00685	0.01539	0.00011
568	NoName	1.00000	0.00000	0.00000	0.00000	0.00000	0.00000
569	NoName	0.00000	1.00000	0.00000	0.00000	0.00000	0.00000
570	NoName	0.00000	0.99999	0.00000	0.00000	0.00000	0.00001
571	NoName	0.00000	1.00000	0.00000	0.00000	0.00000	0.00000
572	NoName	0.00000	1.00000	0.00000	0.00000	0.00000	0.00000
573	NoName	0.00000	0.99999	0.00000	0.00000	0.00000	0.00001
574	NoName	0.00000	0.99998	0.00000	0.00000	0.00000	0.00002
575	NoName	0.00000	0.00000	0.00000	0.46959	0.53041	0.00000
576	NoName	0.00000	0.99999	0.00000	0.00000	0.00000	0.00001
577	NoName	1.00000	0.00000	0.00000	0.00000	0.00000	0.00000
578	NoName	0.00000	1.00000	0.00000	0.00000	0.00000	0.00000
579	NoName	0.00000	0.72268	0.00000	0.00001	0.00000	0.27731
580	NoName	0.00000	0.99961	0.00000	0.00001	0.00000	0.00038
581	NoName	0.00000	1.00000	0.00000	0.00000	0.00000	0.00000
582	NoName	0.00000	0.99999	0.00000	0.00000	0.00000	0.00001
583	NoName	0.00000	0.99557	0.00000	0.00082	0.00000	0.00361
584	NoName	0.00000	0.99999	0.00000	0.00000	0.00000	0.00001
585	NoName	0.00000	0.99973	0.00000	0.00000	0.00000	0.00027
586	NoName	0.00000	1.00000	0.00000	0.00000	0.00000	0.00000
587	NoName	0.00000	1.00000	0.00000	0.00000	0.00000	0.00000
588	NoName	0.00000	0.99999	0.00000	0.00000	0.00000	0.00001
589	NoName	0.00000	1.00000	0.00000	0.00000	0.00000	0.00000
590	NoName	0.00000	1.00000	0.00000	0.00000	0.00000	0.00000
591	NoName	0.00000	0.99989	0.00000	0.00000	0.00000	0.00011
592	NoName	0.00000	0.99883	0.00000	0.00008	0.00000	0.00109
593	NoName	0.00000	1.00000	0.00000	0.00000	0.00000	0.00000
594	NoName	0.00000	0.99999	0.00000	0.00000	0.00000	0.00001
595	NoName	0.00000	1.00000	0.00000	0.00000	0.00000	0.00000
596	NoName	0.00000	0.78802	0.00000	0.00277	0.00000	0.20921
597	NoName	0.00000	0.99999	0.00000	0.00000	0.00000	0.00001
598	NoName	0.00000	0.99993	0.00000	0.00000	0.00000	0.00007
599	NoName	0.00000	0.99932	0.00000	0.00002	0.00000	0.00066
600	NoName	0.00000	1.00000	0.00000	0.00000	0.00000	0.00000
601	NoName	0.29427	0.67766	0.00487	0.00680	0.00839	0.00802
602	NoName	0.99992	0.00000	0.00000	0.00000	0.00008	0.00000
603	NoName	0.99727	0.00000	0.00000	0.00014	0.00260	0.00000
604	NoName	0.00000	1.00000	0.00000	0.00000	0.00000	0.00000
605	NoName	0.00000	0.99747	0.00000	0.00029	0.00000	0.00224
606	NoName	0.00000	1.00000	0.00000	0.00000	0.00000	0.00000
607	NoName	0.00000	1.00000	0.00000	0.00000	0.00000	0.00000
608	NoName	0.00000	1.00000	0.00000	0.00000	0.00000	0.00000
609	NoName	0.00000	0.99999	0.00000	0.00000	0.00000	0.00001
610	NoName	0.99993	0.00000	0.00000	0.00000	0.00007	0.00000
611	NoName	0.00000	1.00000	0.00000	0.00000	0.00000	0.00000
612	NoName	0.00000	1.00000	0.00000	0.00000	0.00000	0.00000
613	NoName	0.00000	1.00000	0.00000	0.00000	0.00000	0.00000
614	NoName	0.00000	0.99939	0.00000	0.00002	0.00000	0.00059
615	NoName	0.00000	1.00000	0.00000	0.00000	0.00000	0.00000
616	NoName	0.00000	0.99996	0.00000	0.00000	0.00000	0.00004
617	NoName	0.00000	1.00000	0.00000	0.00000	0.00000	0.00000
618	NoName	0.00000	1.00000	0.00000	0.00000	0.00000	0.00000
619	NoName	0.00000	1.00000	0.00000	0.00000	0.00000	0.00000
620	NoName	0.00000	1.00000	0.00000	0.00000	0.00000	0.00000
621	NoName	0.00000	1.00000	0.00000	0.00000	0.00000	0.00000
622	NoName	0.00000	0.99936	0.00000	0.00003	0.00000	0.00061
623	NoName	0.00000	1.00000	0.00000	0.00000	0.00000	0.00000
624	NoName	0.00000	0.99987	0.00000	0.00000	0.00000	0.00013
625	NoName	0.00000	0.99703	0.00000	0.00001	0.00000	0.00296
626	NoName	0.00014	0.90103	0.00006	0.06919	0.00037	0.02921
627	NoName	0.00000	1.00000	0.00000	0.00000	0.00000	0.00000
628	NoName	0.00000	1.00000	0.00000	0.00000	0.00000	0.00000
629	NoName	0.00000	1.00000	0.00000	0.00000	0.00000	0.00000
630	NoName	0.00000	0.99999	0.00000	0.00000	0.00000	0.00001
631	NoName	0.00000	1.00000	0.00000	0.00000	0.00000	0.00000
632	NoName	1.00000	0.00000	0.00000	0.00000	0.00000	0.00000
633	NoName	0.00000	1.00000	0.00000	0.00000	0.00000	0.00000
634	NoName	0.00000	1.00000	0.00000	0.00000	0.00000	0.00000
635	NoName	0.00000	1.00000	0.00000	0.00000	0.00000	0.00000
636	NoName	0.00000	0.99886	0.00000	0.00008	0.00000	0.00106
637	NoName	0.00000	0.99998	0.00000	0.00000	0.00000	0.00002
638	NoName	0.00000	0.99983	0.00000	0.00000	0.00000	0.00017
639	NoName	0.00000	1.00000	0.00000	0.00000	0.00000	0.00000
640	NoName	0.00000	1.00000	0.00000	0.00000	0.00000	0.00000
641	NoName	0.00000	1.00000	0.00000	0.00000	0.00000	0.00000
642	NoName	0.00000	1.00000	0.00000	0.00000	0.00000	0.00000
643	NoName	0.00000	0.99996	0.00000	0.00000	0.00000	0.00004
644	NoName	0.00000	0.00000	0.00009	0.47080	0.00000	0.52911
645	NoName	0.00000	0.99995	0.00000	0.00000	0.00000	0.00005
646	NoName	0.00000	0.99984	0.00000	0.00000	0.00000	0.00016
647	NoName	0.00000	0.99998	0.00000	0.00000	0.00000	0.00002
648	NoName	0.00000	1.00000	0.00000	0.00000	0.00000	0.00000
649	NoName	0.00000	0.99999	0.00000	0.00000	0.00000	0.00001
650	NoName	0.99801	0.00000	0.00000	0.00000	0.00198	0.00000
651	NoName	0.00000	1.00000	0.00000	0.00000	0.00000	0.00000
652	NoName	0.00000	1.00000	0.00000	0.00000	0.00000	0.00000
653	NoName	0.99997	0.00000	0.00000	0.00000	0.00003	0.00000
654	NoName	0.00000	1.00000	0.00000	0.00000	0.00000	0.00000
655	NoName	0.00000	1.00000	0.00000	0.00000	0.00000	0.00000
656	NoName	0.00000	0.99975	0.00000	0.00000	0.00000	0.00025
657	NoName	0.00000	0.99999	0.00000	0.00000	0.00000	0.00001
658	NoName	0.00000	1.00000	0.00000	0.00000	0.00000	0.00000
659	NoName	0.99601	0.00000	0.00000	0.00037	0.00362	0.00000
660	NoName	0.00000	0.99989	0.00000	0.00000	0.00000	0.00011
661	NoName	0.00000	0.99999	0.00000	0.00000	0.00000	0.00001
662	NoName	0.00000	1.00000	0.00000	0.00000	0.00000	0.00000
663	NoName	0.02672	0.96305	0.00099	0.00249	0.00115	0.00561
664	NoName	1.00000	0.00000	0.00000	0.00000	0.00000	0.00000
665	NoName	0.00000	0.99762	0.00000	0.00022	0.00000	0.00217
666	NoName	1.00000	0.00000	0.00000	0.00000	0.00000	0.00000
667	NoName	1.00000	0.00000	0.00000	0.00000	0.00000	0.00000
668	NoName	1.00000	0.00000	0.00000	0.00000	0.00000	0.00000
669	NoName	0.99999	0.00000	0.00000	0.00000	0.00001	0.00000
670	NoName	1.00000	0.00000	0.00000	0.00000	0.00000	0.00000
671	NoName	0.00000	1.00000	0.00000	0.00000	0.00000	0.00000
672	NoName	0.00000	1.00000	0.00000	0.00000	0.00000	0.00000
673	NoName	0.00000	1.00000	0.00000	0.00000	0.00000	0.00000
674	NoName	0.00001	0.98601	0.00003	0.00535	0.00003	0.00857
675	NoName	0.00000	1.00000	0.00000	0.00000	0.00000	0.00000
676	NoName	0.00000	0.99998	0.00000	0.00000	0.00000	0.00002
677	NoName	0.00000	1.00000	0.00000	0.00000	0.00000	0.00000
678	NoName	1.00000	0.00000	0.00000	0.00000	0.00000	0.00000
679	NoName	0.00000	1.00000	0.00000	0.00000	0.00000	0.00000
680	NoName	0.00000	0.99999	0.00000	0.00000	0.00000	0.00001
681	NoName	0.00000	1.00000	0.00000	0.00000	0.00000	0.00000
682	NoName	0.00000	0.99999	0.00000	0.00000	0.00000	0.00001
683	NoName	0.00000	1.00000	0.00000	0.00000	0.00000	0.00000
684	NoName	0.00000	0.99991	0.00000	0.00000	0.00000	0.00009
685	NoName	0.00000	1.00000	0.00000	0.00000	0.00000	0.00000
686	NoName	0.00000	0.99976	0.00000	0.00000	0.00000	0.00024
687	NoName	0.00000	1.00000	0.00000	0.00000	0.00000	0.00000
688	NoName	0.00000	1.00000	0.00000	0.00000	0.00000	0.00000
689	NoName	0.00000	1.00000	0.00000	0.00000	0.00000	0.00000
690	NoName	0.00000	0.99999	0.00000	0.00000	0.00000	0.00001
691	NoName	0.00000	1.00000	0.00000	0.00000	0.00000	0.00000
692	NoName	0.00000	1.00000	0.00000	0.00000	0.00000	0.00000
693	NoName	0.00000	0.99999	0.00000	0.00000	0.00000	0.00001
694	NoName	0.00000	0.99965	0.00000	0.00001	0.00000	0.00034
695	NoName	0.00000	1.00000	0.00000	0.00000	0.00000	0.00000
696	NoName	0.00000	0.99999	0.00000	0.00000	0.00000	0.00001
697	NoName	0.00000	0.99999	0.00000	0.00000	0.00000	0.00001
698	NoName	0.00000	0.99999	0.00000	0.00000	0.00000	0.00001
699	NoName	0.00000	1.00000	0.00000	0.00000	0.00000	0.00000
700	NoName	0.00000	1.00000	0.00000	0.00000	0.00000	0.00000
701	NoName	1.00000	0.00000	0.00000	0.00000	0.00000	0.00000
702	NoName	0.99763	0.00000	0.00000	0.00000	0.00237	0.00000
703	NoName	1.00000	0.00000	0.00000	0.00000	0.00000	0.00000
704	NoName	0.99989	0.00000	0.00000	0.00000	0.00011	0.00000
705	NoName	0.00000	0.99881	0.00000	0.00000	0.00000	0.00119
706	NoName	0.00000	0.99974	0.00000	0.00000	0.00000	0.00026
707	NoName	0.99506	0.00000	0.00000	0.00003	0.00491	0.00000
708	NoName	0.00000	1.00000	0.00000	0.00000	0.00000	0.00000
709	NoName	0.00000	1.00000	0.00000	0.00000	0.00000	0.00000
710	NoName	0.00000	1.00000	0.00000	0.00000	0.00000	0.00000
711	NoName	0.00000	1.00000	0.00000	0.00000	0.00000	0.00000
712	NoName	0.00000	1.00000	0.00000	0.00000	0.00000	0.00000
713	NoName	0.00000	1.00000	0.00000	0.00000	0.00000	0.00000
714	NoName	1.00000	0.00000	0.00000	0.00000	0.00000	0.00000
715	NoName	0.00000	0.99994	0.00000	0.00000	0.00000	0.00006
716	NoName	0.00000	1.00000	0.00000	0.00000	0.00000	0.00000
717	NoName	0.00000	0.99996	0.00000	0.00000	0.00000	0.00004
718	NoName	1.00000	0.00000	0.00000	0.00000	0.00000	0.00000
719	NoName	0.00000	0.99996	0.00000	0.00000	0.00000	0.00004
720	NoName	0.00000	1.00000	0.00000	0.00000	0.00000	0.00000
721	NoName	0.00000	0.99999	0.00000	0.00000	0.00000	0.00001
722	NoName	0.00000	1.00000	0.00000	0.00000	0.00000	0.00000
723	NoName	0.00000	1.00000	0.00000	0.00000	0.00000	0.00000
724	NoName	0.00000	0.99080	0.00000	0.00101	0.00000	0.00819
725	NoName	0.00025	0.88038	0.00005	0.09391	0.00059	0.02482
726	NoName	0.00000	1.00000	0.00000	0.00000	0.00000	0.00000
727	NoName	0.00000	1.00000	0.00000	0.00000	0.00000	0.00000
728	NoName	0.00000	0.99867	0.00000	0.00007	0.00000	0.00126
729	NoName	0.00000	1.00000	0.00000	0.00000	0.00000	0.00000
730	NoName	0.00000	1.00000	0.00000	0.00000	0.00000	0.00000
731	NoName	0.00000	1.00000	0.00000	0.00000	0.00000	0.00000
732	NoName	0.99992	0.00000	0.00000	0.00000	0.00008	0.00000
733	NoName	0.00000	1.00000	0.00000	0.00000	0.00000	0.00000
734	NoName	0.00000	0.99995	0.00000	0.00000	0.00000	0.00005
735	NoName	0.00000	1.00000	0.00000	0.00000	0.00000	0.00000
736	NoName	0.00000	0.99993	0.00000	0.00000	0.00000	0.00007
737	NoName	0.00000	1.00000	0.00000	0.00000	0.00000	0.00000
738	NoName	0.99998	0.00000	0.00000	0.00000	0.00002	0.00000
739	NoName	0.00000	0.99946	0.00000	0.00002	0.00000	0.00053
740	NoName	0.00000	1.00000	0.00000	0.00000	0.00000	0.00000
741	NoName	1.00000	0.00000	0.00000	0.00000	0.00000	0.00000
742	NoName	0.00000	1.00000	0.00000	0.00000	0.00000	0.00000
743	NoName	0.00000	1.00000	0.00000	0.00000	0.00000	0.00000
744	NoName	0.00000	0.99999	0.00000	0.00000	0.00000	0.00001
745	NoName	1.00000	0.00000	0.00000	0.00000	0.00000	0.00000
746	NoName	0.00000	1.00000	0.00000	0.00000	0.00000	0.00000
747	NoName	0.00000	1.00000	0.00000	0.00000	0.00000	0.00000
748	NoName	0.00000	1.00000	0.00000	0.00000	0.00000	0.00000
749	NoName	0.00000	1.00000	0.00000	0.00000	0.00000	0.00000
750	NoName	0.17122	0.80691	0.00406	0.00491	0.00545	0.00745
751	NoName	0.00000	1.00000	0.00000	0.00000	0.00000	0.00000
752	NoName	0.00000	0.99999	0.00000	0.00000	0.00000	0.00001
753	NoName	0.00000	0.99998	0.00000	0.00000	0.00000	0.00002
754	NoName	0.00000	1.00000	0.00000	0.00000	0.00000	0.00000
755	NoName	0.00000	0.99993	0.00000	0.00000	0.00000	0.00007
756	NoName	0.00000	1.00000	0.00000	0.00000	0.00000	0.00000
757	NoName	0.00000	0.99864	0.00000	0.00010	0.00000	0.00126
758	NoName	0.00000	0.99999	0.00000	0.00000	0.00000	0.00001
759	NoName	0.99998	0.00000	0.00000	0.00000	0.00002	0.00000
760	NoName	1.00000	0.00000	0.00000	0.00000	0.00000	0.00000
761	NoName	0.00000	0.99993	0.00000	0.00000	0.00000	0.00007
762	NoName	0.00000	1.00000	0.00000	0.00000	0.00000	0.00000
763	NoName	0.00000	1.00000	0.00000	0.00000	0.00000	0.00000
764	NoName	0.00000	1.00000	0.00000	0.00000	0.00000	0.00000
765	NoName	0.00000	1.00000	0.00000	0.00000	0.00000	0.00000
766	NoName	0.00000	1.00000	0.00000	0.00000	0.00000	0.00000
767	NoName	0.00000	1.00000	0.00000	0.00000	0.00000	0.00000
768	NoName	0.00000	0.99999	0.00000	0.00000	0.00000	0.00001
769	NoName	0.00000	0.99860	0.00000	0.00002	0.00000	0.00138
770	NoName	0.00000	0.99999	0.00000	0.00000	0.00000	0.00001
771	NoName	0.00000	0.99999	0.00000	0.00000	0.00000	0.00001
772	NoName	0.00000	1.00000	0.00000	0.00000	0.00000	0.00000
773	NoName	0.00000	0.99984	0.00000	0.00000	0.00000	0.00016
774	NoName	0.00000	0.98611	0.00000	0.00670	0.00000	0.00719
775	NoName	0.00000	1.00000	0.00000	0.00000	0.00000	0.00000
776	NoName	0.00000	1.00000	0.00000	0.00000	0.00000	0.00000
