999901_sweeps	1.000/0.000/0.000/0.000	0.000/0.000/0.000/1.000	0.000/0.500/0.500/0.000	0.250/0.250/0.250/0.250	0.500/0.250/0.250/0.000	0.000/0.250/0.250/0.500
1	0.00000	0.99982	0.00000	0.00000	0.00000	0.00018
2	0.00000	0.99983	0.00000	0.00000	0.00000	0.00017
3	0.00000	0.99983	0.00000	0.00000	0.00000	0.00017
4	0.00000	0.94497	0.00000	0.00290	0.00000	0.05213
5	0.00000	0.99996	0.00000	0.00000	0.00000	0.00004
6	0.00000	0.99911	0.00000	0.00000	0.00000	0.00089
7	0.00000	0.99816	0.00000	0.00000	0.00000	0.00184
8	0.00000	0.99234	0.00000	0.00000	0.00000	0.00766
9	0.00000	0.99990	0.00000	0.00000	0.00000	0.00010
10	0.00000	0.00000	0.00000	0.00242	0.99758	0.00000
11	0.99996	0.00000	0.00000	0.00000	0.00004	0.00000
12	0.00000	0.99546	0.00000	0.00002	0.00000	0.00452
13	0.00000	0.99986	0.00000	0.00000	0.00000	0.00014
14	0.00000	0.99977	0.00000	0.00000	0.00000	0.00023
15	0.00000	0.99983	0.00000	0.00000	0.00000	0.00017
16	0.00000	0.95801	0.00000	0.00290	0.00000	0.03909
17	0.99924	0.00000	0.00000	0.00000	0.00076	0.00000
18	0.89206	0.00000	0.00000	0.00848	0.09946	0.00000
19	0.00000	0.98402	0.00000	0.00025	0.00000	0.01573
20	0.99985	0.00000	0.00000	0.00000	0.00015	0.00000
21	0.00004	0.50214	0.00290	0.19865	0.00207	0.29420
22	0.00000	0.74951	0.00000	0.04601	0.00000	0.20447
23	0.99793	0.00000	0.00000	0.00000	0.00207	0.00000
24	1.00000	0.00000	0.00000	0.00000	0.00000	0.00000
25	0.99999	0.00000	0.00000	0.00000	0.00001	0.00000
26	0.00000	0.99997	0.00000	0.00000	0.00000	0.00003
27	0.00000	0.99993	0.00000	0.00000	0.00000	0.00007
28	0.00000	0.99663	0.00000	0.00000	0.00000	0.00337
29	0.00000	0.99998	0.00000	0.00000	0.00000	0.00002
30	0.99998	0.00000	0.00000	0.00000	0.00002	0.00000
31	1.00000	0.00000	0.00000	0.00000	0.00000	0.00000
32	0.00000	0.96853	0.00000	0.00088	0.00000	0.03058
33	0.99629	0.00000	0.00000	0.00001	0.00371	0.00000
34	0.00000	0.22240	0.00034	0.24174	0.00011	0.53541
35	0.00000	0.97635	0.00000	0.00055	0.00000	0.02310
36	0.00000	1.00000	0.00000	0.00000	0.00000	0.00000
37	0.99997	0.00000	0.00000	0.00000	0.00003	0.00000
38	0.99999	0.00000	0.00000	0.00000	0.00001	0.00000
39	0.00000	0.99991	0.00000	0.00000	0.00000	0.00009
40	0.00000	0.99969	0.00000	0.00000	0.00000	0.00031
41	0.00000	0.99996	0.00000	0.00000	0.00000	0.00004
42	0.00000	0.98807	0.00000	0.00000	0.00000	0.01193
43	0.00000	0.00000	0.00000	0.00040	0.99960	0.00000
44	0.00000	0.99997	0.00000	0.00000	0.00000	0.00003
45	0.99982	0.00000	0.00000	0.00000	0.00018	0.00000
46	0.00000	0.12705	0.00000	0.00006	0.00000	0.87289
47	0.00000	0.98588	0.00000	0.00000	0.00000	0.01412
48	0.99997	0.00000	0.00000	0.00000	0.00003	0.00000
49	0.99606	0.00000	0.00000	0.00000	0.00394	0.00000
50	0.00000	0.97589	0.00000	0.00058	0.00000	0.02353
51	0.00000	0.99997	0.00000	0.00000	0.00000	0.00003
52	0.00000	0.99958	0.00000	0.00000	0.00000	0.00042
53	0.90922	0.00000	0.00000	0.00098	0.08981	0.00000
54	0.00000	0.99996	0.00000	0.00000	0.00000	0.00004
55	0.00000	0.99999	0.00000	0.00000	0.00000	0.00001
56	0.95632	0.00000	0.00000	0.00236	0.04132	0.00000
57	0.00000	0.99999	0.00000	0.00000	0.00000	0.00001
58	0.00000	0.98721	0.00000	0.00000	0.00000	0.01279
59	0.00000	0.99991	0.00000	0.00000	0.00000	0.00009
60	0.00000	0.99968	0.00000	0.00000	0.00000	0.00032
61	0.00000	0.99981	0.00000	0.00000	0.00000	0.00019
62	0.00000	0.99995	0.00000	0.00000	0.00000	0.00005
63	0.00000	0.99988	0.00000	0.00000	0.00000	0.00012
64	0.00000	0.99969	0.00000	0.00000	0.00000	0.00031
65	0.00000	0.99827	0.00000	0.00000	0.00000	0.00173
66	0.99999	0.00000	0.00000	0.00000	0.00001	0.00000
67	0.00000	0.99995	0.00000	0.00000	0.00000	0.00005
68	0.00000	0.99986	0.00000	0.00000	0.00000	0.00014
69	0.00000	0.57562	0.00000	0.04299	0.00000	0.38138
70	0.00000	0.97624	0.00000	0.00039	0.00000	0.02337
71	0.00000	0.99999	0.00000	0.00000	0.00000	0.00001
72	0.00000	0.99998	0.00000	0.00000	0.00000	0.00002
73	0.00000	0.99970	0.00000	0.00000	0.00000	0.00030
74	0.00000	0.99992	0.00000	0.00000	0.00000	0.00008
75	0.00000	0.98722	0.00000	0.00001	0.00000	0.01277
76	0.00000	0.99981	0.00000	0.00000	0.00000	0.00019
77	0.99990	0.00000	0.00000	0.00000	0.00010	0.00000
78	0.99994	0.00000	0.00000	0.00000	0.00006	0.00000
79	0.99625	0.00000	0.00000	0.00000	0.00375	0.00000
80	0.00000	0.80911	0.00000	0.03266	0.00000	0.15824
81	0.00000	0.99837	0.00000	0.00000	0.00000	0.00163
82	0.29878	0.06089	0.13458	0.17451	0.22824	0.10300
83	0.99986	0.00000	0.00000	0.00000	0.00014	0.00000
84	0.00000	0.99969	0.00000	0.00000	0.00000	0.00031
85	0.99997	0.00000	0.00000	0.00000	0.00003	0.00000
86	1.00000	0.00000	0.00000	0.00000	0.00000	0.00000
87	0.00000	0.99996	0.00000	0.00000	0.00000	0.00004
88	0.99996	0.00000	0.00000	0.00000	0.00004	0.00000
89	0.00000	0.99957	0.00000	0.00000	0.00000	0.00043
90	0.00000	0.99999	0.00000	0.00000	0.00000	0.00001
91	0.94190	0.00000	0.00000	0.00084	0.05726	0.00000
92	0.00000	0.00000	0.00000	0.00038	0.00000	0.99962
93	0.00000	0.99990	0.00000	0.00000	0.00000	0.00010
94	0.97926	0.00000	0.00000	0.00029	0.02045	0.00000
95	0.00000	0.99994	0.00000	0.00000	0.00000	0.00006
96	0.00000	0.71702	0.00000	0.00042	0.00000	0.28256
97	0.99947	0.00000	0.00000	0.00000	0.00053	0.00000
98	0.00000	0.99981	0.00000	0.00000	0.00000	0.00019
99	0.15482	0.14998	0.15179	0.19713	0.17447	0.17181
100	0.00000	0.99990	0.00000	0.00000	0.00000	0.00010
101	0.00000	0.99710	0.00000	0.00000	0.00000	0.00290
102	0.00000	0.92691	0.00000	0.00228	0.00000	0.07081
103	0.00000	0.99997	0.00000	0.00000	0.00000	0.00003
104	0.00000	0.99992	0.00000	0.00000	0.00000	0.00008
105	0.00001	0.23090	0.00451	0.23101	0.00137	0.53220
106	0.00000	0.99997	0.00000	0.00000	0.00000	0.00003
107	0.00000	0.99998	0.00000	0.00000	0.00000	0.00002
108	0.99927	0.00000	0.00000	0.00000	0.00073	0.00000
109	0.00000	0.99993	0.00000	0.00000	0.00000	0.00007
110	0.00000	0.99999	0.00000	0.00000	0.00000	0.00001
111	0.00000	0.99991	0.00000	0.00000	0.00000	0.00009
112	0.99457	0.00000	0.00000	0.00000	0.00543	0.00000
113	0.89594	0.00000	0.00000	0.00011	0.10394	0.00000
114	0.00000	0.99983	0.00000	0.00000	0.00000	0.00017
115	0.00000	0.99996	0.00000	0.00000	0.00000	0.00004
116	0.48196	0.00000	0.00000	0.00009	0.51795	0.00000
117	0.00000	0.99995	0.00000	0.00000	0.00000	0.00005
118	1.00000	0.00000	0.00000	0.00000	0.00000	0.00000
119	0.99987	0.00000	0.00000	0.00000	0.00013	0.00000
120	0.00000	0.99996	0.00000	0.00000	0.00000	0.00004
121	0.00000	0.99903	0.00000	0.00000	0.00000	0.00097
122	0.00000	0.99997	0.00000	0.00000	0.00000	0.00003
123	0.06086	0.32295	0.13978	0.15537	0.09714	0.22389
124	0.00000	0.99993	0.00000	0.00000	0.00000	0.00007
125	0.00000	0.99860	0.00000	0.00000	0.00000	0.00140
126	0.00000	0.99974	0.00000	0.00000	0.00000	0.00026
127	0.00000	0.99972	0.00000	0.00000	0.00000	0.00028
128	0.00000	0.99982	0.00000	0.00000	0.00000	0.00018
129	0.00000	0.99357	0.00000	0.00003	0.00000	0.00640
130	0.00000	0.75849	0.00000	0.00006	0.00000	0.24145
131	0.99813	0.00000	0.00000	0.00000	0.00187	0.00000
132	0.00000	0.99994	0.00000	0.00000	0.00000	0.00006
133	0.00000	0.99990	0.00000	0.00000	0.00000	0.00010
134	0.00000	0.99996	0.00000	0.00000	0.00000	0.00004
135	0.00000	0.99999	0.00000	0.00000	0.00000	0.00001
136	0.00000	0.99990	0.00000	0.00000	0.00000	0.00010
137	0.00000	0.99994	0.00000	0.00000	0.00000	0.00006
138	0.99914	0.00000	0.00000	0.00000	0.00086	0.00000
139	0.99997	0.00000	0.00000	0.00000	0.00003	0.00000
140	0.99989	0.00000	0.00000	0.00000	0.00011	0.00000
141	0.08763	0.00000	0.00000	0.68071	0.23166	0.00000
142	0.99992	0.00000	0.00000	0.00000	0.00008	0.00000
143	0.00000	0.99860	0.00000	0.00000	0.00000	0.00140
144	0.99993	0.00000	0.00000	0.00000	0.00007	0.00000
145	0.99993	0.00000	0.00000	0.00000	0.00007	0.00000
146	0.99997	0.00000	0.00000	0.00000	0.00003	0.00000
147	0.99978	0.00000	0.00000	0.00000	0.00022	0.00000
148	0.99996	0.00000	0.00000	0.00000	0.00004	0.00000
149	0.99985	0.00000	0.00000	0.00000	0.00015	0.00000
150	0.99734	0.00000	0.00000	0.00000	0.00266	0.00000
151	0.00000	0.99914	0.00000	0.00000	0.00000	0.00086
152	0.20670	0.13200	0.16347	0.16571	0.18466	0.14746
153	0.00000	0.99865	0.00000	0.00000	0.00000	0.00135
154	0.00000	0.99984	0.00000	0.00000	0.00000	0.00016
155	0.00000	0.99892	0.00000	0.00000	0.00000	0.00108
156	0.00000	0.99995	0.00000	0.00000	0.00000	0.00005
157	0.00000	0.99958	0.00000	0.00000	0.00000	0.00042
158	0.00000	0.99990	0.00000	0.00000	0.00000	0.00010
159	0.00000	0.99914	0.00000	0.00000	0.00000	0.00086
160	0.00000	0.99832	0.00000	0.00000	0.00000	0.00168
161	0.00000	0.99996	0.00000	0.00000	0.00000	0.00004
162	0.99959	0.00000	0.00000	0.00000	0.00041	0.00000
163	0.00000	0.99987	0.00000	0.00000	0.00000	0.00013
164	0.00000	0.99968	0.00000	0.00000	0.00000	0.00032
165	0.00000	0.96805	0.00000	0.00082	0.00000	0.03113
166	0.99994	0.00000	0.00000	0.00000	0.00006	0.00000
167	0.99990	0.00000	0.00000	0.00000	0.00010	0.00000
168	0.99946	0.00000	0.00000	0.00000	0.00054	0.00000
169	0.00000	0.99994	0.00000	0.00000	0.00000	0.00006
170	0.00000	0.99962	0.00000	0.00000	0.00000	0.00038
171	0.00000	0.99896	0.00000	0.00000	0.00000	0.00104
172	0.00000	0.72910	0.00000	0.00072	0.00000	0.27018
173	0.99998	0.00000	0.00000	0.00000	0.00002	0.00000
174	0.00000	0.99968	0.00000	0.00000	0.00000	0.00032
175	0.00000	0.99995	0.00000	0.00000	0.00000	0.00005
176	0.00000	0.99998	0.00000	0.00000	0.00000	0.00002
177	0.00000	0.99996	0.00000	0.00000	0.00000	0.00004
178	0.99996	0.00000	0.00000	0.00000	0.00004	0.00000
179	0.99994	0.00000	0.00000	0.00000	0.00006	0.00000
180	0.00000	0.99998	0.00000	0.00000	0.00000	0.00002
181	0.00000	0.99991	0.00000	0.00000	0.00000	0.00009
182	0.99482	0.00000	0.00000	0.00002	0.00516	0.00000
183	0.00000	0.99954	0.00000	0.00000	0.00000	0.00046
184	0.00000	0.99999	0.00000	0.00000	0.00000	0.00001
185	0.00000	0.99460	0.00000	0.00000	0.00000	0.00540
186	0.99768	0.00000	0.00000	0.00000	0.00232	0.00000
187	0.00000	0.99991	0.00000	0.00000	0.00000	0.00009
188	0.00000	0.97677	0.00000	0.00000	0.00000	0.02323
189	0.00000	0.99995	0.00000	0.00000	0.00000	0.00005
190	0.00000	0.99407	0.00000	0.00003	0.00000	0.00591
191	0.99998	0.00000	0.00000	0.00000	0.00002	0.00000
192	0.99965	0.00000	0.00000	0.00000	0.00035	0.00000
193	0.98536	0.00000	0.00000	0.00000	0.01463	0.00000
194	0.00000	0.97278	0.00000	0.00000	0.00000	0.02721
195	0.00000	0.99974	0.00000	0.00000	0.00000	0.00026
196	0.00000	0.99997	0.00000	0.00000	0.00000	0.00003
197	0.00000	0.99831	0.00000	0.00000	0.00000	0.00168
198	0.00000	0.99988	0.00000	0.00000	0.00000	0.00012
199	0.00000	0.99948	0.00000	0.00000	0.00000	0.00052
200	0.00000	0.00000	0.99968	0.00025	0.00001	0.00005
201	0.00000	0.99849	0.00000	0.00000	0.00000	0.00151
202	0.00000	0.99975	0.00000	0.00000	0.00000	0.00025
203	0.00000	0.79258	0.00004	0.03680	0.00001	0.17058
204	0.00000	0.99877	0.00000	0.00000	0.00000	0.00123
205	0.00000	0.99998	0.00000	0.00000	0.00000	0.00002
206	0.00000	0.99899	0.00000	0.00000	0.00000	0.00101
207	0.00000	0.99997	0.00000	0.00000	0.00000	0.00003
208	0.00000	0.99998	0.00000	0.00000	0.00000	0.00002
209	0.00000	0.99973	0.00000	0.00000	0.00000	0.00027
210	0.00000	0.99980	0.00000	0.00000	0.00000	0.00020
211	0.00000	0.32650	0.00000	0.00022	0.00000	0.67328
212	0.00000	0.99996	0.00000	0.00000	0.00000	0.00004
213	0.99997	0.00000	0.00000	0.00000	0.00003	0.00000
214	0.99804	0.00000	0.00000	0.00000	0.00196	0.00000
215	0.00000	0.99995	0.00000	0.00000	0.00000	0.00005
216	0.00000	0.99980	0.00000	0.00000	0.00000	0.00020
217	0.00000	0.99997	0.00000	0.00000	0.00000	0.00003
218	0.00000	0.99997	0.00000	0.00000	0.00000	0.00003
219	0.00000	0.99995	0.00000	0.00000	0.00000	0.00005
220	0.01925	0.43254	0.09034	0.14998	0.05347	0.25442
221	0.00000	0.99994	0.00000	0.00000	0.00000	0.00006
222	0.00000	0.99937	0.00000	0.00000	0.00000	0.00063
223	0.00000	0.99859	0.00000	0.00000	0.00000	0.00140
224	0.00000	0.99961	0.00000	0.00000	0.00000	0.00039
225	0.00000	0.99997	0.00000	0.00000	0.00000	0.00003
226	0.99998	0.00000	0.00000	0.00000	0.00002	0.00000
227	0.00000	0.99998	0.00000	0.00000	0.00000	0.00002
228	0.00000	0.99703	0.00000	0.00001	0.00000	0.00296
229	0.67538	0.00000	0.00415	0.06998	0.24967	0.00081
230	0.00000	0.99996	0.00000	0.00000	0.00000	0.00004
231	0.00000	0.99996	0.00000	0.00000	0.00000	0.00004
232	0.00000	0.99079	0.00000	0.00008	0.00000	0.00912
233	0.99998	0.00000	0.00000	0.00000	0.00002	0.00000
234	0.00000	0.99881	0.00000	0.00000	0.00000	0.00118
235	0.00000	0.93440	0.00000	0.00000	0.00000	0.06560
236	0.00000	0.99994	0.00000	0.00000	0.00000	0.00006
237	0.00000	0.99987	0.00000	0.00000	0.00000	0.00013
238	0.00000	0.99991	0.00000	0.00000	0.00000	0.00009
239	0.99995	0.00000	0.00000	0.00000	0.00005	0.00000
240	0.99982	0.00000	0.00000	0.00000	0.00018	0.00000
241	0.99993	0.00000	0.00000	0.00000	0.00007	0.00000
242	0.99972	0.00000	0.00000	0.00000	0.00028	0.00000
243	0.00000	0.99887	0.00000	0.00000	0.00000	0.00113
244	0.99993	0.00000	0.00000	0.00000	0.00007	0.00000
245	0.99661	0.00000	0.00000	0.00000	0.00339	0.00000
246	0.00000	0.99990	0.00000	0.00000	0.00000	0.00010
247	0.00000	0.99980	0.00000	0.00000	0.00000	0.00020
248	0.00000	0.99988	0.00000	0.00000	0.00000	0.00012
249	0.00000	0.99947	0.00000	0.00000	0.00000	0.00053
250	0.00000	0.99996	0.00000	0.00000	0.00000	0.00004
251	0.00000	0.99987	0.00000	0.00000	0.00000	0.00013
252	0.00000	0.99998	0.00000	0.00000	0.00000	0.00002
253	0.00000	1.00000	0.00000	0.00000	0.00000	0.00000
254	0.00000	0.99989	0.00000	0.00000	0.00000	0.00011
255	0.00000	0.99990	0.00000	0.00000	0.00000	0.00010
256	0.00000	0.99834	0.00000	0.00000	0.00000	0.00166
257	0.00000	0.99994	0.00000	0.00000	0.00000	0.00006
258	0.00000	0.99999	0.00000	0.00000	0.00000	0.00001
259	0.00000	0.99931	0.00000	0.00000	0.00000	0.00069
260	0.00000	0.03283	0.00000	0.03602	0.00000	0.93116
261	0.00000	0.99997	0.00000	0.00000	0.00000	0.00003
262	0.00000	0.99902	0.00000	0.00000	0.00000	0.00098
263	0.00000	0.99999	0.00000	0.00000	0.00000	0.00001
264	0.00000	0.99994	0.00000	0.00000	0.00000	0.00006
265	0.00090	0.01041	0.00213	0.88190	0.02356	0.08111
266	0.00000	0.99934	0.00000	0.00000	0.00000	0.00066
267	0.00000	0.99987	0.00000	0.00000	0.00000	0.00013
268	0.00000	0.99996	0.00000	0.00000	0.00000	0.00004
269	0.00000	0.99993	0.00000	0.00000	0.00000	0.00007
270	0.00000	0.99971	0.00000	0.00000	0.00000	0.00029
271	0.00000	0.99990	0.00000	0.00000	0.00000	0.00010
272	0.00000	0.99979	0.00000	0.00000	0.00000	0.00021
273	0.00000	0.99987	0.00000	0.00000	0.00000	0.00013
274	0.00000	0.99971	0.00000	0.00000	0.00000	0.00029
275	0.00000	0.99996	0.00000	0.00000	0.00000	0.00004
276	0.00000	0.99977	0.00000	0.00000	0.00000	0.00023
277	0.00000	0.99925	0.00000	0.00000	0.00000	0.00075
278	0.00000	0.99990	0.00000	0.00000	0.00000	0.00010
279	0.00000	0.99999	0.00000	0.00000	0.00000	0.00001
280	0.00000	0.99989	0.00000	0.00000	0.00000	0.00011
281	0.00000	0.99688	0.00000	0.00000	0.00000	0.00312
282	0.00000	0.99998	0.00000	0.00000	0.00000	0.00002
283	0.99984	0.00000	0.00000	0.00000	0.00016	0.00000
284	0.00000	0.98385	0.00000	0.00026	0.00000	0.01589
285	0.00000	0.99992	0.00000	0.00000	0.00000	0.00008
286	0.00000	0.99993	0.00000	0.00000	0.00000	0.00007
287	0.00000	0.99998	0.00000	0.00000	0.00000	0.00002
288	0.00000	0.99998	0.00000	0.00000	0.00000	0.00002
289	0.00000	0.99902	0.00000	0.00000	0.00000	0.00098
290	0.00000	0.99998	0.00000	0.00000	0.00000	0.00002
291	0.00000	0.99996	0.00000	0.00000	0.00000	0.00004
292	0.00000	0.99906	0.00000	0.00000	0.00000	0.00094
293	0.00000	0.99892	0.00000	0.00000	0.00000	0.00107
294	0.00000	0.99963	0.00000	0.00000	0.00000	0.00037
295	0.00000	0.99975	0.00000	0.00000	0.00000	0.00025
296	0.99997	0.00000	0.00000	0.00000	0.00003	0.00000
297	0.00000	0.99174	0.00000	0.00000	0.00000	0.00825
298	0.00000	0.93304	0.00000	0.00424	0.00000	0.06272
299	0.99994	0.00000	0.00000	0.00000	0.00006	0.00000
300	0.00000	0.99904	0.00000	0.00000	0.00000	0.00096
301	0.00000	0.99998	0.00000	0.00000	0.00000	0.00002
302	0.00000	0.99989	0.00000	0.00000	0.00000	0.00011
303	0.00000	0.99992	0.00000	0.00000	0.00000	0.00008
304	0.00000	0.99999	0.00000	0.00000	0.00000	0.00001
305	0.00000	0.99998	0.00000	0.00000	0.00000	0.00002
306	0.00000	0.99298	0.00000	0.00003	0.00000	0.00700
307	0.00000	0.99996	0.00000	0.00000	0.00000	0.00004
308	0.00000	0.99998	0.00000	0.00000	0.00000	0.00002
309	0.00000	0.99888	0.00000	0.00000	0.00000	0.00112
310	0.00000	0.99993	0.00000	0.00000	0.00000	0.00007
311	0.00000	0.97752	0.00000	0.00050	0.00000	0.02198
312	0.00000	0.99990	0.00000	0.00000	0.00000	0.00010
313	0.00000	1.00000	0.00000	0.00000	0.00000	0.00000
314	0.00000	0.99841	0.00000	0.00000	0.00000	0.00159
315	0.00000	0.99988	0.00000	0.00000	0.00000	0.00012
316	0.00000	0.99976	0.00000	0.00000	0.00000	0.00024
317	0.00000	0.99999	0.00000	0.00000	0.00000	0.00001
318	0.00000	0.99988	0.00000	0.00000	0.00000	0.00012
319	0.00000	0.00494	0.00000	0.00275	0.00000	0.99231
320	0.00000	0.99588	0.00000	0.00000	0.00000	0.00412
321	0.00000	0.99962	0.00000	0.00000	0.00000	0.00038
322	0.00000	0.99999	0.00000	0.00000	0.00000	0.00001
323	0.00000	0.99697	0.00000	0.00000	0.00000	0.00302
324	0.00000	1.00000	0.00000	0.00000	0.00000	0.00000
325	0.00000	0.99881	0.00000	0.00000	0.00000	0.00119
326	0.00000	0.98305	0.00000	0.00027	0.00000	0.01669
327	0.00000	0.99955	0.00000	0.00000	0.00000	0.00045
328	0.00000	0.99992	0.00000	0.00000	0.00000	0.00008
329	0.00000	0.99955	0.00000	0.00000	0.00000	0.00045
330	0.00000	0.97371	0.00000	0.00068	0.00000	0.02561
331	0.00000	0.99992	0.00000	0.00000	0.00000	0.00008
332	0.00000	0.99998	0.00000	0.00000	0.00000	0.00002
333	0.00000	0.99977	0.00000	0.00000	0.00000	0.00023
334	0.00000	0.98781	0.00000	0.00000	0.00000	0.01219
335	0.00000	0.99997	0.00000	0.00000	0.00000	0.00003
336	0.00000	0.64245	0.00074	0.10143	0.00029	0.25508
337	0.00000	0.99950	0.00000	0.00000	0.00000	0.00050
338	0.00000	0.99974	0.00000	0.00000	0.00000	0.00026
339	0.00000	0.99998	0.00000	0.00000	0.00000	0.00002
340	0.00000	0.00000	0.99923	0.00034	0.00043	0.00000
341	0.00000	0.99983	0.00000	0.00000	0.00000	0.00017
342	0.00000	0.99921	0.00000	0.00000	0.00000	0.00079
343	0.00000	0.00000	0.00000	0.00024	0.00000	0.99976
344	0.00000	0.99991	0.00000	0.00000	0.00000	0.00009
345	0.00000	0.99990	0.00000	0.00000	0.00000	0.00010
346	0.00000	0.87632	0.00000	0.01146	0.00000	0.11222
347	0.00000	0.00000	0.00000	0.00585	0.00000	0.99415
348	0.00000	0.99939	0.00000	0.00000	0.00000	0.00061
349	0.00000	0.99987	0.00000	0.00000	0.00000	0.00013
350	0.00000	0.99999	0.00000	0.00000	0.00000	0.00001
351	0.00000	0.98108	0.00000	0.00020	0.00000	0.01872
352	0.00000	0.99975	0.00000	0.00000	0.00000	0.00025
353	0.00000	0.99322	0.00000	0.00005	0.00000	0.00673
354	0.00001	0.64090	0.00224	0.10131	0.00090	0.25465
355	0.99991	0.00000	0.00000	0.00000	0.00009	0.00000
356	0.00000	0.99991	0.00000	0.00000	0.00000	0.00009
357	0.00000	0.99470	0.00000	0.00001	0.00000	0.00529
358	0.18703	0.14755	0.16605	0.16635	0.17637	0.15665
359	0.00000	0.99994	0.00000	0.00000	0.00000	0.00006
360	0.00000	0.99960	0.00000	0.00000	0.00000	0.00040
361	0.99979	0.00000	0.00000	0.00000	0.00021	0.00000
362	0.99371	0.00000	0.00000	0.00000	0.00629	0.00000
363	0.00000	0.99793	0.00000	0.00000	0.00000	0.00207
364	0.00000	0.99947	0.00000	0.00000	0.00000	0.00053
365	0.00000	0.99924	0.00000	0.00000	0.00000	0.00076
366	0.00000	0.99993	0.00000	0.00000	0.00000	0.00007
367	0.00000	0.99984	0.00000	0.00000	0.00000	0.00016
368	0.99953	0.00000	0.00000	0.00000	0.00047	0.00000
369	0.00000	0.99998	0.00000	0.00000	0.00000	0.00002
370	0.00000	0.99996	0.00000	0.00000	0.00000	0.00004
371	0.00000	0.98827	0.00000	0.00000	0.00000	0.01172
372	0.00000	0.99999	0.00000	0.00000	0.00000	0.00001
373	0.00000	0.95887	0.00000	0.00164	0.00000	0.03949
374	0.99973	0.00000	0.00000	0.00000	0.00027	0.00000
375	0.00000	0.91111	0.00000	0.00064	0.00000	0.08825
376	0.07662	0.28146	0.14656	0.16629	0.11278	0.21629
377	0.99973	0.00000	0.00000	0.00000	0.00027	0.00000
378	0.98761	0.00000	0.00000	0.00005	0.01234	0.00000
379	0.00000	0.99993	0.00000	0.00000	0.00000	0.00007
380	0.00000	0.99995	0.00000	0.00000	0.00000	0.00005
381	0.00000	0.99977	0.00000	0.00000	0.00000	0.00023
382	0.99922	0.00000	0.00000	0.00000	0.00078	0.00000
383	0.00000	0.99990	0.00000	0.00000	0.00000	0.00010
384	0.00000	0.99980	0.00000	0.00000	0.00000	0.00020
385	0.00000	0.99992	0.00000	0.00000	0.00000	0.00008
386	0.00000	0.99999	0.00000	0.00000	0.00000	0.00001
387	0.98527	0.00000	0.00000	0.00016	0.01456	0.00000
388	0.00000	0.92455	0.00000	0.00003	0.00000	0.07542
389	0.00000	0.99984	0.00000	0.00000	0.00000	0.00016
390	0.00000	0.99998	0.00000	0.00000	0.00000	0.00002
391	0.00000	0.87000	0.00000	0.01522	0.00000	0.11478
392	0.00000	0.97521	0.00000	0.00130	0.00000	0.02349
393	0.00000	0.99964	0.00000	0.00000	0.00000	0.00036
394	0.00000	0.99999	0.00000	0.00000	0.00000	0.00001
395	0.00000	0.99996	0.00000	0.00000	0.00000	0.00004
396	0.00000	0.99989	0.00000	0.00000	0.00000	0.00011
397	0.00000	0.99991	0.00000	0.00000	0.00000	0.00009
398	0.14374	0.02920	0.24354	0.20749	0.19771	0.17831
399	0.00000	0.99998	0.00000	0.00000	0.00000	0.00002
400	0.00000	0.99968	0.00000	0.00000	0.00000	0.00032
401	0.01782	0.42371	0.08601	0.15962	0.05307	0.25976
402	0.00000	0.99992	0.00000	0.00000	0.00000	0.00008
403	0.00000	0.99983	0.00000	0.00000	0.00000	0.00017
404	0.00000	0.99537	0.00000	0.00002	0.00000	0.00461
405	0.00000	0.99845	0.00000	0.00000	0.00000	0.00155
406	0.00000	0.99820	0.00000	0.00000	0.00000	0.00180
407	0.00000	0.99995	0.00000	0.00000	0.00000	0.00005
408	0.00000	0.99997	0.00000	0.00000	0.00000	0.00003
409	0.00000	0.99994	0.00000	0.00000	0.00000	0.00006
410	0.00000	0.99994	0.00000	0.00000	0.00000	0.00006
411	0.99999	0.00000	0.00000	0.00000	0.00001	0.00000
412	0.00000	0.99987	0.00000	0.00000	0.00000	0.00013
413	0.00000	0.99987	0.00000	0.00000	0.00000	0.00013
414	0.00000	0.99999	0.00000	0.00000	0.00000	0.00001
415	0.00000	0.97833	0.00000	0.00048	0.00000	0.02119
416	0.00000	0.99949	0.00000	0.00000	0.00000	0.00051
417	0.00000	0.99996	0.00000	0.00000	0.00000	0.00004
418	0.00000	0.99990	0.00000	0.00000	0.00000	0.00010
419	0.00000	0.99992	0.00000	0.00000	0.00000	0.00008
420	0.00000	0.99996	0.00000	0.00000	0.00000	0.00004
421	0.00000	0.99994	0.00000	0.00000	0.00000	0.00006
422	0.00000	0.71291	0.00021	0.07433	0.00008	0.21248
423	0.00000	0.95128	0.00000	0.00202	0.00000	0.04670
424	0.00000	0.99964	0.00000	0.00000	0.00000	0.00036
425	0.00000	0.99998	0.00000	0.00000	0.00000	0.00002
426	0.00000	0.99998	0.00000	0.00000	0.00000	0.00002
427	0.00000	1.00000	0.00000	0.00000	0.00000	0.00000
428	0.00000	0.99967	0.00000	0.00000	0.00000	0.00033
429	0.00000	0.99912	0.00000	0.00000	0.00000	0.00088
430	0.00000	0.99992	0.00000	0.00000	0.00000	0.00008
431	0.00000	0.99993	0.00000	0.00000	0.00000	0.00007
432	0.00000	0.99921	0.00000	0.00000	0.00000	0.00079
433	0.00000	0.99850	0.00000	0.00000	0.00000	0.00150
434	0.00000	0.99663	0.00000	0.00001	0.00000	0.00336
435	0.00000	0.99991	0.00000	0.00000	0.00000	0.00009
436	0.99993	0.00000	0.00000	0.00000	0.00007	0.00000
437	0.00000	0.99982	0.00000	0.00000	0.00000	0.00018
438	0.00000	0.99990	0.00000	0.00000	0.00000	0.00010
439	0.00000	0.99998	0.00000	0.00000	0.00000	0.00002
440	0.00000	0.99379	0.00000	0.00001	0.00000	0.00620
441	0.00000	0.99995	0.00000	0.00000	0.00000	0.00005
442	0.00000	0.99989	0.00000	0.00000	0.00000	0.00011
443	0.00000	0.99978	0.00000	0.00000	0.00000	0.00022
444	0.00000	0.99997	0.00000	0.00000	0.00000	0.00003
445	0.00000	0.99004	0.00000	0.00000	0.00000	0.00996
446	0.00000	0.99976	0.00000	0.00000	0.00000	0.00024
447	0.00000	0.98183	0.00000	0.00001	0.00000	0.01817
448	0.00000	0.99994	0.00000	0.00000	0.00000	0.00006
449	0.00000	0.99993	0.00000	0.00000	0.00000	0.00007
450	0.00000	0.99996	0.00000	0.00000	0.00000	0.00004
451	0.00000	0.99999	0.00000	0.00000	0.00000	0.00001
452	0.00000	0.72217	0.00000	0.01738	0.00000	0.26045
453	0.00000	0.99755	0.00000	0.00000	0.00000	0.00245
454	0.00000	0.99999	0.00000	0.00000	0.00000	0.00001
455	0.00000	0.95861	0.00000	0.00147	0.00000	0.03991
456	0.00000	0.99820	0.00000	0.00000	0.00000	0.00180
457	0.00000	0.99980	0.00000	0.00000	0.00000	0.00020
458	0.00000	0.99998	0.00000	0.00000	0.00000	0.00002
459	0.00000	0.99998	0.00000	0.00000	0.00000	0.00002
460	0.99973	0.00000	0.00000	0.00000	0.00027	0.00000
461	0.00000	0.99591	0.00000	0.00000	0.00000	0.00409
462	0.00000	0.99941	0.00000	0.00000	0.00000	0.00059
463	0.01152	0.50357	0.04258	0.14649	0.02711	0.26872
464	0.99986	0.00000	0.00000	0.00000	0.00014	0.00000
465	0.00000	0.99987	0.00000	0.00000	0.00000	0.00013
466	0.00000	0.99999	0.00000	0.00000	0.00000	0.00001
467	0.00002	0.73172	0.00160	0.05919	0.00051	0.20695
468	0.00000	0.99990	0.00000	0.00000	0.00000	0.00010
469	0.00000	0.99999	0.00000	0.00000	0.00000	0.00001
470	0.00000	0.99943	0.00000	0.00000	0.00000	0.00057
471	0.00000	0.99998	0.00000	0.00000	0.00000	0.00002
472	0.00000	0.99980	0.00000	0.00000	0.00000	0.00020
473	0.00000	0.99818	0.00000	0.00000	0.00000	0.00182
474	0.38250	0.03984	0.12329	0.14401	0.23464	0.07571
475	0.00000	0.99999	0.00000	0.00000	0.00000	0.00001
476	0.00000	1.00000	0.00000	0.00000	0.00000	0.00000
477	0.00000	0.99992	0.00000	0.00000	0.00000	0.00008
478	0.00000	0.99999	0.00000	0.00000	0.00000	0.00001
479	0.00000	0.99640	0.00000	0.00001	0.00000	0.00359
480	0.00000	0.99994	0.00000	0.00000	0.00000	0.00006
481	0.00000	0.99982	0.00000	0.00000	0.00000	0.00018
482	0.00000	0.99923	0.00000	0.00000	0.00000	0.00077
483	0.00000	0.99995	0.00000	0.00000	0.00000	0.00005
484	0.00000	0.99959	0.00000	0.00000	0.00000	0.00041
485	0.00000	0.99999	0.00000	0.00000	0.00000	0.00001
486	0.00000	0.99980	0.00000	0.00000	0.00000	0.00020
487	0.00000	0.99994	0.00000	0.00000	0.00000	0.00006
488	0.00000	0.99995	0.00000	0.00000	0.00000	0.00005
489	0.00000	0.99995	0.00000	0.00000	0.00000	0.00005
490	0.00000	0.99987	0.00000	0.00000	0.00000	0.00013
491	0.00000	0.99991	0.00000	0.00000	0.00000	0.00009
492	0.00000	0.99796	0.00000	0.00000	0.00000	0.00203
493	0.00000	0.99992	0.00000	0.00000	0.00000	0.00008
494	0.00000	0.60846	0.00020	0.12067	0.00009	0.27059
495	0.00000	0.99999	0.00000	0.00000	0.00000	0.00001
496	0.00000	0.99993	0.00000	0.00000	0.00000	0.00007
497	0.00000	0.99999	0.00000	0.00000	0.00000	0.00001
498	0.00000	0.99981	0.00000	0.00000	0.00000	0.00019
499	0.00000	0.99999	0.00000	0.00000	0.00000	0.00001
500	0.02792	0.23846	0.16610	0.21129	0.12042	0.23582
501	0.00000	0.99992	0.00000	0.00000	0.00000	0.00008
502	0.00031	0.66838	0.01270	0.08180	0.00463	0.23218
503	0.00000	0.99998	0.00000	0.00000	0.00000	0.00002
504	0.00000	0.99992	0.00000	0.00000	0.00000	0.00008
505	0.00000	0.99961	0.00000	0.00000	0.00000	0.00039
506	0.99490	0.00000	0.00000	0.00001	0.00509	0.00000
507	0.99974	0.00000	0.00000	0.00000	0.00026	0.00000
508	0.00000	0.99967	0.00000	0.00000	0.00000	0.00033
509	0.00000	0.99304	0.00000	0.00001	0.00000	0.00695
510	0.00000	0.99996	0.00000	0.00000	0.00000	0.00004
511	0.00000	1.00000	0.00000	0.00000	0.00000	0.00000
512	0.00000	1.00000	0.00000	0.00000	0.00000	0.00000
513	0.00019	0.00000	0.00000	0.00400	0.99581	0.00000
514	0.00000	0.99918	0.00000	0.00000	0.00000	0.00082
515	0.99997	0.00000	0.00000	0.00000	0.00003	0.00000
516	0.00000	0.98573	0.00000	0.00021	0.00000	0.01406
517	0.00000	0.99989	0.00000	0.00000	0.00000	0.00011
518	0.99988	0.00000	0.00000	0.00000	0.00012	0.00000
519	0.00000	0.99994	0.00000	0.00000	0.00000	0.00006
520	0.00000	0.99999	0.00000	0.00000	0.00000	0.00001
521	0.00000	0.99999	0.00000	0.00000	0.00000	0.00001
522	0.00000	0.99998	0.00000	0.00000	0.00000	0.00002
523	0.00000	0.99996	0.00000	0.00000	0.00000	0.00004
524	0.00000	0.99997	0.00000	0.00000	0.00000	0.00003
525	0.00000	0.99996	0.00000	0.00000	0.00000	0.00004
526	0.00000	0.99958	0.00000	0.00000	0.00000	0.00042
527	0.00000	0.99991	0.00000	0.00000	0.00000	0.00009
528	0.00000	0.94807	0.00001	0.00286	0.00000	0.04907
529	0.00016	0.65876	0.00865	0.08827	0.00322	0.24094
530	0.00000	0.99769	0.00000	0.00000	0.00000	0.00231
531	0.00000	0.99999	0.00000	0.00000	0.00000	0.00001
532	0.00000	0.99997	0.00000	0.00000	0.00000	0.00003
533	0.99985	0.00000	0.00000	0.00000	0.00015	0.00000
534	0.00000	0.99958	0.00000	0.00000	0.00000	0.00042
535	0.00000	1.00000	0.00000	0.00000	0.00000	0.00000
536	0.00000	0.99975	0.00000	0.00000	0.00000	0.00025
537	0.99995	0.00000	0.00000	0.00000	0.00005	0.00000
538	0.00000	0.96956	0.00000	0.00091	0.00000	0.02953
539	0.00000	0.99998	0.00000	0.00000	0.00000	0.00002
540	0.98297	0.00000	0.00000	0.00010	0.01693	0.00000
541	1.00000	0.00000	0.00000	0.00000	0.00000	0.00000
542	0.99956	0.00000	0.00000	0.00000	0.00044	0.00000
543	0.00000	0.99963	0.00000	0.00000	0.00000	0.00037
544	0.00000	0.99994	0.00000	0.00000	0.00000	0.00006
545	0.00000	0.99998	0.00000	0.00000	0.00000	0.00002
546	0.00000	0.99993	0.00000	0.00000	0.00000	0.00007
547	0.00000	0.99983	0.00000	0.00000	0.00000	0.00017
548	0.81163	0.00000	0.00000	0.02461	0.16377	0.00000
549	0.00000	0.99998	0.00000	0.00000	0.00000	0.00002
550	0.00000	0.99971	0.00000	0.00000	0.00000	0.00029
551	0.99987	0.00000	0.00000	0.00000	0.00013	0.00000
552	0.00000	0.99998	0.00000	0.00000	0.00000	0.00002
553	0.00000	0.99993	0.00000	0.00000	0.00000	0.00007
554	0.00000	0.99996	0.00000	0.00000	0.00000	0.00004
555	0.00000	0.99991	0.00000	0.00000	0.00000	0.00009
556	0.00000	0.00000	0.99937	0.00024	0.00000	0.00039
557	0.00000	0.99967	0.00000	0.00000	0.00000	0.00033
558	0.00000	0.99994	0.00000	0.00000	0.00000	0.00006
559	0.99999	0.00000	0.00000	0.00000	0.00001	0.00000
560	0.99994	0.00000	0.00000	0.00000	0.00006	0.00000
561	0.99997	0.00000	0.00000	0.00000	0.00003	0.00000
562	0.99982	0.00000	0.00000	0.00000	0.00018	0.00000
563	0.00000	0.99997	0.00000	0.00000	0.00000	0.00003
564	0.00000	0.99996	0.00000	0.00000	0.00000	0.00004
565	0.99999	0.00000	0.00000	0.00000	0.00001	0.00000
566	0.00000	0.99988	0.00000	0.00000	0.00000	0.00012
567	0.08070	0.27275	0.14806	0.16808	0.11636	0.21406
568	0.99996	0.00000	0.00000	0.00000	0.00004	0.00000
569	0.00000	0.99981	0.00000	0.00000	0.00000	0.00019
570	0.00000	0.99961	0.00000	0.00000	0.00000	0.00039
571	0.00000	0.99988	0.00000	0.00000	0.00000	0.00012
572	0.00000	0.98247	0.00000	0.00000	0.00000	0.01753
573	0.00000	0.99945	0.00000	0.00000	0.00000	0.00055
574	0.00000	0.99993	0.00000	0.00000	0.00000	0.00007
575	0.00000	0.00000	0.00002	0.02100	0.97898	0.00000
576	0.00000	0.99950	0.00000	0.00000	0.00000	0.00050
577	0.99992	0.00000	0.00000	0.00000	0.00008	0.00000
578	0.00000	0.99998	0.00000	0.00000	0.00000	0.00002
579	0.00000	0.99738	0.00000	0.00000	0.00000	0.00262
580	0.00000	0.98092	0.00000	0.00036	0.00000	0.01872
581	0.00000	0.93629	0.00000	0.00112	0.00000	0.06260
582	0.00000	0.99985	0.00000	0.00000	0.00000	0.00015
583	0.00000	0.90955	0.00000	0.00758	0.00000	0.08286
584	0.00000	0.99976	0.00000	0.00000	0.00000	0.00024
585	0.00000	0.96825	0.00000	0.00000	0.00000	0.03175
586	0.00000	0.99998	0.00000	0.00000	0.00000	0.00002
587	0.00000	0.99994	0.00000	0.00000	0.00000	0.00006
588	0.00000	1.00000	0.00000	0.00000	0.00000	0.00000
589	0.00000	0.99992	0.00000	0.00000	0.00000	0.00008
590	0.00000	0.99997	0.00000	0.00000	0.00000	0.00003
591	0.00000	0.97787	0.00000	0.00048	0.00000	0.02164
592	0.00000	0.97514	0.00000	0.00064	0.00000	0.02421
593	0.00000	0.99925	0.00000	0.00000	0.00000	0.00075
594	0.00000	0.99994	0.00000	0.00000	0.00000	0.00006
595	0.00000	0.99998	0.00000	0.00000	0.00000	0.00002
596	0.00000	0.00000	0.00000	0.95899	0.00001	0.04100
597	0.00000	0.99999	0.00000	0.00000	0.00000	0.00001
598	0.00000	0.95520	0.00000	0.00182	0.00000	0.04297
599	0.00000	0.75865	0.00000	0.02631	0.00000	0.21504
600	0.00000	0.99996	0.00000	0.00000	0.00000	0.00004
601	0.00000	0.75468	0.00018	0.04626	0.00003	0.19884
602	0.99232	0.00000	0.00000	0.00001	0.00768	0.00000
603	0.95544	0.00000	0.00000	0.00084	0.04371	0.00000
604	0.00000	0.99983	0.00000	0.00000	0.00000	0.00017
605	0.00000	0.95745	0.00000	0.00145	0.00000	0.04110
606	0.00000	0.99992	0.00000	0.00000	0.00000	0.00008
607	0.00000	0.99999	0.00000	0.00000	0.00000	0.00001
608	0.00000	0.99217	0.00000	0.00002	0.00000	0.00780
609	0.00000	0.99547	0.00000	0.00000	0.00000	0.00453
610	0.10106	0.00000	0.00000	0.09470	0.80424	0.00000
611	0.00000	0.99999	0.00000	0.00000	0.00000	0.00001
612	0.00000	0.99996	0.00000	0.00000	0.00000	0.00004
613	0.00000	0.99998	0.00000	0.00000	0.00000	0.00002
614	0.00000	0.96160	0.00000	0.00124	0.00000	0.03716
615	0.00000	1.00000	0.00000	0.00000	0.00000	0.00000
616	0.00000	0.99983	0.00000	0.00000	0.00000	0.00017
617	0.00000	0.99996	0.00000	0.00000	0.00000	0.00004
618	0.00000	1.00000	0.00000	0.00000	0.00000	0.00000
619	0.00000	0.99933	0.00000	0.00000	0.00000	0.00067
620	0.00000	0.99992	0.00000	0.00000	0.00000	0.00008
621	0.00000	0.99990	0.00000	0.00000	0.00000	0.00010
622	0.00000	0.98736	0.00000	0.00015	0.00000	0.01248
623	0.00000	0.99998	0.00000	0.00000	0.00000	0.00002
624	0.00000	0.51142	0.00000	0.00023	0.00000	0.48835
625	0.00000	0.99999	0.00000	0.00000	0.00000	0.00001
626	0.01161	0.49963	0.07552	0.12527	0.03797	0.24999
627	0.00000	0.99967	0.00000	0.00000	0.00000	0.00033
628	0.00000	0.99981	0.00000	0.00000	0.00000	0.00019
629	0.00000	0.99985	0.00000	0.00000	0.00000	0.00015
630	0.00000	0.99998	0.00000	0.00000	0.00000	0.00002
631	0.00000	0.99999	0.00000	0.00000	0.00000	0.00001
632	0.99779	0.00000	0.00000	0.00000	0.00221	0.00000
633	0.00000	0.99954	0.00000	0.00000	0.00000	0.00046
634	0.00000	0.99995	0.00000	0.00000	0.00000	0.00005
635	0.00000	0.97460	0.00000	0.00012	0.00000	0.02529
636	0.00000	0.06418	0.00000	0.74177	0.00000	0.19405
637	0.00000	0.99860	0.00000	0.00000	0.00000	0.00140
638	0.00000	0.99996	0.00000	0.00000	0.00000	0.00004
639	0.00000	0.99998	0.00000	0.00000	0.00000	0.00002
640	0.00000	0.99970	0.00000	0.00000	0.00000	0.00030
641	0.00000	0.99997	0.00000	0.00000	0.00000	0.00003
642	0.00000	0.99092	0.00000	0.00003	0.00000	0.00905
643	0.00000	0.99998	0.00000	0.00000	0.00000	0.00002
644	0.00000	0.00000	0.00000	0.00094	0.00000	0.99906
645	0.00000	0.99999	0.00000	0.00000	0.00000	0.00001
646	0.00000	0.99987	0.00000	0.00000	0.00000	0.00013
647	0.00000	0.99993	0.00000	0.00000	0.00000	0.00007
648	0.00000	0.99986	0.00000	0.00000	0.00000	0.00014
649	0.00000	0.99724	0.00000	0.00001	0.00000	0.00275
650	0.99993	0.00000	0.00000	0.00000	0.00007	0.00000
651	0.00000	0.99999	0.00000	0.00000	0.00000	0.00001
652	0.00000	0.99954	0.00000	0.00000	0.00000	0.00046
653	0.90815	0.00000	0.00000	0.00776	0.08409	0.00000
654	0.00000	0.99996	0.00000	0.00000	0.00000	0.00004
655	0.00000	0.99960	0.00000	0.00000	0.00000	0.00040
656	0.00000	0.92644	0.00000	0.00004	0.00000	0.07352
657	0.00000	0.99996	0.00000	0.00000	0.00000	0.00004
658	0.00000	0.99993	0.00000	0.00000	0.00000	0.00007
659	0.90856	0.00000	0.00000	0.00609	0.08535	0.00000
660	0.00000	0.99502	0.00000	0.00003	0.00000	0.00495
661	0.00000	0.99991	0.00000	0.00000	0.00000	0.00009
662	0.00000	0.99997	0.00000	0.00000	0.00000	0.00003
663	0.21375	0.11810	0.15600	0.17580	0.19281	0.14354
664	0.99993	0.00000	0.00000	0.00000	0.00007	0.00000
665	0.00000	0.99800	0.00000	0.00000	0.00000	0.00200
666	0.99995	0.00000	0.00000	0.00000	0.00005	0.00000
667	0.99989	0.00000	0.00000	0.00000	0.00011	0.00000
668	0.99816	0.00000	0.00000	0.00000	0.00184	0.00000
669	0.99960	0.00000	0.00000	0.00000	0.00040	0.00000
670	0.99994	0.00000	0.00000	0.00000	0.00006	0.00000
671	0.00000	0.99998	0.00000	0.00000	0.00000	0.00002
672	0.00000	0.99983	0.00000	0.00000	0.00000	0.00017
673	0.00000	0.99997	0.00000	0.00000	0.00000	0.00003
674	0.00014	0.67785	0.00893	0.07894	0.00309	0.23105
675	0.00000	0.90423	0.00000	0.00979	0.00000	0.08598
676	0.00000	0.99531	0.00000	0.00001	0.00000	0.00468
677	0.00000	0.99973	0.00000	0.00000	0.00000	0.00027
678	0.99996	0.00000	0.00000	0.00000	0.00004	0.00000
679	0.00000	0.99987	0.00000	0.00000	0.00000	0.00013
680	0.00000	0.99999	0.00000	0.00000	0.00000	0.00001
681	0.00000	0.99998	0.00000	0.00000	0.00000	0.00002
682	0.00000	0.99983	0.00000	0.00000	0.00000	0.00017
683	0.00000	0.99997	0.00000	0.00000	0.00000	0.00003
684	0.00000	0.99866	0.00000	0.00000	0.00000	0.00134
685	0.00000	0.99986	0.00000	0.00000	0.00000	0.00014
686	0.00000	0.99980	0.00000	0.00000	0.00000	0.00020
687	0.00000	0.99991	0.00000	0.00000	0.00000	0.00009
688	0.00000	0.99969	0.00000	0.00000	0.00000	0.00031
689	0.00000	0.99998	0.00000	0.00000	0.00000	0.00002
690	0.00000	0.99980	0.00000	0.00000	0.00000	0.00020
691	0.00000	0.99997	0.00000	0.00000	0.00000	0.00003
692	0.00000	0.99978	0.00000	0.00000	0.00000	0.00022
693	0.00000	0.98297	0.00000	0.00022	0.00000	0.01681
694	0.00000	0.88402	0.00001	0.01220	0.00000	0.10377
695	0.00000	0.99988	0.00000	0.00000	0.00000	0.00012
696	0.00000	0.99922	0.00000	0.00000	0.00000	0.00078
697	0.00000	0.96016	0.00000	0.00021	0.00000	0.03964
698	0.00000	0.39898	0.00000	0.10412	0.00000	0.49690
699	0.00000	0.21287	0.00000	0.00004	0.00000	0.78708
700	0.00000	0.99996	0.00000	0.00000	0.00000	0.00004
701	0.99994	0.00000	0.00000	0.00000	0.00006	0.00000
702	0.99992	0.00000	0.00000	0.00000	0.00008	0.00000
703	0.99997	0.00000	0.00000	0.00000	0.00003	0.00000
704	0.80169	0.00000	0.00000	0.02791	0.17040	0.00000
705	0.00000	0.98857	0.00000	0.00000	0.00000	0.01143
706	0.00000	0.99794	0.00000	0.00000	0.00000	0.00206
707	0.26256	0.00000	0.00000	0.31448	0.42296	0.00000
708	0.00000	0.99976	0.00000	0.00000	0.00000	0.00024
709	0.00000	0.99112	0.00000	0.00000	0.00000	0.00888
710	0.00000	0.99996	0.00000	0.00000	0.00000	0.00004
711	0.00000	0.99791	0.00000	0.00000	0.00000	0.00209
712	0.00000	0.98735	0.00000	0.00000	0.00000	0.01265
713	0.00000	0.99965	0.00000	0.00000	0.00000	0.00035
714	0.98634	0.00000	0.00000	0.00000	0.01366	0.00000
715	0.00000	0.65685	0.00051	0.09405	0.00020	0.24839
716	0.00000	0.99984	0.00000	0.00000	0.00000	0.00016
717	0.00000	0.99977	0.00000	0.00000	0.00000	0.00023
718	0.99997	0.00000	0.00000	0.00000	0.00003	0.00000
719	0.00000	0.99976	0.00000	0.00000	0.00000	0.00024
720	0.00000	0.99998	0.00000	0.00000	0.00000	0.00002
721	0.00000	0.99999	0.00000	0.00000	0.00000	0.00001
722	0.00000	0.99998	0.00000	0.00000	0.00000	0.00002
723	0.00000	0.99987	0.00000	0.00000	0.00000	0.00013
724	0.00000	0.75735	0.00095	0.04683	0.00020	0.19467
725	0.00000	0.01798	0.00000	0.87255	0.00004	0.10943
726	0.00000	1.00000	0.00000	0.00000	0.00000	0.00000
727	0.00000	0.99950	0.00000	0.00000	0.00000	0.00050
728	0.00000	0.56300	0.00036	0.15052	0.00023	0.28589
729	0.00000	0.99991	0.00000	0.00000	0.00000	0.00009
730	0.00000	0.99875	0.00000	0.00000	0.00000	0.00125
731	0.00000	0.99782	0.00000	0.00000	0.00000	0.00218
732	0.99996	0.00000	0.00000	0.00000	0.00004	0.00000
733	0.00000	0.99962	0.00000	0.00000	0.00000	0.00038
734	0.00000	0.97892	0.00000	0.00017	0.00000	0.02092
735	0.00000	0.99994	0.00000	0.00000	0.00000	0.00006
736	0.00000	0.98530	0.00000	0.00023	0.00000	0.01447
737	0.00000	0.99997	0.00000	0.00000	0.00000	0.00003
738	0.99999	0.00000	0.00000	0.00000	0.00001	0.00000
739	0.00000	0.87798	0.00000	0.01345	0.00000	0.10857
740	0.00000	0.99966	0.00000	0.00000	0.00000	0.00034
741	0.99549	0.00000	0.00000	0.00000	0.00451	0.00000
742	0.00000	0.99994	0.00000	0.00000	0.00000	0.00006
743	0.00000	0.99993	0.00000	0.00000	0.00000	0.00007
744	0.00000	0.99982	0.00000	0.00000	0.00000	0.00018
745	0.99998	0.00000	0.00000	0.00000	0.00002	0.00000
746	0.00000	0.99987	0.00000	0.00000	0.00000	0.00013
747	0.00000	0.99991	0.00000	0.00000	0.00000	0.00009
748	0.00000	0.99991	0.00000	0.00000	0.00000	0.00009
749	0.00000	0.99952	0.00000	0.00000	0.00000	0.00048
750	0.07353	0.28831	0.14531	0.16487	0.11000	0.21798
751	0.00000	0.99997	0.00000	0.00000	0.00000	0.00003
752	0.00000	0.99998	0.00000	0.00000	0.00000	0.00002
753	0.00000	0.99884	0.00000	0.00000	0.00000	0.00116
754	0.00000	0.99999	0.00000	0.00000	0.00000	0.00001
755	0.00000	0.99428	0.00000	0.00002	0.00000	0.00570
756	0.00000	0.99983	0.00000	0.00000	0.00000	0.00017
757	0.00000	0.19959	0.00188	0.20004	0.00022	0.59827
758	0.00000	0.99676	0.00000	0.00001	0.00000	0.00323
759	0.99997	0.00000	0.00000	0.00000	0.00003	0.00000
760	0.99999	0.00000	0.00000	0.00000	0.00001	0.00000
761	0.00000	0.87278	0.00000	0.00009	0.00000	0.12713
762	0.00000	0.96520	0.00000	0.00001	0.00000	0.03479
763	0.00000	0.99761	0.00000	0.00000	0.00000	0.00238
764	0.00000	0.99998	0.00000	0.00000	0.00000	0.00002
765	0.00000	0.99532	0.00000	0.00000	0.00000	0.00468
766	0.00000	0.99922	0.00000	0.00000	0.00000	0.00078
767	0.00000	0.99994	0.00000	0.00000	0.00000	0.00006
768	0.00000	0.99964	0.00000	0.00000	0.00000	0.00036
769	0.00000	0.98334	0.00000	0.00028	0.00000	0.01639
770	0.00000	0.99987	0.00000	0.00000	0.00000	0.00013
771	0.00000	0.99959	0.00000	0.00000	0.00000	0.00041
772	0.00000	0.98894	0.00000	0.00011	0.00000	0.01095
773	0.00000	0.99652	0.00000	0.00001	0.00000	0.00347
774	0.00000	0.00002	0.00000	0.89860	0.00000	0.10138
775	0.00000	0.99997	0.00000	0.00000	0.00000	0.00003
776	0.00000	0.99979	0.00000	0.00000	0.00000	0.00021
