UponCompletionOf_1000000_sweeps
LocNumber LocName AlleleNumber AlleleName FreqInPop0 FreqInPop1 SDInPop0 SDinPop1
0	LdDocent_Contig_29420_376	0	1	0.997821	0.991939	0.003063	0.002753
0	LdDocent_Contig_29420_376	1	2	0.002179	0.008061	0.003063	0.002753
1	LdDocent_Contig_1392_480	0	1	0.997926	0.889636	0.002926	0.009735
1	LdDocent_Contig_1392_480	1	2	0.002074	0.110364	0.002926	0.009735
2	LdDocent_Contig_59656_344	0	1	0.582691	0.997464	0.033388	0.001611
2	LdDocent_Contig_59656_344	1	2	0.417309	0.002536	0.033388	0.001611
3	LdDocent_Contig_82617_50	0	1	0.997648	0.992124	0.003307	0.002689
3	LdDocent_Contig_82617_50	1	2	0.002352	0.007876	0.003307	0.002689
4	LdDocent_Contig_35933_333	0	1	0.997644	0.991407	0.003318	0.002932
4	LdDocent_Contig_35933_333	1	2	0.002356	0.008593	0.003318	0.002932
5	LdDocent_Contig_82072_81	0	1	0.997563	0.983065	0.003430	0.004133
5	LdDocent_Contig_82072_81	1	2	0.002437	0.016935	0.003430	0.004133
6	LdDocent_Contig_1056_71	0	1	0.593564	0.996131	0.031810	0.001948
6	LdDocent_Contig_1056_71	1	2	0.406436	0.003869	0.031810	0.001948
7	LdDocent_Contig_164_128	0	2	0.563154	0.483431	0.075667	0.014755
7	LdDocent_Contig_164_128	1	1	0.436846	0.516569	0.075667	0.014755
8	LdDocent_Contig_695_457	0	1	0.997973	0.855619	0.002859	0.010504
8	LdDocent_Contig_695_457	1	2	0.002027	0.144381	0.002859	0.010504
9	LdDocent_Contig_1144_357	0	1	0.964946	0.999502	0.012552	0.000704
9	LdDocent_Contig_1144_357	1	2	0.035054	0.000498	0.012552	0.000704
10	LdDocent_Contig_24629_85	0	1	0.997722	0.959693	0.003209	0.006061
10	LdDocent_Contig_24629_85	1	2	0.002278	0.040307	0.003209	0.006061
11	LdDocent_Contig_63157_15	0	1	0.997846	0.992116	0.003033	0.002692
11	LdDocent_Contig_63157_15	1	2	0.002154	0.007884	0.003033	0.002692
12	LdDocent_Contig_1544_499	0	1	0.997950	0.985028	0.002887	0.003661
12	LdDocent_Contig_1544_499	1	2	0.002050	0.014972	0.002887	0.003661
13	LdDocent_Contig_2055_16	0	1	0.993064	0.974019	0.005639	0.004983
13	LdDocent_Contig_2055_16	1	2	0.006936	0.025981	0.005639	0.004983
14	LdDocent_Contig_55001_432	0	1	0.997892	0.810857	0.002972	0.012136
14	LdDocent_Contig_55001_432	1	2	0.002108	0.189143	0.002972	0.012136
15	LdDocent_Contig_77297_395	0	1	0.981438	0.993132	0.009164	0.002664
15	LdDocent_Contig_77297_395	1	2	0.018562	0.006868	0.009164	0.002664
16	LdDocent_Contig_15643_369	0	1	0.997928	0.993042	0.002918	0.002533
16	LdDocent_Contig_15643_369	1	2	0.002072	0.006958	0.002918	0.002533
17	LdDocent_Contig_31548_378	0	1	0.971081	0.995916	0.011154	0.001933
17	LdDocent_Contig_31548_378	1	2	0.028919	0.004084	0.011154	0.001933
18	LdDocent_Contig_13979_139	0	1	0.975805	0.870661	0.011230	0.010447
18	LdDocent_Contig_13979_139	1	2	0.024195	0.129339	0.011230	0.010447
19	LdDocent_Contig_94380_460	0	1	0.993977	0.993382	0.004899	0.002409
19	LdDocent_Contig_94380_460	1	2	0.006023	0.006618	0.004899	0.002409
20	LdDocent_Contig_50611_479	0	1	0.997769	0.988166	0.003148	0.003467
20	LdDocent_Contig_50611_479	1	2	0.002231	0.011834	0.003148	0.003467
21	LdDocent_Contig_9162_69	0	1	0.997572	0.985714	0.003393	0.003612
21	LdDocent_Contig_9162_69	1	2	0.002428	0.014286	0.003393	0.003612
22	LdDocent_Contig_9583_106	0	1	0.917210	0.887177	0.018089	0.009689
22	LdDocent_Contig_9583_106	1	2	0.082790	0.112823	0.018089	0.009689
23	LdDocent_Contig_9568_383	0	1	0.935860	0.998667	0.016846	0.001088
23	LdDocent_Contig_9568_383	1	2	0.064140	0.001333	0.016846	0.001088
24	LdDocent_Contig_11759_29	0	1	0.992325	0.980897	0.006254	0.004180
24	LdDocent_Contig_11759_29	1	2	0.007675	0.019103	0.006254	0.004180
25	LdDocent_Contig_233_435	0	1	0.997859	0.888962	0.003018	0.009779
25	LdDocent_Contig_233_435	1	2	0.002141	0.111038	0.003018	0.009779
26	LdDocent_Contig_35591_488	0	1	0.997834	0.977176	0.003050	0.004657
26	LdDocent_Contig_35591_488	1	2	0.002166	0.022824	0.003050	0.004657
27	LdDocent_Contig_371_12	0	1	0.997961	0.967647	0.002851	0.005068
27	LdDocent_Contig_371_12	1	2	0.002039	0.032353	0.002851	0.005068
28	LdDocent_Contig_83483_102	0	1	0.997906	0.919017	0.002943	0.007984
28	LdDocent_Contig_83483_102	1	2	0.002094	0.080983	0.002943	0.007984
29	LdDocent_Contig_23680_26	0	1	0.480450	0.981039	0.029984	0.004304
29	LdDocent_Contig_23680_26	1	2	0.519550	0.018961	0.029984	0.004304
30	LdDocent_Contig_302_353	0	1	0.998095	0.990101	0.002684	0.002901
30	LdDocent_Contig_302_353	1	2	0.001905	0.009899	0.002684	0.002901
31	LdDocent_Contig_627_11	0	1	0.998009	0.989396	0.002812	0.003111
31	LdDocent_Contig_627_11	1	2	0.001991	0.010604	0.002812	0.003111
32	LdDocent_Contig_6037_101	0	1	0.962110	0.999492	0.012759	0.000717
32	LdDocent_Contig_6037_101	1	2	0.037890	0.000508	0.012759	0.000717
33	LdDocent_Contig_24056_402	0	1	0.997975	0.986121	0.002859	0.003502
33	LdDocent_Contig_24056_402	1	2	0.002025	0.013879	0.002859	0.003502
34	LdDocent_Contig_555_371	0	1	0.024973	0.995689	0.010653	0.002096
34	LdDocent_Contig_555_371	1	2	0.975027	0.004311	0.010653	0.002096
35	LdDocent_Contig_1311_419	0	1	0.997523	0.984714	0.003389	0.003649
35	LdDocent_Contig_1311_419	1	2	0.002477	0.015286	0.003389	0.003649
36	LdDocent_Contig_900_445	0	1	0.011037	0.995829	0.007101	0.001972
36	LdDocent_Contig_900_445	1	2	0.988963	0.004171	0.007101	0.001972
37	LdDocent_Contig_84483_18	0	1	0.848433	0.996579	0.023447	0.002065
37	LdDocent_Contig_84483_18	1	2	0.151567	0.003421	0.023447	0.002065
38	LdDocent_Contig_198_477	0	1	0.983884	0.991181	0.008092	0.002824
38	LdDocent_Contig_198_477	1	2	0.016116	0.008819	0.008092	0.002824
39	LdDocent_Contig_58683_111	0	1	0.923144	0.993245	0.016766	0.002457
39	LdDocent_Contig_58683_111	1	2	0.076856	0.006755	0.016766	0.002457
40	LdDocent_Contig_95420_418	0	1	0.884788	0.998599	0.020258	0.001142
40	LdDocent_Contig_95420_418	1	2	0.115212	0.001401	0.020258	0.001142
41	LdDocent_Contig_22010_387	0	1	0.997758	0.992525	0.003165	0.002717
41	LdDocent_Contig_22010_387	1	2	0.002242	0.007475	0.003165	0.002717
42	LdDocent_Contig_12821_467	0	1	0.997766	0.984013	0.003152	0.003787
42	LdDocent_Contig_12821_467	1	2	0.002234	0.015987	0.003152	0.003787
43	LdDocent_Contig_60333_358	0	1	0.997299	0.985719	0.003805	0.003720
43	LdDocent_Contig_60333_358	1	2	0.002701	0.014281	0.003805	0.003720
44	LdDocent_Contig_26046_373	0	1	0.997481	0.987172	0.003556	0.003604
44	LdDocent_Contig_26046_373	1	2	0.002519	0.012828	0.003556	0.003604
45	LdDocent_Contig_245_458	0	1	0.998093	0.986465	0.002690	0.003411
45	LdDocent_Contig_245_458	1	2	0.001907	0.013535	0.002690	0.003411
46	LdDocent_Contig_1796_61	0	1	0.969449	0.999544	0.010955	0.000644
46	LdDocent_Contig_1796_61	1	2	0.030551	0.000456	0.010955	0.000644
47	LdDocent_Contig_15010_341	0	1	0.926210	0.999486	0.017999	0.000727
47	LdDocent_Contig_15010_341	1	2	0.073790	0.000514	0.017999	0.000727
48	LdDocent_Contig_73919_465	0	1	0.997785	0.993201	0.003118	0.002470
48	LdDocent_Contig_73919_465	1	2	0.002215	0.006799	0.003118	0.002470
49	LdDocent_Contig_15638_334	0	1	0.936880	0.992621	0.038507	0.002518
49	LdDocent_Contig_15638_334	1	2	0.063120	0.007379	0.038507	0.002518
50	LdDocent_Contig_5307_467	0	1	0.993912	0.993100	0.004948	0.002507
50	LdDocent_Contig_5307_467	1	2	0.006088	0.006900	0.004948	0.002507
51	LdDocent_Contig_5102_9	0	1	0.997939	0.991375	0.002904	0.002786
51	LdDocent_Contig_5102_9	1	2	0.002061	0.008625	0.002904	0.002786
52	LdDocent_Contig_74479_108	0	1	0.997973	0.918021	0.002858	0.008539
52	LdDocent_Contig_74479_108	1	2	0.002027	0.081979	0.002858	0.008539
53	LdDocent_Contig_808_44	0	1	0.990463	0.649120	0.007268	0.014902
53	LdDocent_Contig_808_44	1	2	0.009537	0.350880	0.007268	0.014902
54	LdDocent_Contig_51180_341	0	1	0.997900	0.987256	0.002956	0.003447
54	LdDocent_Contig_51180_341	1	2	0.002100	0.012744	0.002956	0.003447
55	LdDocent_Contig_30350_410	0	1	0.997880	0.989770	0.002984	0.003140
55	LdDocent_Contig_30350_410	1	2	0.002120	0.010230	0.002984	0.003140
56	LdDocent_Contig_93511_376	0	1	0.951818	0.998541	0.013897	0.001189
56	LdDocent_Contig_93511_376	1	2	0.048182	0.001459	0.013897	0.001189
57	LdDocent_Contig_13997_103	0	1	0.997997	0.974697	0.002821	0.004602
57	LdDocent_Contig_13997_103	1	2	0.002003	0.025303	0.002821	0.004602
58	LdDocent_Contig_114_407	0	1	0.996597	0.990925	0.004795	0.002932
58	LdDocent_Contig_114_407	1	2	0.003403	0.009075	0.004795	0.002932
59	LdDocent_Contig_299_33	0	1	0.997826	0.991672	0.003062	0.002841
59	LdDocent_Contig_299_33	1	2	0.002174	0.008328	0.003062	0.002841
60	LdDocent_Contig_3810_26	0	1	0.945779	0.999534	0.014871	0.000659
60	LdDocent_Contig_3810_26	1	2	0.054221	0.000466	0.014871	0.000659
61	LdDocent_Contig_38007_408	0	1	0.997576	0.978097	0.003412	0.004676
61	LdDocent_Contig_38007_408	1	2	0.002424	0.021903	0.003412	0.004676
62	LdDocent_Contig_577_423	0	1	0.998036	0.984263	0.002769	0.003625
62	LdDocent_Contig_577_423	1	2	0.001964	0.015737	0.002769	0.003625
63	LdDocent_Contig_839_379	0	1	0.997846	0.989168	0.003031	0.003177
63	LdDocent_Contig_839_379	1	2	0.002154	0.010832	0.003031	0.003177
64	LdDocent_Contig_825_85	0	1	0.002283	0.352999	0.003215	0.014844
64	LdDocent_Contig_825_85	1	2	0.997717	0.647001	0.003215	0.014844
65	LdDocent_Contig_52702_107	0	1	0.997776	0.991354	0.003137	0.002944
65	LdDocent_Contig_52702_107	1	2	0.002224	0.008646	0.003137	0.002944
66	LdDocent_Contig_2521_375	0	1	0.694646	0.991302	0.029740	0.002810
66	LdDocent_Contig_2521_375	1	2	0.305354	0.008698	0.029740	0.002810
67	LdDocent_Contig_57511_116	0	1	0.965691	0.999555	0.011542	0.000628
67	LdDocent_Contig_57511_116	1	2	0.034309	0.000445	0.011542	0.000628
68	LdDocent_Contig_88440_85	0	2	0.997406	0.942814	0.003658	0.007195
68	LdDocent_Contig_88440_85	1	1	0.002594	0.057186	0.003658	0.007195
69	LdDocent_Contig_95222_129	0	1	0.154848	0.248115	0.024450	0.013252
69	LdDocent_Contig_95222_129	1	2	0.845152	0.751885	0.024450	0.013252
70	LdDocent_Contig_2494_96	0	1	0.997790	0.988139	0.003114	0.003208
70	LdDocent_Contig_2494_96	1	2	0.002210	0.011861	0.003114	0.003208
71	LdDocent_Contig_87696_333	0	1	0.813255	0.931188	0.026176	0.007827
71	LdDocent_Contig_87696_333	1	2	0.186745	0.068812	0.026176	0.007827
72	LdDocent_Contig_12377_140	0	1	0.997901	0.816373	0.002965	0.011832
72	LdDocent_Contig_12377_140	1	2	0.002099	0.183627	0.002965	0.011832
73	LdDocent_Contig_20196_34	0	1	0.967465	0.999515	0.011666	0.000685
73	LdDocent_Contig_20196_34	1	2	0.032535	0.000485	0.011666	0.000685
74	LdDocent_Contig_5506_480	0	1	0.997817	0.976337	0.003071	0.004832
74	LdDocent_Contig_5506_480	1	2	0.002183	0.023663	0.003071	0.004832
75	LdDocent_Contig_32966_385	0	1	0.997845	0.976875	0.003035	0.004535
75	LdDocent_Contig_32966_385	1	2	0.002155	0.023125	0.003035	0.004535
76	LdDocent_Contig_35115_437	0	1	0.975223	0.991619	0.010409	0.002862
76	LdDocent_Contig_35115_437	1	2	0.024777	0.008381	0.010409	0.002862
77	LdDocent_Contig_517_62	0	1	0.265160	0.998822	0.028153	0.001189
77	LdDocent_Contig_517_62	1	2	0.734840	0.001178	0.028153	0.001189
78	LdDocent_Contig_15456_449	0	1	0.989723	0.971084	0.006440	0.005266
78	LdDocent_Contig_15456_449	1	2	0.010277	0.028916	0.006440	0.005266
79	LdDocent_Contig_12007_142	0	1	0.997831	0.989212	0.003061	0.003308
79	LdDocent_Contig_12007_142	1	2	0.002169	0.010788	0.003061	0.003308
80	LdDocent_Contig_55861_143	0	1	0.997568	0.983602	0.003345	0.003800
80	LdDocent_Contig_55861_143	1	2	0.002432	0.016398	0.003345	0.003800
81	LdDocent_Contig_1715_437	0	1	0.997723	0.986954	0.003212	0.003662
81	LdDocent_Contig_1715_437	1	2	0.002277	0.013046	0.003212	0.003662
82	LdDocent_Contig_7317_371	0	1	0.997393	0.971870	0.003670	0.004940
82	LdDocent_Contig_7317_371	1	2	0.002607	0.028130	0.003670	0.004940
83	LdDocent_Contig_89475_470	0	1	0.797765	0.998659	0.026485	0.001094
83	LdDocent_Contig_89475_470	1	2	0.202235	0.001341	0.026485	0.001094
84	LdDocent_Contig_36808_102	0	1	0.997172	0.987625	0.003979	0.003349
84	LdDocent_Contig_36808_102	1	2	0.002828	0.012375	0.003979	0.003349
85	LdDocent_Contig_8033_379	0	1	0.997910	0.988321	0.002943	0.003281
85	LdDocent_Contig_8033_379	1	2	0.002090	0.011679	0.002943	0.003281
86	LdDocent_Contig_32944_425	0	1	0.997760	0.991514	0.003157	0.002895
86	LdDocent_Contig_32944_425	1	2	0.002240	0.008486	0.003157	0.002895
87	LdDocent_Contig_1023_106	0	1	0.997405	0.716778	0.003654	0.014426
87	LdDocent_Contig_1023_106	1	2	0.002595	0.283222	0.003654	0.014426
88	LdDocent_Contig_37945_58	0	1	0.574005	0.997866	0.032886	0.001422
88	LdDocent_Contig_37945_58	1	2	0.425995	0.002134	0.032886	0.001422
89	LdDocent_Contig_84158_445	0	1	0.997923	0.985455	0.002930	0.003665
89	LdDocent_Contig_84158_445	1	2	0.002077	0.014545	0.002930	0.003665
90	LdDocent_Contig_82354_396	0	1	0.993872	0.976463	0.004979	0.004699
90	LdDocent_Contig_82354_396	1	2	0.006128	0.023537	0.004979	0.004699
91	LdDocent_Contig_2326_368	0	1	0.997697	0.946058	0.003237	0.006747
91	LdDocent_Contig_2326_368	1	2	0.002303	0.053942	0.003237	0.006747
92	LdDocent_Contig_1236_34	0	1	0.993813	0.990995	0.008666	0.002765
92	LdDocent_Contig_1236_34	1	2	0.006187	0.009005	0.008666	0.002765
93	LdDocent_Contig_2756_412	0	1	0.942428	0.999550	0.014639	0.000635
93	LdDocent_Contig_2756_412	1	2	0.057572	0.000450	0.014639	0.000635
94	LdDocent_Contig_91112_94	0	2	0.002140	0.008122	0.003014	0.002774
94	LdDocent_Contig_91112_94	1	1	0.997860	0.991878	0.003014	0.002774
95	LdDocent_Contig_71485_135	0	1	0.997823	0.990900	0.003064	0.002938
95	LdDocent_Contig_71485_135	1	2	0.002177	0.009100	0.003064	0.002938
96	LdDocent_Contig_143_44	0	1	0.997950	0.986527	0.002891	0.003511
96	LdDocent_Contig_143_44	1	2	0.002050	0.013473	0.002891	0.003511
97	LdDocent_Contig_8309_329	0	1	0.998039	0.983059	0.002760	0.003804
97	LdDocent_Contig_8309_329	1	2	0.001961	0.016941	0.002760	0.003804
98	LdDocent_Contig_18341_65	0	1	0.979760	0.992149	0.008525	0.002537
98	LdDocent_Contig_18341_65	1	2	0.020240	0.007851	0.008525	0.002537
99	LdDocent_Contig_14273_434	0	1	0.997695	0.980240	0.003253	0.004431
99	LdDocent_Contig_14273_434	1	2	0.002305	0.019760	0.003253	0.004431
100	LdDocent_Contig_68384_345	0	2	0.954616	0.933119	0.017168	0.007619
100	LdDocent_Contig_68384_345	1	1	0.045384	0.066881	0.017168	0.007619
101	LdDocent_Contig_52032_450	0	1	0.997976	0.993355	0.002856	0.002417
101	LdDocent_Contig_52032_450	1	2	0.002024	0.006645	0.002856	0.002417
102	LdDocent_Contig_61266_75	0	1	0.902690	0.998551	0.019059	0.001181
102	LdDocent_Contig_61266_75	1	2	0.097310	0.001449	0.019059	0.001181
103	LdDocent_Contig_34132_66	0	1	0.997785	0.929137	0.003116	0.008084
103	LdDocent_Contig_34132_66	1	2	0.002215	0.070863	0.003116	0.008084
104	LdDocent_Contig_1252_438	0	1	0.004388	0.633274	0.004768	0.014207
104	LdDocent_Contig_1252_438	1	2	0.995612	0.366726	0.004768	0.014207
105	LdDocent_Contig_22130_431	0	1	0.954302	0.990409	0.013138	0.002944
105	LdDocent_Contig_22130_431	1	2	0.045698	0.009591	0.013138	0.002944
106	LdDocent_Contig_50303_34	0	1	0.997698	0.949029	0.003230	0.006794
106	LdDocent_Contig_50303_34	1	2	0.002302	0.050971	0.003230	0.006794
107	LdDocent_Contig_6917_113	0	1	0.919488	0.999528	0.017918	0.000667
107	LdDocent_Contig_6917_113	1	2	0.080512	0.000472	0.017918	0.000667
108	LdDocent_Contig_50075_322	0	1	0.237092	0.696657	0.027304	0.014267
108	LdDocent_Contig_50075_322	1	2	0.762908	0.303343	0.027304	0.014267
109	LdDocent_Contig_74_323	0	1	0.997986	0.983596	0.002837	0.003778
109	LdDocent_Contig_74_323	1	2	0.002014	0.016404	0.002837	0.003778
110	LdDocent_Contig_62231_437	0	2	0.993911	0.871776	0.004951	0.010026
110	LdDocent_Contig_62231_437	1	1	0.006089	0.128224	0.004951	0.010026
111	LdDocent_Contig_12191_94	0	1	0.997983	0.989733	0.002849	0.003013
111	LdDocent_Contig_12191_94	1	2	0.002017	0.010267	0.002849	0.003013
112	LdDocent_Contig_5015_373	0	1	0.989355	0.981283	0.006681	0.004092
112	LdDocent_Contig_5015_373	1	2	0.010645	0.018717	0.006681	0.004092
113	LdDocent_Contig_5644_464	0	1	0.989239	0.994255	0.014963	0.002246
113	LdDocent_Contig_5644_464	1	2	0.010761	0.005745	0.014963	0.002246
114	LdDocent_Contig_10230_500	0	1	0.996980	0.980920	0.004125	0.004310
114	LdDocent_Contig_10230_500	1	2	0.003020	0.019080	0.004125	0.004310
115	LdDocent_Contig_7258_69	0	1	0.998095	0.986953	0.002687	0.003402
115	LdDocent_Contig_7258_69	1	2	0.001905	0.013047	0.002687	0.003402
116	LdDocent_Contig_1567_11	0	1	0.997653	0.983831	0.003318	0.003945
116	LdDocent_Contig_1567_11	1	2	0.002347	0.016169	0.003318	0.003945
117	LdDocent_Contig_87910_402	0	1	0.997940	0.981248	0.002903	0.004109
117	LdDocent_Contig_87910_402	1	2	0.002060	0.018752	0.002903	0.004109
118	LdDocent_Contig_244_402	0	1	0.997960	0.989610	0.002878	0.003047
118	LdDocent_Contig_244_402	1	2	0.002040	0.010390	0.002878	0.003047
119	LdDocent_Contig_38139_78	0	1	0.990427	0.989681	0.006016	0.003028
119	LdDocent_Contig_38139_78	1	2	0.009573	0.010319	0.006016	0.003028
120	LdDocent_Contig_56486_405	0	1	0.399659	0.994621	0.031722	0.002299
120	LdDocent_Contig_56486_405	1	2	0.600341	0.005379	0.031722	0.002299
121	LdDocent_Contig_711_449	0	1	0.997960	0.985346	0.002876	0.003580
121	LdDocent_Contig_711_449	1	2	0.002040	0.014654	0.002876	0.003580
122	LdDocent_Contig_29824_41	0	1	0.997770	0.955698	0.003138	0.006150
122	LdDocent_Contig_29824_41	1	2	0.002230	0.044302	0.003138	0.006150
123	LdDocent_Contig_2270_79	0	1	0.997331	0.959865	0.003730	0.006257
123	LdDocent_Contig_2270_79	1	2	0.002669	0.040135	0.003730	0.006257
124	LdDocent_Contig_92358_102	0	1	0.993746	0.989369	0.005081	0.003115
124	LdDocent_Contig_92358_102	1	2	0.006254	0.010631	0.005081	0.003115
125	LdDocent_Contig_11442_420	0	1	0.998011	0.955058	0.002803	0.006117
125	LdDocent_Contig_11442_420	1	2	0.001989	0.044942	0.002803	0.006117
126	LdDocent_Contig_948_375	0	1	0.997757	0.963689	0.003154	0.005827
126	LdDocent_Contig_948_375	1	2	0.002243	0.036311	0.003154	0.005827
127	LdDocent_Contig_50972_365	0	1	0.997697	0.962502	0.003243	0.006088
127	LdDocent_Contig_50972_365	1	2	0.002303	0.037498	0.003243	0.006088
128	LdDocent_Contig_64359_27	0	1	0.988569	0.963722	0.007161	0.005822
128	LdDocent_Contig_64359_27	1	2	0.011431	0.036278	0.007161	0.005822
129	LdDocent_Contig_34839_463	0	1	0.997423	0.991894	0.003626	0.002772
129	LdDocent_Contig_34839_463	1	2	0.002577	0.008106	0.003626	0.002772
130	LdDocent_Contig_2753_359	0	1	0.997935	0.991412	0.002914	0.002773
130	LdDocent_Contig_2753_359	1	2	0.002065	0.008588	0.002914	0.002773
131	LdDocent_Contig_51647_124	0	1	0.998028	0.992594	0.002781	0.002531
131	LdDocent_Contig_51647_124	1	2	0.001972	0.007406	0.002781	0.002531
132	LdDocent_Contig_377_384	0	1	0.994046	0.994046	0.004840	0.002327
132	LdDocent_Contig_377_384	1	2	0.005954	0.005954	0.004840	0.002327
133	LdDocent_Contig_52771_138	0	1	0.992585	0.913009	0.005984	0.008943
133	LdDocent_Contig_52771_138	1	2	0.007415	0.086991	0.005984	0.008943
134	LdDocent_Contig_3687_307	0	1	0.997730	0.967014	0.003191	0.005448
134	LdDocent_Contig_3687_307	1	2	0.002270	0.032986	0.003191	0.005448
135	LdDocent_Contig_1517_115	0	2	0.989581	0.679341	0.006709	0.013949
135	LdDocent_Contig_1517_115	1	1	0.010419	0.320659	0.006709	0.013949
136	LdDocent_Contig_1631_10	0	1	0.997988	0.989269	0.002833	0.003020
136	LdDocent_Contig_1631_10	1	2	0.002012	0.010731	0.002833	0.003020
137	LdDocent_Contig_18552_139	0	1	0.998077	0.906524	0.002710	0.008501
137	LdDocent_Contig_18552_139	1	2	0.001923	0.093476	0.002710	0.008501
138	LdDocent_Contig_329_469	0	1	0.997832	0.885638	0.003054	0.009641
138	LdDocent_Contig_329_469	1	2	0.002168	0.114362	0.003054	0.009641
139	LdDocent_Contig_5807_364	0	1	0.935499	0.995870	0.015400	0.001940
139	LdDocent_Contig_5807_364	1	2	0.064501	0.004130	0.015400	0.001940
140	LdDocent_Contig_92624_35	0	1	0.997881	0.988003	0.002981	0.003367
140	LdDocent_Contig_92624_35	1	2	0.002119	0.011997	0.002981	0.003367
141	LdDocent_Contig_156_432	0	1	0.966730	0.999536	0.011240	0.000655
141	LdDocent_Contig_156_432	1	2	0.033270	0.000464	0.011240	0.000655
142	LdDocent_Contig_1276_33	0	1	0.021979	0.411466	0.009218	0.014328
142	LdDocent_Contig_1276_33	1	2	0.978021	0.588534	0.009218	0.014328
143	LdDocent_Contig_67026_370	0	1	0.316254	0.996101	0.035414	0.002143
143	LdDocent_Contig_67026_370	1	2	0.683746	0.003899	0.035414	0.002143
144	LdDocent_Contig_37048_15	0	1	0.671464	0.913194	0.030537	0.008579
144	LdDocent_Contig_37048_15	1	2	0.328536	0.086806	0.030537	0.008579
145	LdDocent_Contig_8351_306	0	1	0.997852	0.820915	0.003022	0.011855
145	LdDocent_Contig_8351_306	1	2	0.002148	0.179085	0.003022	0.011855
146	LdDocent_Contig_68912_395	0	1	0.926887	0.953728	0.029921	0.006295
146	LdDocent_Contig_68912_395	1	2	0.073113	0.046272	0.029921	0.006295
147	LdDocent_Contig_24682_102	0	1	0.989688	0.993872	0.006473	0.002394
147	LdDocent_Contig_24682_102	1	2	0.010312	0.006128	0.006473	0.002394
148	LdDocent_Contig_58399_344	0	1	0.998059	0.993059	0.002739	0.002525
148	LdDocent_Contig_58399_344	1	2	0.001941	0.006941	0.002739	0.002525
149	LdDocent_Contig_96131_349	0	1	0.983396	0.986312	0.008672	0.003633
149	LdDocent_Contig_96131_349	1	2	0.016604	0.013688	0.008672	0.003633
150	LdDocent_Contig_1778_125	0	1	0.997918	0.899754	0.002929	0.009006
150	LdDocent_Contig_1778_125	1	2	0.002082	0.100246	0.002929	0.009006
151	LdDocent_Contig_5879_36	0	1	0.012038	0.985050	0.007785	0.003764
151	LdDocent_Contig_5879_36	1	2	0.987962	0.014950	0.007785	0.003764
152	LdDocent_Contig_817_11	0	1	0.006035	0.499945	0.004899	0.015165
152	LdDocent_Contig_817_11	1	2	0.993965	0.500055	0.004899	0.015165
153	LdDocent_Contig_1583_367	0	1	0.974827	0.981243	0.020152	0.004001
153	LdDocent_Contig_1583_367	1	2	0.025173	0.018757	0.020152	0.004001
154	LdDocent_Contig_69820_346	0	1	0.997729	0.977216	0.003197	0.004867
154	LdDocent_Contig_69820_346	1	2	0.002271	0.022784	0.003197	0.004867
155	LdDocent_Contig_87373_403	0	1	0.997661	0.967088	0.003290	0.005669
155	LdDocent_Contig_87373_403	1	2	0.002339	0.032912	0.003290	0.005669
156	LdDocent_Contig_38475_385	0	1	0.853401	0.995904	0.022478	0.001931
156	LdDocent_Contig_38475_385	1	2	0.146599	0.004096	0.022478	0.001931
157	LdDocent_Contig_254_411	0	1	0.002015	0.994630	0.002842	0.002319
157	LdDocent_Contig_254_411	1	2	0.997985	0.005370	0.002842	0.002319
158	LdDocent_Contig_1756_66	0	1	0.997920	0.986074	0.002922	0.003412
158	LdDocent_Contig_1756_66	1	2	0.002080	0.013926	0.002922	0.003412
159	LdDocent_Contig_50102_11	0	1	0.997847	0.993176	0.003036	0.002482
159	LdDocent_Contig_50102_11	1	2	0.002153	0.006824	0.003036	0.002482
160	LdDocent_Contig_96122_73	0	1	0.997795	0.973643	0.003114	0.005144
160	LdDocent_Contig_96122_73	1	2	0.002205	0.026357	0.003114	0.005144
161	LdDocent_Contig_18110_444	0	1	0.969319	0.997519	0.011123	0.001564
161	LdDocent_Contig_18110_444	1	2	0.030681	0.002481	0.011123	0.001564
162	LdDocent_Contig_31740_120	0	1	0.700231	0.998687	0.028527	0.001073
162	LdDocent_Contig_31740_120	1	2	0.299769	0.001313	0.028527	0.001073
163	LdDocent_Contig_14381_322	0	1	0.993592	0.946046	0.005203	0.006698
163	LdDocent_Contig_14381_322	1	2	0.006408	0.053954	0.005203	0.006698
164	LdDocent_Contig_17761_455	0	1	0.996745	0.990638	0.004587	0.002876
164	LdDocent_Contig_17761_455	1	2	0.003255	0.009362	0.004587	0.002876
165	LdDocent_Contig_36665_42	0	1	0.965941	0.999511	0.011520	0.000690
165	LdDocent_Contig_36665_42	1	2	0.034059	0.000489	0.011520	0.000690
166	LdDocent_Contig_22759_67	0	1	0.997578	0.987995	0.003416	0.003372
166	LdDocent_Contig_22759_67	1	2	0.002422	0.012005	0.003416	0.003372
167	LdDocent_Contig_7411_142	0	1	0.006455	0.999355	0.005257	0.000846
167	LdDocent_Contig_7411_142	1	2	0.993545	0.000645	0.005257	0.000846
168	LdDocent_Contig_31_430	0	1	0.997891	0.969940	0.002970	0.005119
168	LdDocent_Contig_31_430	1	2	0.002109	0.030060	0.002970	0.005119
169	LdDocent_Contig_83082_314	0	1	0.997860	0.988293	0.002994	0.003178
169	LdDocent_Contig_83082_314	1	2	0.002140	0.011707	0.002994	0.003178
170	LdDocent_Contig_27577_415	0	1	0.997485	0.955027	0.003541	0.006370
170	LdDocent_Contig_27577_415	1	2	0.002515	0.044973	0.003541	0.006370
171	LdDocent_Contig_2220_13	0	1	0.997544	0.979486	0.003461	0.004483
171	LdDocent_Contig_2220_13	1	2	0.002456	0.020514	0.003461	0.004483
172	LdDocent_Contig_6049_412	0	1	0.997795	0.982798	0.003114	0.004198
172	LdDocent_Contig_6049_412	1	2	0.002205	0.017202	0.003114	0.004198
173	LdDocent_Contig_15676_383	0	1	0.997920	0.993243	0.002936	0.002458
173	LdDocent_Contig_15676_383	1	2	0.002080	0.006757	0.002936	0.002458
174	LdDocent_Contig_24356_62	0	1	0.997391	0.983995	0.003653	0.004038
174	LdDocent_Contig_24356_62	1	2	0.002609	0.016005	0.003653	0.004038
175	LdDocent_Contig_2305_392	0	1	0.002374	0.595247	0.003340	0.015679
175	LdDocent_Contig_2305_392	1	2	0.997626	0.404753	0.003340	0.015679
176	LdDocent_Contig_65678_140	0	1	0.989718	0.988417	0.006455	0.003254
176	LdDocent_Contig_65678_140	1	2	0.010282	0.011583	0.006455	0.003254
177	LdDocent_Contig_1869_438	0	1	0.011053	0.998674	0.006939	0.001184
177	LdDocent_Contig_1869_438	1	2	0.988947	0.001326	0.006939	0.001184
178	LdDocent_Contig_3716_93	0	1	0.993922	0.952042	0.004952	0.006719
178	LdDocent_Contig_3716_93	1	2	0.006078	0.047958	0.004952	0.006719
179	LdDocent_Contig_67838_468	0	1	0.992956	0.992245	0.005712	0.002817
179	LdDocent_Contig_67838_468	1	2	0.007044	0.007755	0.005712	0.002817
180	LdDocent_Contig_3685_365	0	1	0.998085	0.992669	0.002701	0.002506
180	LdDocent_Contig_3685_365	1	2	0.001915	0.007331	0.002701	0.002506
181	LdDocent_Contig_95524_427	0	1	0.995085	0.986101	0.006444	0.003544
181	LdDocent_Contig_95524_427	1	2	0.004915	0.013899	0.006444	0.003544
182	LdDocent_Contig_5004_363	0	1	0.053218	0.997525	0.016020	0.001574
182	LdDocent_Contig_5004_363	1	2	0.946782	0.002475	0.016020	0.001574
183	LdDocent_Contig_80193_479	0	1	0.997914	0.980969	0.002947	0.004063
183	LdDocent_Contig_80193_479	1	2	0.002086	0.019031	0.002947	0.004063
184	LdDocent_Contig_6351_135	0	1	0.997803	0.992955	0.003102	0.002405
184	LdDocent_Contig_6351_135	1	2	0.002197	0.007045	0.003102	0.002405
185	LdDocent_Contig_90078_108	0	1	0.992220	0.954552	0.006051	0.006169
185	LdDocent_Contig_90078_108	1	2	0.007780	0.045448	0.006051	0.006169
186	LdDocent_Contig_61554_18	0	1	0.998008	0.983388	0.002813	0.003829
186	LdDocent_Contig_61554_18	1	2	0.001992	0.016612	0.002813	0.003829
187	LdDocent_Contig_3636_417	0	1	0.837713	0.999204	0.024402	0.001002
187	LdDocent_Contig_3636_417	1	2	0.162287	0.000796	0.024402	0.001002
188	LdDocent_Contig_14495_139	0	1	0.871722	0.999483	0.022051	0.000729
188	LdDocent_Contig_14495_139	1	2	0.128278	0.000517	0.022051	0.000729
189	LdDocent_Contig_75545_417	0	1	0.998154	0.984771	0.002610	0.003611
189	LdDocent_Contig_75545_417	1	2	0.001846	0.015229	0.002610	0.003611
190	LdDocent_Contig_7113_415	0	1	0.983857	0.995804	0.008517	0.002023
190	LdDocent_Contig_7113_415	1	2	0.016143	0.004196	0.008517	0.002023
191	LdDocent_Contig_63523_351	0	2	0.997875	0.984579	0.003002	0.003764
191	LdDocent_Contig_63523_351	1	1	0.002125	0.015421	0.003002	0.003764
192	LdDocent_Contig_68650_396	0	1	0.997825	0.991587	0.003067	0.002873
192	LdDocent_Contig_68650_396	1	2	0.002175	0.008413	0.003067	0.002873
193	LdDocent_Contig_95282_414	0	1	0.918835	0.996846	0.017162	0.001683
193	LdDocent_Contig_95282_414	1	2	0.081165	0.003154	0.017162	0.001683
194	LdDocent_Contig_6009_395	0	1	0.965790	0.999540	0.011503	0.000650
194	LdDocent_Contig_6009_395	1	2	0.034210	0.000460	0.011503	0.000650
195	LdDocent_Contig_13473_79	0	1	0.953658	0.998474	0.013976	0.001243
195	LdDocent_Contig_13473_79	1	2	0.046342	0.001526	0.013976	0.001243
196	LdDocent_Contig_91203_358	0	1	0.002104	0.997029	0.002961	0.001588
196	LdDocent_Contig_91203_358	1	2	0.997896	0.002971	0.002961	0.001588
197	LdDocent_Contig_6159_50	0	1	0.953789	0.989631	0.013905	0.003183
197	LdDocent_Contig_6159_50	1	2	0.046211	0.010369	0.013905	0.003183
198	LdDocent_Contig_5360_85	0	1	0.997714	0.979331	0.003169	0.004235
198	LdDocent_Contig_5360_85	1	2	0.002286	0.020669	0.003169	0.004235
199	LdDocent_Contig_79592_414	0	1	0.997846	0.986707	0.003037	0.003591
199	LdDocent_Contig_79592_414	1	2	0.002154	0.013293	0.003037	0.003591
