775801_sweeps	1.000/0.000/0.000/0.000	0.000/0.000/0.000/1.000	0.000/0.500/0.500/0.000	0.250/0.250/0.250/0.250	0.500/0.250/0.250/0.000	0.000/0.250/0.250/0.500
1	0.00000	0.99988	0.00000	0.00000	0.00000	0.00012
2	0.00000	0.99996	0.00000	0.00000	0.00000	0.00004
3	0.00000	0.99992	0.00000	0.00000	0.00000	0.00008
4	0.00000	0.97644	0.00000	0.00041	0.00000	0.02315
5	0.00000	0.99997	0.00000	0.00000	0.00000	0.00003
6	0.00000	0.99992	0.00000	0.00000	0.00000	0.00008
7	0.00000	0.99993	0.00000	0.00000	0.00000	0.00007
8	0.00000	0.97882	0.00000	0.00000	0.00000	0.02118
9	0.00000	0.99997	0.00000	0.00000	0.00000	0.00003
10	0.00000	0.00000	0.07423	0.11567	0.81008	0.00001
11	0.99997	0.00000	0.00000	0.00000	0.00003	0.00000
12	0.00000	0.84059	0.00000	0.01574	0.00000	0.14367
13	0.00000	0.99971	0.00000	0.00000	0.00000	0.00029
14	0.00000	0.99999	0.00000	0.00000	0.00000	0.00001
15	0.00000	0.99999	0.00000	0.00000	0.00000	0.00001
16	0.00000	0.93613	0.00000	0.00271	0.00000	0.06116
17	0.99877	0.00000	0.00000	0.00000	0.00123	0.00000
18	0.97613	0.00000	0.00000	0.00056	0.02330	0.00000
19	0.00000	0.95372	0.00000	0.00143	0.00000	0.04485
20	0.99871	0.00000	0.00000	0.00000	0.00129	0.00000
21	0.00000	0.00045	0.00142	0.54000	0.00075	0.45738
22	0.00000	0.99871	0.00000	0.00000	0.00000	0.00129
23	0.99563	0.00000	0.00000	0.00001	0.00436	0.00000
24	0.99998	0.00000	0.00000	0.00000	0.00002	0.00000
25	0.99999	0.00000	0.00000	0.00000	0.00001	0.00000
26	0.00000	0.99992	0.00000	0.00000	0.00000	0.00008
27	0.00000	0.99984	0.00000	0.00000	0.00000	0.00016
28	0.00000	0.01180	0.00000	0.00008	0.00000	0.98812
29	0.00000	0.99996	0.00000	0.00000	0.00000	0.00004
30	0.99980	0.00000	0.00000	0.00000	0.00020	0.00000
31	0.99883	0.00000	0.00000	0.00000	0.00117	0.00000
32	0.00000	0.67054	0.00000	0.01202	0.00000	0.31744
33	0.97846	0.00000	0.00000	0.00011	0.02143	0.00000
34	0.00000	0.63809	0.00304	0.08589	0.00065	0.27233
35	0.00000	0.93723	0.00000	0.00259	0.00000	0.06018
36	0.00000	0.99810	0.00000	0.00000	0.00000	0.00190
37	0.99971	0.00000	0.00000	0.00000	0.00029	0.00000
38	0.99980	0.00000	0.00000	0.00000	0.00020	0.00000
39	0.00000	0.99853	0.00000	0.00000	0.00000	0.00147
40	0.00000	0.99416	0.00000	0.00000	0.00000	0.00584
41	0.00000	0.99995	0.00000	0.00000	0.00000	0.00005
42	0.00000	0.99994	0.00000	0.00000	0.00000	0.00006
43	0.52020	0.00000	0.00000	0.00001	0.47979	0.00000
44	0.00000	0.99973	0.00000	0.00000	0.00000	0.00027
45	0.99994	0.00000	0.00000	0.00000	0.00006	0.00000
46	0.00000	0.21978	0.00000	0.00018	0.00000	0.78004
47	0.00000	0.14817	0.00000	0.00014	0.00000	0.85168
48	0.99981	0.00000	0.00000	0.00000	0.00019	0.00000
49	0.99931	0.00000	0.00000	0.00000	0.00069	0.00000
50	0.00000	0.94084	0.00000	0.00210	0.00000	0.05707
51	0.00000	0.99983	0.00000	0.00000	0.00000	0.00017
52	0.00000	0.99996	0.00000	0.00000	0.00000	0.00004
53	0.09388	0.00000	0.00000	0.05038	0.85573	0.00000
54	0.00000	0.99994	0.00000	0.00000	0.00000	0.00006
55	0.00000	0.99983	0.00000	0.00000	0.00000	0.00017
56	0.55348	0.00000	0.00035	0.14049	0.30561	0.00006
57	0.00000	0.99919	0.00000	0.00000	0.00000	0.00081
58	0.00000	0.99994	0.00000	0.00000	0.00000	0.00006
59	0.00000	0.99781	0.00000	0.00000	0.00000	0.00219
60	0.00000	0.99975	0.00000	0.00000	0.00000	0.00025
61	0.00000	0.99996	0.00000	0.00000	0.00000	0.00004
62	0.00000	0.99373	0.00000	0.00000	0.00000	0.00627
63	0.00000	0.99558	0.00000	0.00000	0.00000	0.00441
64	0.00000	0.99999	0.00000	0.00000	0.00000	0.00001
65	0.00000	0.99905	0.00000	0.00000	0.00000	0.00095
66	0.99997	0.00000	0.00000	0.00000	0.00003	0.00000
67	0.00000	0.99976	0.00000	0.00000	0.00000	0.00024
68	0.00000	0.99964	0.00000	0.00000	0.00000	0.00036
69	0.00043	0.51666	0.10749	0.09352	0.02636	0.25553
70	0.00000	0.99824	0.00000	0.00000	0.00000	0.00176
71	0.00000	0.99997	0.00000	0.00000	0.00000	0.00003
72	0.00000	0.99943	0.00000	0.00000	0.00000	0.00057
73	0.00000	0.99890	0.00000	0.00000	0.00000	0.00110
74	0.00000	0.99990	0.00000	0.00000	0.00000	0.00010
75	0.00000	0.99995	0.00000	0.00000	0.00000	0.00005
76	0.00000	0.99991	0.00000	0.00000	0.00000	0.00009
77	0.99995	0.00000	0.00000	0.00000	0.00005	0.00000
78	0.99986	0.00000	0.00000	0.00000	0.00014	0.00000
79	0.99993	0.00000	0.00000	0.00000	0.00007	0.00000
80	0.00000	0.00001	0.00000	0.98576	0.00001	0.01423
81	0.00000	0.99983	0.00000	0.00000	0.00000	0.00017
82	0.57456	0.00001	0.00167	0.13982	0.28310	0.00083
83	0.99995	0.00000	0.00000	0.00000	0.00005	0.00000
84	0.00000	0.99987	0.00000	0.00000	0.00000	0.00013
85	0.99999	0.00000	0.00000	0.00000	0.00001	0.00000
86	0.99947	0.00000	0.00000	0.00000	0.00053	0.00000
87	0.00000	0.99993	0.00000	0.00000	0.00000	0.00007
88	1.00000	0.00000	0.00000	0.00000	0.00000	0.00000
89	0.00000	0.99987	0.00000	0.00000	0.00000	0.00013
90	0.00000	0.99981	0.00000	0.00000	0.00000	0.00019
91	0.99830	0.00000	0.00000	0.00000	0.00169	0.00000
92	0.00000	0.00000	0.00395	0.05324	0.00000	0.94281
93	0.00000	0.99994	0.00000	0.00000	0.00000	0.00006
94	0.94627	0.00000	0.00000	0.00141	0.05232	0.00000
95	0.00000	0.99997	0.00000	0.00000	0.00000	0.00003
96	0.00000	0.95199	0.00000	0.00000	0.00000	0.04801
97	0.99992	0.00000	0.00000	0.00000	0.00008	0.00000
98	0.00000	0.99922	0.00000	0.00000	0.00000	0.00078
99	0.00494	0.21945	0.24068	0.17921	0.12497	0.23074
100	0.00000	0.99995	0.00000	0.00000	0.00000	0.00005
101	0.00000	0.99993	0.00000	0.00000	0.00000	0.00007
102	0.00000	0.99100	0.00000	0.00005	0.00000	0.00896
103	0.00000	0.99986	0.00000	0.00000	0.00000	0.00014
104	0.00000	0.99646	0.00000	0.00000	0.00000	0.00354
105	0.00000	0.91993	0.00007	0.00479	0.00000	0.07520
106	0.00000	0.99996	0.00000	0.00000	0.00000	0.00004
107	0.00000	0.99988	0.00000	0.00000	0.00000	0.00012
108	0.99966	0.00000	0.00000	0.00000	0.00034	0.00000
109	0.00000	0.99948	0.00000	0.00000	0.00000	0.00052
110	0.00000	0.99998	0.00000	0.00000	0.00000	0.00002
111	0.00000	0.99982	0.00000	0.00000	0.00000	0.00018
112	0.99994	0.00000	0.00000	0.00000	0.00006	0.00000
113	0.88029	0.00000	0.00000	0.00157	0.11813	0.00000
114	0.00000	0.99755	0.00000	0.00000	0.00000	0.00245
115	0.00000	0.99978	0.00000	0.00000	0.00000	0.00022
116	0.96882	0.00000	0.00000	0.00000	0.03118	0.00000
117	0.00000	0.99988	0.00000	0.00000	0.00000	0.00012
118	0.99173	0.00000	0.00000	0.00000	0.00827	0.00000
119	0.99934	0.00000	0.00000	0.00000	0.00066	0.00000
120	0.00000	0.99953	0.00000	0.00000	0.00000	0.00047
121	0.00000	0.99994	0.00000	0.00000	0.00000	0.00006
122	0.00000	0.99998	0.00000	0.00000	0.00000	0.00002
123	0.28402	0.00000	0.00005	0.38884	0.32702	0.00007
124	0.00000	0.99970	0.00000	0.00000	0.00000	0.00030
125	0.00000	0.99296	0.00000	0.00001	0.00000	0.00702
126	0.00000	0.99999	0.00000	0.00000	0.00000	0.00001
127	0.00000	0.99993	0.00000	0.00000	0.00000	0.00007
128	0.00000	0.99960	0.00000	0.00000	0.00000	0.00040
129	0.00000	0.99321	0.00000	0.00002	0.00000	0.00676
130	0.00000	0.04832	0.00000	0.00323	0.00000	0.94845
131	0.34167	0.00000	0.00000	0.00060	0.65772	0.00000
132	0.00000	0.99996	0.00000	0.00000	0.00000	0.00004
133	0.00000	0.99992	0.00000	0.00000	0.00000	0.00008
134	0.00000	0.99978	0.00000	0.00000	0.00000	0.00022
135	0.00000	0.99984	0.00000	0.00000	0.00000	0.00016
136	0.00000	0.99999	0.00000	0.00000	0.00000	0.00001
137	0.00000	0.98763	0.00000	0.00000	0.00000	0.01237
138	0.98938	0.00000	0.00000	0.00004	0.01058	0.00000
139	0.99943	0.00000	0.00000	0.00000	0.00057	0.00000
140	0.99977	0.00000	0.00000	0.00000	0.00023	0.00000
141	0.47233	0.00000	0.00000	0.03215	0.49552	0.00000
142	0.99425	0.00000	0.00000	0.00000	0.00575	0.00000
143	0.00000	0.99938	0.00000	0.00000	0.00000	0.00062
144	0.99824	0.00000	0.00000	0.00000	0.00176	0.00000
145	0.99857	0.00000	0.00000	0.00000	0.00143	0.00000
146	0.99965	0.00000	0.00000	0.00000	0.00035	0.00000
147	0.99871	0.00000	0.00000	0.00000	0.00129	0.00000
148	0.99996	0.00000	0.00000	0.00000	0.00004	0.00000
149	0.99872	0.00000	0.00000	0.00000	0.00128	0.00000
150	0.99970	0.00000	0.00000	0.00000	0.00030	0.00000
151	0.00000	0.99906	0.00000	0.00000	0.00000	0.00094
152	0.00076	0.42240	0.12976	0.13139	0.04164	0.27407
153	0.00000	0.99800	0.00000	0.00000	0.00000	0.00200
154	0.00000	0.99976	0.00000	0.00000	0.00000	0.00024
155	0.00000	0.99751	0.00000	0.00000	0.00000	0.00249
156	0.00000	0.99965	0.00000	0.00000	0.00000	0.00035
157	0.00000	0.99989	0.00000	0.00000	0.00000	0.00011
158	0.00000	0.99983	0.00000	0.00000	0.00000	0.00017
159	0.00000	0.99629	0.00000	0.00000	0.00000	0.00371
160	0.00000	0.99930	0.00000	0.00000	0.00000	0.00070
161	0.00000	0.99999	0.00000	0.00000	0.00000	0.00001
162	0.99000	0.00000	0.00000	0.00000	0.01000	0.00000
163	0.00000	0.99999	0.00000	0.00000	0.00000	0.00001
164	0.00000	0.99953	0.00000	0.00000	0.00000	0.00047
165	0.00000	0.95921	0.00000	0.00121	0.00000	0.03958
166	0.99997	0.00000	0.00000	0.00000	0.00003	0.00000
167	0.99414	0.00000	0.00000	0.00000	0.00586	0.00000
168	0.99932	0.00000	0.00000	0.00000	0.00068	0.00000
169	0.00000	0.99975	0.00000	0.00000	0.00000	0.00025
170	0.00000	0.99812	0.00000	0.00000	0.00000	0.00188
171	0.00000	0.99992	0.00000	0.00000	0.00000	0.00008
172	0.00000	0.99991	0.00000	0.00000	0.00000	0.00009
173	0.99953	0.00000	0.00000	0.00000	0.00047	0.00000
174	0.00000	0.99996	0.00000	0.00000	0.00000	0.00004
175	0.00000	0.99319	0.00000	0.00001	0.00000	0.00680
176	0.00000	0.99936	0.00000	0.00000	0.00000	0.00064
177	0.00000	0.92917	0.00000	0.00001	0.00000	0.07081
178	0.99989	0.00000	0.00000	0.00000	0.00011	0.00000
179	0.99972	0.00000	0.00000	0.00000	0.00028	0.00000
180	0.00000	0.99997	0.00000	0.00000	0.00000	0.00003
181	0.00000	0.99994	0.00000	0.00000	0.00000	0.00006
182	0.99971	0.00000	0.00000	0.00000	0.00029	0.00000
183	0.00000	0.99992	0.00000	0.00000	0.00000	0.00008
184	0.00000	0.99987	0.00000	0.00000	0.00000	0.00013
185	0.00000	0.99999	0.00000	0.00000	0.00000	0.00001
186	0.99624	0.00000	0.00000	0.00000	0.00376	0.00000
187	0.00000	0.99986	0.00000	0.00000	0.00000	0.00014
188	0.00000	0.68545	0.00000	0.00028	0.00000	0.31427
189	0.00000	0.99933	0.00000	0.00000	0.00000	0.00067
190	0.00000	0.99146	0.00000	0.00003	0.00000	0.00851
191	0.99981	0.00000	0.00000	0.00000	0.00019	0.00000
192	0.99991	0.00000	0.00000	0.00000	0.00009	0.00000
193	0.99405	0.00000	0.00000	0.00000	0.00595	0.00000
194	0.00000	0.99982	0.00000	0.00000	0.00000	0.00018
195	0.00000	0.99886	0.00000	0.00000	0.00000	0.00114
196	0.00000	0.99991	0.00000	0.00000	0.00000	0.00009
197	0.00000	0.99591	0.00000	0.00001	0.00000	0.00408
198	0.00000	0.99994	0.00000	0.00000	0.00000	0.00006
199	0.00000	0.99977	0.00000	0.00000	0.00000	0.00023
200	0.00000	0.00000	0.99874	0.00104	0.00004	0.00018
201	0.00000	0.98811	0.00000	0.00000	0.00000	0.01189
202	0.00000	0.99990	0.00000	0.00000	0.00000	0.00010
203	0.00000	0.70674	0.00104	0.05751	0.00017	0.23454
204	0.00000	0.99957	0.00000	0.00000	0.00000	0.00043
205	0.00000	0.99988	0.00000	0.00000	0.00000	0.00012
206	0.00000	1.00000	0.00000	0.00000	0.00000	0.00000
207	0.00000	0.99979	0.00000	0.00000	0.00000	0.00021
208	0.00000	0.99997	0.00000	0.00000	0.00000	0.00003
209	0.00000	0.99998	0.00000	0.00000	0.00000	0.00002
210	0.00000	0.99993	0.00000	0.00000	0.00000	0.00007
211	0.00000	0.98475	0.00000	0.00000	0.00000	0.01525
212	0.00000	0.99739	0.00000	0.00000	0.00000	0.00261
213	0.64372	0.00000	0.00000	0.00020	0.35607	0.00000
214	0.97055	0.00000	0.00000	0.00015	0.02930	0.00000
215	0.00000	0.99560	0.00000	0.00000	0.00000	0.00440
216	0.00000	0.99482	0.00000	0.00000	0.00000	0.00518
217	0.00000	0.99988	0.00000	0.00000	0.00000	0.00012
218	0.00000	0.99978	0.00000	0.00000	0.00000	0.00022
219	0.00000	0.99987	0.00000	0.00000	0.00000	0.00013
220	0.00018	0.56204	0.07265	0.08888	0.01672	0.25954
221	0.00000	0.99945	0.00000	0.00000	0.00000	0.00055
222	0.00000	0.99811	0.00000	0.00000	0.00000	0.00188
223	0.00000	0.99214	0.00000	0.00005	0.00000	0.00781
224	0.00000	0.99936	0.00000	0.00000	0.00000	0.00064
225	0.00000	0.99995	0.00000	0.00000	0.00000	0.00005
226	0.99982	0.00000	0.00000	0.00000	0.00018	0.00000
227	0.00000	0.99998	0.00000	0.00000	0.00000	0.00002
228	0.00000	0.99689	0.00000	0.00000	0.00000	0.00311
229	0.83257	0.00000	0.00044	0.02447	0.14244	0.00008
230	0.00000	0.99914	0.00000	0.00000	0.00000	0.00086
231	0.00000	0.99997	0.00000	0.00000	0.00000	0.00003
232	0.00000	0.98284	0.00000	0.00021	0.00000	0.01695
233	0.99974	0.00000	0.00000	0.00000	0.00026	0.00000
234	0.00000	0.99813	0.00000	0.00000	0.00000	0.00186
235	0.00000	0.98324	0.00000	0.00000	0.00000	0.01676
236	0.00000	0.99966	0.00000	0.00000	0.00000	0.00034
237	0.00000	0.99845	0.00000	0.00000	0.00000	0.00155
238	0.00000	0.99903	0.00000	0.00000	0.00000	0.00097
239	0.99988	0.00000	0.00000	0.00000	0.00012	0.00000
240	0.99996	0.00000	0.00000	0.00000	0.00004	0.00000
241	0.99967	0.00000	0.00000	0.00000	0.00033	0.00000
242	0.99945	0.00000	0.00000	0.00000	0.00055	0.00000
243	0.00000	0.99967	0.00000	0.00000	0.00000	0.00033
244	0.99984	0.00000	0.00000	0.00000	0.00016	0.00000
245	0.99996	0.00000	0.00000	0.00000	0.00004	0.00000
246	0.00000	0.99992	0.00000	0.00000	0.00000	0.00008
247	0.00000	0.99995	0.00000	0.00000	0.00000	0.00005
248	0.00000	0.99857	0.00000	0.00000	0.00000	0.00142
249	0.00000	0.89921	0.00000	0.00007	0.00000	0.10073
250	0.00000	0.99967	0.00000	0.00000	0.00000	0.00033
251	0.00000	0.99994	0.00000	0.00000	0.00000	0.00006
252	0.00000	0.99999	0.00000	0.00000	0.00000	0.00001
253	0.00000	0.99938	0.00000	0.00000	0.00000	0.00062
254	0.00000	0.99942	0.00000	0.00000	0.00000	0.00058
255	0.00000	0.99998	0.00000	0.00000	0.00000	0.00002
256	0.00000	0.85442	0.00000	0.00676	0.00000	0.13882
257	0.00000	0.99989	0.00000	0.00000	0.00000	0.00011
258	0.00000	0.99983	0.00000	0.00000	0.00000	0.00017
259	0.00000	0.99988	0.00000	0.00000	0.00000	0.00012
260	0.00000	0.98124	0.00000	0.00025	0.00000	0.01851
261	0.00000	0.99985	0.00000	0.00000	0.00000	0.00015
262	0.00000	0.99932	0.00000	0.00000	0.00000	0.00068
263	0.00000	0.99997	0.00000	0.00000	0.00000	0.00003
264	0.00000	0.99999	0.00000	0.00000	0.00000	0.00001
265	0.03095	0.00000	0.00018	0.46108	0.50768	0.00011
266	0.00000	0.99997	0.00000	0.00000	0.00000	0.00003
267	0.00000	0.99944	0.00000	0.00000	0.00000	0.00056
268	0.00000	0.99975	0.00000	0.00000	0.00000	0.00025
269	0.00000	0.99146	0.00000	0.00003	0.00000	0.00851
270	0.00000	0.99984	0.00000	0.00000	0.00000	0.00016
271	0.00000	0.99999	0.00000	0.00000	0.00000	0.00001
272	0.00000	0.99984	0.00000	0.00000	0.00000	0.00016
273	0.00000	0.99912	0.00000	0.00000	0.00000	0.00088
274	0.00000	0.99991	0.00000	0.00000	0.00000	0.00009
275	0.00000	0.99972	0.00000	0.00000	0.00000	0.00028
276	0.00000	0.99086	0.00000	0.00000	0.00000	0.00914
277	0.00000	0.99274	0.00000	0.00001	0.00000	0.00726
278	0.00000	0.99969	0.00000	0.00000	0.00000	0.00031
279	0.00000	0.99972	0.00000	0.00000	0.00000	0.00028
280	0.00000	0.99957	0.00000	0.00000	0.00000	0.00043
281	0.00000	0.99877	0.00000	0.00000	0.00000	0.00123
282	0.00000	0.99999	0.00000	0.00000	0.00000	0.00001
283	0.99997	0.00000	0.00000	0.00000	0.00003	0.00000
284	0.00000	0.98967	0.00000	0.00007	0.00000	0.01026
285	0.00000	0.99948	0.00000	0.00000	0.00000	0.00052
286	0.00000	0.99997	0.00000	0.00000	0.00000	0.00003
287	0.00000	0.99981	0.00000	0.00000	0.00000	0.00019
288	0.00000	0.99994	0.00000	0.00000	0.00000	0.00006
289	0.00000	0.08943	0.00000	0.00041	0.00000	0.91015
290	0.00000	0.98778	0.00000	0.00002	0.00000	0.01219
291	0.00000	0.99991	0.00000	0.00000	0.00000	0.00009
292	0.00000	0.98283	0.00000	0.00000	0.00000	0.01717
293	0.00000	0.99909	0.00000	0.00000	0.00000	0.00091
294	0.00000	0.99997	0.00000	0.00000	0.00000	0.00003
295	0.00000	0.99859	0.00000	0.00000	0.00000	0.00141
296	0.99991	0.00000	0.00000	0.00000	0.00009	0.00000
297	0.31236	0.06263	0.13980	0.16079	0.22409	0.10033
298	0.00000	0.99986	0.00000	0.00000	0.00000	0.00014
299	0.00000	0.97151	0.00000	0.00080	0.00000	0.02770
300	0.99686	0.00000	0.00000	0.00000	0.00314	0.00000
301	0.00000	0.86252	0.00000	0.00010	0.00000	0.13739
302	0.00000	1.00000	0.00000	0.00000	0.00000	0.00000
303	0.00000	0.99968	0.00000	0.00000	0.00000	0.00032
304	0.00000	0.99986	0.00000	0.00000	0.00000	0.00014
305	0.00000	0.99854	0.00000	0.00000	0.00000	0.00146
306	0.00000	0.99991	0.00000	0.00000	0.00000	0.00009
307	0.00000	0.99014	0.00000	0.00003	0.00000	0.00984
308	0.00000	0.99983	0.00000	0.00000	0.00000	0.00017
309	0.00000	0.99928	0.00000	0.00000	0.00000	0.00072
310	0.00000	0.99984	0.00000	0.00000	0.00000	0.00016
311	0.00000	0.99738	0.00000	0.00000	0.00000	0.00262
312	0.00000	0.98926	0.00000	0.00009	0.00000	0.01066
313	0.00000	0.99980	0.00000	0.00000	0.00000	0.00020
314	0.00000	0.99992	0.00000	0.00000	0.00000	0.00008
315	0.00000	0.99985	0.00000	0.00000	0.00000	0.00015
316	0.00000	0.95731	0.00000	0.00002	0.00000	0.04267
317	0.00000	0.99933	0.00000	0.00000	0.00000	0.00067
318	0.00000	0.99946	0.00000	0.00000	0.00000	0.00054
319	0.00000	0.99994	0.00000	0.00000	0.00000	0.00006
320	0.00000	0.99960	0.00000	0.00000	0.00000	0.00040
321	0.00000	0.99969	0.00000	0.00000	0.00000	0.00031
322	0.00000	0.99542	0.00000	0.00000	0.00000	0.00457
323	0.00000	0.99984	0.00000	0.00000	0.00000	0.00016
324	0.00000	0.99022	0.00000	0.00006	0.00000	0.00973
325	0.00000	0.99995	0.00000	0.00000	0.00000	0.00005
326	0.00000	0.97601	0.00000	0.00000	0.00000	0.02398
327	0.00000	0.99818	0.00000	0.00000	0.00000	0.00182
328	0.00000	0.99930	0.00000	0.00000	0.00000	0.00070
329	0.00000	0.90807	0.00000	0.00001	0.00000	0.09192
330	0.00000	0.99753	0.00000	0.00000	0.00000	0.00247
331	0.00000	0.93633	0.00000	0.00291	0.00000	0.06076
332	0.00000	0.99992	0.00000	0.00000	0.00000	0.00008
333	0.00000	0.99983	0.00000	0.00000	0.00000	0.00017
334	0.00000	0.99908	0.00000	0.00000	0.00000	0.00092
335	0.00000	0.99997	0.00000	0.00000	0.00000	0.00003
336	0.00000	0.96282	0.00000	0.00000	0.00000	0.03718
337	0.00000	0.81458	0.00016	0.02370	0.00002	0.16155
338	0.00000	0.99992	0.00000	0.00000	0.00000	0.00008
339	0.00000	0.99928	0.00000	0.00000	0.00000	0.00072
340	0.00000	0.99998	0.00000	0.00000	0.00000	0.00002
341	0.00000	0.00000	0.99952	0.00016	0.00000	0.00031
342	0.00000	0.99953	0.00000	0.00000	0.00000	0.00047
343	0.00000	0.99993	0.00000	0.00000	0.00000	0.00007
344	0.00000	0.01897	0.00000	0.00017	0.00000	0.98085
345	0.00000	0.99342	0.00000	0.00003	0.00000	0.00655
346	0.00000	0.99964	0.00000	0.00000	0.00000	0.00036
347	0.00000	0.96225	0.00000	0.00075	0.00000	0.03700
348	0.00000	0.00001	0.00000	0.00223	0.00000	0.99776
349	0.00000	0.99631	0.00000	0.00000	0.00000	0.00369
350	0.00000	0.98368	0.00000	0.00009	0.00000	0.01623
351	0.00000	0.99993	0.00000	0.00000	0.00000	0.00007
352	0.00000	0.99429	0.00000	0.00002	0.00000	0.00568
353	0.00000	0.99975	0.00000	0.00000	0.00000	0.00025
354	0.00000	0.99843	0.00000	0.00000	0.00000	0.00157
355	0.00015	0.34790	0.04508	0.24520	0.02216	0.33950
356	0.99978	0.00000	0.00000	0.00000	0.00022	0.00000
357	0.00000	0.99988	0.00000	0.00000	0.00000	0.00012
358	0.00000	0.97579	0.00000	0.00018	0.00000	0.02403
359	0.00332	0.27000	0.21841	0.16480	0.09806	0.24542
360	0.00000	0.99986	0.00000	0.00000	0.00000	0.00014
361	0.00000	0.99785	0.00000	0.00000	0.00000	0.00215
362	0.99995	0.00000	0.00000	0.00000	0.00005	0.00000
363	0.99972	0.00000	0.00000	0.00000	0.00028	0.00000
364	0.00000	0.99952	0.00000	0.00000	0.00000	0.00048
365	0.00000	0.99653	0.00000	0.00000	0.00000	0.00347
366	0.00000	0.97939	0.00000	0.00000	0.00000	0.02061
367	0.00000	0.99715	0.00000	0.00000	0.00000	0.00285
368	0.00000	0.99983	0.00000	0.00000	0.00000	0.00017
369	0.99974	0.00000	0.00000	0.00000	0.00026	0.00000
370	0.00000	0.99928	0.00000	0.00000	0.00000	0.00072
371	0.00000	0.99999	0.00000	0.00000	0.00000	0.00001
372	0.00000	0.99870	0.00000	0.00000	0.00000	0.00130
373	0.00000	0.99988	0.00000	0.00000	0.00000	0.00012
374	0.00000	0.96723	0.00000	0.00070	0.00000	0.03206
375	0.99983	0.00000	0.00000	0.00000	0.00017	0.00000
376	0.00000	0.99722	0.00000	0.00000	0.00000	0.00278
377	0.00575	0.19965	0.24804	0.18542	0.13722	0.22392
378	0.99984	0.00000	0.00000	0.00000	0.00016	0.00000
379	0.98237	0.00000	0.00000	0.00011	0.01752	0.00000
380	0.00000	0.99996	0.00000	0.00000	0.00000	0.00004
381	0.00000	0.99992	0.00000	0.00000	0.00000	0.00008
382	0.00000	0.99991	0.00000	0.00000	0.00000	0.00009
383	0.99941	0.00000	0.00000	0.00000	0.00059	0.00000
384	0.00000	0.99980	0.00000	0.00000	0.00000	0.00020
385	0.00000	0.99941	0.00000	0.00000	0.00000	0.00059
386	0.00000	0.99941	0.00000	0.00000	0.00000	0.00059
387	0.00000	0.99944	0.00000	0.00000	0.00000	0.00056
388	0.99648	0.00000	0.00000	0.00001	0.00352	0.00000
389	0.00000	0.99909	0.00000	0.00000	0.00000	0.00091
390	0.00000	0.99988	0.00000	0.00000	0.00000	0.00012
391	0.00000	0.99977	0.00000	0.00000	0.00000	0.00023
392	0.00000	0.97019	0.00000	0.00058	0.00000	0.02924
393	0.00000	0.99264	0.00000	0.00003	0.00000	0.00733
394	0.00000	0.99851	0.00000	0.00000	0.00000	0.00149
395	0.00000	0.99997	0.00000	0.00000	0.00000	0.00003
396	0.00000	0.99997	0.00000	0.00000	0.00000	0.00003
397	0.00000	0.99993	0.00000	0.00000	0.00000	0.00007
398	0.00000	0.99996	0.00000	0.00000	0.00000	0.00004
399	0.00000	0.60283	0.00794	0.10074	0.00188	0.28661
400	0.00000	0.99976	0.00000	0.00000	0.00000	0.00024
401	0.00000	0.99995	0.00000	0.00000	0.00000	0.00005
402	0.00489	0.21951	0.23960	0.18003	0.12464	0.23132
403	0.00000	0.99989	0.00000	0.00000	0.00000	0.00011
404	0.00000	0.99994	0.00000	0.00000	0.00000	0.00006
405	0.00000	0.99774	0.00000	0.00000	0.00000	0.00225
406	0.00000	0.99989	0.00000	0.00000	0.00000	0.00011
407	0.00000	0.99990	0.00000	0.00000	0.00000	0.00010
408	0.00000	0.99995	0.00000	0.00000	0.00000	0.00005
409	0.00000	0.99999	0.00000	0.00000	0.00000	0.00001
410	0.00000	0.99998	0.00000	0.00000	0.00000	0.00002
411	0.00000	0.99995	0.00000	0.00000	0.00000	0.00005
412	0.99978	0.00000	0.00000	0.00000	0.00022	0.00000
413	0.00000	0.99966	0.00000	0.00000	0.00000	0.00034
414	0.00000	0.99504	0.00000	0.00001	0.00000	0.00495
415	0.00000	0.99999	0.00000	0.00000	0.00000	0.00001
416	0.00000	0.86971	0.00000	0.01161	0.00000	0.11868
417	0.00000	0.98595	0.00000	0.00004	0.00000	0.01401
418	0.00000	0.99965	0.00000	0.00000	0.00000	0.00035
419	0.00000	0.99995	0.00000	0.00000	0.00000	0.00005
420	0.00000	0.99999	0.00000	0.00000	0.00000	0.00001
421	0.00000	0.99971	0.00000	0.00000	0.00000	0.00029
422	0.00000	0.99907	0.00000	0.00000	0.00000	0.00093
423	0.00000	0.98936	0.00000	0.00007	0.00000	0.01057
424	0.00000	0.95321	0.00000	0.00165	0.00000	0.04514
425	0.00000	0.99310	0.00000	0.00001	0.00000	0.00689
426	0.00000	0.99999	0.00000	0.00000	0.00000	0.00001
427	0.00000	0.99992	0.00000	0.00000	0.00000	0.00008
428	0.00000	0.99905	0.00000	0.00000	0.00000	0.00095
429	0.00000	0.99684	0.00000	0.00000	0.00000	0.00316
430	0.00000	0.99917	0.00000	0.00000	0.00000	0.00083
431	0.00000	0.99933	0.00000	0.00000	0.00000	0.00067
432	0.00000	0.99989	0.00000	0.00000	0.00000	0.00011
433	0.00000	0.99872	0.00000	0.00000	0.00000	0.00128
434	0.00000	0.99931	0.00000	0.00000	0.00000	0.00069
435	0.00000	0.99657	0.00000	0.00001	0.00000	0.00343
436	0.00000	0.99993	0.00000	0.00000	0.00000	0.00007
437	0.99510	0.00000	0.00000	0.00000	0.00490	0.00000
438	0.00000	0.99965	0.00000	0.00000	0.00000	0.00035
439	0.00000	0.99966	0.00000	0.00000	0.00000	0.00034
440	0.00000	0.99966	0.00000	0.00000	0.00000	0.00034
441	0.00000	0.99110	0.00000	0.00001	0.00000	0.00889
442	0.00000	0.99996	0.00000	0.00000	0.00000	0.00004
443	0.00000	0.99982	0.00000	0.00000	0.00000	0.00018
444	0.00000	0.97736	0.00000	0.00000	0.00000	0.02264
445	0.00000	0.99997	0.00000	0.00000	0.00000	0.00003
446	0.00000	0.99962	0.00000	0.00000	0.00000	0.00038
447	0.00000	0.99983	0.00000	0.00000	0.00000	0.00017
448	0.00000	0.92863	0.00000	0.00003	0.00000	0.07134
449	0.00000	0.99986	0.00000	0.00000	0.00000	0.00014
450	0.00000	0.99992	0.00000	0.00000	0.00000	0.00008
451	0.00000	0.99840	0.00000	0.00000	0.00000	0.00160
452	0.00000	0.99991	0.00000	0.00000	0.00000	0.00009
453	0.00023	0.56344	0.07371	0.08814	0.01782	0.25665
454	0.00000	0.99997	0.00000	0.00000	0.00000	0.00003
455	0.00000	0.99997	0.00000	0.00000	0.00000	0.00003
456	0.00000	0.93539	0.00000	0.00256	0.00000	0.06206
457	0.00000	0.99954	0.00000	0.00000	0.00000	0.00046
458	0.00000	0.99833	0.00000	0.00000	0.00000	0.00167
459	0.00000	0.99988	0.00000	0.00000	0.00000	0.00012
460	0.00000	0.99974	0.00000	0.00000	0.00000	0.00026
461	0.99443	0.00000	0.00000	0.00000	0.00557	0.00000
462	0.00000	0.99986	0.00000	0.00000	0.00000	0.00014
463	0.00000	0.99506	0.00000	0.00000	0.00000	0.00494
464	0.00000	0.76655	0.00022	0.04570	0.00006	0.18747
465	0.99757	0.00000	0.00000	0.00000	0.00243	0.00000
466	0.00000	0.99960	0.00000	0.00000	0.00000	0.00040
467	0.00000	0.99995	0.00000	0.00000	0.00000	0.00005
468	0.00000	0.67702	0.00267	0.07228	0.00052	0.24750
469	0.00000	0.99898	0.00000	0.00000	0.00000	0.00102
470	0.00000	0.99941	0.00000	0.00000	0.00000	0.00059
471	0.00000	0.99847	0.00000	0.00000	0.00000	0.00153
472	0.00000	0.99881	0.00000	0.00000	0.00000	0.00119
473	0.00000	0.99913	0.00000	0.00000	0.00000	0.00087
474	0.00000	0.99738	0.00000	0.00000	0.00000	0.00262
475	0.00097	0.40069	0.14292	0.13599	0.04796	0.27147
476	0.00000	0.99994	0.00000	0.00000	0.00000	0.00006
477	0.00000	0.99930	0.00000	0.00000	0.00000	0.00070
478	0.00000	0.99996	0.00000	0.00000	0.00000	0.00004
479	0.00000	0.99999	0.00000	0.00000	0.00000	0.00001
480	0.00000	0.99928	0.00000	0.00000	0.00000	0.00072
481	0.00000	0.99984	0.00000	0.00000	0.00000	0.00016
482	0.00000	0.99990	0.00000	0.00000	0.00000	0.00010
483	0.00000	0.99999	0.00000	0.00000	0.00000	0.00001
484	0.00000	0.99967	0.00000	0.00000	0.00000	0.00033
485	0.00000	0.99984	0.00000	0.00000	0.00000	0.00016
486	0.00000	0.99207	0.00000	0.00000	0.00000	0.00793
487	0.00000	0.99997	0.00000	0.00000	0.00000	0.00003
488	0.00000	0.99792	0.00000	0.00000	0.00000	0.00208
489	0.00000	0.99994	0.00000	0.00000	0.00000	0.00006
490	0.00000	0.99696	0.00000	0.00000	0.00000	0.00304
491	0.00000	0.99779	0.00000	0.00000	0.00000	0.00221
492	0.00000	0.99999	0.00000	0.00000	0.00000	0.00001
493	0.00000	0.99958	0.00000	0.00000	0.00000	0.00042
494	0.00000	0.98791	0.00000	0.00000	0.00000	0.01209
495	0.00001	0.63625	0.04415	0.06312	0.00566	0.25081
496	0.00000	0.99352	0.00000	0.00000	0.00000	0.00647
497	0.00000	0.99988	0.00000	0.00000	0.00000	0.00012
498	0.00000	0.99990	0.00000	0.00000	0.00000	0.00010
499	0.00000	0.99980	0.00000	0.00000	0.00000	0.00020
500	0.00000	0.99972	0.00000	0.00000	0.00000	0.00028
501	0.00000	0.80406	0.00007	0.02419	0.00001	0.17168
502	0.00000	0.99994	0.00000	0.00000	0.00000	0.00006
503	0.00001	0.41217	0.01327	0.21932	0.00560	0.34963
504	0.00000	0.99977	0.00000	0.00000	0.00000	0.00023
505	0.00000	0.99955	0.00000	0.00000	0.00000	0.00045
506	0.00000	0.99806	0.00000	0.00000	0.00000	0.00194
507	0.99525	0.00000	0.00000	0.00001	0.00475	0.00000
508	0.99974	0.00000	0.00000	0.00000	0.00026	0.00000
509	0.00000	0.99948	0.00000	0.00000	0.00000	0.00052
510	0.00000	0.99948	0.00000	0.00000	0.00000	0.00052
511	0.00000	0.99975	0.00000	0.00000	0.00000	0.00025
512	0.00000	0.99842	0.00000	0.00000	0.00000	0.00158
513	0.00000	0.99994	0.00000	0.00000	0.00000	0.00006
514	0.56214	0.00000	0.00000	0.00007	0.43780	0.00000
515	0.00000	0.99862	0.00000	0.00000	0.00000	0.00138
516	0.99996	0.00000	0.00000	0.00000	0.00004	0.00000
517	0.00000	0.78825	0.00082	0.02572	0.00005	0.18516
518	0.00000	0.99970	0.00000	0.00000	0.00000	0.00030
519	0.99998	0.00000	0.00000	0.00000	0.00002	0.00000
520	0.00000	0.99902	0.00000	0.00000	0.00000	0.00098
521	0.00000	0.99994	0.00000	0.00000	0.00000	0.00006
522	0.00000	0.99995	0.00000	0.00000	0.00000	0.00005
523	0.00000	0.99979	0.00000	0.00000	0.00000	0.00021
524	0.00000	0.99999	0.00000	0.00000	0.00000	0.00001
525	0.00000	0.99987	0.00000	0.00000	0.00000	0.00013
526	0.00000	0.99975	0.00000	0.00000	0.00000	0.00025
527	0.00000	0.99488	0.00000	0.00000	0.00000	0.00511
528	0.00000	0.99990	0.00000	0.00000	0.00000	0.00010
529	0.00000	0.98421	0.00000	0.00018	0.00000	0.01560
530	0.00310	0.26966	0.21052	0.17076	0.09636	0.24960
531	0.00000	0.99994	0.00000	0.00000	0.00000	0.00006
532	0.00000	0.99985	0.00000	0.00000	0.00000	0.00015
533	0.00000	0.99609	0.00000	0.00000	0.00000	0.00391
534	0.99821	0.00000	0.00000	0.00000	0.00179	0.00000
535	0.00000	0.99991	0.00000	0.00000	0.00000	0.00009
536	0.00000	0.99986	0.00000	0.00000	0.00000	0.00014
537	0.00000	0.99948	0.00000	0.00000	0.00000	0.00052
538	0.99864	0.00000	0.00000	0.00000	0.00136	0.00000
539	0.00000	0.97065	0.00000	0.00064	0.00000	0.02872
540	0.00000	0.99996	0.00000	0.00000	0.00000	0.00004
541	0.99164	0.00000	0.00000	0.00003	0.00833	0.00000
542	0.99999	0.00000	0.00000	0.00000	0.00001	0.00000
543	0.99861	0.00000	0.00000	0.00000	0.00139	0.00000
544	0.00000	0.99997	0.00000	0.00000	0.00000	0.00003
545	0.00000	0.99939	0.00000	0.00000	0.00000	0.00061
546	0.00000	0.99973	0.00000	0.00000	0.00000	0.00027
547	0.00000	0.99735	0.00000	0.00000	0.00000	0.00265
548	0.00000	0.99959	0.00000	0.00000	0.00000	0.00041
549	0.53253	0.00000	0.00000	0.02067	0.44679	0.00000
550	0.00000	0.99998	0.00000	0.00000	0.00000	0.00002
551	0.00000	0.99908	0.00000	0.00000	0.00000	0.00092
552	0.99974	0.00000	0.00000	0.00000	0.00026	0.00000
553	0.00000	0.99978	0.00000	0.00000	0.00000	0.00022
554	0.00000	0.99683	0.00000	0.00000	0.00000	0.00316
555	0.00000	0.99972	0.00000	0.00000	0.00000	0.00028
556	0.00000	0.99991	0.00000	0.00000	0.00000	0.00009
557	0.00000	0.00000	0.98497	0.01045	0.00004	0.00455
558	0.00000	0.99988	0.00000	0.00000	0.00000	0.00012
559	0.00000	0.99855	0.00000	0.00000	0.00000	0.00145
560	0.99994	0.00000	0.00000	0.00000	0.00006	0.00000
561	0.99991	0.00000	0.00000	0.00000	0.00009	0.00000
562	0.99998	0.00000	0.00000	0.00000	0.00002	0.00000
563	1.00000	0.00000	0.00000	0.00000	0.00000	0.00000
564	0.00000	0.99811	0.00000	0.00000	0.00000	0.00189
565	0.00000	0.99997	0.00000	0.00000	0.00000	0.00003
566	0.99997	0.00000	0.00000	0.00000	0.00003	0.00000
567	0.00000	0.99959	0.00000	0.00000	0.00000	0.00041
568	0.54930	0.00000	0.00136	0.15612	0.29249	0.00073
569	0.99992	0.00000	0.00000	0.00000	0.00008	0.00000
570	0.00000	0.99906	0.00000	0.00000	0.00000	0.00094
571	0.00000	0.99965	0.00000	0.00000	0.00000	0.00035
572	0.00000	0.99974	0.00000	0.00000	0.00000	0.00026
573	0.00000	0.99847	0.00000	0.00000	0.00000	0.00153
574	0.00000	0.91724	0.00000	0.00001	0.00000	0.08275
575	0.00000	0.92506	0.00000	0.00007	0.00000	0.07487
576	0.00000	0.00000	0.00000	0.03733	0.96267	0.00000
577	0.00000	0.99997	0.00000	0.00000	0.00000	0.00003
578	0.99897	0.00000	0.00000	0.00000	0.00103	0.00000
579	0.00000	0.99936	0.00000	0.00000	0.00000	0.00064
580	0.00000	0.82486	0.00000	0.00001	0.00000	0.17513
581	0.00000	0.93344	0.00000	0.00420	0.00000	0.06236
582	0.00000	0.99117	0.00000	0.00000	0.00000	0.00883
583	0.00000	0.99989	0.00000	0.00000	0.00000	0.00011
584	0.00000	0.61990	0.00010	0.09601	0.00002	0.28397
585	0.00000	0.99748	0.00000	0.00000	0.00000	0.00252
586	0.00000	0.13204	0.00000	0.00108	0.00000	0.86689
587	0.00000	0.99997	0.00000	0.00000	0.00000	0.00003
588	0.00000	0.99992	0.00000	0.00000	0.00000	0.00008
589	0.00000	0.99994	0.00000	0.00000	0.00000	0.00006
590	0.00000	0.99998	0.00000	0.00000	0.00000	0.00002
591	0.00000	0.99853	0.00000	0.00000	0.00000	0.00147
592	0.00000	0.96852	0.00000	0.00059	0.00000	0.03089
593	0.00000	0.94061	0.00000	0.00268	0.00000	0.05671
594	0.00000	0.99888	0.00000	0.00000	0.00000	0.00112
595	0.00000	0.99937	0.00000	0.00000	0.00000	0.00063
596	0.00000	0.99966	0.00000	0.00000	0.00000	0.00034
597	0.00000	0.00000	0.00000	0.99870	0.00089	0.00040
598	0.00000	0.99997	0.00000	0.00000	0.00000	0.00003
599	0.00000	0.95058	0.00000	0.00147	0.00000	0.04795
600	0.00000	0.82276	0.00003	0.01761	0.00000	0.15960
601	0.00000	0.99876	0.00000	0.00000	0.00000	0.00124
602	0.00000	0.79232	0.00001	0.03507	0.00000	0.17259
603	0.99832	0.00000	0.00000	0.00000	0.00168	0.00000
604	0.94582	0.00000	0.00000	0.00206	0.05212	0.00000
605	0.00000	0.99788	0.00000	0.00000	0.00000	0.00212
606	0.00000	0.44903	0.00009	0.17241	0.00001	0.37846
607	0.00000	0.99999	0.00000	0.00000	0.00000	0.00001
608	0.00000	0.99980	0.00000	0.00000	0.00000	0.00020
609	0.00000	0.99996	0.00000	0.00000	0.00000	0.00004
610	0.00000	0.99986	0.00000	0.00000	0.00000	0.00014
611	0.75956	0.00000	0.00000	0.00011	0.24033	0.00000
612	0.00000	0.99636	0.00000	0.00000	0.00000	0.00363
613	0.00000	0.99987	0.00000	0.00000	0.00000	0.00013
614	0.00000	0.99973	0.00000	0.00000	0.00000	0.00027
615	0.00000	0.97691	0.00000	0.00039	0.00000	0.02270
616	0.00000	0.99991	0.00000	0.00000	0.00000	0.00009
617	0.00000	0.99835	0.00000	0.00000	0.00000	0.00165
618	0.00000	0.99998	0.00000	0.00000	0.00000	0.00002
619	0.00000	0.99967	0.00000	0.00000	0.00000	0.00033
620	0.00000	0.99834	0.00000	0.00000	0.00000	0.00166
621	0.00000	0.99984	0.00000	0.00000	0.00000	0.00016
622	0.00000	0.99932	0.00000	0.00000	0.00000	0.00068
623	0.00000	0.97285	0.00000	0.00054	0.00000	0.02661
624	0.00000	0.99906	0.00000	0.00000	0.00000	0.00094
625	0.00000	0.99996	0.00000	0.00000	0.00000	0.00004
626	0.00000	0.99241	0.00000	0.00001	0.00000	0.00758
627	0.00000	0.92406	0.00000	0.00413	0.00000	0.07181
628	0.00000	0.99999	0.00000	0.00000	0.00000	0.00001
629	0.00000	0.99996	0.00000	0.00000	0.00000	0.00004
630	0.00000	0.99865	0.00000	0.00000	0.00000	0.00134
631	0.00000	0.99994	0.00000	0.00000	0.00000	0.00006
632	0.00000	0.99990	0.00000	0.00000	0.00000	0.00010
633	0.99998	0.00000	0.00000	0.00000	0.00002	0.00000
634	0.00000	0.99996	0.00000	0.00000	0.00000	0.00004
635	0.00000	0.99989	0.00000	0.00000	0.00000	0.00011
636	0.00000	0.99978	0.00000	0.00000	0.00000	0.00022
637	0.00000	0.70295	0.00017	0.05999	0.00003	0.23686
638	0.00000	0.99659	0.00000	0.00001	0.00000	0.00340
639	0.00000	0.99990	0.00000	0.00000	0.00000	0.00010
640	0.00000	0.99993	0.00000	0.00000	0.00000	0.00007
641	0.00000	0.99996	0.00000	0.00000	0.00000	0.00004
642	0.00000	0.99997	0.00000	0.00000	0.00000	0.00003
643	0.00000	0.99925	0.00000	0.00000	0.00000	0.00074
644	0.00000	0.99987	0.00000	0.00000	0.00000	0.00013
645	0.00000	0.00000	0.00000	0.00090	0.00000	0.99910
646	0.00000	0.99967	0.00000	0.00000	0.00000	0.00033
647	0.00000	0.99895	0.00000	0.00000	0.00000	0.00105
648	0.00000	0.99796	0.00000	0.00000	0.00000	0.00204
649	0.00000	0.99922	0.00000	0.00000	0.00000	0.00078
650	0.00000	0.98637	0.00000	0.00011	0.00000	0.01352
651	0.99947	0.00000	0.00000	0.00000	0.00053	0.00000
652	0.00000	0.99643	0.00000	0.00000	0.00000	0.00357
653	0.00000	0.99998	0.00000	0.00000	0.00000	0.00002
654	0.99800	0.00000	0.00000	0.00000	0.00200	0.00000
655	0.00000	0.99999	0.00000	0.00000	0.00000	0.00001
656	0.00000	0.99702	0.00000	0.00000	0.00000	0.00298
657	0.00000	0.99977	0.00000	0.00000	0.00000	0.00023
658	0.00000	0.99984	0.00000	0.00000	0.00000	0.00016
659	0.00000	0.99946	0.00000	0.00000	0.00000	0.00054
660	0.66253	0.00165	0.03228	0.07350	0.21908	0.01096
661	0.00000	0.99239	0.00000	0.00003	0.00000	0.00758
662	0.00000	0.96130	0.00000	0.00000	0.00000	0.03869
663	0.00000	0.99966	0.00000	0.00000	0.00000	0.00034
664	0.00000	0.83683	0.00050	0.01815	0.00005	0.14447
665	0.99986	0.00000	0.00000	0.00000	0.00014	0.00000
666	0.00000	0.77836	0.00000	0.00479	0.00000	0.21684
667	0.99999	0.00000	0.00000	0.00000	0.00001	0.00000
668	0.99786	0.00000	0.00000	0.00000	0.00214	0.00000
669	0.99986	0.00000	0.00000	0.00000	0.00014	0.00000
670	0.99992	0.00000	0.00000	0.00000	0.00008	0.00000
671	0.99672	0.00000	0.00000	0.00000	0.00328	0.00000
672	0.00000	0.97318	0.00000	0.00000	0.00000	0.02682
673	0.00000	0.99954	0.00000	0.00000	0.00000	0.00046
674	0.00000	0.99994	0.00000	0.00000	0.00000	0.00006
675	0.00000	0.89877	0.00002	0.00876	0.00000	0.09245
676	0.00000	0.98578	0.00000	0.00007	0.00000	0.01415
677	0.00000	0.99926	0.00000	0.00000	0.00000	0.00074
678	0.00000	0.99982	0.00000	0.00000	0.00000	0.00018
679	0.99353	0.00000	0.00000	0.00000	0.00647	0.00000
680	0.00000	0.99986	0.00000	0.00000	0.00000	0.00014
681	0.00000	0.99793	0.00000	0.00000	0.00000	0.00207
682	0.00000	0.99991	0.00000	0.00000	0.00000	0.00009
683	0.00000	0.99968	0.00000	0.00000	0.00000	0.00032
684	0.00000	0.99997	0.00000	0.00000	0.00000	0.00003
685	0.00000	0.99671	0.00000	0.00001	0.00000	0.00328
686	0.00000	0.99991	0.00000	0.00000	0.00000	0.00009
687	0.00000	0.99998	0.00000	0.00000	0.00000	0.00002
688	0.00000	0.99995	0.00000	0.00000	0.00000	0.00005
689	0.00000	0.99965	0.00000	0.00000	0.00000	0.00035
690	0.00000	0.99993	0.00000	0.00000	0.00000	0.00007
691	0.00000	0.99959	0.00000	0.00000	0.00000	0.00041
692	0.00000	0.99901	0.00000	0.00000	0.00000	0.00099
693	0.00000	0.99932	0.00000	0.00000	0.00000	0.00068
694	0.00000	0.99971	0.00000	0.00000	0.00000	0.00029
695	0.00000	0.73842	0.00431	0.04505	0.00064	0.21157
696	0.00000	0.99987	0.00000	0.00000	0.00000	0.00013
697	0.00000	0.99796	0.00000	0.00000	0.00000	0.00204
698	0.00000	0.85463	0.00000	0.00062	0.00000	0.14474
699	0.00000	0.99777	0.00000	0.00000	0.00000	0.00223
700	0.00000	0.99976	0.00000	0.00000	0.00000	0.00024
701	0.00000	0.99999	0.00000	0.00000	0.00000	0.00001
702	0.99998	0.00000	0.00000	0.00000	0.00002	0.00000
703	0.99316	0.00000	0.00000	0.00000	0.00684	0.00000
704	0.99400	0.00000	0.00000	0.00000	0.00600	0.00000
705	0.98880	0.00000	0.00000	0.00013	0.01107	0.00000
706	0.00000	0.99989	0.00000	0.00000	0.00000	0.00011
707	0.00000	0.99874	0.00000	0.00000	0.00000	0.00126
708	0.98698	0.00000	0.00000	0.00006	0.01295	0.00000
709	0.00000	0.99994	0.00000	0.00000	0.00000	0.00006
710	0.00000	0.98585	0.00000	0.00000	0.00000	0.01415
711	0.00000	0.99995	0.00000	0.00000	0.00000	0.00005
712	0.00000	0.99727	0.00000	0.00000	0.00000	0.00272
713	0.00000	0.99781	0.00000	0.00000	0.00000	0.00219
714	0.00000	0.99972	0.00000	0.00000	0.00000	0.00028
715	0.99573	0.00000	0.00000	0.00000	0.00427	0.00000
716	0.00000	0.96838	0.00000	0.00074	0.00000	0.03088
717	0.00000	0.88403	0.00000	0.00410	0.00000	0.11186
718	0.00000	0.99786	0.00000	0.00000	0.00000	0.00214
719	0.99997	0.00000	0.00000	0.00000	0.00003	0.00000
720	0.00000	0.99261	0.00000	0.00000	0.00000	0.00738
721	0.00000	0.83143	0.00000	0.00005	0.00000	0.16852
722	0.00000	0.99996	0.00000	0.00000	0.00000	0.00004
723	0.00000	0.99942	0.00000	0.00000	0.00000	0.00058
724	0.00000	0.99977	0.00000	0.00000	0.00000	0.00023
725	0.00000	0.98950	0.00000	0.00010	0.00000	0.01040
726	0.00003	0.00008	0.00270	0.92486	0.02217	0.05017
727	0.00000	1.00000	0.00000	0.00000	0.00000	0.00000
728	0.00000	0.99975	0.00000	0.00000	0.00000	0.00025
729	0.00000	0.96885	0.00000	0.00071	0.00000	0.03044
730	0.00000	0.99999	0.00000	0.00000	0.00000	0.00001
731	0.00000	0.99941	0.00000	0.00000	0.00000	0.00059
732	0.00000	0.99995	0.00000	0.00000	0.00000	0.00005
733	0.99023	0.00000	0.00000	0.00000	0.00977	0.00000
734	0.00000	0.99531	0.00000	0.00000	0.00000	0.00469
735	0.00000	0.99798	0.00000	0.00000	0.00000	0.00202
736	0.00000	0.99996	0.00000	0.00000	0.00000	0.00004
737	0.00000	0.95199	0.00000	0.00137	0.00000	0.04664
738	0.00000	0.99993	0.00000	0.00000	0.00000	0.00007
739	0.99920	0.00000	0.00000	0.00000	0.00080	0.00000
740	0.00000	0.97310	0.00000	0.00038	0.00000	0.02653
741	0.00000	0.99951	0.00000	0.00000	0.00000	0.00049
742	0.99552	0.00000	0.00000	0.00000	0.00448	0.00000
743	0.00000	0.99987	0.00000	0.00000	0.00000	0.00013
744	0.00000	0.99985	0.00000	0.00000	0.00000	0.00015
745	0.00000	0.99779	0.00000	0.00000	0.00000	0.00220
746	0.99997	0.00000	0.00000	0.00000	0.00003	0.00000
747	0.00000	1.00000	0.00000	0.00000	0.00000	0.00000
748	0.00000	0.99995	0.00000	0.00000	0.00000	0.00005
749	0.00000	0.99978	0.00000	0.00000	0.00000	0.00022
750	0.00000	0.99682	0.00000	0.00000	0.00000	0.00318
751	0.04032	0.00003	0.00630	0.40358	0.54667	0.00311
752	0.00000	0.99970	0.00000	0.00000	0.00000	0.00030
753	0.00000	0.99974	0.00000	0.00000	0.00000	0.00026
754	0.00000	0.90315	0.00000	0.00004	0.00000	0.09681
755	0.00000	0.99876	0.00000	0.00000	0.00000	0.00124
756	0.00000	0.98820	0.00000	0.00008	0.00000	0.01172
757	0.00000	1.00000	0.00000	0.00000	0.00000	0.00000
758	0.00000	0.94227	0.00000	0.00204	0.00000	0.05568
759	0.00000	0.98656	0.00000	0.00011	0.00000	0.01333
760	0.99956	0.00000	0.00000	0.00000	0.00044	0.00000
761	0.99997	0.00000	0.00000	0.00000	0.00003	0.00000
762	0.00000	0.91032	0.00000	0.00007	0.00000	0.08961
763	0.00000	0.99970	0.00000	0.00000	0.00000	0.00030
764	0.00000	0.99865	0.00000	0.00000	0.00000	0.00135
765	0.00000	0.99830	0.00000	0.00000	0.00000	0.00170
766	0.00000	0.99996	0.00000	0.00000	0.00000	0.00004
767	0.00000	0.99975	0.00000	0.00000	0.00000	0.00025
768	0.00000	0.99997	0.00000	0.00000	0.00000	0.00003
769	0.00000	0.99423	0.00000	0.00000	0.00000	0.00577
770	0.00000	0.95706	0.00000	0.00084	0.00000	0.04210
771	0.00000	0.99846	0.00000	0.00000	0.00000	0.00154
772	0.00000	0.99768	0.00000	0.00000	0.00000	0.00232
773	0.00000	0.99766	0.00000	0.00000	0.00000	0.00234
774	0.00000	0.99840	0.00000	0.00000	0.00000	0.00160
775	0.00000	0.99923	0.00000	0.00000	0.00000	0.00077
776	0.00000	0.99996	0.00000	0.00000	0.00000	0.00004
777	0.00000	0.99989	0.00000	0.00000	0.00000	0.00011
