1000000_sweeps	IndivName	1.000/0.000/0.000/0.000	0.000/0.000/0.000/1.000	0.000/0.500/0.500/0.000	0.250/0.250/0.250/0.250	0.500/0.250/0.250/0.000	0.000/0.250/0.250/0.500
1	NoName	0.00000	1.00000	0.00000	0.00000	0.00000	0.00000
2	NoName	0.00000	0.99999	0.00000	0.00000	0.00000	0.00001
3	NoName	0.00000	1.00000	0.00000	0.00000	0.00000	0.00000
4	NoName	0.00000	0.99942	0.00000	0.00001	0.00000	0.00057
5	NoName	0.00000	1.00000	0.00000	0.00000	0.00000	0.00000
6	NoName	0.00000	1.00000	0.00000	0.00000	0.00000	0.00000
7	NoName	0.00000	1.00000	0.00000	0.00000	0.00000	0.00000
8	NoName	0.00000	1.00000	0.00000	0.00000	0.00000	0.00000
9	NoName	0.00000	1.00000	0.00000	0.00000	0.00000	0.00000
10	NoName	0.00120	0.00000	0.00000	0.00027	0.99853	0.00000
11	NoName	1.00000	0.00000	0.00000	0.00000	0.00000	0.00000
12	NoName	0.00000	0.99932	0.00000	0.00002	0.00000	0.00066
13	NoName	0.00000	1.00000	0.00000	0.00000	0.00000	0.00000
14	NoName	0.00000	1.00000	0.00000	0.00000	0.00000	0.00000
15	NoName	0.00000	1.00000	0.00000	0.00000	0.00000	0.00000
16	NoName	0.00000	0.99934	0.00000	0.00003	0.00000	0.00063
17	NoName	1.00000	0.00000	0.00000	0.00000	0.00000	0.00000
18	NoName	0.99818	0.00000	0.00000	0.00006	0.00176	0.00000
19	NoName	0.00000	0.99998	0.00000	0.00000	0.00000	0.00002
20	NoName	0.99999	0.00000	0.00000	0.00000	0.00001	0.00000
21	NoName	0.00000	0.04754	0.00001	0.69476	0.00008	0.25761
22	NoName	0.00000	0.99999	0.00000	0.00000	0.00000	0.00001
23	NoName	0.99999	0.00000	0.00000	0.00000	0.00001	0.00000
24	NoName	1.00000	0.00000	0.00000	0.00000	0.00000	0.00000
25	NoName	1.00000	0.00000	0.00000	0.00000	0.00000	0.00000
26	NoName	0.00000	1.00000	0.00000	0.00000	0.00000	0.00000
27	NoName	0.00000	1.00000	0.00000	0.00000	0.00000	0.00000
28	NoName	0.00000	1.00000	0.00000	0.00000	0.00000	0.00000
29	NoName	0.00000	1.00000	0.00000	0.00000	0.00000	0.00000
30	NoName	0.99999	0.00000	0.00000	0.00000	0.00001	0.00000
31	NoName	1.00000	0.00000	0.00000	0.00000	0.00000	0.00000
32	NoName	0.00000	0.91685	0.00000	0.05084	0.00000	0.03230
33	NoName	0.99985	0.00000	0.00000	0.00000	0.00015	0.00000
34	NoName	0.00000	0.99536	0.00000	0.00058	0.00000	0.00405
35	NoName	0.00000	0.99990	0.00000	0.00000	0.00000	0.00010
36	NoName	0.00000	1.00000	0.00000	0.00000	0.00000	0.00000
37	NoName	1.00000	0.00000	0.00000	0.00000	0.00000	0.00000
38	NoName	1.00000	0.00000	0.00000	0.00000	0.00000	0.00000
39	NoName	0.00000	1.00000	0.00000	0.00000	0.00000	0.00000
40	NoName	0.00000	1.00000	0.00000	0.00000	0.00000	0.00000
41	NoName	0.00000	1.00000	0.00000	0.00000	0.00000	0.00000
42	NoName	0.00000	0.99999	0.00000	0.00000	0.00000	0.00001
43	NoName	0.99971	0.00000	0.00000	0.00000	0.00029	0.00000
44	NoName	0.00000	1.00000	0.00000	0.00000	0.00000	0.00000
45	NoName	1.00000	0.00000	0.00000	0.00000	0.00000	0.00000
46	NoName	0.00000	0.99967	0.00000	0.00000	0.00000	0.00033
47	NoName	0.00000	1.00000	0.00000	0.00000	0.00000	0.00000
48	NoName	1.00000	0.00000	0.00000	0.00000	0.00000	0.00000
49	NoName	1.00000	0.00000	0.00000	0.00000	0.00000	0.00000
50	NoName	0.00000	0.99979	0.00000	0.00000	0.00000	0.00021
51	NoName	0.00000	1.00000	0.00000	0.00000	0.00000	0.00000
52	NoName	0.00000	1.00000	0.00000	0.00000	0.00000	0.00000
53	NoName	0.99995	0.00000	0.00000	0.00000	0.00005	0.00000
54	NoName	0.00000	1.00000	0.00000	0.00000	0.00000	0.00000
55	NoName	0.00000	1.00000	0.00000	0.00000	0.00000	0.00000
56	NoName	0.99916	0.00000	0.00000	0.00002	0.00081	0.00000
57	NoName	0.00000	0.99999	0.00000	0.00000	0.00000	0.00001
58	NoName	0.00000	1.00000	0.00000	0.00000	0.00000	0.00000
59	NoName	0.00000	0.99999	0.00000	0.00000	0.00000	0.00001
60	NoName	0.00000	1.00000	0.00000	0.00000	0.00000	0.00000
61	NoName	0.00000	1.00000	0.00000	0.00000	0.00000	0.00000
62	NoName	0.00000	1.00000	0.00000	0.00000	0.00000	0.00000
63	NoName	0.00000	1.00000	0.00000	0.00000	0.00000	0.00000
64	NoName	0.00000	0.99999	0.00000	0.00000	0.00000	0.00001
65	NoName	0.00000	1.00000	0.00000	0.00000	0.00000	0.00000
66	NoName	0.99998	0.00000	0.00000	0.00000	0.00002	0.00000
67	NoName	0.00000	1.00000	0.00000	0.00000	0.00000	0.00000
68	NoName	0.00000	1.00000	0.00000	0.00000	0.00000	0.00000
69	NoName	0.00000	0.99620	0.00000	0.00041	0.00000	0.00338
70	NoName	0.00000	1.00000	0.00000	0.00000	0.00000	0.00000
71	NoName	0.00000	1.00000	0.00000	0.00000	0.00000	0.00000
72	NoName	0.00000	1.00000	0.00000	0.00000	0.00000	0.00000
73	NoName	0.00000	0.99999	0.00000	0.00000	0.00000	0.00001
74	NoName	0.00000	1.00000	0.00000	0.00000	0.00000	0.00000
75	NoName	0.00000	1.00000	0.00000	0.00000	0.00000	0.00000
76	NoName	0.00000	1.00000	0.00000	0.00000	0.00000	0.00000
77	NoName	1.00000	0.00000	0.00000	0.00000	0.00000	0.00000
78	NoName	1.00000	0.00000	0.00000	0.00000	0.00000	0.00000
79	NoName	0.99993	0.00000	0.00000	0.00000	0.00007	0.00000
80	NoName	0.00000	0.99921	0.00000	0.00000	0.00000	0.00079
81	NoName	0.00000	1.00000	0.00000	0.00000	0.00000	0.00000
82	NoName	0.99221	0.00000	0.00000	0.00097	0.00683	0.00000
83	NoName	1.00000	0.00000	0.00000	0.00000	0.00000	0.00000
84	NoName	0.00000	1.00000	0.00000	0.00000	0.00000	0.00000
85	NoName	1.00000	0.00000	0.00000	0.00000	0.00000	0.00000
86	NoName	1.00000	0.00000	0.00000	0.00000	0.00000	0.00000
87	NoName	0.00000	1.00000	0.00000	0.00000	0.00000	0.00000
88	NoName	0.99997	0.00000	0.00000	0.00000	0.00003	0.00000
89	NoName	0.00000	0.99991	0.00000	0.00000	0.00000	0.00009
90	NoName	0.00000	1.00000	0.00000	0.00000	0.00000	0.00000
91	NoName	0.99956	0.00000	0.00000	0.00000	0.00044	0.00000
92	NoName	0.00000	0.00000	0.00000	0.00018	0.00000	0.99982
93	NoName	0.00000	1.00000	0.00000	0.00000	0.00000	0.00000
94	NoName	0.99993	0.00000	0.00000	0.00000	0.00007	0.00000
95	NoName	0.00000	1.00000	0.00000	0.00000	0.00000	0.00000
96	NoName	0.00000	0.99999	0.00000	0.00000	0.00000	0.00001
97	NoName	1.00000	0.00000	0.00000	0.00000	0.00000	0.00000
98	NoName	0.00000	0.99977	0.00000	0.00000	0.00000	0.00023
99	NoName	0.00000	0.99859	0.00000	0.00006	0.00000	0.00135
100	NoName	0.00000	1.00000	0.00000	0.00000	0.00000	0.00000
101	NoName	0.00000	0.99999	0.00000	0.00000	0.00000	0.00001
102	NoName	0.00000	1.00000	0.00000	0.00000	0.00000	0.00000
103	NoName	0.00000	1.00000	0.00000	0.00000	0.00000	0.00000
104	NoName	0.00000	1.00000	0.00000	0.00000	0.00000	0.00000
105	NoName	0.00000	0.99994	0.00000	0.00000	0.00000	0.00006
106	NoName	0.00000	1.00000	0.00000	0.00000	0.00000	0.00000
107	NoName	0.00000	1.00000	0.00000	0.00000	0.00000	0.00000
108	NoName	1.00000	0.00000	0.00000	0.00000	0.00000	0.00000
109	NoName	0.00000	1.00000	0.00000	0.00000	0.00000	0.00000
110	NoName	0.00000	1.00000	0.00000	0.00000	0.00000	0.00000
111	NoName	0.00000	1.00000	0.00000	0.00000	0.00000	0.00000
112	NoName	1.00000	0.00000	0.00000	0.00000	0.00000	0.00000
113	NoName	0.99999	0.00000	0.00000	0.00000	0.00001	0.00000
114	NoName	0.00000	1.00000	0.00000	0.00000	0.00000	0.00000
115	NoName	0.00000	1.00000	0.00000	0.00000	0.00000	0.00000
116	NoName	0.00702	0.00000	0.00000	0.00008	0.99289	0.00000
117	NoName	0.00000	1.00000	0.00000	0.00000	0.00000	0.00000
118	NoName	1.00000	0.00000	0.00000	0.00000	0.00000	0.00000
119	NoName	1.00000	0.00000	0.00000	0.00000	0.00000	0.00000
120	NoName	0.00000	1.00000	0.00000	0.00000	0.00000	0.00000
121	NoName	0.00000	1.00000	0.00000	0.00000	0.00000	0.00000
122	NoName	0.00000	1.00000	0.00000	0.00000	0.00000	0.00000
123	NoName	0.58446	0.02905	0.00115	0.27708	0.09317	0.01509
124	NoName	0.00000	1.00000	0.00000	0.00000	0.00000	0.00000
125	NoName	0.00000	1.00000	0.00000	0.00000	0.00000	0.00000
126	NoName	0.00000	1.00000	0.00000	0.00000	0.00000	0.00000
127	NoName	0.00000	1.00000	0.00000	0.00000	0.00000	0.00000
128	NoName	0.00000	1.00000	0.00000	0.00000	0.00000	0.00000
129	NoName	0.00000	0.99999	0.00000	0.00000	0.00000	0.00001
130	NoName	0.00000	1.00000	0.00000	0.00000	0.00000	0.00000
131	NoName	1.00000	0.00000	0.00000	0.00000	0.00000	0.00000
132	NoName	0.00000	1.00000	0.00000	0.00000	0.00000	0.00000
133	NoName	0.00000	1.00000	0.00000	0.00000	0.00000	0.00000
134	NoName	0.00000	1.00000	0.00000	0.00000	0.00000	0.00000
135	NoName	0.00000	1.00000	0.00000	0.00000	0.00000	0.00000
136	NoName	0.00000	1.00000	0.00000	0.00000	0.00000	0.00000
137	NoName	0.00000	1.00000	0.00000	0.00000	0.00000	0.00000
138	NoName	0.99993	0.00000	0.00000	0.00000	0.00007	0.00000
139	NoName	1.00000	0.00000	0.00000	0.00000	0.00000	0.00000
140	NoName	1.00000	0.00000	0.00000	0.00000	0.00000	0.00000
141	NoName	0.98484	0.00000	0.00000	0.00305	0.01211	0.00000
142	NoName	1.00000	0.00000	0.00000	0.00000	0.00000	0.00000
143	NoName	0.00000	1.00000	0.00000	0.00000	0.00000	0.00000
144	NoName	0.99995	0.00000	0.00000	0.00000	0.00005	0.00000
145	NoName	1.00000	0.00000	0.00000	0.00000	0.00000	0.00000
146	NoName	1.00000	0.00000	0.00000	0.00000	0.00000	0.00000
147	NoName	1.00000	0.00000	0.00000	0.00000	0.00000	0.00000
148	NoName	1.00000	0.00000	0.00000	0.00000	0.00000	0.00000
149	NoName	1.00000	0.00000	0.00000	0.00000	0.00000	0.00000
150	NoName	1.00000	0.00000	0.00000	0.00000	0.00000	0.00000
151	NoName	0.00000	0.99999	0.00000	0.00000	0.00000	0.00001
152	NoName	0.00000	0.99677	0.00001	0.00030	0.00000	0.00292
153	NoName	0.00000	0.99999	0.00000	0.00000	0.00000	0.00001
154	NoName	0.00000	1.00000	0.00000	0.00000	0.00000	0.00000
155	NoName	0.00000	1.00000	0.00000	0.00000	0.00000	0.00000
156	NoName	0.00000	1.00000	0.00000	0.00000	0.00000	0.00000
157	NoName	0.00000	1.00000	0.00000	0.00000	0.00000	0.00000
158	NoName	0.00000	1.00000	0.00000	0.00000	0.00000	0.00000
159	NoName	0.00000	1.00000	0.00000	0.00000	0.00000	0.00000
160	NoName	0.00000	1.00000	0.00000	0.00000	0.00000	0.00000
161	NoName	0.00000	1.00000	0.00000	0.00000	0.00000	0.00000
162	NoName	1.00000	0.00000	0.00000	0.00000	0.00000	0.00000
163	NoName	0.00000	0.99984	0.00000	0.00000	0.00000	0.00016
164	NoName	0.00000	1.00000	0.00000	0.00000	0.00000	0.00000
165	NoName	0.00000	0.99884	0.00000	0.00003	0.00000	0.00113
166	NoName	0.99997	0.00000	0.00000	0.00000	0.00003	0.00000
167	NoName	1.00000	0.00000	0.00000	0.00000	0.00000	0.00000
168	NoName	0.99881	0.00000	0.00000	0.00000	0.00119	0.00000
169	NoName	0.00000	1.00000	0.00000	0.00000	0.00000	0.00000
170	NoName	0.00000	1.00000	0.00000	0.00000	0.00000	0.00000
171	NoName	0.00000	0.99999	0.00000	0.00000	0.00000	0.00001
172	NoName	0.00000	1.00000	0.00000	0.00000	0.00000	0.00000
173	NoName	1.00000	0.00000	0.00000	0.00000	0.00000	0.00000
174	NoName	0.00000	1.00000	0.00000	0.00000	0.00000	0.00000
175	NoName	0.00000	1.00000	0.00000	0.00000	0.00000	0.00000
176	NoName	0.00000	1.00000	0.00000	0.00000	0.00000	0.00000
177	NoName	0.00000	1.00000	0.00000	0.00000	0.00000	0.00000
178	NoName	1.00000	0.00000	0.00000	0.00000	0.00000	0.00000
179	NoName	1.00000	0.00000	0.00000	0.00000	0.00000	0.00000
180	NoName	0.00000	1.00000	0.00000	0.00000	0.00000	0.00000
181	NoName	0.00000	1.00000	0.00000	0.00000	0.00000	0.00000
182	NoName	0.99718	0.00000	0.00000	0.00016	0.00266	0.00000
183	NoName	0.00000	1.00000	0.00000	0.00000	0.00000	0.00000
184	NoName	0.00000	0.99994	0.00000	0.00000	0.00000	0.00006
185	NoName	0.00000	1.00000	0.00000	0.00000	0.00000	0.00000
186	NoName	0.99998	0.00000	0.00000	0.00000	0.00002	0.00000
187	NoName	0.00000	1.00000	0.00000	0.00000	0.00000	0.00000
188	NoName	0.00000	1.00000	0.00000	0.00000	0.00000	0.00000
189	NoName	0.00000	0.99996	0.00000	0.00000	0.00000	0.00004
190	NoName	0.00000	0.99999	0.00000	0.00000	0.00000	0.00001
191	NoName	0.99998	0.00000	0.00000	0.00000	0.00002	0.00000
192	NoName	1.00000	0.00000	0.00000	0.00000	0.00000	0.00000
193	NoName	0.99999	0.00000	0.00000	0.00000	0.00001	0.00000
194	NoName	0.00000	0.99999	0.00000	0.00000	0.00000	0.00001
195	NoName	0.00000	1.00000	0.00000	0.00000	0.00000	0.00000
196	NoName	0.00000	1.00000	0.00000	0.00000	0.00000	0.00000
197	NoName	0.00000	1.00000	0.00000	0.00000	0.00000	0.00000
198	NoName	0.00000	0.99999	0.00000	0.00000	0.00000	0.00001
199	NoName	0.00000	1.00000	0.00000	0.00000	0.00000	0.00000
200	NoName	0.00000	0.00000	0.99990	0.00004	0.00006	0.00001
201	NoName	0.00000	0.99999	0.00000	0.00000	0.00000	0.00001
202	NoName	0.00000	1.00000	0.00000	0.00000	0.00000	0.00000
203	NoName	0.00000	0.99948	0.00000	0.00001	0.00000	0.00051
204	NoName	0.00000	1.00000	0.00000	0.00000	0.00000	0.00000
205	NoName	0.00000	1.00000	0.00000	0.00000	0.00000	0.00000
206	NoName	0.00000	1.00000	0.00000	0.00000	0.00000	0.00000
207	NoName	0.00000	1.00000	0.00000	0.00000	0.00000	0.00000
208	NoName	0.00000	1.00000	0.00000	0.00000	0.00000	0.00000
209	NoName	0.00000	1.00000	0.00000	0.00000	0.00000	0.00000
210	NoName	0.00000	1.00000	0.00000	0.00000	0.00000	0.00000
211	NoName	0.00000	0.99619	0.00000	0.00000	0.00000	0.00381
212	NoName	0.00000	1.00000	0.00000	0.00000	0.00000	0.00000
213	NoName	1.00000	0.00000	0.00000	0.00000	0.00000	0.00000
214	NoName	0.99998	0.00000	0.00000	0.00000	0.00002	0.00000
215	NoName	0.00000	0.99999	0.00000	0.00000	0.00000	0.00001
216	NoName	0.00000	1.00000	0.00000	0.00000	0.00000	0.00000
217	NoName	0.00000	1.00000	0.00000	0.00000	0.00000	0.00000
218	NoName	0.00000	1.00000	0.00000	0.00000	0.00000	0.00000
219	NoName	0.00000	1.00000	0.00000	0.00000	0.00000	0.00000
220	NoName	0.00000	0.99955	0.00000	0.00001	0.00000	0.00044
221	NoName	0.00000	1.00000	0.00000	0.00000	0.00000	0.00000
222	NoName	0.00000	1.00000	0.00000	0.00000	0.00000	0.00000
223	NoName	0.00000	0.99979	0.00000	0.00000	0.00000	0.00021
224	NoName	0.00000	1.00000	0.00000	0.00000	0.00000	0.00000
225	NoName	0.00000	0.99999	0.00000	0.00000	0.00000	0.00001
226	NoName	1.00000	0.00000	0.00000	0.00000	0.00000	0.00000
227	NoName	0.00000	1.00000	0.00000	0.00000	0.00000	0.00000
228	NoName	0.00000	0.99990	0.00000	0.00000	0.00000	0.00010
229	NoName	0.99483	0.00000	0.00000	0.00040	0.00476	0.00000
230	NoName	0.00000	1.00000	0.00000	0.00000	0.00000	0.00000
231	NoName	0.00000	1.00000	0.00000	0.00000	0.00000	0.00000
232	NoName	0.00000	0.99992	0.00000	0.00000	0.00000	0.00008
233	NoName	1.00000	0.00000	0.00000	0.00000	0.00000	0.00000
234	NoName	0.00000	0.99994	0.00000	0.00000	0.00000	0.00006
235	NoName	0.00000	1.00000	0.00000	0.00000	0.00000	0.00000
236	NoName	0.00000	1.00000	0.00000	0.00000	0.00000	0.00000
237	NoName	0.00000	1.00000	0.00000	0.00000	0.00000	0.00000
238	NoName	0.00000	1.00000	0.00000	0.00000	0.00000	0.00000
239	NoName	1.00000	0.00000	0.00000	0.00000	0.00000	0.00000
240	NoName	1.00000	0.00000	0.00000	0.00000	0.00000	0.00000
241	NoName	1.00000	0.00000	0.00000	0.00000	0.00000	0.00000
242	NoName	1.00000	0.00000	0.00000	0.00000	0.00000	0.00000
243	NoName	0.00000	1.00000	0.00000	0.00000	0.00000	0.00000
244	NoName	0.99996	0.00000	0.00000	0.00000	0.00004	0.00000
245	NoName	0.99999	0.00000	0.00000	0.00000	0.00001	0.00000
246	NoName	0.00000	0.99998	0.00000	0.00000	0.00000	0.00002
247	NoName	0.00000	1.00000	0.00000	0.00000	0.00000	0.00000
248	NoName	0.00000	0.99999	0.00000	0.00000	0.00000	0.00001
249	NoName	0.00000	1.00000	0.00000	0.00000	0.00000	0.00000
250	NoName	0.00000	1.00000	0.00000	0.00000	0.00000	0.00000
251	NoName	0.00000	1.00000	0.00000	0.00000	0.00000	0.00000
252	NoName	0.00000	1.00000	0.00000	0.00000	0.00000	0.00000
253	NoName	0.00000	1.00000	0.00000	0.00000	0.00000	0.00000
254	NoName	0.00000	1.00000	0.00000	0.00000	0.00000	0.00000
255	NoName	0.00000	1.00000	0.00000	0.00000	0.00000	0.00000
256	NoName	0.00000	0.99101	0.00000	0.00000	0.00000	0.00899
257	NoName	0.00000	1.00000	0.00000	0.00000	0.00000	0.00000
258	NoName	0.00000	1.00000	0.00000	0.00000	0.00000	0.00000
259	NoName	0.00000	1.00000	0.00000	0.00000	0.00000	0.00000
260	NoName	0.00000	0.99999	0.00000	0.00000	0.00000	0.00001
261	NoName	0.00000	1.00000	0.00000	0.00000	0.00000	0.00000
262	NoName	0.00000	1.00000	0.00000	0.00000	0.00000	0.00000
263	NoName	0.00000	1.00000	0.00000	0.00000	0.00000	0.00000
264	NoName	0.00000	1.00000	0.00000	0.00000	0.00000	0.00000
265	NoName	0.00000	0.26486	0.00000	0.64790	0.00000	0.08724
266	NoName	0.00000	1.00000	0.00000	0.00000	0.00000	0.00000
267	NoName	0.00000	1.00000	0.00000	0.00000	0.00000	0.00000
268	NoName	0.00000	1.00000	0.00000	0.00000	0.00000	0.00000
269	NoName	0.00000	1.00000	0.00000	0.00000	0.00000	0.00000
270	NoName	0.00000	1.00000	0.00000	0.00000	0.00000	0.00000
271	NoName	0.00000	1.00000	0.00000	0.00000	0.00000	0.00000
272	NoName	0.00000	1.00000	0.00000	0.00000	0.00000	0.00000
273	NoName	0.00000	0.99999	0.00000	0.00000	0.00000	0.00001
274	NoName	0.00000	1.00000	0.00000	0.00000	0.00000	0.00000
275	NoName	0.00000	1.00000	0.00000	0.00000	0.00000	0.00000
276	NoName	0.00000	1.00000	0.00000	0.00000	0.00000	0.00000
277	NoName	0.00000	1.00000	0.00000	0.00000	0.00000	0.00000
278	NoName	0.00000	1.00000	0.00000	0.00000	0.00000	0.00000
279	NoName	0.00000	1.00000	0.00000	0.00000	0.00000	0.00000
280	NoName	0.00000	1.00000	0.00000	0.00000	0.00000	0.00000
281	NoName	0.00000	1.00000	0.00000	0.00000	0.00000	0.00000
282	NoName	0.00000	1.00000	0.00000	0.00000	0.00000	0.00000
283	NoName	1.00000	0.00000	0.00000	0.00000	0.00000	0.00000
284	NoName	0.00000	0.99979	0.00000	0.00000	0.00000	0.00021
285	NoName	0.00000	1.00000	0.00000	0.00000	0.00000	0.00000
286	NoName	0.00000	1.00000	0.00000	0.00000	0.00000	0.00000
287	NoName	0.00000	1.00000	0.00000	0.00000	0.00000	0.00000
288	NoName	0.00000	1.00000	0.00000	0.00000	0.00000	0.00000
289	NoName	0.00000	1.00000	0.00000	0.00000	0.00000	0.00000
290	NoName	0.00000	0.99999	0.00000	0.00000	0.00000	0.00001
291	NoName	0.00000	1.00000	0.00000	0.00000	0.00000	0.00000
292	NoName	0.00000	1.00000	0.00000	0.00000	0.00000	0.00000
293	NoName	0.00000	1.00000	0.00000	0.00000	0.00000	0.00000
294	NoName	0.00000	1.00000	0.00000	0.00000	0.00000	0.00000
295	NoName	0.00000	1.00000	0.00000	0.00000	0.00000	0.00000
296	NoName	1.00000	0.00000	0.00000	0.00000	0.00000	0.00000
297	NoName	0.19081	0.78994	0.00421	0.00258	0.00488	0.00758
298	NoName	0.00000	1.00000	0.00000	0.00000	0.00000	0.00000
299	NoName	0.00000	0.99831	0.00000	0.00010	0.00000	0.00160
300	NoName	0.99950	0.00000	0.00000	0.00000	0.00050	0.00000
301	NoName	0.00000	0.99982	0.00000	0.00000	0.00000	0.00018
302	NoName	0.00000	1.00000	0.00000	0.00000	0.00000	0.00000
303	NoName	0.00000	1.00000	0.00000	0.00000	0.00000	0.00000
304	NoName	0.00000	1.00000	0.00000	0.00000	0.00000	0.00000
305	NoName	0.00000	1.00000	0.00000	0.00000	0.00000	0.00000
306	NoName	0.00000	1.00000	0.00000	0.00000	0.00000	0.00000
307	NoName	0.00000	1.00000	0.00000	0.00000	0.00000	0.00000
308	NoName	0.00000	1.00000	0.00000	0.00000	0.00000	0.00000
309	NoName	0.00000	1.00000	0.00000	0.00000	0.00000	0.00000
310	NoName	0.00000	1.00000	0.00000	0.00000	0.00000	0.00000
311	NoName	0.00000	1.00000	0.00000	0.00000	0.00000	0.00000
312	NoName	0.00000	0.99950	0.00000	0.00001	0.00000	0.00049
313	NoName	0.00000	1.00000	0.00000	0.00000	0.00000	0.00000
314	NoName	0.00000	1.00000	0.00000	0.00000	0.00000	0.00000
315	NoName	0.00000	1.00000	0.00000	0.00000	0.00000	0.00000
316	NoName	0.00000	0.99986	0.00000	0.00000	0.00000	0.00014
317	NoName	0.00000	1.00000	0.00000	0.00000	0.00000	0.00000
318	NoName	0.00000	1.00000	0.00000	0.00000	0.00000	0.00000
319	NoName	0.00000	1.00000	0.00000	0.00000	0.00000	0.00000
320	NoName	0.00000	0.99872	0.00000	0.00000	0.00000	0.00127
321	NoName	0.00000	1.00000	0.00000	0.00000	0.00000	0.00000
322	NoName	0.00000	0.99995	0.00000	0.00000	0.00000	0.00005
323	NoName	0.00000	1.00000	0.00000	0.00000	0.00000	0.00000
324	NoName	0.00000	0.99972	0.00000	0.00000	0.00000	0.00028
325	NoName	0.00000	1.00000	0.00000	0.00000	0.00000	0.00000
326	NoName	0.00000	1.00000	0.00000	0.00000	0.00000	0.00000
327	NoName	0.00000	0.99997	0.00000	0.00000	0.00000	0.00003
328	NoName	0.00000	1.00000	0.00000	0.00000	0.00000	0.00000
329	NoName	0.00000	1.00000	0.00000	0.00000	0.00000	0.00000
330	NoName	0.00000	1.00000	0.00000	0.00000	0.00000	0.00000
331	NoName	0.00000	0.99911	0.00000	0.00003	0.00000	0.00087
332	NoName	0.00000	1.00000	0.00000	0.00000	0.00000	0.00000
333	NoName	0.00000	1.00000	0.00000	0.00000	0.00000	0.00000
334	NoName	0.00000	1.00000	0.00000	0.00000	0.00000	0.00000
335	NoName	0.00000	0.99998	0.00000	0.00000	0.00000	0.00002
336	NoName	0.00000	1.00000	0.00000	0.00000	0.00000	0.00000
337	NoName	0.00000	0.99910	0.00000	0.00003	0.00000	0.00087
338	NoName	0.00000	1.00000	0.00000	0.00000	0.00000	0.00000
339	NoName	0.00000	1.00000	0.00000	0.00000	0.00000	0.00000
340	NoName	0.00000	1.00000	0.00000	0.00000	0.00000	0.00000
341	NoName	0.00000	0.00000	0.99682	0.00006	0.00000	0.00312
342	NoName	0.00000	1.00000	0.00000	0.00000	0.00000	0.00000
343	NoName	0.00000	1.00000	0.00000	0.00000	0.00000	0.00000
344	NoName	0.00000	0.00000	0.00000	0.00191	0.00000	0.99809
345	NoName	0.00000	1.00000	0.00000	0.00000	0.00000	0.00000
346	NoName	0.00000	1.00000	0.00000	0.00000	0.00000	0.00000
347	NoName	0.00000	0.99958	0.00000	0.00001	0.00000	0.00041
348	NoName	0.00000	0.00128	0.00000	0.00005	0.00000	0.99867
349	NoName	0.00000	1.00000	0.00000	0.00000	0.00000	0.00000
350	NoName	0.00000	1.00000	0.00000	0.00000	0.00000	0.00000
351	NoName	0.00000	1.00000	0.00000	0.00000	0.00000	0.00000
352	NoName	0.00000	1.00000	0.00000	0.00000	0.00000	0.00000
353	NoName	0.00000	1.00000	0.00000	0.00000	0.00000	0.00000
354	NoName	0.00000	0.99999	0.00000	0.00000	0.00000	0.00001
355	NoName	0.00000	0.99803	0.00000	0.00012	0.00000	0.00185
356	NoName	1.00000	0.00000	0.00000	0.00000	0.00000	0.00000
357	NoName	0.00000	1.00000	0.00000	0.00000	0.00000	0.00000
358	NoName	0.00000	1.00000	0.00000	0.00000	0.00000	0.00000
359	NoName	0.72366	0.24492	0.00455	0.00597	0.01448	0.00642
360	NoName	0.00000	1.00000	0.00000	0.00000	0.00000	0.00000
361	NoName	0.00000	0.99999	0.00000	0.00000	0.00000	0.00001
362	NoName	1.00000	0.00000	0.00000	0.00000	0.00000	0.00000
363	NoName	1.00000	0.00000	0.00000	0.00000	0.00000	0.00000
364	NoName	0.00000	1.00000	0.00000	0.00000	0.00000	0.00000
365	NoName	0.00000	1.00000	0.00000	0.00000	0.00000	0.00000
366	NoName	0.00000	1.00000	0.00000	0.00000	0.00000	0.00000
367	NoName	0.00000	0.99999	0.00000	0.00000	0.00000	0.00001
368	NoName	0.00000	1.00000	0.00000	0.00000	0.00000	0.00000
369	NoName	0.99970	0.00000	0.00000	0.00000	0.00030	0.00000
370	NoName	0.00000	1.00000	0.00000	0.00000	0.00000	0.00000
371	NoName	0.00000	1.00000	0.00000	0.00000	0.00000	0.00000
372	NoName	0.00000	1.00000	0.00000	0.00000	0.00000	0.00000
373	NoName	0.00000	1.00000	0.00000	0.00000	0.00000	0.00000
374	NoName	0.00000	0.99963	0.00000	0.00000	0.00000	0.00037
375	NoName	1.00000	0.00000	0.00000	0.00000	0.00000	0.00000
376	NoName	0.00000	1.00000	0.00000	0.00000	0.00000	0.00000
377	NoName	0.00001	0.99542	0.00002	0.00056	0.00001	0.00398
378	NoName	1.00000	0.00000	0.00000	0.00000	0.00000	0.00000
379	NoName	0.99994	0.00000	0.00000	0.00000	0.00006	0.00000
380	NoName	0.00000	1.00000	0.00000	0.00000	0.00000	0.00000
381	NoName	0.00000	1.00000	0.00000	0.00000	0.00000	0.00000
382	NoName	0.00000	1.00000	0.00000	0.00000	0.00000	0.00000
383	NoName	0.92660	0.00000	0.00000	0.00001	0.07339	0.00000
384	NoName	0.00000	1.00000	0.00000	0.00000	0.00000	0.00000
385	NoName	0.00000	1.00000	0.00000	0.00000	0.00000	0.00000
386	NoName	0.00000	1.00000	0.00000	0.00000	0.00000	0.00000
387	NoName	0.00000	1.00000	0.00000	0.00000	0.00000	0.00000
388	NoName	0.99999	0.00000	0.00000	0.00000	0.00001	0.00000
389	NoName	0.00000	1.00000	0.00000	0.00000	0.00000	0.00000
390	NoName	0.00000	1.00000	0.00000	0.00000	0.00000	0.00000
391	NoName	0.00000	1.00000	0.00000	0.00000	0.00000	0.00000
392	NoName	0.00000	0.99849	0.00000	0.00008	0.00000	0.00143
393	NoName	0.00000	0.95214	0.00000	0.01409	0.00000	0.03377
394	NoName	0.00000	0.99967	0.00000	0.00000	0.00000	0.00033
395	NoName	0.00000	1.00000	0.00000	0.00000	0.00000	0.00000
396	NoName	0.00000	1.00000	0.00000	0.00000	0.00000	0.00000
397	NoName	0.00000	1.00000	0.00000	0.00000	0.00000	0.00000
398	NoName	0.00000	1.00000	0.00000	0.00000	0.00000	0.00000
399	NoName	0.18038	0.80044	0.00411	0.00261	0.00477	0.00768
400	NoName	0.00000	1.00000	0.00000	0.00000	0.00000	0.00000
401	NoName	0.00000	1.00000	0.00000	0.00000	0.00000	0.00000
402	NoName	0.00000	0.99728	0.00000	0.00022	0.00000	0.00250
403	NoName	0.00000	1.00000	0.00000	0.00000	0.00000	0.00000
404	NoName	0.00000	1.00000	0.00000	0.00000	0.00000	0.00000
405	NoName	0.00000	1.00000	0.00000	0.00000	0.00000	0.00000
406	NoName	0.00000	1.00000	0.00000	0.00000	0.00000	0.00000
407	NoName	0.00000	1.00000	0.00000	0.00000	0.00000	0.00000
408	NoName	0.00000	1.00000	0.00000	0.00000	0.00000	0.00000
409	NoName	0.00000	1.00000	0.00000	0.00000	0.00000	0.00000
410	NoName	0.00000	1.00000	0.00000	0.00000	0.00000	0.00000
411	NoName	0.00000	1.00000	0.00000	0.00000	0.00000	0.00000
412	NoName	0.99998	0.00000	0.00000	0.00000	0.00002	0.00000
413	NoName	0.00000	1.00000	0.00000	0.00000	0.00000	0.00000
414	NoName	0.00000	1.00000	0.00000	0.00000	0.00000	0.00000
415	NoName	0.00000	1.00000	0.00000	0.00000	0.00000	0.00000
416	NoName	0.00000	0.99983	0.00000	0.00000	0.00000	0.00016
417	NoName	0.00000	1.00000	0.00000	0.00000	0.00000	0.00000
418	NoName	0.00000	1.00000	0.00000	0.00000	0.00000	0.00000
419	NoName	0.00000	1.00000	0.00000	0.00000	0.00000	0.00000
420	NoName	0.00000	1.00000	0.00000	0.00000	0.00000	0.00000
421	NoName	0.00000	1.00000	0.00000	0.00000	0.00000	0.00000
422	NoName	0.00000	1.00000	0.00000	0.00000	0.00000	0.00000
423	NoName	0.00000	0.99995	0.00000	0.00000	0.00000	0.00005
424	NoName	0.00000	0.99993	0.00000	0.00000	0.00000	0.00007
425	NoName	0.00000	1.00000	0.00000	0.00000	0.00000	0.00000
426	NoName	0.00000	1.00000	0.00000	0.00000	0.00000	0.00000
427	NoName	0.00000	1.00000	0.00000	0.00000	0.00000	0.00000
428	NoName	0.00000	1.00000	0.00000	0.00000	0.00000	0.00000
429	NoName	0.00000	1.00000	0.00000	0.00000	0.00000	0.00000
430	NoName	0.00000	1.00000	0.00000	0.00000	0.00000	0.00000
431	NoName	0.00000	1.00000	0.00000	0.00000	0.00000	0.00000
432	NoName	0.00000	1.00000	0.00000	0.00000	0.00000	0.00000
433	NoName	0.00000	1.00000	0.00000	0.00000	0.00000	0.00000
434	NoName	0.00000	1.00000	0.00000	0.00000	0.00000	0.00000
435	NoName	0.00000	0.99994	0.00000	0.00000	0.00000	0.00006
436	NoName	0.00000	1.00000	0.00000	0.00000	0.00000	0.00000
437	NoName	1.00000	0.00000	0.00000	0.00000	0.00000	0.00000
438	NoName	0.00000	1.00000	0.00000	0.00000	0.00000	0.00000
439	NoName	0.00000	1.00000	0.00000	0.00000	0.00000	0.00000
440	NoName	0.00000	0.99998	0.00000	0.00000	0.00000	0.00002
441	NoName	0.00000	0.99990	0.00000	0.00000	0.00000	0.00010
442	NoName	0.00000	1.00000	0.00000	0.00000	0.00000	0.00000
443	NoName	0.00000	1.00000	0.00000	0.00000	0.00000	0.00000
444	NoName	0.00000	0.99998	0.00000	0.00000	0.00000	0.00002
445	NoName	0.00000	1.00000	0.00000	0.00000	0.00000	0.00000
446	NoName	0.00000	1.00000	0.00000	0.00000	0.00000	0.00000
447	NoName	0.00000	1.00000	0.00000	0.00000	0.00000	0.00000
448	NoName	0.00000	1.00000	0.00000	0.00000	0.00000	0.00000
449	NoName	0.00000	1.00000	0.00000	0.00000	0.00000	0.00000
450	NoName	0.00000	1.00000	0.00000	0.00000	0.00000	0.00000
451	NoName	0.00000	1.00000	0.00000	0.00000	0.00000	0.00000
452	NoName	0.00000	1.00000	0.00000	0.00000	0.00000	0.00000
453	NoName	0.00000	0.99905	0.00000	0.00003	0.00000	0.00092
454	NoName	0.00000	1.00000	0.00000	0.00000	0.00000	0.00000
455	NoName	0.00000	1.00000	0.00000	0.00000	0.00000	0.00000
456	NoName	0.00000	1.00000	0.00000	0.00000	0.00000	0.00000
457	NoName	0.00000	1.00000	0.00000	0.00000	0.00000	0.00000
458	NoName	0.00000	1.00000	0.00000	0.00000	0.00000	0.00000
459	NoName	0.00000	1.00000	0.00000	0.00000	0.00000	0.00000
460	NoName	0.00000	1.00000	0.00000	0.00000	0.00000	0.00000
461	NoName	1.00000	0.00000	0.00000	0.00000	0.00000	0.00000
462	NoName	0.00000	1.00000	0.00000	0.00000	0.00000	0.00000
463	NoName	0.00000	1.00000	0.00000	0.00000	0.00000	0.00000
464	NoName	0.00008	0.99587	0.00009	0.00043	0.00004	0.00348
465	NoName	1.00000	0.00000	0.00000	0.00000	0.00000	0.00000
466	NoName	0.00000	1.00000	0.00000	0.00000	0.00000	0.00000
467	NoName	0.00000	1.00000	0.00000	0.00000	0.00000	0.00000
468	NoName	0.00000	0.99979	0.00000	0.00000	0.00000	0.00021
469	NoName	0.00000	1.00000	0.00000	0.00000	0.00000	0.00000
470	NoName	0.00000	1.00000	0.00000	0.00000	0.00000	0.00000
471	NoName	0.00000	0.99999	0.00000	0.00000	0.00000	0.00001
472	NoName	0.00000	1.00000	0.00000	0.00000	0.00000	0.00000
473	NoName	0.00000	1.00000	0.00000	0.00000	0.00000	0.00000
474	NoName	0.00000	1.00000	0.00000	0.00000	0.00000	0.00000
475	NoName	0.00000	0.99817	0.00000	0.00011	0.00000	0.00173
476	NoName	0.00000	1.00000	0.00000	0.00000	0.00000	0.00000
477	NoName	0.00000	1.00000	0.00000	0.00000	0.00000	0.00000
478	NoName	0.00000	1.00000	0.00000	0.00000	0.00000	0.00000
479	NoName	0.00000	1.00000	0.00000	0.00000	0.00000	0.00000
480	NoName	0.00000	0.99998	0.00000	0.00000	0.00000	0.00002
481	NoName	0.00000	1.00000	0.00000	0.00000	0.00000	0.00000
482	NoName	0.00000	1.00000	0.00000	0.00000	0.00000	0.00000
483	NoName	0.00000	1.00000	0.00000	0.00000	0.00000	0.00000
484	NoName	0.00000	1.00000	0.00000	0.00000	0.00000	0.00000
485	NoName	0.00000	1.00000	0.00000	0.00000	0.00000	0.00000
486	NoName	0.00000	1.00000	0.00000	0.00000	0.00000	0.00000
487	NoName	0.00000	1.00000	0.00000	0.00000	0.00000	0.00000
488	NoName	0.00000	1.00000	0.00000	0.00000	0.00000	0.00000
489	NoName	0.00000	1.00000	0.00000	0.00000	0.00000	0.00000
490	NoName	0.00000	1.00000	0.00000	0.00000	0.00000	0.00000
491	NoName	0.00000	1.00000	0.00000	0.00000	0.00000	0.00000
492	NoName	0.00000	1.00000	0.00000	0.00000	0.00000	0.00000
493	NoName	0.00000	1.00000	0.00000	0.00000	0.00000	0.00000
494	NoName	0.00000	1.00000	0.00000	0.00000	0.00000	0.00000
495	NoName	0.00000	0.99951	0.00000	0.00001	0.00000	0.00048
496	NoName	0.00000	1.00000	0.00000	0.00000	0.00000	0.00000
497	NoName	0.00000	1.00000	0.00000	0.00000	0.00000	0.00000
498	NoName	0.00000	1.00000	0.00000	0.00000	0.00000	0.00000
499	NoName	0.00000	1.00000	0.00000	0.00000	0.00000	0.00000
500	NoName	0.00000	1.00000	0.00000	0.00000	0.00000	0.00000
501	NoName	0.00000	0.99921	0.00000	0.00002	0.00000	0.00077
502	NoName	0.00000	1.00000	0.00000	0.00000	0.00000	0.00000
503	NoName	0.00008	0.98745	0.00007	0.00307	0.00008	0.00925
504	NoName	0.00000	1.00000	0.00000	0.00000	0.00000	0.00000
505	NoName	0.00000	1.00000	0.00000	0.00000	0.00000	0.00000
506	NoName	0.00000	1.00000	0.00000	0.00000	0.00000	0.00000
507	NoName	1.00000	0.00000	0.00000	0.00000	0.00000	0.00000
508	NoName	1.00000	0.00000	0.00000	0.00000	0.00000	0.00000
509	NoName	0.00000	0.99999	0.00000	0.00000	0.00000	0.00001
510	NoName	0.00000	1.00000	0.00000	0.00000	0.00000	0.00000
511	NoName	0.00000	1.00000	0.00000	0.00000	0.00000	0.00000
512	NoName	0.00000	1.00000	0.00000	0.00000	0.00000	0.00000
513	NoName	0.00000	1.00000	0.00000	0.00000	0.00000	0.00000
514	NoName	1.00000	0.00000	0.00000	0.00000	0.00000	0.00000
515	NoName	0.00000	1.00000	0.00000	0.00000	0.00000	0.00000
516	NoName	1.00000	0.00000	0.00000	0.00000	0.00000	0.00000
517	NoName	0.00000	0.99998	0.00000	0.00000	0.00000	0.00002
518	NoName	0.00000	1.00000	0.00000	0.00000	0.00000	0.00000
519	NoName	1.00000	0.00000	0.00000	0.00000	0.00000	0.00000
520	NoName	0.00000	0.99855	0.00000	0.00000	0.00000	0.00145
521	NoName	0.00000	1.00000	0.00000	0.00000	0.00000	0.00000
522	NoName	0.00000	1.00000	0.00000	0.00000	0.00000	0.00000
523	NoName	0.00000	1.00000	0.00000	0.00000	0.00000	0.00000
524	NoName	0.00000	1.00000	0.00000	0.00000	0.00000	0.00000
525	NoName	0.00000	1.00000	0.00000	0.00000	0.00000	0.00000
526	NoName	0.00000	1.00000	0.00000	0.00000	0.00000	0.00000
527	NoName	0.00000	1.00000	0.00000	0.00000	0.00000	0.00000
528	NoName	0.00000	1.00000	0.00000	0.00000	0.00000	0.00000
529	NoName	0.00000	0.99996	0.00000	0.00000	0.00000	0.00004
530	NoName	0.00000	0.99846	0.00000	0.00007	0.00000	0.00146
531	NoName	0.00000	1.00000	0.00000	0.00000	0.00000	0.00000
532	NoName	0.00000	1.00000	0.00000	0.00000	0.00000	0.00000
533	NoName	0.00000	1.00000	0.00000	0.00000	0.00000	0.00000
534	NoName	0.99999	0.00000	0.00000	0.00000	0.00001	0.00000
535	NoName	0.00000	1.00000	0.00000	0.00000	0.00000	0.00000
536	NoName	0.00000	1.00000	0.00000	0.00000	0.00000	0.00000
537	NoName	0.00000	1.00000	0.00000	0.00000	0.00000	0.00000
538	NoName	0.99999	0.00000	0.00000	0.00000	0.00001	0.00000
539	NoName	0.00000	0.99791	0.00000	0.00014	0.00000	0.00196
540	NoName	0.00000	1.00000	0.00000	0.00000	0.00000	0.00000
541	NoName	0.99980	0.00000	0.00000	0.00000	0.00020	0.00000
542	NoName	1.00000	0.00000	0.00000	0.00000	0.00000	0.00000
543	NoName	0.99999	0.00000	0.00000	0.00000	0.00001	0.00000
544	NoName	0.00000	1.00000	0.00000	0.00000	0.00000	0.00000
545	NoName	0.00000	1.00000	0.00000	0.00000	0.00000	0.00000
546	NoName	0.00000	1.00000	0.00000	0.00000	0.00000	0.00000
547	NoName	0.00000	1.00000	0.00000	0.00000	0.00000	0.00000
548	NoName	0.00000	1.00000	0.00000	0.00000	0.00000	0.00000
549	NoName	0.99996	0.00000	0.00000	0.00000	0.00004	0.00000
550	NoName	0.00000	1.00000	0.00000	0.00000	0.00000	0.00000
551	NoName	0.00000	1.00000	0.00000	0.00000	0.00000	0.00000
552	NoName	1.00000	0.00000	0.00000	0.00000	0.00000	0.00000
553	NoName	0.00000	1.00000	0.00000	0.00000	0.00000	0.00000
554	NoName	0.00000	1.00000	0.00000	0.00000	0.00000	0.00000
555	NoName	0.00000	0.99999	0.00000	0.00000	0.00000	0.00001
556	NoName	0.00000	0.99998	0.00000	0.00000	0.00000	0.00002
557	NoName	0.00000	0.00000	0.99383	0.00552	0.00049	0.00016
558	NoName	0.00000	1.00000	0.00000	0.00000	0.00000	0.00000
559	NoName	0.00000	1.00000	0.00000	0.00000	0.00000	0.00000
560	NoName	0.99998	0.00000	0.00000	0.00000	0.00002	0.00000
561	NoName	1.00000	0.00000	0.00000	0.00000	0.00000	0.00000
562	NoName	1.00000	0.00000	0.00000	0.00000	0.00000	0.00000
563	NoName	1.00000	0.00000	0.00000	0.00000	0.00000	0.00000
564	NoName	0.00000	1.00000	0.00000	0.00000	0.00000	0.00000
565	NoName	0.00000	1.00000	0.00000	0.00000	0.00000	0.00000
566	NoName	0.99998	0.00000	0.00000	0.00000	0.00002	0.00000
567	NoName	0.00000	1.00000	0.00000	0.00000	0.00000	0.00000
568	NoName	0.16154	0.82026	0.00395	0.00242	0.00435	0.00749
569	NoName	1.00000	0.00000	0.00000	0.00000	0.00000	0.00000
570	NoName	0.00000	1.00000	0.00000	0.00000	0.00000	0.00000
571	NoName	0.00000	1.00000	0.00000	0.00000	0.00000	0.00000
572	NoName	0.00000	1.00000	0.00000	0.00000	0.00000	0.00000
573	NoName	0.00000	1.00000	0.00000	0.00000	0.00000	0.00000
574	NoName	0.00000	1.00000	0.00000	0.00000	0.00000	0.00000
575	NoName	0.00000	0.99999	0.00000	0.00000	0.00000	0.00001
576	NoName	0.00000	0.00000	0.00000	0.00326	0.99674	0.00000
577	NoName	0.00000	1.00000	0.00000	0.00000	0.00000	0.00000
578	NoName	0.99999	0.00000	0.00000	0.00000	0.00001	0.00000
579	NoName	0.00000	1.00000	0.00000	0.00000	0.00000	0.00000
580	NoName	0.00000	0.18836	0.00000	0.00003	0.00000	0.81161
581	NoName	0.00000	0.99994	0.00000	0.00000	0.00000	0.00006
582	NoName	0.00000	1.00000	0.00000	0.00000	0.00000	0.00000
583	NoName	0.00000	1.00000	0.00000	0.00000	0.00000	0.00000
584	NoName	0.00000	1.00000	0.00000	0.00000	0.00000	0.00000
585	NoName	0.00000	1.00000	0.00000	0.00000	0.00000	0.00000
586	NoName	0.00000	0.99982	0.00000	0.00000	0.00000	0.00018
587	NoName	0.00000	1.00000	0.00000	0.00000	0.00000	0.00000
588	NoName	0.00000	1.00000	0.00000	0.00000	0.00000	0.00000
589	NoName	0.00000	1.00000	0.00000	0.00000	0.00000	0.00000
590	NoName	0.00000	1.00000	0.00000	0.00000	0.00000	0.00000
591	NoName	0.00000	1.00000	0.00000	0.00000	0.00000	0.00000
592	NoName	0.00000	0.99920	0.00000	0.00002	0.00000	0.00078
593	NoName	0.00000	0.99993	0.00000	0.00000	0.00000	0.00007
594	NoName	0.00000	1.00000	0.00000	0.00000	0.00000	0.00000
595	NoName	0.00000	1.00000	0.00000	0.00000	0.00000	0.00000
596	NoName	0.00000	1.00000	0.00000	0.00000	0.00000	0.00000
597	NoName	0.00000	0.88662	0.00003	0.00361	0.00000	0.10974
598	NoName	0.00000	1.00000	0.00000	0.00000	0.00000	0.00000
599	NoName	0.00000	0.99997	0.00000	0.00000	0.00000	0.00003
600	NoName	0.00000	0.99237	0.00000	0.00001	0.00000	0.00762
601	NoName	0.00000	1.00000	0.00000	0.00000	0.00000	0.00000
602	NoName	0.00000	0.99986	0.00000	0.00000	0.00000	0.00014
603	NoName	0.99735	0.00000	0.00000	0.00000	0.00265	0.00000
604	NoName	0.99847	0.00000	0.00000	0.00003	0.00150	0.00000
605	NoName	0.00000	0.99999	0.00000	0.00000	0.00000	0.00001
606	NoName	0.00000	0.99999	0.00000	0.00000	0.00000	0.00001
607	NoName	0.00000	1.00000	0.00000	0.00000	0.00000	0.00000
608	NoName	0.00000	1.00000	0.00000	0.00000	0.00000	0.00000
609	NoName	0.00000	1.00000	0.00000	0.00000	0.00000	0.00000
610	NoName	0.00000	0.99999	0.00000	0.00000	0.00000	0.00001
611	NoName	0.99998	0.00000	0.00000	0.00000	0.00002	0.00000
612	NoName	0.00000	1.00000	0.00000	0.00000	0.00000	0.00000
613	NoName	0.00000	1.00000	0.00000	0.00000	0.00000	0.00000
614	NoName	0.00000	1.00000	0.00000	0.00000	0.00000	0.00000
615	NoName	0.00000	0.99995	0.00000	0.00000	0.00000	0.00005
616	NoName	0.00000	1.00000	0.00000	0.00000	0.00000	0.00000
617	NoName	0.00000	1.00000	0.00000	0.00000	0.00000	0.00000
618	NoName	0.00000	1.00000	0.00000	0.00000	0.00000	0.00000
619	NoName	0.00000	1.00000	0.00000	0.00000	0.00000	0.00000
620	NoName	0.00000	0.99999	0.00000	0.00000	0.00000	0.00001
621	NoName	0.00000	1.00000	0.00000	0.00000	0.00000	0.00000
622	NoName	0.00000	1.00000	0.00000	0.00000	0.00000	0.00000
623	NoName	0.00000	1.00000	0.00000	0.00000	0.00000	0.00000
624	NoName	0.00000	1.00000	0.00000	0.00000	0.00000	0.00000
625	NoName	0.00000	1.00000	0.00000	0.00000	0.00000	0.00000
626	NoName	0.00000	1.00000	0.00000	0.00000	0.00000	0.00000
627	NoName	0.00000	0.99934	0.00000	0.00001	0.00000	0.00064
628	NoName	0.00000	1.00000	0.00000	0.00000	0.00000	0.00000
629	NoName	0.00000	1.00000	0.00000	0.00000	0.00000	0.00000
630	NoName	0.00000	1.00000	0.00000	0.00000	0.00000	0.00000
631	NoName	0.00000	1.00000	0.00000	0.00000	0.00000	0.00000
632	NoName	0.00000	1.00000	0.00000	0.00000	0.00000	0.00000
633	NoName	1.00000	0.00000	0.00000	0.00000	0.00000	0.00000
634	NoName	0.00000	1.00000	0.00000	0.00000	0.00000	0.00000
635	NoName	0.00000	1.00000	0.00000	0.00000	0.00000	0.00000
636	NoName	0.00000	1.00000	0.00000	0.00000	0.00000	0.00000
637	NoName	0.00000	0.99994	0.00000	0.00000	0.00000	0.00006
638	NoName	0.00000	0.95766	0.00000	0.02198	0.00000	0.02036
639	NoName	0.00000	1.00000	0.00000	0.00000	0.00000	0.00000
640	NoName	0.00000	1.00000	0.00000	0.00000	0.00000	0.00000
641	NoName	0.00000	1.00000	0.00000	0.00000	0.00000	0.00000
642	NoName	0.00000	1.00000	0.00000	0.00000	0.00000	0.00000
643	NoName	0.00000	1.00000	0.00000	0.00000	0.00000	0.00000
644	NoName	0.00000	1.00000	0.00000	0.00000	0.00000	0.00000
645	NoName	0.00000	0.00000	0.00000	0.00003	0.00000	0.99997
646	NoName	0.00000	1.00000	0.00000	0.00000	0.00000	0.00000
647	NoName	0.00000	1.00000	0.00000	0.00000	0.00000	0.00000
648	NoName	0.00000	1.00000	0.00000	0.00000	0.00000	0.00000
649	NoName	0.00000	1.00000	0.00000	0.00000	0.00000	0.00000
650	NoName	0.00000	0.99998	0.00000	0.00000	0.00000	0.00002
651	NoName	1.00000	0.00000	0.00000	0.00000	0.00000	0.00000
652	NoName	0.00000	1.00000	0.00000	0.00000	0.00000	0.00000
653	NoName	0.00000	1.00000	0.00000	0.00000	0.00000	0.00000
654	NoName	0.99999	0.00000	0.00000	0.00000	0.00001	0.00000
655	NoName	0.00000	1.00000	0.00000	0.00000	0.00000	0.00000
656	NoName	0.00000	1.00000	0.00000	0.00000	0.00000	0.00000
657	NoName	0.00000	1.00000	0.00000	0.00000	0.00000	0.00000
658	NoName	0.00000	1.00000	0.00000	0.00000	0.00000	0.00000
659	NoName	0.00000	1.00000	0.00000	0.00000	0.00000	0.00000
660	NoName	0.99882	0.00000	0.00000	0.00003	0.00115	0.00000
661	NoName	0.00000	1.00000	0.00000	0.00000	0.00000	0.00000
662	NoName	0.00000	1.00000	0.00000	0.00000	0.00000	0.00000
663	NoName	0.00000	0.99888	0.00000	0.00000	0.00000	0.00112
664	NoName	0.00000	0.99951	0.00000	0.00001	0.00000	0.00048
665	NoName	1.00000	0.00000	0.00000	0.00000	0.00000	0.00000
666	NoName	0.00000	1.00000	0.00000	0.00000	0.00000	0.00000
667	NoName	1.00000	0.00000	0.00000	0.00000	0.00000	0.00000
668	NoName	1.00000	0.00000	0.00000	0.00000	0.00000	0.00000
669	NoName	1.00000	0.00000	0.00000	0.00000	0.00000	0.00000
670	NoName	1.00000	0.00000	0.00000	0.00000	0.00000	0.00000
671	NoName	0.99992	0.00000	0.00000	0.00000	0.00008	0.00000
672	NoName	0.00000	1.00000	0.00000	0.00000	0.00000	0.00000
673	NoName	0.00000	1.00000	0.00000	0.00000	0.00000	0.00000
674	NoName	0.00000	1.00000	0.00000	0.00000	0.00000	0.00000
675	NoName	0.00000	0.99986	0.00000	0.00000	0.00000	0.00014
676	NoName	0.00000	1.00000	0.00000	0.00000	0.00000	0.00000
677	NoName	0.00000	1.00000	0.00000	0.00000	0.00000	0.00000
678	NoName	0.00000	1.00000	0.00000	0.00000	0.00000	0.00000
679	NoName	1.00000	0.00000	0.00000	0.00000	0.00000	0.00000
680	NoName	0.00000	1.00000	0.00000	0.00000	0.00000	0.00000
681	NoName	0.00000	1.00000	0.00000	0.00000	0.00000	0.00000
682	NoName	0.00000	1.00000	0.00000	0.00000	0.00000	0.00000
683	NoName	0.00000	1.00000	0.00000	0.00000	0.00000	0.00000
684	NoName	0.00000	1.00000	0.00000	0.00000	0.00000	0.00000
685	NoName	0.00000	1.00000	0.00000	0.00000	0.00000	0.00000
686	NoName	0.00000	1.00000	0.00000	0.00000	0.00000	0.00000
687	NoName	0.00000	1.00000	0.00000	0.00000	0.00000	0.00000
688	NoName	0.00000	1.00000	0.00000	0.00000	0.00000	0.00000
689	NoName	0.00000	1.00000	0.00000	0.00000	0.00000	0.00000
690	NoName	0.00000	1.00000	0.00000	0.00000	0.00000	0.00000
691	NoName	0.00000	1.00000	0.00000	0.00000	0.00000	0.00000
692	NoName	0.00000	1.00000	0.00000	0.00000	0.00000	0.00000
693	NoName	0.00000	1.00000	0.00000	0.00000	0.00000	0.00000
694	NoName	0.00000	1.00000	0.00000	0.00000	0.00000	0.00000
695	NoName	0.00000	0.99790	0.00000	0.00014	0.00000	0.00196
696	NoName	0.00000	1.00000	0.00000	0.00000	0.00000	0.00000
697	NoName	0.00000	1.00000	0.00000	0.00000	0.00000	0.00000
698	NoName	0.00000	0.99999	0.00000	0.00000	0.00000	0.00001
699	NoName	0.00000	0.94199	0.00000	0.00001	0.00000	0.05800
700	NoName	0.00000	1.00000	0.00000	0.00000	0.00000	0.00000
701	NoName	0.00000	1.00000	0.00000	0.00000	0.00000	0.00000
702	NoName	1.00000	0.00000	0.00000	0.00000	0.00000	0.00000
703	NoName	1.00000	0.00000	0.00000	0.00000	0.00000	0.00000
704	NoName	1.00000	0.00000	0.00000	0.00000	0.00000	0.00000
705	NoName	0.99849	0.00000	0.00000	0.00004	0.00147	0.00000
706	NoName	0.00000	1.00000	0.00000	0.00000	0.00000	0.00000
707	NoName	0.00000	0.99999	0.00000	0.00000	0.00000	0.00001
708	NoName	0.99999	0.00000	0.00000	0.00000	0.00001	0.00000
709	NoName	0.00000	0.99999	0.00000	0.00000	0.00000	0.00001
710	NoName	0.00000	1.00000	0.00000	0.00000	0.00000	0.00000
711	NoName	0.00000	1.00000	0.00000	0.00000	0.00000	0.00000
712	NoName	0.00000	1.00000	0.00000	0.00000	0.00000	0.00000
713	NoName	0.00000	1.00000	0.00000	0.00000	0.00000	0.00000
714	NoName	0.00000	0.99607	0.00000	0.00000	0.00000	0.00393
715	NoName	0.78989	0.00000	0.00000	0.00000	0.21010	0.00000
716	NoName	0.00000	0.99970	0.00000	0.00000	0.00000	0.00030
717	NoName	0.00000	1.00000	0.00000	0.00000	0.00000	0.00000
718	NoName	0.00000	1.00000	0.00000	0.00000	0.00000	0.00000
719	NoName	1.00000	0.00000	0.00000	0.00000	0.00000	0.00000
720	NoName	0.00000	1.00000	0.00000	0.00000	0.00000	0.00000
721	NoName	0.00000	1.00000	0.00000	0.00000	0.00000	0.00000
722	NoName	0.00000	1.00000	0.00000	0.00000	0.00000	0.00000
723	NoName	0.00000	1.00000	0.00000	0.00000	0.00000	0.00000
724	NoName	0.00000	1.00000	0.00000	0.00000	0.00000	0.00000
725	NoName	0.00000	0.99974	0.00000	0.00000	0.00000	0.00026
726	NoName	0.00001	0.77583	0.00016	0.03748	0.00007	0.18645
727	NoName	0.00000	0.99999	0.00000	0.00000	0.00000	0.00001
728	NoName	0.00000	1.00000	0.00000	0.00000	0.00000	0.00000
729	NoName	0.00000	0.99876	0.00000	0.00005	0.00000	0.00119
730	NoName	0.00000	1.00000	0.00000	0.00000	0.00000	0.00000
731	NoName	0.00000	1.00000	0.00000	0.00000	0.00000	0.00000
732	NoName	0.00000	1.00000	0.00000	0.00000	0.00000	0.00000
733	NoName	1.00000	0.00000	0.00000	0.00000	0.00000	0.00000
734	NoName	0.00000	1.00000	0.00000	0.00000	0.00000	0.00000
735	NoName	0.00000	1.00000	0.00000	0.00000	0.00000	0.00000
736	NoName	0.00000	1.00000	0.00000	0.00000	0.00000	0.00000
737	NoName	0.00000	0.99995	0.00000	0.00000	0.00000	0.00005
738	NoName	0.00000	1.00000	0.00000	0.00000	0.00000	0.00000
739	NoName	1.00000	0.00000	0.00000	0.00000	0.00000	0.00000
740	NoName	0.00000	0.99973	0.00000	0.00000	0.00000	0.00027
741	NoName	0.00000	1.00000	0.00000	0.00000	0.00000	0.00000
742	NoName	1.00000	0.00000	0.00000	0.00000	0.00000	0.00000
743	NoName	0.00000	1.00000	0.00000	0.00000	0.00000	0.00000
744	NoName	0.00000	1.00000	0.00000	0.00000	0.00000	0.00000
745	NoName	0.00000	1.00000	0.00000	0.00000	0.00000	0.00000
746	NoName	1.00000	0.00000	0.00000	0.00000	0.00000	0.00000
747	NoName	0.00000	1.00000	0.00000	0.00000	0.00000	0.00000
748	NoName	0.00000	1.00000	0.00000	0.00000	0.00000	0.00000
749	NoName	0.00000	1.00000	0.00000	0.00000	0.00000	0.00000
750	NoName	0.00000	1.00000	0.00000	0.00000	0.00000	0.00000
751	NoName	0.18623	0.79467	0.00417	0.00255	0.00480	0.00757
752	NoName	0.00000	1.00000	0.00000	0.00000	0.00000	0.00000
753	NoName	0.00000	1.00000	0.00000	0.00000	0.00000	0.00000
754	NoName	0.00000	1.00000	0.00000	0.00000	0.00000	0.00000
755	NoName	0.00000	1.00000	0.00000	0.00000	0.00000	0.00000
756	NoName	0.00000	1.00000	0.00000	0.00000	0.00000	0.00000
757	NoName	0.00000	1.00000	0.00000	0.00000	0.00000	0.00000
758	NoName	0.00000	0.99989	0.00000	0.00000	0.00000	0.00010
759	NoName	0.00000	0.99996	0.00000	0.00000	0.00000	0.00004
760	NoName	1.00000	0.00000	0.00000	0.00000	0.00000	0.00000
761	NoName	1.00000	0.00000	0.00000	0.00000	0.00000	0.00000
762	NoName	0.00000	0.97681	0.00000	0.00000	0.00000	0.02319
763	NoName	0.00000	1.00000	0.00000	0.00000	0.00000	0.00000
764	NoName	0.00000	1.00000	0.00000	0.00000	0.00000	0.00000
765	NoName	0.00000	1.00000	0.00000	0.00000	0.00000	0.00000
766	NoName	0.00000	0.99999	0.00000	0.00000	0.00000	0.00001
767	NoName	0.00000	1.00000	0.00000	0.00000	0.00000	0.00000
768	NoName	0.00000	1.00000	0.00000	0.00000	0.00000	0.00000
769	NoName	0.00000	0.99998	0.00000	0.00000	0.00000	0.00002
770	NoName	0.00000	0.99997	0.00000	0.00000	0.00000	0.00003
771	NoName	0.00000	1.00000	0.00000	0.00000	0.00000	0.00000
772	NoName	0.00000	1.00000	0.00000	0.00000	0.00000	0.00000
773	NoName	0.00000	1.00000	0.00000	0.00000	0.00000	0.00000
774	NoName	0.00000	0.99998	0.00000	0.00000	0.00000	0.00002
775	NoName	0.00000	1.00000	0.00000	0.00000	0.00000	0.00000
776	NoName	0.00000	1.00000	0.00000	0.00000	0.00000	0.00000
777	NoName	0.00000	1.00000	0.00000	0.00000	0.00000	0.00000
