26401_sweeps	IndivName	1.000/0.000/0.000/0.000	0.000/0.000/0.000/1.000	0.000/0.500/0.500/0.000	0.250/0.250/0.250/0.250	0.500/0.250/0.250/0.000	0.000/0.250/0.250/0.500
1	NoName	0.00000	0.99998	0.00000	0.00000	0.00000	0.00002
2	NoName	0.00000	1.00000	0.00000	0.00000	0.00000	0.00000
3	NoName	0.00000	1.00000	0.00000	0.00000	0.00000	0.00000
4	NoName	0.00000	0.99968	0.00000	0.00000	0.00000	0.00032
5	NoName	0.00000	1.00000	0.00000	0.00000	0.00000	0.00000
6	NoName	0.00000	0.99992	0.00000	0.00000	0.00000	0.00008
7	NoName	0.00000	0.99998	0.00000	0.00000	0.00000	0.00002
8	NoName	0.00000	1.00000	0.00000	0.00000	0.00000	0.00000
9	NoName	0.00000	0.99999	0.00000	0.00000	0.00000	0.00001
10	NoName	0.11551	0.00000	0.00000	0.00235	0.88214	0.00000
11	NoName	1.00000	0.00000	0.00000	0.00000	0.00000	0.00000
12	NoName	0.00000	0.99431	0.00000	0.00006	0.00000	0.00563
13	NoName	0.00000	1.00000	0.00000	0.00000	0.00000	0.00000
14	NoName	0.00000	1.00000	0.00000	0.00000	0.00000	0.00000
15	NoName	0.00000	0.99985	0.00000	0.00000	0.00000	0.00015
16	NoName	0.00000	0.99981	0.00000	0.00000	0.00000	0.00019
17	NoName	0.99958	0.00000	0.00000	0.00000	0.00042	0.00000
18	NoName	0.99708	0.00000	0.00000	0.00015	0.00277	0.00000
19	NoName	0.00000	0.99988	0.00000	0.00000	0.00000	0.00012
20	NoName	1.00000	0.00000	0.00000	0.00000	0.00000	0.00000
21	NoName	0.19400	0.47284	0.02548	0.06808	0.02590	0.21372
22	NoName	0.00000	0.99997	0.00000	0.00000	0.00000	0.00003
23	NoName	0.99994	0.00000	0.00000	0.00000	0.00006	0.00000
24	NoName	0.99977	0.00000	0.00000	0.00000	0.00023	0.00000
25	NoName	1.00000	0.00000	0.00000	0.00000	0.00000	0.00000
26	NoName	0.00000	1.00000	0.00000	0.00000	0.00000	0.00000
27	NoName	0.00000	1.00000	0.00000	0.00000	0.00000	0.00000
28	NoName	0.00000	0.99999	0.00000	0.00000	0.00000	0.00001
29	NoName	0.00000	1.00000	0.00000	0.00000	0.00000	0.00000
30	NoName	0.99983	0.00000	0.00000	0.00000	0.00017	0.00000
31	NoName	0.99834	0.00000	0.00000	0.00000	0.00166	0.00000
32	NoName	0.00000	0.99942	0.00000	0.00001	0.00000	0.00058
33	NoName	0.99989	0.00000	0.00000	0.00000	0.00011	0.00000
34	NoName	0.00000	0.99380	0.00013	0.00056	0.00004	0.00546
35	NoName	0.00000	0.99981	0.00000	0.00000	0.00000	0.00019
36	NoName	0.00000	0.99999	0.00000	0.00000	0.00000	0.00001
37	NoName	1.00000	0.00000	0.00000	0.00000	0.00000	0.00000
38	NoName	1.00000	0.00000	0.00000	0.00000	0.00000	0.00000
39	NoName	0.00000	0.99999	0.00000	0.00000	0.00000	0.00001
40	NoName	0.00000	1.00000	0.00000	0.00000	0.00000	0.00000
41	NoName	0.00000	0.99994	0.00000	0.00000	0.00000	0.00006
42	NoName	0.00000	1.00000	0.00000	0.00000	0.00000	0.00000
43	NoName	0.99552	0.00000	0.00000	0.00000	0.00448	0.00000
44	NoName	0.00000	0.99995	0.00000	0.00000	0.00000	0.00005
45	NoName	1.00000	0.00000	0.00000	0.00000	0.00000	0.00000
46	NoName	0.00000	0.96761	0.00000	0.00000	0.00000	0.03239
47	NoName	0.00000	0.99841	0.00000	0.00000	0.00000	0.00159
48	NoName	0.99999	0.00000	0.00000	0.00000	0.00001	0.00000
49	NoName	0.99987	0.00000	0.00000	0.00000	0.00013	0.00000
50	NoName	0.00000	0.99975	0.00000	0.00000	0.00000	0.00025
51	NoName	0.00000	1.00000	0.00000	0.00000	0.00000	0.00000
52	NoName	0.00000	1.00000	0.00000	0.00000	0.00000	0.00000
53	NoName	0.94442	0.00000	0.00000	0.01397	0.04161	0.00000
54	NoName	0.00000	0.99999	0.00000	0.00000	0.00000	0.00001
55	NoName	0.00000	0.99998	0.00000	0.00000	0.00000	0.00002
56	NoName	0.79099	0.00000	0.00002	0.14521	0.06360	0.00017
57	NoName	0.00000	1.00000	0.00000	0.00000	0.00000	0.00000
58	NoName	0.00000	0.99999	0.00000	0.00000	0.00000	0.00001
59	NoName	0.00000	1.00000	0.00000	0.00000	0.00000	0.00000
60	NoName	0.00000	0.99998	0.00000	0.00000	0.00000	0.00002
61	NoName	0.00000	1.00000	0.00000	0.00000	0.00000	0.00000
62	NoName	0.00000	0.99999	0.00000	0.00000	0.00000	0.00001
63	NoName	0.00000	1.00000	0.00000	0.00000	0.00000	0.00000
64	NoName	0.00000	1.00000	0.00000	0.00000	0.00000	0.00000
65	NoName	0.00000	0.99997	0.00000	0.00000	0.00000	0.00003
66	NoName	0.99992	0.00000	0.00000	0.00000	0.00008	0.00000
67	NoName	0.00000	1.00000	0.00000	0.00000	0.00000	0.00000
68	NoName	0.00000	1.00000	0.00000	0.00000	0.00000	0.00000
69	NoName	0.00000	0.99264	0.00014	0.00077	0.00005	0.00641
70	NoName	0.00000	0.99999	0.00000	0.00000	0.00000	0.00001
71	NoName	0.00000	0.99998	0.00000	0.00000	0.00000	0.00002
72	NoName	0.00000	1.00000	0.00000	0.00000	0.00000	0.00000
73	NoName	0.00000	0.99998	0.00000	0.00000	0.00000	0.00002
74	NoName	0.00000	1.00000	0.00000	0.00000	0.00000	0.00000
75	NoName	0.00000	0.99999	0.00000	0.00000	0.00000	0.00001
76	NoName	0.00000	0.99999	0.00000	0.00000	0.00000	0.00001
77	NoName	1.00000	0.00000	0.00000	0.00000	0.00000	0.00000
78	NoName	1.00000	0.00000	0.00000	0.00000	0.00000	0.00000
79	NoName	0.99987	0.00000	0.00000	0.00000	0.00013	0.00000
80	NoName	0.00000	0.98660	0.00000	0.00203	0.00000	0.01136
81	NoName	0.00000	1.00000	0.00000	0.00000	0.00000	0.00000
82	NoName	0.99585	0.00000	0.00000	0.00029	0.00386	0.00000
83	NoName	1.00000	0.00000	0.00000	0.00000	0.00000	0.00000
84	NoName	0.00000	0.99980	0.00000	0.00000	0.00000	0.00020
85	NoName	1.00000	0.00000	0.00000	0.00000	0.00000	0.00000
86	NoName	0.99999	0.00000	0.00000	0.00000	0.00001	0.00000
87	NoName	0.00000	1.00000	0.00000	0.00000	0.00000	0.00000
88	NoName	0.99999	0.00000	0.00000	0.00000	0.00001	0.00000
89	NoName	0.00000	0.99987	0.00000	0.00000	0.00000	0.00013
90	NoName	0.00000	1.00000	0.00000	0.00000	0.00000	0.00000
91	NoName	0.99962	0.00000	0.00000	0.00000	0.00037	0.00000
92	NoName	0.00000	0.00031	0.00002	0.00432	0.00000	0.99535
93	NoName	0.00000	1.00000	0.00000	0.00000	0.00000	0.00000
94	NoName	0.99660	0.00000	0.00000	0.00020	0.00321	0.00000
95	NoName	0.00000	1.00000	0.00000	0.00000	0.00000	0.00000
96	NoName	0.00000	0.99990	0.00000	0.00000	0.00000	0.00010
97	NoName	0.99986	0.00000	0.00000	0.00000	0.00014	0.00000
98	NoName	0.00000	0.99995	0.00000	0.00000	0.00000	0.00005
99	NoName	0.00000	0.99713	0.00000	0.00013	0.00000	0.00273
100	NoName	0.00000	0.99989	0.00000	0.00000	0.00000	0.00011
101	NoName	0.00000	1.00000	0.00000	0.00000	0.00000	0.00000
102	NoName	0.00000	0.99999	0.00000	0.00000	0.00000	0.00001
103	NoName	0.00000	1.00000	0.00000	0.00000	0.00000	0.00000
104	NoName	0.00000	0.99999	0.00000	0.00000	0.00000	0.00001
105	NoName	0.00000	0.99940	0.00000	0.00001	0.00000	0.00060
106	NoName	0.00000	0.99999	0.00000	0.00000	0.00000	0.00001
107	NoName	0.00000	1.00000	0.00000	0.00000	0.00000	0.00000
108	NoName	0.99983	0.00000	0.00000	0.00000	0.00017	0.00000
109	NoName	0.00000	1.00000	0.00000	0.00000	0.00000	0.00000
110	NoName	0.00000	0.99989	0.00000	0.00000	0.00000	0.00011
111	NoName	0.00000	0.99998	0.00000	0.00000	0.00000	0.00002
112	NoName	0.99999	0.00000	0.00000	0.00000	0.00001	0.00000
113	NoName	0.99960	0.00000	0.00000	0.00000	0.00039	0.00000
114	NoName	0.00000	0.99999	0.00000	0.00000	0.00000	0.00001
115	NoName	0.00000	1.00000	0.00000	0.00000	0.00000	0.00000
116	NoName	0.78781	0.00000	0.00000	0.00032	0.21187	0.00000
117	NoName	0.00000	1.00000	0.00000	0.00000	0.00000	0.00000
118	NoName	0.99999	0.00000	0.00000	0.00000	0.00001	0.00000
119	NoName	0.99998	0.00000	0.00000	0.00000	0.00002	0.00000
120	NoName	0.00000	0.99999	0.00000	0.00000	0.00000	0.00001
121	NoName	0.00000	1.00000	0.00000	0.00000	0.00000	0.00000
122	NoName	0.00000	0.99989	0.00000	0.00000	0.00000	0.00011
123	NoName	0.99072	0.00005	0.00006	0.00124	0.00789	0.00004
124	NoName	0.00000	0.99996	0.00000	0.00000	0.00000	0.00004
125	NoName	0.00000	0.99999	0.00000	0.00000	0.00000	0.00001
126	NoName	0.00000	1.00000	0.00000	0.00000	0.00000	0.00000
127	NoName	0.00000	1.00000	0.00000	0.00000	0.00000	0.00000
128	NoName	0.00000	0.99821	0.00000	0.00000	0.00000	0.00179
129	NoName	0.00000	0.99989	0.00000	0.00000	0.00000	0.00011
130	NoName	0.00000	0.99973	0.00000	0.00000	0.00000	0.00027
131	NoName	0.99999	0.00000	0.00000	0.00000	0.00001	0.00000
132	NoName	0.00000	1.00000	0.00000	0.00000	0.00000	0.00000
133	NoName	0.00000	1.00000	0.00000	0.00000	0.00000	0.00000
134	NoName	0.00000	1.00000	0.00000	0.00000	0.00000	0.00000
135	NoName	0.00000	1.00000	0.00000	0.00000	0.00000	0.00000
136	NoName	0.00000	1.00000	0.00000	0.00000	0.00000	0.00000
137	NoName	0.00000	1.00000	0.00000	0.00000	0.00000	0.00000
138	NoName	0.99999	0.00000	0.00000	0.00000	0.00001	0.00000
139	NoName	0.99998	0.00000	0.00000	0.00000	0.00002	0.00000
140	NoName	1.00000	0.00000	0.00000	0.00000	0.00000	0.00000
141	NoName	0.79644	0.00005	0.00005	0.12826	0.07485	0.00035
142	NoName	0.99982	0.00000	0.00000	0.00000	0.00018	0.00000
143	NoName	0.00000	0.99997	0.00000	0.00000	0.00000	0.00003
144	NoName	0.99987	0.00000	0.00000	0.00000	0.00013	0.00000
145	NoName	1.00000	0.00000	0.00000	0.00000	0.00000	0.00000
146	NoName	0.99995	0.00000	0.00000	0.00000	0.00005	0.00000
147	NoName	0.99995	0.00000	0.00000	0.00000	0.00005	0.00000
148	NoName	1.00000	0.00000	0.00000	0.00000	0.00000	0.00000
149	NoName	0.99996	0.00000	0.00000	0.00000	0.00004	0.00000
150	NoName	1.00000	0.00000	0.00000	0.00000	0.00000	0.00000
151	NoName	0.00000	0.99996	0.00000	0.00000	0.00000	0.00004
152	NoName	0.00003	0.99443	0.00072	0.00035	0.00017	0.00430
153	NoName	0.00000	0.99988	0.00000	0.00000	0.00000	0.00012
154	NoName	0.00000	1.00000	0.00000	0.00000	0.00000	0.00000
155	NoName	0.00000	0.99991	0.00000	0.00000	0.00000	0.00009
156	NoName	0.00000	1.00000	0.00000	0.00000	0.00000	0.00000
157	NoName	0.00000	0.99999	0.00000	0.00000	0.00000	0.00001
158	NoName	0.00000	0.99999	0.00000	0.00000	0.00000	0.00001
159	NoName	0.00000	0.99999	0.00000	0.00000	0.00000	0.00001
160	NoName	0.00000	0.99996	0.00000	0.00000	0.00000	0.00004
161	NoName	0.00000	1.00000	0.00000	0.00000	0.00000	0.00000
162	NoName	0.99999	0.00000	0.00000	0.00000	0.00001	0.00000
163	NoName	0.00000	0.99999	0.00000	0.00000	0.00000	0.00001
164	NoName	0.00000	0.99948	0.00000	0.00000	0.00000	0.00052
165	NoName	0.00000	0.99980	0.00000	0.00000	0.00000	0.00020
166	NoName	0.99999	0.00000	0.00000	0.00000	0.00001	0.00000
167	NoName	1.00000	0.00000	0.00000	0.00000	0.00000	0.00000
168	NoName	1.00000	0.00000	0.00000	0.00000	0.00000	0.00000
169	NoName	0.00000	1.00000	0.00000	0.00000	0.00000	0.00000
170	NoName	0.00000	0.99971	0.00000	0.00000	0.00000	0.00029
171	NoName	0.00000	0.99999	0.00000	0.00000	0.00000	0.00001
172	NoName	0.00000	1.00000	0.00000	0.00000	0.00000	0.00000
173	NoName	0.99998	0.00000	0.00000	0.00000	0.00002	0.00000
174	NoName	0.00000	1.00000	0.00000	0.00000	0.00000	0.00000
175	NoName	0.00000	0.99995	0.00000	0.00000	0.00000	0.00005
176	NoName	0.00000	1.00000	0.00000	0.00000	0.00000	0.00000
177	NoName	0.00000	1.00000	0.00000	0.00000	0.00000	0.00000
178	NoName	0.99998	0.00000	0.00000	0.00000	0.00002	0.00000
179	NoName	0.99996	0.00000	0.00000	0.00000	0.00004	0.00000
180	NoName	0.00000	1.00000	0.00000	0.00000	0.00000	0.00000
181	NoName	0.00000	0.99992	0.00000	0.00000	0.00000	0.00008
182	NoName	0.99089	0.00000	0.00000	0.00033	0.00878	0.00000
183	NoName	0.00000	0.99990	0.00000	0.00000	0.00000	0.00010
184	NoName	0.00000	1.00000	0.00000	0.00000	0.00000	0.00000
185	NoName	0.00000	1.00000	0.00000	0.00000	0.00000	0.00000
186	NoName	1.00000	0.00000	0.00000	0.00000	0.00000	0.00000
187	NoName	0.00000	0.94866	0.00000	0.00019	0.00000	0.05116
188	NoName	0.00000	1.00000	0.00000	0.00000	0.00000	0.00000
189	NoName	0.00000	0.99997	0.00000	0.00000	0.00000	0.00003
190	NoName	0.00000	0.99907	0.00000	0.00001	0.00000	0.00092
191	NoName	1.00000	0.00000	0.00000	0.00000	0.00000	0.00000
192	NoName	0.99997	0.00000	0.00000	0.00000	0.00003	0.00000
193	NoName	0.99794	0.00000	0.00000	0.00000	0.00206	0.00000
194	NoName	0.00000	0.99928	0.00000	0.00000	0.00000	0.00072
195	NoName	0.00000	0.99999	0.00000	0.00000	0.00000	0.00001
196	NoName	0.00000	0.99998	0.00000	0.00000	0.00000	0.00002
197	NoName	0.00000	0.99990	0.00000	0.00000	0.00000	0.00010
198	NoName	0.00000	0.99998	0.00000	0.00000	0.00000	0.00002
199	NoName	0.00000	0.99997	0.00000	0.00000	0.00000	0.00003
200	NoName	0.00000	0.00000	0.97221	0.02137	0.00149	0.00493
201	NoName	0.00000	0.99999	0.00000	0.00000	0.00000	0.00001
202	NoName	0.00000	0.99993	0.00000	0.00000	0.00000	0.00007
203	NoName	0.00000	0.99972	0.00000	0.00000	0.00000	0.00027
204	NoName	0.00000	1.00000	0.00000	0.00000	0.00000	0.00000
205	NoName	0.00000	0.99987	0.00000	0.00000	0.00000	0.00013
206	NoName	0.00000	1.00000	0.00000	0.00000	0.00000	0.00000
207	NoName	0.00000	1.00000	0.00000	0.00000	0.00000	0.00000
208	NoName	0.00000	0.99999	0.00000	0.00000	0.00000	0.00001
209	NoName	0.00000	1.00000	0.00000	0.00000	0.00000	0.00000
210	NoName	0.00000	0.99999	0.00000	0.00000	0.00000	0.00001
211	NoName	0.00000	0.74398	0.00000	0.00009	0.00000	0.25594
212	NoName	0.00000	1.00000	0.00000	0.00000	0.00000	0.00000
213	NoName	0.99937	0.00000	0.00000	0.00000	0.00063	0.00000
214	NoName	0.99999	0.00000	0.00000	0.00000	0.00001	0.00000
215	NoName	0.00000	1.00000	0.00000	0.00000	0.00000	0.00000
216	NoName	0.00000	1.00000	0.00000	0.00000	0.00000	0.00000
217	NoName	0.00000	1.00000	0.00000	0.00000	0.00000	0.00000
218	NoName	0.00000	1.00000	0.00000	0.00000	0.00000	0.00000
219	NoName	0.00000	0.99995	0.00000	0.00000	0.00000	0.00005
220	NoName	0.00000	0.99743	0.00012	0.00009	0.00001	0.00234
221	NoName	0.00000	1.00000	0.00000	0.00000	0.00000	0.00000
222	NoName	0.00000	1.00000	0.00000	0.00000	0.00000	0.00000
223	NoName	0.00000	0.99994	0.00000	0.00000	0.00000	0.00006
224	NoName	0.00000	1.00000	0.00000	0.00000	0.00000	0.00000
225	NoName	0.00000	1.00000	0.00000	0.00000	0.00000	0.00000
226	NoName	0.99997	0.00000	0.00000	0.00000	0.00003	0.00000
227	NoName	0.00000	0.99999	0.00000	0.00000	0.00000	0.00001
228	NoName	0.00000	0.99942	0.00000	0.00001	0.00000	0.00057
229	NoName	0.99044	0.00052	0.00022	0.00101	0.00769	0.00011
230	NoName	0.00000	1.00000	0.00000	0.00000	0.00000	0.00000
231	NoName	0.00000	1.00000	0.00000	0.00000	0.00000	0.00000
232	NoName	0.00000	0.99993	0.00000	0.00000	0.00000	0.00007
233	NoName	0.99999	0.00000	0.00000	0.00000	0.00001	0.00000
234	NoName	0.00000	0.99358	0.00008	0.00056	0.00002	0.00577
235	NoName	0.00000	1.00000	0.00000	0.00000	0.00000	0.00000
236	NoName	0.00000	1.00000	0.00000	0.00000	0.00000	0.00000
237	NoName	0.00000	1.00000	0.00000	0.00000	0.00000	0.00000
238	NoName	0.00000	0.99991	0.00000	0.00000	0.00000	0.00009
239	NoName	0.99999	0.00000	0.00000	0.00000	0.00001	0.00000
240	NoName	1.00000	0.00000	0.00000	0.00000	0.00000	0.00000
241	NoName	0.99999	0.00000	0.00000	0.00000	0.00001	0.00000
242	NoName	0.99999	0.00000	0.00000	0.00000	0.00001	0.00000
243	NoName	0.00000	1.00000	0.00000	0.00000	0.00000	0.00000
244	NoName	1.00000	0.00000	0.00000	0.00000	0.00000	0.00000
245	NoName	1.00000	0.00000	0.00000	0.00000	0.00000	0.00000
246	NoName	0.00000	0.99999	0.00000	0.00000	0.00000	0.00001
247	NoName	0.00000	1.00000	0.00000	0.00000	0.00000	0.00000
248	NoName	0.00000	1.00000	0.00000	0.00000	0.00000	0.00000
249	NoName	0.00000	0.99995	0.00000	0.00000	0.00000	0.00005
250	NoName	0.00000	1.00000	0.00000	0.00000	0.00000	0.00000
251	NoName	0.00000	1.00000	0.00000	0.00000	0.00000	0.00000
252	NoName	0.00000	1.00000	0.00000	0.00000	0.00000	0.00000
253	NoName	0.00000	1.00000	0.00000	0.00000	0.00000	0.00000
254	NoName	0.00000	1.00000	0.00000	0.00000	0.00000	0.00000
255	NoName	0.00000	1.00000	0.00000	0.00000	0.00000	0.00000
256	NoName	0.00000	0.99998	0.00000	0.00000	0.00000	0.00002
257	NoName	0.00000	1.00000	0.00000	0.00000	0.00000	0.00000
258	NoName	0.00000	0.99995	0.00000	0.00000	0.00000	0.00005
259	NoName	0.00000	1.00000	0.00000	0.00000	0.00000	0.00000
260	NoName	0.00000	0.99994	0.00000	0.00000	0.00000	0.00006
261	NoName	0.00000	0.99919	0.00000	0.00000	0.00000	0.00081
262	NoName	0.00000	0.99890	0.00000	0.00000	0.00000	0.00110
263	NoName	0.00000	1.00000	0.00000	0.00000	0.00000	0.00000
264	NoName	0.00000	0.99998	0.00000	0.00000	0.00000	0.00002
265	NoName	0.00002	0.97999	0.00057	0.00418	0.00047	0.01477
266	NoName	0.00000	1.00000	0.00000	0.00000	0.00000	0.00000
267	NoName	0.00000	0.99805	0.00000	0.00000	0.00000	0.00195
268	NoName	0.00000	1.00000	0.00000	0.00000	0.00000	0.00000
269	NoName	0.00000	0.99997	0.00000	0.00000	0.00000	0.00003
270	NoName	0.00000	1.00000	0.00000	0.00000	0.00000	0.00000
271	NoName	0.00000	1.00000	0.00000	0.00000	0.00000	0.00000
272	NoName	0.00000	1.00000	0.00000	0.00000	0.00000	0.00000
273	NoName	0.00000	1.00000	0.00000	0.00000	0.00000	0.00000
274	NoName	0.00000	1.00000	0.00000	0.00000	0.00000	0.00000
275	NoName	0.00000	1.00000	0.00000	0.00000	0.00000	0.00000
276	NoName	0.00000	0.99999	0.00000	0.00000	0.00000	0.00001
277	NoName	0.00000	0.88898	0.00000	0.00104	0.00000	0.10998
278	NoName	0.00000	0.99993	0.00000	0.00000	0.00000	0.00007
279	NoName	0.00000	0.99999	0.00000	0.00000	0.00000	0.00001
280	NoName	0.00000	1.00000	0.00000	0.00000	0.00000	0.00000
281	NoName	0.00000	0.99851	0.00000	0.00001	0.00000	0.00148
282	NoName	0.00000	0.98534	0.00000	0.00002	0.00000	0.01465
283	NoName	1.00000	0.00000	0.00000	0.00000	0.00000	0.00000
284	NoName	0.00000	0.99965	0.00000	0.00000	0.00000	0.00035
285	NoName	0.00000	1.00000	0.00000	0.00000	0.00000	0.00000
286	NoName	0.00000	0.99999	0.00000	0.00000	0.00000	0.00001
287	NoName	0.00000	1.00000	0.00000	0.00000	0.00000	0.00000
288	NoName	0.00000	0.99982	0.00000	0.00000	0.00000	0.00018
289	NoName	0.00000	0.99467	0.00000	0.00000	0.00000	0.00533
290	NoName	0.00000	0.99905	0.00000	0.00000	0.00000	0.00095
291	NoName	0.00000	1.00000	0.00000	0.00000	0.00000	0.00000
292	NoName	0.00000	0.99998	0.00000	0.00000	0.00000	0.00002
293	NoName	0.00000	0.99999	0.00000	0.00000	0.00000	0.00001
294	NoName	0.00000	1.00000	0.00000	0.00000	0.00000	0.00000
295	NoName	0.00000	1.00000	0.00000	0.00000	0.00000	0.00000
296	NoName	0.99993	0.00000	0.00000	0.00000	0.00007	0.00000
297	NoName	0.53283	0.44590	0.00504	0.00223	0.00776	0.00623
298	NoName	0.00000	1.00000	0.00000	0.00000	0.00000	0.00000
299	NoName	0.00000	0.99775	0.00000	0.00012	0.00000	0.00213
300	NoName	0.99999	0.00000	0.00000	0.00000	0.00001	0.00000
301	NoName	0.00000	0.99952	0.00000	0.00000	0.00000	0.00048
302	NoName	0.00000	1.00000	0.00000	0.00000	0.00000	0.00000
303	NoName	0.00000	1.00000	0.00000	0.00000	0.00000	0.00000
304	NoName	0.00000	1.00000	0.00000	0.00000	0.00000	0.00000
305	NoName	0.00000	1.00000	0.00000	0.00000	0.00000	0.00000
306	NoName	0.00000	0.99999	0.00000	0.00000	0.00000	0.00001
307	NoName	0.00000	0.99965	0.00000	0.00000	0.00000	0.00035
308	NoName	0.00000	0.99999	0.00000	0.00000	0.00000	0.00001
309	NoName	0.00000	1.00000	0.00000	0.00000	0.00000	0.00000
310	NoName	0.00000	1.00000	0.00000	0.00000	0.00000	0.00000
311	NoName	0.00000	1.00000	0.00000	0.00000	0.00000	0.00000
312	NoName	0.00000	0.99867	0.00000	0.00003	0.00000	0.00130
313	NoName	0.00000	0.99997	0.00000	0.00000	0.00000	0.00003
314	NoName	0.00000	1.00000	0.00000	0.00000	0.00000	0.00000
315	NoName	0.00000	0.99984	0.00000	0.00000	0.00000	0.00016
316	NoName	0.00000	0.99941	0.00000	0.00000	0.00000	0.00059
317	NoName	0.00000	0.99992	0.00000	0.00000	0.00000	0.00008
318	NoName	0.00000	0.99999	0.00000	0.00000	0.00000	0.00001
319	NoName	0.00000	1.00000	0.00000	0.00000	0.00000	0.00000
320	NoName	0.00000	0.99976	0.00000	0.00000	0.00000	0.00024
321	NoName	0.00000	1.00000	0.00000	0.00000	0.00000	0.00000
322	NoName	0.00000	0.99984	0.00000	0.00000	0.00000	0.00016
323	NoName	0.00000	1.00000	0.00000	0.00000	0.00000	0.00000
324	NoName	0.00000	0.99998	0.00000	0.00000	0.00000	0.00002
325	NoName	0.00000	0.99999	0.00000	0.00000	0.00000	0.00001
326	NoName	0.00000	0.91744	0.00000	0.00008	0.00000	0.08248
327	NoName	0.00000	0.99991	0.00000	0.00000	0.00000	0.00009
328	NoName	0.00000	1.00000	0.00000	0.00000	0.00000	0.00000
329	NoName	0.00000	0.99999	0.00000	0.00000	0.00000	0.00001
330	NoName	0.00000	0.99999	0.00000	0.00000	0.00000	0.00001
331	NoName	0.00000	0.99959	0.00000	0.00000	0.00000	0.00041
332	NoName	0.00000	1.00000	0.00000	0.00000	0.00000	0.00000
333	NoName	0.00000	1.00000	0.00000	0.00000	0.00000	0.00000
334	NoName	0.00000	0.99999	0.00000	0.00000	0.00000	0.00001
335	NoName	0.00000	1.00000	0.00000	0.00000	0.00000	0.00000
336	NoName	0.00000	0.99999	0.00000	0.00000	0.00000	0.00001
337	NoName	0.00001	0.99372	0.00027	0.00054	0.00008	0.00538
338	NoName	0.00000	1.00000	0.00000	0.00000	0.00000	0.00000
339	NoName	0.00000	1.00000	0.00000	0.00000	0.00000	0.00000
340	NoName	0.00000	1.00000	0.00000	0.00000	0.00000	0.00000
341	NoName	0.00000	0.00000	0.98433	0.00112	0.00001	0.01455
342	NoName	0.00000	1.00000	0.00000	0.00000	0.00000	0.00000
343	NoName	0.00000	1.00000	0.00000	0.00000	0.00000	0.00000
344	NoName	0.00000	0.00780	0.00012	0.00013	0.00000	0.99195
345	NoName	0.00000	0.99999	0.00000	0.00000	0.00000	0.00001
346	NoName	0.00000	1.00000	0.00000	0.00000	0.00000	0.00000
347	NoName	0.00000	0.99874	0.00000	0.00003	0.00000	0.00123
348	NoName	0.00000	0.01854	0.00000	0.00013	0.00000	0.98133
349	NoName	0.00000	0.99997	0.00000	0.00000	0.00000	0.00003
350	NoName	0.00000	1.00000	0.00000	0.00000	0.00000	0.00000
351	NoName	0.00000	0.99995	0.00000	0.00000	0.00000	0.00005
352	NoName	0.00000	0.99976	0.00000	0.00000	0.00000	0.00024
353	NoName	0.00000	1.00000	0.00000	0.00000	0.00000	0.00000
354	NoName	0.00000	0.99911	0.00000	0.00001	0.00000	0.00088
355	NoName	0.00000	0.99775	0.00001	0.00009	0.00000	0.00215
356	NoName	1.00000	0.00000	0.00000	0.00000	0.00000	0.00000
357	NoName	0.00000	1.00000	0.00000	0.00000	0.00000	0.00000
358	NoName	0.00000	0.99981	0.00000	0.00000	0.00000	0.00019
359	NoName	0.00005	0.98165	0.00086	0.00341	0.00063	0.01339
360	NoName	0.00000	0.99958	0.00000	0.00000	0.00000	0.00042
361	NoName	0.00000	0.99958	0.00000	0.00000	0.00000	0.00042
362	NoName	1.00000	0.00000	0.00000	0.00000	0.00000	0.00000
363	NoName	1.00000	0.00000	0.00000	0.00000	0.00000	0.00000
364	NoName	0.00000	1.00000	0.00000	0.00000	0.00000	0.00000
365	NoName	0.00000	0.99955	0.00000	0.00000	0.00000	0.00045
366	NoName	0.00000	0.99970	0.00000	0.00000	0.00000	0.00030
367	NoName	0.00000	0.99999	0.00000	0.00000	0.00000	0.00001
368	NoName	0.00000	0.99999	0.00000	0.00000	0.00000	0.00001
369	NoName	0.99991	0.00000	0.00000	0.00000	0.00009	0.00000
370	NoName	0.00000	1.00000	0.00000	0.00000	0.00000	0.00000
371	NoName	0.00000	1.00000	0.00000	0.00000	0.00000	0.00000
372	NoName	0.00000	1.00000	0.00000	0.00000	0.00000	0.00000
373	NoName	0.00000	0.99999	0.00000	0.00000	0.00000	0.00001
374	NoName	0.00000	0.99816	0.00001	0.00006	0.00000	0.00177
375	NoName	0.99987	0.00000	0.00000	0.00000	0.00013	0.00000
376	NoName	0.00000	0.99995	0.00000	0.00000	0.00000	0.00005
377	NoName	0.00007	0.99261	0.00102	0.00056	0.00030	0.00545
378	NoName	0.99998	0.00000	0.00000	0.00000	0.00002	0.00000
379	NoName	0.99927	0.00000	0.00000	0.00001	0.00072	0.00000
380	NoName	0.00000	0.99999	0.00000	0.00000	0.00000	0.00001
381	NoName	0.00000	1.00000	0.00000	0.00000	0.00000	0.00000
382	NoName	0.00000	0.99997	0.00000	0.00000	0.00000	0.00003
383	NoName	0.99996	0.00000	0.00000	0.00000	0.00004	0.00000
384	NoName	0.00000	0.99999	0.00000	0.00000	0.00000	0.00001
385	NoName	0.00000	1.00000	0.00000	0.00000	0.00000	0.00000
386	NoName	0.00000	0.99998	0.00000	0.00000	0.00000	0.00002
387	NoName	0.00000	0.99997	0.00000	0.00000	0.00000	0.00003
388	NoName	0.99872	0.00000	0.00000	0.00003	0.00125	0.00000
389	NoName	0.00000	0.99930	0.00000	0.00000	0.00000	0.00070
390	NoName	0.00000	0.99999	0.00000	0.00000	0.00000	0.00001
391	NoName	0.00000	1.00000	0.00000	0.00000	0.00000	0.00000
392	NoName	0.00000	0.99903	0.00000	0.00002	0.00000	0.00095
393	NoName	0.00000	0.99998	0.00000	0.00000	0.00000	0.00002
394	NoName	0.00000	0.99995	0.00000	0.00000	0.00000	0.00005
395	NoName	0.00000	1.00000	0.00000	0.00000	0.00000	0.00000
396	NoName	0.00000	0.99999	0.00000	0.00000	0.00000	0.00001
397	NoName	0.00000	0.99999	0.00000	0.00000	0.00000	0.00001
398	NoName	0.00000	0.99992	0.00000	0.00000	0.00000	0.00008
399	NoName	0.00075	0.98606	0.00351	0.00101	0.00139	0.00728
400	NoName	0.00000	0.99974	0.00000	0.00000	0.00000	0.00026
401	NoName	0.00000	1.00000	0.00000	0.00000	0.00000	0.00000
402	NoName	0.00034	0.98915	0.00237	0.00080	0.00084	0.00649
403	NoName	0.00000	0.99997	0.00000	0.00000	0.00000	0.00003
404	NoName	0.00000	1.00000	0.00000	0.00000	0.00000	0.00000
405	NoName	0.00000	0.99996	0.00000	0.00000	0.00000	0.00004
406	NoName	0.00000	1.00000	0.00000	0.00000	0.00000	0.00000
407	NoName	0.00000	1.00000	0.00000	0.00000	0.00000	0.00000
408	NoName	0.00000	1.00000	0.00000	0.00000	0.00000	0.00000
409	NoName	0.00000	1.00000	0.00000	0.00000	0.00000	0.00000
410	NoName	0.00000	0.99986	0.00000	0.00000	0.00000	0.00014
411	NoName	0.00000	1.00000	0.00000	0.00000	0.00000	0.00000
412	NoName	1.00000	0.00000	0.00000	0.00000	0.00000	0.00000
413	NoName	0.00000	1.00000	0.00000	0.00000	0.00000	0.00000
414	NoName	0.00000	0.99991	0.00000	0.00000	0.00000	0.00009
415	NoName	0.00000	0.99981	0.00000	0.00000	0.00000	0.00019
416	NoName	0.00000	0.99962	0.00000	0.00000	0.00000	0.00038
417	NoName	0.00000	1.00000	0.00000	0.00000	0.00000	0.00000
418	NoName	0.00000	0.99999	0.00000	0.00000	0.00000	0.00001
419	NoName	0.00000	1.00000	0.00000	0.00000	0.00000	0.00000
420	NoName	0.00000	1.00000	0.00000	0.00000	0.00000	0.00000
421	NoName	0.00000	1.00000	0.00000	0.00000	0.00000	0.00000
422	NoName	0.00000	0.99990	0.00000	0.00000	0.00000	0.00010
423	NoName	0.00000	0.99869	0.00000	0.00003	0.00000	0.00128
424	NoName	0.00000	0.99982	0.00000	0.00000	0.00000	0.00018
425	NoName	0.00000	1.00000	0.00000	0.00000	0.00000	0.00000
426	NoName	0.00000	1.00000	0.00000	0.00000	0.00000	0.00000
427	NoName	0.00000	0.99999	0.00000	0.00000	0.00000	0.00001
428	NoName	0.00000	0.99997	0.00000	0.00000	0.00000	0.00003
429	NoName	0.00000	1.00000	0.00000	0.00000	0.00000	0.00000
430	NoName	0.00000	0.99999	0.00000	0.00000	0.00000	0.00001
431	NoName	0.00000	1.00000	0.00000	0.00000	0.00000	0.00000
432	NoName	0.00000	1.00000	0.00000	0.00000	0.00000	0.00000
433	NoName	0.00000	1.00000	0.00000	0.00000	0.00000	0.00000
434	NoName	0.00000	1.00000	0.00000	0.00000	0.00000	0.00000
435	NoName	0.00000	0.99985	0.00000	0.00000	0.00000	0.00015
436	NoName	0.00000	1.00000	0.00000	0.00000	0.00000	0.00000
437	NoName	1.00000	0.00000	0.00000	0.00000	0.00000	0.00000
438	NoName	0.00000	0.99999	0.00000	0.00000	0.00000	0.00001
439	NoName	0.00000	1.00000	0.00000	0.00000	0.00000	0.00000
440	NoName	0.00000	1.00000	0.00000	0.00000	0.00000	0.00000
441	NoName	0.00000	0.99999	0.00000	0.00000	0.00000	0.00001
442	NoName	0.00000	1.00000	0.00000	0.00000	0.00000	0.00000
443	NoName	0.00000	0.99935	0.00000	0.00000	0.00000	0.00065
444	NoName	0.00000	0.99749	0.00000	0.00000	0.00000	0.00251
445	NoName	0.00000	1.00000	0.00000	0.00000	0.00000	0.00000
446	NoName	0.00000	0.99999	0.00000	0.00000	0.00000	0.00001
447	NoName	0.00000	0.99807	0.00000	0.00000	0.00000	0.00193
448	NoName	0.00000	0.99993	0.00000	0.00000	0.00000	0.00007
449	NoName	0.00000	1.00000	0.00000	0.00000	0.00000	0.00000
450	NoName	0.00000	0.99993	0.00000	0.00000	0.00000	0.00007
451	NoName	0.00000	0.99995	0.00000	0.00000	0.00000	0.00005
452	NoName	0.00000	0.99991	0.00000	0.00000	0.00000	0.00009
453	NoName	0.00000	0.99707	0.00001	0.00015	0.00000	0.00278
454	NoName	0.00000	1.00000	0.00000	0.00000	0.00000	0.00000
455	NoName	0.00000	1.00000	0.00000	0.00000	0.00000	0.00000
456	NoName	0.00000	0.99999	0.00000	0.00000	0.00000	0.00001
457	NoName	0.00000	1.00000	0.00000	0.00000	0.00000	0.00000
458	NoName	0.00000	1.00000	0.00000	0.00000	0.00000	0.00000
459	NoName	0.00000	1.00000	0.00000	0.00000	0.00000	0.00000
460	NoName	0.00000	1.00000	0.00000	0.00000	0.00000	0.00000
461	NoName	0.99991	0.00000	0.00000	0.00000	0.00009	0.00000
462	NoName	0.00000	0.99999	0.00000	0.00000	0.00000	0.00001
463	NoName	0.00000	1.00000	0.00000	0.00000	0.00000	0.00000
464	NoName	0.00000	0.99780	0.00000	0.00011	0.00000	0.00209
465	NoName	0.99999	0.00000	0.00000	0.00000	0.00001	0.00000
466	NoName	0.00000	1.00000	0.00000	0.00000	0.00000	0.00000
467	NoName	0.00000	1.00000	0.00000	0.00000	0.00000	0.00000
468	NoName	0.00000	0.99949	0.00000	0.00000	0.00000	0.00050
469	NoName	0.00000	1.00000	0.00000	0.00000	0.00000	0.00000
470	NoName	0.00000	1.00000	0.00000	0.00000	0.00000	0.00000
471	NoName	0.00000	0.99150	0.00000	0.00093	0.00000	0.00757
472	NoName	0.00000	0.99999	0.00000	0.00000	0.00000	0.00001
473	NoName	0.00000	0.99999	0.00000	0.00000	0.00000	0.00001
474	NoName	0.00000	1.00000	0.00000	0.00000	0.00000	0.00000
475	NoName	0.00046	0.98788	0.00275	0.00092	0.00104	0.00696
476	NoName	0.00000	0.99999	0.00000	0.00000	0.00000	0.00001
477	NoName	0.00000	0.99999	0.00000	0.00000	0.00000	0.00001
478	NoName	0.00000	0.99999	0.00000	0.00000	0.00000	0.00001
479	NoName	0.00000	0.99999	0.00000	0.00000	0.00000	0.00001
480	NoName	0.00000	0.99946	0.00000	0.00000	0.00000	0.00054
481	NoName	0.00000	1.00000	0.00000	0.00000	0.00000	0.00000
482	NoName	0.00000	0.99997	0.00000	0.00000	0.00000	0.00003
483	NoName	0.00000	0.99998	0.00000	0.00000	0.00000	0.00002
484	NoName	0.00000	1.00000	0.00000	0.00000	0.00000	0.00000
485	NoName	0.00000	0.99999	0.00000	0.00000	0.00000	0.00001
486	NoName	0.00000	1.00000	0.00000	0.00000	0.00000	0.00000
487	NoName	0.00000	0.99999	0.00000	0.00000	0.00000	0.00001
488	NoName	0.00000	1.00000	0.00000	0.00000	0.00000	0.00000
489	NoName	0.00000	0.99999	0.00000	0.00000	0.00000	0.00001
490	NoName	0.00000	0.99999	0.00000	0.00000	0.00000	0.00001
491	NoName	0.00000	0.99988	0.00000	0.00000	0.00000	0.00012
492	NoName	0.00000	1.00000	0.00000	0.00000	0.00000	0.00000
493	NoName	0.00000	0.99996	0.00000	0.00000	0.00000	0.00004
494	NoName	0.00000	1.00000	0.00000	0.00000	0.00000	0.00000
495	NoName	0.00000	0.99999	0.00000	0.00000	0.00000	0.00001
496	NoName	0.00000	0.99999	0.00000	0.00000	0.00000	0.00001
497	NoName	0.00000	0.99999	0.00000	0.00000	0.00000	0.00001
498	NoName	0.00000	1.00000	0.00000	0.00000	0.00000	0.00000
499	NoName	0.00000	1.00000	0.00000	0.00000	0.00000	0.00000
500	NoName	0.00000	1.00000	0.00000	0.00000	0.00000	0.00000
501	NoName	0.00001	0.99473	0.00025	0.00039	0.00007	0.00455
502	NoName	0.00000	0.99998	0.00000	0.00000	0.00000	0.00002
503	NoName	0.00000	0.99884	0.00000	0.00002	0.00000	0.00114
504	NoName	0.00000	1.00000	0.00000	0.00000	0.00000	0.00000
505	NoName	0.00000	0.99999	0.00000	0.00000	0.00000	0.00001
506	NoName	0.00000	1.00000	0.00000	0.00000	0.00000	0.00000
507	NoName	0.99990	0.00000	0.00000	0.00000	0.00010	0.00000
508	NoName	1.00000	0.00000	0.00000	0.00000	0.00000	0.00000
509	NoName	0.00000	0.99998	0.00000	0.00000	0.00000	0.00002
510	NoName	0.00000	0.99998	0.00000	0.00000	0.00000	0.00002
511	NoName	0.00000	1.00000	0.00000	0.00000	0.00000	0.00000
512	NoName	0.00000	1.00000	0.00000	0.00000	0.00000	0.00000
513	NoName	0.00000	1.00000	0.00000	0.00000	0.00000	0.00000
514	NoName	0.99751	0.00000	0.00000	0.00000	0.00249	0.00000
515	NoName	0.00000	0.99998	0.00000	0.00000	0.00000	0.00002
516	NoName	0.99706	0.00000	0.00000	0.00001	0.00293	0.00000
517	NoName	0.00000	0.99988	0.00000	0.00000	0.00000	0.00012
518	NoName	0.00000	1.00000	0.00000	0.00000	0.00000	0.00000
519	NoName	0.99999	0.00000	0.00000	0.00000	0.00001	0.00000
520	NoName	0.00000	0.99989	0.00000	0.00000	0.00000	0.00011
521	NoName	0.00000	1.00000	0.00000	0.00000	0.00000	0.00000
522	NoName	0.00000	1.00000	0.00000	0.00000	0.00000	0.00000
523	NoName	0.00000	1.00000	0.00000	0.00000	0.00000	0.00000
524	NoName	0.00000	1.00000	0.00000	0.00000	0.00000	0.00000
525	NoName	0.00000	1.00000	0.00000	0.00000	0.00000	0.00000
526	NoName	0.00000	1.00000	0.00000	0.00000	0.00000	0.00000
527	NoName	0.00000	0.99994	0.00000	0.00000	0.00000	0.00006
528	NoName	0.00000	0.99999	0.00000	0.00000	0.00000	0.00001
529	NoName	0.00000	0.99992	0.00000	0.00000	0.00000	0.00008
530	NoName	0.00000	0.99908	0.00000	0.00002	0.00000	0.00090
531	NoName	0.00000	1.00000	0.00000	0.00000	0.00000	0.00000
532	NoName	0.00000	1.00000	0.00000	0.00000	0.00000	0.00000
533	NoName	0.00000	0.99994	0.00000	0.00000	0.00000	0.00006
534	NoName	0.99996	0.00000	0.00000	0.00000	0.00004	0.00000
535	NoName	0.00000	0.99997	0.00000	0.00000	0.00000	0.00003
536	NoName	0.00000	0.99999	0.00000	0.00000	0.00000	0.00001
537	NoName	0.00000	0.99995	0.00000	0.00000	0.00000	0.00005
538	NoName	1.00000	0.00000	0.00000	0.00000	0.00000	0.00000
539	NoName	0.00000	0.99918	0.00000	0.00001	0.00000	0.00081
540	NoName	0.00000	0.99999	0.00000	0.00000	0.00000	0.00001
541	NoName	0.99817	0.00000	0.00000	0.00005	0.00178	0.00000
542	NoName	0.99998	0.00000	0.00000	0.00000	0.00002	0.00000
543	NoName	1.00000	0.00000	0.00000	0.00000	0.00000	0.00000
544	NoName	0.00000	1.00000	0.00000	0.00000	0.00000	0.00000
545	NoName	0.00000	0.99998	0.00000	0.00000	0.00000	0.00002
546	NoName	0.00000	0.99995	0.00000	0.00000	0.00000	0.00005
547	NoName	0.00000	0.99996	0.00000	0.00000	0.00000	0.00004
548	NoName	0.00000	0.99999	0.00000	0.00000	0.00000	0.00001
549	NoName	0.99992	0.00000	0.00000	0.00000	0.00008	0.00000
550	NoName	0.00000	0.99996	0.00000	0.00000	0.00000	0.00004
551	NoName	0.00000	1.00000	0.00000	0.00000	0.00000	0.00000
552	NoName	1.00000	0.00000	0.00000	0.00000	0.00000	0.00000
553	NoName	0.00000	0.99999	0.00000	0.00000	0.00000	0.00001
554	NoName	0.00000	1.00000	0.00000	0.00000	0.00000	0.00000
555	NoName	0.00000	1.00000	0.00000	0.00000	0.00000	0.00000
556	NoName	0.00000	1.00000	0.00000	0.00000	0.00000	0.00000
557	NoName	0.00000	0.00000	0.87649	0.09929	0.00247	0.02175
558	NoName	0.00000	1.00000	0.00000	0.00000	0.00000	0.00000
559	NoName	0.00000	1.00000	0.00000	0.00000	0.00000	0.00000
560	NoName	0.99983	0.00000	0.00000	0.00000	0.00017	0.00000
561	NoName	0.99998	0.00000	0.00000	0.00000	0.00002	0.00000
562	NoName	1.00000	0.00000	0.00000	0.00000	0.00000	0.00000
563	NoName	0.99996	0.00000	0.00000	0.00000	0.00004	0.00000
564	NoName	0.00000	1.00000	0.00000	0.00000	0.00000	0.00000
565	NoName	0.00000	1.00000	0.00000	0.00000	0.00000	0.00000
566	NoName	1.00000	0.00000	0.00000	0.00000	0.00000	0.00000
567	NoName	0.00000	1.00000	0.00000	0.00000	0.00000	0.00000
568	NoName	0.50803	0.47064	0.00506	0.00224	0.00761	0.00642
569	NoName	0.99999	0.00000	0.00000	0.00000	0.00001	0.00000
570	NoName	0.00000	1.00000	0.00000	0.00000	0.00000	0.00000
571	NoName	0.00000	1.00000	0.00000	0.00000	0.00000	0.00000
572	NoName	0.00000	1.00000	0.00000	0.00000	0.00000	0.00000
573	NoName	0.00000	0.99998	0.00000	0.00000	0.00000	0.00002
574	NoName	0.00000	1.00000	0.00000	0.00000	0.00000	0.00000
575	NoName	0.00000	0.99995	0.00000	0.00000	0.00000	0.00005
576	NoName	0.00014	0.00000	0.00000	0.08279	0.91706	0.00000
577	NoName	0.00000	0.99999	0.00000	0.00000	0.00000	0.00001
578	NoName	1.00000	0.00000	0.00000	0.00000	0.00000	0.00000
579	NoName	0.00000	1.00000	0.00000	0.00000	0.00000	0.00000
580	NoName	0.00000	0.99999	0.00000	0.00000	0.00000	0.00001
581	NoName	0.00000	0.99888	0.00000	0.00003	0.00000	0.00109
582	NoName	0.00000	0.99999	0.00000	0.00000	0.00000	0.00001
583	NoName	0.00000	0.99985	0.00000	0.00000	0.00000	0.00015
584	NoName	0.00000	0.99984	0.00000	0.00000	0.00000	0.00016
585	NoName	0.00000	0.99332	0.00000	0.00001	0.00000	0.00667
586	NoName	0.00000	0.99991	0.00000	0.00000	0.00000	0.00009
587	NoName	0.00000	0.99998	0.00000	0.00000	0.00000	0.00002
588	NoName	0.00000	0.99964	0.00000	0.00000	0.00000	0.00036
589	NoName	0.00000	1.00000	0.00000	0.00000	0.00000	0.00000
590	NoName	0.00000	0.99999	0.00000	0.00000	0.00000	0.00001
591	NoName	0.00000	0.99996	0.00000	0.00000	0.00000	0.00004
592	NoName	0.00000	0.99890	0.00000	0.00002	0.00000	0.00108
593	NoName	0.00000	0.99965	0.00000	0.00000	0.00000	0.00034
594	NoName	0.00000	1.00000	0.00000	0.00000	0.00000	0.00000
595	NoName	0.00000	0.99999	0.00000	0.00000	0.00000	0.00001
596	NoName	0.00000	1.00000	0.00000	0.00000	0.00000	0.00000
597	NoName	0.00000	0.97497	0.00000	0.00636	0.00000	0.01867
598	NoName	0.00000	1.00000	0.00000	0.00000	0.00000	0.00000
599	NoName	0.00000	0.99962	0.00000	0.00000	0.00000	0.00037
600	NoName	0.00000	0.60534	0.00002	0.00481	0.00000	0.38983
601	NoName	0.00000	0.99999	0.00000	0.00000	0.00000	0.00001
602	NoName	0.00000	0.99844	0.00000	0.00004	0.00000	0.00151
603	NoName	0.99999	0.00000	0.00000	0.00000	0.00001	0.00000
604	NoName	0.99935	0.00000	0.00000	0.00001	0.00064	0.00000
605	NoName	0.00000	0.99998	0.00000	0.00000	0.00000	0.00002
606	NoName	0.00000	0.99708	0.00000	0.00012	0.00000	0.00279
607	NoName	0.00000	0.99999	0.00000	0.00000	0.00000	0.00001
608	NoName	0.00000	1.00000	0.00000	0.00000	0.00000	0.00000
609	NoName	0.00000	1.00000	0.00000	0.00000	0.00000	0.00000
610	NoName	0.00000	0.99999	0.00000	0.00000	0.00000	0.00001
611	NoName	0.87750	0.00000	0.00000	0.01489	0.10761	0.00000
612	NoName	0.00000	0.99978	0.00000	0.00000	0.00000	0.00022
613	NoName	0.00000	1.00000	0.00000	0.00000	0.00000	0.00000
614	NoName	0.00000	1.00000	0.00000	0.00000	0.00000	0.00000
615	NoName	0.00000	0.99989	0.00000	0.00000	0.00000	0.00011
616	NoName	0.00000	1.00000	0.00000	0.00000	0.00000	0.00000
617	NoName	0.00000	0.99862	0.00000	0.00000	0.00000	0.00138
618	NoName	0.00000	0.99999	0.00000	0.00000	0.00000	0.00001
619	NoName	0.00000	0.99998	0.00000	0.00000	0.00000	0.00002
620	NoName	0.00000	0.99980	0.00000	0.00000	0.00000	0.00020
621	NoName	0.00000	1.00000	0.00000	0.00000	0.00000	0.00000
622	NoName	0.00000	1.00000	0.00000	0.00000	0.00000	0.00000
623	NoName	0.00000	0.99994	0.00000	0.00000	0.00000	0.00006
624	NoName	0.00000	0.99999	0.00000	0.00000	0.00000	0.00001
625	NoName	0.00000	0.99883	0.00000	0.00000	0.00000	0.00117
626	NoName	0.00000	0.99997	0.00000	0.00000	0.00000	0.00003
627	NoName	0.00000	0.99553	0.00033	0.00019	0.00004	0.00391
628	NoName	0.00000	1.00000	0.00000	0.00000	0.00000	0.00000
629	NoName	0.00000	0.99999	0.00000	0.00000	0.00000	0.00001
630	NoName	0.00000	1.00000	0.00000	0.00000	0.00000	0.00000
631	NoName	0.00000	1.00000	0.00000	0.00000	0.00000	0.00000
632	NoName	0.00000	1.00000	0.00000	0.00000	0.00000	0.00000
633	NoName	1.00000	0.00000	0.00000	0.00000	0.00000	0.00000
634	NoName	0.00000	0.99995	0.00000	0.00000	0.00000	0.00005
635	NoName	0.00000	0.99999	0.00000	0.00000	0.00000	0.00001
636	NoName	0.00000	0.99999	0.00000	0.00000	0.00000	0.00001
637	NoName	0.00000	0.99990	0.00000	0.00000	0.00000	0.00010
638	NoName	0.00000	0.99998	0.00000	0.00000	0.00000	0.00002
639	NoName	0.00000	0.99999	0.00000	0.00000	0.00000	0.00001
640	NoName	0.00000	0.99998	0.00000	0.00000	0.00000	0.00002
641	NoName	0.00000	0.99999	0.00000	0.00000	0.00000	0.00001
642	NoName	0.00000	0.99999	0.00000	0.00000	0.00000	0.00001
643	NoName	0.00000	0.99998	0.00000	0.00000	0.00000	0.00002
644	NoName	0.00000	1.00000	0.00000	0.00000	0.00000	0.00000
645	NoName	0.00000	0.13884	0.00000	0.00013	0.00000	0.86103
646	NoName	0.00000	0.99998	0.00000	0.00000	0.00000	0.00002
647	NoName	0.00000	0.99998	0.00000	0.00000	0.00000	0.00002
648	NoName	0.00000	0.99999	0.00000	0.00000	0.00000	0.00001
649	NoName	0.00000	1.00000	0.00000	0.00000	0.00000	0.00000
650	NoName	0.00000	0.99997	0.00000	0.00000	0.00000	0.00003
651	NoName	1.00000	0.00000	0.00000	0.00000	0.00000	0.00000
652	NoName	0.00000	1.00000	0.00000	0.00000	0.00000	0.00000
653	NoName	0.00000	1.00000	0.00000	0.00000	0.00000	0.00000
654	NoName	0.99497	0.00000	0.00000	0.00102	0.00401	0.00000
655	NoName	0.00000	0.99996	0.00000	0.00000	0.00000	0.00004
656	NoName	0.00000	1.00000	0.00000	0.00000	0.00000	0.00000
657	NoName	0.00000	0.99553	0.00000	0.00000	0.00000	0.00447
658	NoName	0.00000	1.00000	0.00000	0.00000	0.00000	0.00000
659	NoName	0.00000	0.99996	0.00000	0.00000	0.00000	0.00004
660	NoName	0.99547	0.00000	0.00000	0.00030	0.00422	0.00000
661	NoName	0.00000	0.92453	0.00000	0.00011	0.00000	0.07535
662	NoName	0.00000	0.99996	0.00000	0.00000	0.00000	0.00004
663	NoName	0.00000	0.99999	0.00000	0.00000	0.00000	0.00001
664	NoName	0.00000	0.99879	0.00001	0.00003	0.00000	0.00118
665	NoName	0.99997	0.00000	0.00000	0.00000	0.00003	0.00000
666	NoName	0.00000	0.99997	0.00000	0.00000	0.00000	0.00003
667	NoName	1.00000	0.00000	0.00000	0.00000	0.00000	0.00000
668	NoName	1.00000	0.00000	0.00000	0.00000	0.00000	0.00000
669	NoName	0.99997	0.00000	0.00000	0.00000	0.00003	0.00000
670	NoName	0.99997	0.00000	0.00000	0.00000	0.00003	0.00000
671	NoName	0.99983	0.00000	0.00000	0.00000	0.00017	0.00000
672	NoName	0.00000	0.99996	0.00000	0.00000	0.00000	0.00004
673	NoName	0.00000	0.99999	0.00000	0.00000	0.00000	0.00001
674	NoName	0.00000	1.00000	0.00000	0.00000	0.00000	0.00000
675	NoName	0.00006	0.98776	0.00005	0.00241	0.00005	0.00966
676	NoName	0.00000	0.99999	0.00000	0.00000	0.00000	0.00001
677	NoName	0.00000	0.99987	0.00000	0.00000	0.00000	0.00013
678	NoName	0.00000	1.00000	0.00000	0.00000	0.00000	0.00000
679	NoName	0.99998	0.00000	0.00000	0.00000	0.00002	0.00000
680	NoName	0.00000	0.99999	0.00000	0.00000	0.00000	0.00001
681	NoName	0.00000	1.00000	0.00000	0.00000	0.00000	0.00000
682	NoName	0.00000	0.99998	0.00000	0.00000	0.00000	0.00002
683	NoName	0.00000	1.00000	0.00000	0.00000	0.00000	0.00000
684	NoName	0.00000	0.99999	0.00000	0.00000	0.00000	0.00001
685	NoName	0.00000	0.99993	0.00000	0.00000	0.00000	0.00007
686	NoName	0.00000	1.00000	0.00000	0.00000	0.00000	0.00000
687	NoName	0.00000	1.00000	0.00000	0.00000	0.00000	0.00000
688	NoName	0.00000	1.00000	0.00000	0.00000	0.00000	0.00000
689	NoName	0.00000	0.99998	0.00000	0.00000	0.00000	0.00002
690	NoName	0.00000	0.99966	0.00000	0.00000	0.00000	0.00034
691	NoName	0.00000	1.00000	0.00000	0.00000	0.00000	0.00000
692	NoName	0.00000	0.99999	0.00000	0.00000	0.00000	0.00001
693	NoName	0.00000	1.00000	0.00000	0.00000	0.00000	0.00000
694	NoName	0.00000	1.00000	0.00000	0.00000	0.00000	0.00000
695	NoName	0.00000	0.99914	0.00000	0.00002	0.00000	0.00084
696	NoName	0.00000	1.00000	0.00000	0.00000	0.00000	0.00000
697	NoName	0.00000	1.00000	0.00000	0.00000	0.00000	0.00000
698	NoName	0.00000	0.99987	0.00000	0.00000	0.00000	0.00013
699	NoName	0.00000	0.99462	0.00000	0.00030	0.00000	0.00509
700	NoName	0.00000	1.00000	0.00000	0.00000	0.00000	0.00000
701	NoName	0.00000	1.00000	0.00000	0.00000	0.00000	0.00000
702	NoName	1.00000	0.00000	0.00000	0.00000	0.00000	0.00000
703	NoName	0.99886	0.00000	0.00000	0.00000	0.00114	0.00000
704	NoName	0.99999	0.00000	0.00000	0.00000	0.00001	0.00000
705	NoName	0.00001	0.99523	0.00002	0.00047	0.00001	0.00427
706	NoName	0.99864	0.00000	0.00000	0.00003	0.00133	0.00000
707	NoName	0.00000	0.99999	0.00000	0.00000	0.00000	0.00001
708	NoName	0.00000	0.99997	0.00000	0.00000	0.00000	0.00003
709	NoName	0.31841	0.00000	0.00020	0.39215	0.28869	0.00055
710	NoName	0.00000	0.99990	0.00000	0.00000	0.00000	0.00010
711	NoName	0.00000	1.00000	0.00000	0.00000	0.00000	0.00000
712	NoName	0.00000	1.00000	0.00000	0.00000	0.00000	0.00000
713	NoName	0.00000	0.99692	0.00000	0.00000	0.00000	0.00308
714	NoName	0.00000	0.99999	0.00000	0.00000	0.00000	0.00001
715	NoName	0.00000	0.99993	0.00000	0.00000	0.00000	0.00007
716	NoName	0.99993	0.00000	0.00000	0.00000	0.00007	0.00000
717	NoName	0.00000	0.99563	0.00021	0.00028	0.00004	0.00384
718	NoName	0.00000	1.00000	0.00000	0.00000	0.00000	0.00000
719	NoName	0.00000	0.99995	0.00000	0.00000	0.00000	0.00005
720	NoName	1.00000	0.00000	0.00000	0.00000	0.00000	0.00000
721	NoName	0.00000	1.00000	0.00000	0.00000	0.00000	0.00000
722	NoName	0.00000	0.99997	0.00000	0.00000	0.00000	0.00003
723	NoName	0.00000	1.00000	0.00000	0.00000	0.00000	0.00000
724	NoName	0.00000	0.99999	0.00000	0.00000	0.00000	0.00001
725	NoName	0.00000	0.99999	0.00000	0.00000	0.00000	0.00001
726	NoName	0.00000	0.99985	0.00000	0.00000	0.00000	0.00015
727	NoName	0.00000	0.92960	0.00000	0.00233	0.00000	0.06807
728	NoName	0.00000	0.99999	0.00000	0.00000	0.00000	0.00001
729	NoName	0.00000	1.00000	0.00000	0.00000	0.00000	0.00000
730	NoName	0.00000	0.99909	0.00000	0.00001	0.00000	0.00089
731	NoName	0.00000	0.99999	0.00000	0.00000	0.00000	0.00001
732	NoName	0.00000	0.99997	0.00000	0.00000	0.00000	0.00003
733	NoName	0.00000	0.99997	0.00000	0.00000	0.00000	0.00003
734	NoName	1.00000	0.00000	0.00000	0.00000	0.00000	0.00000
735	NoName	0.00000	0.99990	0.00000	0.00000	0.00000	0.00010
736	NoName	0.00000	1.00000	0.00000	0.00000	0.00000	0.00000
737	NoName	0.00000	0.99997	0.00000	0.00000	0.00000	0.00003
738	NoName	0.00000	0.99906	0.00000	0.00001	0.00000	0.00092
739	NoName	0.00000	0.99999	0.00000	0.00000	0.00000	0.00001
740	NoName	1.00000	0.00000	0.00000	0.00000	0.00000	0.00000
741	NoName	0.10330	0.69252	0.04754	0.02653	0.09687	0.03325
742	NoName	0.00000	1.00000	0.00000	0.00000	0.00000	0.00000
743	NoName	0.99999	0.00000	0.00000	0.00000	0.00001	0.00000
744	NoName	0.00000	1.00000	0.00000	0.00000	0.00000	0.00000
745	NoName	0.00000	1.00000	0.00000	0.00000	0.00000	0.00000
746	NoName	0.00000	0.99947	0.00000	0.00000	0.00000	0.00053
747	NoName	0.99999	0.00000	0.00000	0.00000	0.00001	0.00000
748	NoName	0.00000	0.99999	0.00000	0.00000	0.00000	0.00001
749	NoName	0.00000	0.99999	0.00000	0.00000	0.00000	0.00001
750	NoName	0.00000	1.00000	0.00000	0.00000	0.00000	0.00000
751	NoName	0.00000	0.99999	0.00000	0.00000	0.00000	0.00001
752	NoName	0.00172	0.98006	0.00531	0.00150	0.00257	0.00883
753	NoName	0.00000	0.99996	0.00000	0.00000	0.00000	0.00004
754	NoName	0.00000	1.00000	0.00000	0.00000	0.00000	0.00000
755	NoName	0.00000	0.99997	0.00000	0.00000	0.00000	0.00003
756	NoName	0.00000	1.00000	0.00000	0.00000	0.00000	0.00000
757	NoName	0.00000	0.99993	0.00000	0.00000	0.00000	0.00007
758	NoName	0.00000	1.00000	0.00000	0.00000	0.00000	0.00000
759	NoName	0.00000	0.99841	0.00000	0.00004	0.00000	0.00155
760	NoName	0.00000	0.99984	0.00000	0.00000	0.00000	0.00016
761	NoName	0.99997	0.00000	0.00000	0.00000	0.00003	0.00000
762	NoName	0.99998	0.00000	0.00000	0.00000	0.00002	0.00000
763	NoName	0.00000	0.99999	0.00000	0.00000	0.00000	0.00001
764	NoName	0.00000	0.99999	0.00000	0.00000	0.00000	0.00001
765	NoName	0.00000	0.99997	0.00000	0.00000	0.00000	0.00003
766	NoName	0.00000	0.99999	0.00000	0.00000	0.00000	0.00001
767	NoName	0.00000	0.99995	0.00000	0.00000	0.00000	0.00005
768	NoName	0.00000	0.99996	0.00000	0.00000	0.00000	0.00004
769	NoName	0.00000	1.00000	0.00000	0.00000	0.00000	0.00000
770	NoName	0.00000	0.99979	0.00000	0.00000	0.00000	0.00021
771	NoName	0.00000	0.99971	0.00000	0.00000	0.00000	0.00028
772	NoName	0.00000	0.99999	0.00000	0.00000	0.00000	0.00001
773	NoName	0.00000	1.00000	0.00000	0.00000	0.00000	0.00000
774	NoName	0.00000	0.99996	0.00000	0.00000	0.00000	0.00004
775	NoName	0.00000	0.99996	0.00000	0.00000	0.00000	0.00004
776	NoName	0.00000	1.00000	0.00000	0.00000	0.00000	0.00000
777	NoName	0.00000	1.00000	0.00000	0.00000	0.00000	0.00000
778	NoName	0.00000	0.99999	0.00000	0.00000	0.00000	0.00001
