26401_sweeps	1.000/0.000/0.000/0.000	0.000/0.000/0.000/1.000	0.000/0.500/0.500/0.000	0.250/0.250/0.250/0.250	0.500/0.250/0.250/0.000	0.000/0.250/0.250/0.500
1	0.00000	0.99745	0.00000	0.00000	0.00000	0.00255
2	0.00000	0.99974	0.00000	0.00000	0.00000	0.00026
3	0.00000	0.99975	0.00000	0.00000	0.00000	0.00025
4	0.00000	0.96242	0.00000	0.00102	0.00000	0.03656
5	0.00000	0.99979	0.00000	0.00000	0.00000	0.00021
6	0.00000	0.99106	0.00000	0.00003	0.00000	0.00891
7	0.00000	0.99802	0.00000	0.00000	0.00000	0.00198
8	0.00000	0.99990	0.00000	0.00000	0.00000	0.00010
9	0.00000	0.99851	0.00000	0.00000	0.00000	0.00149
10	0.00344	0.00000	0.00000	0.00166	0.99490	0.00000
11	0.99994	0.00000	0.00000	0.00000	0.00006	0.00000
12	0.00000	0.59985	0.00000	0.01855	0.00000	0.38160
13	0.00000	0.99999	0.00000	0.00000	0.00000	0.00001
14	0.00000	0.99969	0.00000	0.00000	0.00000	0.00031
15	0.00000	0.98287	0.00000	0.00001	0.00000	0.01712
16	0.00000	0.97772	0.00000	0.00030	0.00000	0.02199
17	0.98087	0.00000	0.00000	0.00000	0.01913	0.00000
18	0.86956	0.00000	0.00002	0.01528	0.11515	0.00000
19	0.00000	0.98548	0.00000	0.00012	0.00000	0.01440
20	0.99995	0.00000	0.00000	0.00000	0.00005	0.00000
21	0.01371	0.00650	0.07081	0.51387	0.07771	0.31740
22	0.00000	0.99639	0.00000	0.00001	0.00000	0.00360
23	0.99737	0.00000	0.00000	0.00000	0.00263	0.00000
24	0.98930	0.00000	0.00000	0.00002	0.01068	0.00000
25	0.99994	0.00000	0.00000	0.00000	0.00006	0.00000
26	0.00000	0.99976	0.00000	0.00000	0.00000	0.00024
27	0.00000	0.99983	0.00000	0.00000	0.00000	0.00017
28	0.00000	0.99923	0.00000	0.00000	0.00000	0.00077
29	0.00000	0.99979	0.00000	0.00000	0.00000	0.00021
30	0.99197	0.00000	0.00000	0.00003	0.00800	0.00000
31	0.92818	0.00000	0.00000	0.00006	0.07176	0.00000
32	0.00000	0.93356	0.00000	0.00317	0.00000	0.06327
33	0.99492	0.00000	0.00000	0.00002	0.00506	0.00000
34	0.00000	0.50262	0.01384	0.15444	0.00442	0.32468
35	0.00000	0.97801	0.00000	0.00036	0.00000	0.02162
36	0.00000	0.99886	0.00000	0.00000	0.00000	0.00114
37	0.99996	0.00000	0.00000	0.00000	0.00004	0.00000
38	0.99986	0.00000	0.00000	0.00000	0.00014	0.00000
39	0.00000	0.99916	0.00000	0.00000	0.00000	0.00084
40	0.00000	0.99990	0.00000	0.00000	0.00000	0.00010
41	0.00000	0.99270	0.00000	0.00000	0.00000	0.00730
42	0.00000	0.99986	0.00000	0.00000	0.00000	0.00014
43	0.84616	0.00000	0.00000	0.00003	0.15381	0.00000
44	0.00000	0.99384	0.00000	0.00000	0.00000	0.00616
45	0.99997	0.00000	0.00000	0.00000	0.00003	0.00000
46	0.00000	0.25923	0.00000	0.00013	0.00000	0.74064
47	0.00000	0.84695	0.00000	0.00004	0.00000	0.15301
48	0.99941	0.00000	0.00000	0.00000	0.00059	0.00000
49	0.99367	0.00000	0.00000	0.00003	0.00631	0.00000
50	0.00000	0.97127	0.00000	0.00039	0.00000	0.02835
51	0.00000	0.99973	0.00000	0.00000	0.00000	0.00027
52	0.00000	0.99983	0.00000	0.00000	0.00000	0.00017
53	0.33294	0.00000	0.00002	0.27310	0.39393	0.00001
54	0.00000	0.99923	0.00000	0.00000	0.00000	0.00077
55	0.00000	0.99716	0.00000	0.00000	0.00000	0.00284
56	0.12222	0.00000	0.00008	0.60734	0.27025	0.00011
57	0.00000	0.99982	0.00000	0.00000	0.00000	0.00018
58	0.00000	0.99927	0.00000	0.00000	0.00000	0.00073
59	0.00000	0.99965	0.00000	0.00000	0.00000	0.00035
60	0.00000	0.99771	0.00000	0.00000	0.00000	0.00229
61	0.00000	0.99990	0.00000	0.00000	0.00000	0.00010
62	0.00000	0.99941	0.00000	0.00000	0.00000	0.00059
63	0.00000	0.99984	0.00000	0.00000	0.00000	0.00016
64	0.00000	0.99978	0.00000	0.00000	0.00000	0.00022
65	0.00000	0.99637	0.00000	0.00000	0.00000	0.00363
66	0.99604	0.00000	0.00000	0.00000	0.00396	0.00000
67	0.00000	0.99989	0.00000	0.00000	0.00000	0.00011
68	0.00000	0.99966	0.00000	0.00000	0.00000	0.00034
69	0.00000	0.45032	0.01270	0.19091	0.00476	0.34130
70	0.00000	0.99888	0.00000	0.00000	0.00000	0.00112
71	0.00000	0.99811	0.00000	0.00000	0.00000	0.00189
72	0.00000	0.99999	0.00000	0.00000	0.00000	0.00001
73	0.00000	0.99757	0.00000	0.00000	0.00000	0.00243
74	0.00000	0.99998	0.00000	0.00000	0.00000	0.00002
75	0.00000	0.99936	0.00000	0.00000	0.00000	0.00064
76	0.00000	0.99898	0.00000	0.00000	0.00000	0.00102
77	0.99986	0.00000	0.00000	0.00000	0.00014	0.00000
78	0.99991	0.00000	0.00000	0.00000	0.00009	0.00000
79	0.99374	0.00000	0.00000	0.00002	0.00624	0.00000
80	0.00000	0.31160	0.00004	0.29660	0.00001	0.39175
81	0.00000	0.99981	0.00000	0.00000	0.00000	0.00019
82	0.82045	0.00000	0.00004	0.02799	0.15151	0.00001
83	0.99998	0.00000	0.00000	0.00000	0.00002	0.00000
84	0.00000	0.97742	0.00000	0.00002	0.00000	0.02256
85	0.99998	0.00000	0.00000	0.00000	0.00002	0.00000
86	0.99962	0.00000	0.00000	0.00000	0.00038	0.00000
87	0.00000	0.99989	0.00000	0.00000	0.00000	0.00011
88	0.99975	0.00000	0.00000	0.00000	0.00025	0.00000
89	0.00000	0.98474	0.00000	0.00001	0.00000	0.01525
90	0.00000	0.99992	0.00000	0.00000	0.00000	0.00008
91	0.98225	0.00000	0.00000	0.00031	0.01744	0.00000
92	0.00000	0.00000	0.00002	0.01479	0.00000	0.98518
93	0.00000	0.99993	0.00000	0.00000	0.00000	0.00007
94	0.86076	0.00000	0.00000	0.01481	0.12443	0.00000
95	0.00000	0.99987	0.00000	0.00000	0.00000	0.00013
96	0.00000	0.98815	0.00000	0.00003	0.00000	0.01182
97	0.99332	0.00000	0.00000	0.00001	0.00667	0.00000
98	0.00000	0.99418	0.00000	0.00002	0.00000	0.00580
99	0.00000	0.71768	0.00072	0.05085	0.00009	0.23066
100	0.00000	0.98771	0.00000	0.00002	0.00000	0.01227
101	0.00000	0.99997	0.00000	0.00000	0.00000	0.00003
102	0.00000	0.99861	0.00000	0.00000	0.00000	0.00139
103	0.00000	0.99972	0.00000	0.00000	0.00000	0.00028
104	0.00000	0.99846	0.00000	0.00000	0.00000	0.00154
105	0.00000	0.93137	0.00000	0.00306	0.00000	0.06557
106	0.00000	0.99839	0.00000	0.00000	0.00000	0.00161
107	0.00000	0.99999	0.00000	0.00000	0.00000	0.00001
108	0.99214	0.00000	0.00000	0.00000	0.00786	0.00000
109	0.00000	0.99969	0.00000	0.00000	0.00000	0.00031
110	0.00000	0.98742	0.00000	0.00001	0.00000	0.01257
111	0.00000	0.99790	0.00000	0.00000	0.00000	0.00210
112	0.99968	0.00000	0.00000	0.00000	0.00032	0.00000
113	0.98143	0.00000	0.00000	0.00018	0.01838	0.00000
114	0.00000	0.99913	0.00000	0.00000	0.00000	0.00087
115	0.00000	0.99958	0.00000	0.00000	0.00000	0.00042
116	0.09877	0.00000	0.00000	0.00206	0.89918	0.00000
117	0.00000	0.99971	0.00000	0.00000	0.00000	0.00029
118	0.99934	0.00000	0.00000	0.00000	0.00066	0.00000
119	0.99905	0.00000	0.00000	0.00000	0.00095	0.00000
120	0.00000	0.99940	0.00000	0.00000	0.00000	0.00060
121	0.00000	1.00000	0.00000	0.00000	0.00000	0.00000
122	0.00000	0.98689	0.00000	0.00008	0.00000	0.01303
123	0.65406	0.00001	0.00190	0.09462	0.24869	0.00072
124	0.00000	0.99581	0.00000	0.00001	0.00000	0.00418
125	0.00000	0.99909	0.00000	0.00000	0.00000	0.00091
126	0.00000	0.99978	0.00000	0.00000	0.00000	0.00022
127	0.00000	0.99988	0.00000	0.00000	0.00000	0.00012
128	0.00000	0.84962	0.00000	0.00015	0.00000	0.15023
129	0.00000	0.98721	0.00000	0.00008	0.00000	0.01271
130	0.00000	0.97002	0.00000	0.00024	0.00000	0.02975
131	0.99955	0.00000	0.00000	0.00000	0.00045	0.00000
132	0.00000	0.99986	0.00000	0.00000	0.00000	0.00014
133	0.00000	0.99984	0.00000	0.00000	0.00000	0.00016
134	0.00000	0.99978	0.00000	0.00000	0.00000	0.00022
135	0.00000	0.99986	0.00000	0.00000	0.00000	0.00014
136	0.00000	0.99991	0.00000	0.00000	0.00000	0.00009
137	0.00000	0.99968	0.00000	0.00000	0.00000	0.00032
138	0.99946	0.00000	0.00000	0.00000	0.00054	0.00000
139	0.99915	0.00000	0.00000	0.00000	0.00085	0.00000
140	0.99977	0.00000	0.00000	0.00000	0.00023	0.00000
141	0.05003	0.00000	0.00010	0.75924	0.19027	0.00036
142	0.99230	0.00000	0.00000	0.00000	0.00770	0.00000
143	0.00000	0.99591	0.00000	0.00001	0.00000	0.00409
144	0.99453	0.00000	0.00000	0.00000	0.00547	0.00000
145	0.99995	0.00000	0.00000	0.00000	0.00005	0.00000
146	0.99759	0.00000	0.00000	0.00000	0.00241	0.00000
147	0.99757	0.00000	0.00000	0.00000	0.00243	0.00000
148	0.99995	0.00000	0.00000	0.00000	0.00005	0.00000
149	0.99824	0.00000	0.00000	0.00000	0.00176	0.00000
150	0.99980	0.00000	0.00000	0.00000	0.00020	0.00000
151	0.00000	0.99480	0.00000	0.00001	0.00000	0.00519
152	0.00008	0.52993	0.07986	0.10085	0.01988	0.26941
153	0.00000	0.98588	0.00000	0.00015	0.00000	0.01397
154	0.00000	0.99986	0.00000	0.00000	0.00000	0.00014
155	0.00000	0.98987	0.00000	0.00008	0.00000	0.01005
156	0.00000	0.99953	0.00000	0.00000	0.00000	0.00047
157	0.00000	0.99911	0.00000	0.00000	0.00000	0.00089
158	0.00000	0.99891	0.00000	0.00000	0.00000	0.00109
159	0.00000	0.99900	0.00000	0.00000	0.00000	0.00100
160	0.00000	0.99561	0.00000	0.00000	0.00000	0.00439
161	0.00000	0.99984	0.00000	0.00000	0.00000	0.00016
162	0.99930	0.00000	0.00000	0.00000	0.00070	0.00000
163	0.00000	0.99867	0.00000	0.00000	0.00000	0.00133
164	0.00000	0.94237	0.00000	0.00011	0.00000	0.05752
165	0.00000	0.97688	0.00000	0.00041	0.00000	0.02272
166	0.99954	0.00000	0.00000	0.00000	0.00046	0.00000
167	0.99988	0.00000	0.00000	0.00000	0.00012	0.00000
168	0.99979	0.00000	0.00000	0.00000	0.00021	0.00000
169	0.00000	0.99989	0.00000	0.00000	0.00000	0.00011
170	0.00000	0.96679	0.00000	0.00063	0.00000	0.03258
171	0.00000	0.99908	0.00000	0.00000	0.00000	0.00092
172	0.00000	0.99969	0.00000	0.00000	0.00000	0.00031
173	0.99929	0.00000	0.00000	0.00000	0.00071	0.00000
174	0.00000	0.99964	0.00000	0.00000	0.00000	0.00036
175	0.00000	0.99454	0.00000	0.00003	0.00000	0.00543
176	0.00000	0.99977	0.00000	0.00000	0.00000	0.00023
177	0.00000	0.99985	0.00000	0.00000	0.00000	0.00015
178	0.99923	0.00000	0.00000	0.00000	0.00077	0.00000
179	0.99829	0.00000	0.00000	0.00000	0.00171	0.00000
180	0.00000	0.99984	0.00000	0.00000	0.00000	0.00016
181	0.00000	0.99073	0.00000	0.00001	0.00000	0.00926
182	0.68920	0.00000	0.00001	0.02522	0.28558	0.00000
183	0.00000	0.98818	0.00000	0.00001	0.00000	0.01181
184	0.00000	0.99988	0.00000	0.00000	0.00000	0.00012
185	0.00000	0.99982	0.00000	0.00000	0.00000	0.00018
186	0.99983	0.00000	0.00000	0.00000	0.00017	0.00000
187	0.00000	0.31847	0.00000	0.00844	0.00000	0.67309
188	0.00000	0.99985	0.00000	0.00000	0.00000	0.00015
189	0.00000	0.99655	0.00000	0.00000	0.00000	0.00345
190	0.00000	0.89605	0.00010	0.00701	0.00000	0.09684
191	0.99993	0.00000	0.00000	0.00000	0.00007	0.00000
192	0.99880	0.00000	0.00000	0.00000	0.00120	0.00000
193	0.93609	0.00000	0.00000	0.00003	0.06388	0.00000
194	0.00000	0.92481	0.00000	0.00002	0.00000	0.07517
195	0.00000	0.99830	0.00000	0.00000	0.00000	0.00170
196	0.00000	0.99765	0.00000	0.00000	0.00000	0.00235
197	0.00000	0.98806	0.00000	0.00009	0.00000	0.01184
198	0.00000	0.99725	0.00000	0.00000	0.00000	0.00275
199	0.00000	0.99624	0.00000	0.00000	0.00000	0.00376
200	0.00000	0.00000	0.96668	0.03058	0.00102	0.00172
201	0.00000	0.99902	0.00000	0.00000	0.00000	0.00098
202	0.00000	0.99229	0.00000	0.00000	0.00000	0.00771
203	0.00000	0.96819	0.00000	0.00058	0.00000	0.03123
204	0.00000	0.99988	0.00000	0.00000	0.00000	0.00012
205	0.00000	0.98540	0.00000	0.00004	0.00000	0.01456
206	0.00000	0.99997	0.00000	0.00000	0.00000	0.00003
207	0.00000	0.99987	0.00000	0.00000	0.00000	0.00013
208	0.00000	0.99935	0.00000	0.00000	0.00000	0.00065
209	0.00000	0.99968	0.00000	0.00000	0.00000	0.00032
210	0.00000	0.99868	0.00000	0.00000	0.00000	0.00132
211	0.00000	0.07419	0.00000	0.00128	0.00000	0.92453
212	0.00000	0.99974	0.00000	0.00000	0.00000	0.00026
213	0.97169	0.00000	0.00000	0.00001	0.02830	0.00000
214	0.99930	0.00000	0.00000	0.00000	0.00070	0.00000
215	0.00000	0.99950	0.00000	0.00000	0.00000	0.00050
216	0.00000	0.99982	0.00000	0.00000	0.00000	0.00018
217	0.00000	0.99980	0.00000	0.00000	0.00000	0.00020
218	0.00000	0.99989	0.00000	0.00000	0.00000	0.00011
219	0.00000	0.99467	0.00000	0.00000	0.00000	0.00533
220	0.00000	0.73937	0.01861	0.03611	0.00168	0.20424
221	0.00000	0.99964	0.00000	0.00000	0.00000	0.00036
222	0.00000	0.99988	0.00000	0.00000	0.00000	0.00012
223	0.00000	0.99345	0.00000	0.00003	0.00000	0.00652
224	0.00000	0.99978	0.00000	0.00000	0.00000	0.00022
225	0.00000	0.99990	0.00000	0.00000	0.00000	0.00010
226	0.99854	0.00000	0.00000	0.00000	0.00146	0.00000
227	0.00000	0.99873	0.00000	0.00000	0.00000	0.00127
228	0.00000	0.93451	0.00000	0.00273	0.00000	0.06275
229	0.66664	0.00007	0.00656	0.07822	0.24661	0.00190
230	0.00000	0.99983	0.00000	0.00000	0.00000	0.00017
231	0.00000	0.99979	0.00000	0.00000	0.00000	0.00021
232	0.00000	0.99167	0.00000	0.00006	0.00000	0.00827
233	0.99971	0.00000	0.00000	0.00000	0.00029	0.00000
234	0.00000	0.49810	0.00854	0.15260	0.00204	0.33871
235	0.00000	0.99983	0.00000	0.00000	0.00000	0.00017
236	0.00000	0.99985	0.00000	0.00000	0.00000	0.00015
237	0.00000	0.99991	0.00000	0.00000	0.00000	0.00009
238	0.00000	0.99103	0.00000	0.00000	0.00000	0.00897
239	0.99939	0.00000	0.00000	0.00000	0.00061	0.00000
240	0.99984	0.00000	0.00000	0.00000	0.00016	0.00000
241	0.99951	0.00000	0.00000	0.00000	0.00049	0.00000
242	0.99972	0.00000	0.00000	0.00000	0.00028	0.00000
243	0.00000	0.99994	0.00000	0.00000	0.00000	0.00006
244	0.99990	0.00000	0.00000	0.00000	0.00010	0.00000
245	0.99978	0.00000	0.00000	0.00000	0.00022	0.00000
246	0.00000	0.99900	0.00000	0.00000	0.00000	0.00100
247	0.00000	0.99992	0.00000	0.00000	0.00000	0.00008
248	0.00000	0.99992	0.00000	0.00000	0.00000	0.00008
249	0.00000	0.99369	0.00000	0.00001	0.00000	0.00631
250	0.00000	0.99986	0.00000	0.00000	0.00000	0.00014
251	0.00000	0.99973	0.00000	0.00000	0.00000	0.00027
252	0.00000	0.99957	0.00000	0.00000	0.00000	0.00043
253	0.00000	0.99997	0.00000	0.00000	0.00000	0.00003
254	0.00000	0.99983	0.00000	0.00000	0.00000	0.00017
255	0.00000	0.99996	0.00000	0.00000	0.00000	0.00004
256	0.00000	0.99802	0.00000	0.00000	0.00000	0.00198
257	0.00000	0.99996	0.00000	0.00000	0.00000	0.00004
258	0.00000	0.99431	0.00000	0.00000	0.00000	0.00569
259	0.00000	0.99988	0.00000	0.00000	0.00000	0.00012
260	0.00000	0.99287	0.00000	0.00003	0.00000	0.00710
261	0.00000	0.92085	0.00000	0.00003	0.00000	0.07912
262	0.00000	0.89608	0.00000	0.00003	0.00000	0.10389
263	0.00000	0.99994	0.00000	0.00000	0.00000	0.00006
264	0.00000	0.99794	0.00000	0.00000	0.00000	0.00206
265	0.00002	0.18988	0.02222	0.43478	0.01946	0.33365
266	0.00000	0.99953	0.00000	0.00000	0.00000	0.00047
267	0.00000	0.82645	0.00000	0.00029	0.00000	0.17326
268	0.00000	0.99997	0.00000	0.00000	0.00000	0.00003
269	0.00000	0.99671	0.00000	0.00000	0.00000	0.00328
270	0.00000	0.99988	0.00000	0.00000	0.00000	0.00012
271	0.00000	0.99996	0.00000	0.00000	0.00000	0.00004
272	0.00000	0.99976	0.00000	0.00000	0.00000	0.00024
273	0.00000	0.99967	0.00000	0.00000	0.00000	0.00033
274	0.00000	0.99952	0.00000	0.00000	0.00000	0.00048
275	0.00000	0.99971	0.00000	0.00000	0.00000	0.00029
276	0.00000	0.99923	0.00000	0.00000	0.00000	0.00077
277	0.00000	0.06957	0.00000	0.03855	0.00000	0.89188
278	0.00000	0.99243	0.00000	0.00000	0.00000	0.00757
279	0.00000	0.99907	0.00000	0.00000	0.00000	0.00092
280	0.00000	0.99988	0.00000	0.00000	0.00000	0.00012
281	0.00000	0.84860	0.00000	0.00504	0.00000	0.14636
282	0.00000	0.37882	0.00000	0.00297	0.00000	0.61821
283	0.99993	0.00000	0.00000	0.00000	0.00007	0.00000
284	0.00000	0.95999	0.00000	0.00095	0.00000	0.03906
285	0.00000	0.99986	0.00000	0.00000	0.00000	0.00014
286	0.00000	0.99867	0.00000	0.00000	0.00000	0.00133
287	0.00000	0.99984	0.00000	0.00000	0.00000	0.00016
288	0.00000	0.97902	0.00000	0.00001	0.00000	0.02098
289	0.00000	0.76806	0.00000	0.00015	0.00000	0.23179
290	0.00000	0.89994	0.00000	0.00008	0.00000	0.09998
291	0.00000	0.99984	0.00000	0.00000	0.00000	0.00016
292	0.00000	0.99774	0.00000	0.00000	0.00000	0.00226
293	0.00000	0.99912	0.00000	0.00000	0.00000	0.00088
294	0.00000	0.99996	0.00000	0.00000	0.00000	0.00004
295	0.00000	0.99988	0.00000	0.00000	0.00000	0.00012
296	0.99670	0.00000	0.00000	0.00000	0.00330	0.00000
297	0.32382	0.05831	0.13734	0.15819	0.22632	0.09602
298	0.00000	0.99982	0.00000	0.00000	0.00000	0.00018
299	0.00000	0.76094	0.00000	0.04827	0.00000	0.19078
300	0.99966	0.00000	0.00000	0.00000	0.00034	0.00000
301	0.00000	0.94935	0.00000	0.00003	0.00000	0.05062
302	0.00000	0.99972	0.00000	0.00000	0.00000	0.00028
303	0.00000	0.99988	0.00000	0.00000	0.00000	0.00012
304	0.00000	0.99955	0.00000	0.00000	0.00000	0.00045
305	0.00000	0.99955	0.00000	0.00000	0.00000	0.00045
306	0.00000	0.99909	0.00000	0.00000	0.00000	0.00091
307	0.00000	0.96038	0.00000	0.00066	0.00000	0.03896
308	0.00000	0.99880	0.00000	0.00000	0.00000	0.00120
309	0.00000	0.99992	0.00000	0.00000	0.00000	0.00008
310	0.00000	0.99962	0.00000	0.00000	0.00000	0.00038
311	0.00000	0.99989	0.00000	0.00000	0.00000	0.00011
312	0.00000	0.85441	0.00001	0.01479	0.00000	0.13079
313	0.00000	0.99591	0.00000	0.00000	0.00000	0.00408
314	0.00000	0.99982	0.00000	0.00000	0.00000	0.00018
315	0.00000	0.98133	0.00000	0.00000	0.00000	0.01867
316	0.00000	0.93557	0.00000	0.00012	0.00000	0.06430
317	0.00000	0.99044	0.00000	0.00001	0.00000	0.00954
318	0.00000	0.99877	0.00000	0.00000	0.00000	0.00123
319	0.00000	0.99956	0.00000	0.00000	0.00000	0.00044
320	0.00000	0.97235	0.00000	0.00029	0.00000	0.02736
321	0.00000	0.99964	0.00000	0.00000	0.00000	0.00036
322	0.00000	0.98122	0.00000	0.00010	0.00000	0.01868
323	0.00000	0.99984	0.00000	0.00000	0.00000	0.00016
324	0.00000	0.99792	0.00000	0.00000	0.00000	0.00208
325	0.00000	0.99921	0.00000	0.00000	0.00000	0.00079
326	0.00000	0.13749	0.00000	0.00390	0.00000	0.85861
327	0.00000	0.98995	0.00000	0.00008	0.00000	0.00997
328	0.00000	0.99983	0.00000	0.00000	0.00000	0.00017
329	0.00000	0.99936	0.00000	0.00000	0.00000	0.00064
330	0.00000	0.99923	0.00000	0.00000	0.00000	0.00077
331	0.00000	0.95292	0.00000	0.00160	0.00000	0.04548
332	0.00000	0.99985	0.00000	0.00000	0.00000	0.00015
333	0.00000	0.99993	0.00000	0.00000	0.00000	0.00007
334	0.00000	0.99897	0.00000	0.00000	0.00000	0.00103
335	0.00000	0.99978	0.00000	0.00000	0.00000	0.00022
336	0.00000	0.99938	0.00000	0.00000	0.00000	0.00062
337	0.00001	0.49761	0.02798	0.14867	0.00875	0.31697
338	0.00000	0.99971	0.00000	0.00000	0.00000	0.00029
339	0.00000	0.99971	0.00000	0.00000	0.00000	0.00029
340	0.00000	0.99990	0.00000	0.00000	0.00000	0.00010
341	0.00000	0.00000	0.99328	0.00135	0.00000	0.00537
342	0.00000	0.99953	0.00000	0.00000	0.00000	0.00047
343	0.00000	0.99985	0.00000	0.00000	0.00000	0.00015
344	0.00000	0.00005	0.00016	0.00043	0.00000	0.99937
345	0.00000	0.99928	0.00000	0.00000	0.00000	0.00072
346	0.00000	0.99995	0.00000	0.00000	0.00000	0.00005
347	0.00000	0.86182	0.00001	0.01328	0.00000	0.12490
348	0.00000	0.00011	0.00000	0.00046	0.00000	0.99942
349	0.00000	0.99631	0.00000	0.00000	0.00000	0.00369
350	0.00000	0.99985	0.00000	0.00000	0.00000	0.00015
351	0.00000	0.99447	0.00000	0.00001	0.00000	0.00552
352	0.00000	0.97220	0.00000	0.00039	0.00000	0.02741
353	0.00000	0.99982	0.00000	0.00000	0.00000	0.00018
354	0.00000	0.90056	0.00000	0.00641	0.00000	0.09303
355	0.00000	0.76731	0.00157	0.03635	0.00020	0.19457
356	0.99988	0.00000	0.00000	0.00000	0.00012	0.00000
357	0.00000	0.99990	0.00000	0.00000	0.00000	0.00010
358	0.00000	0.97815	0.00000	0.00027	0.00000	0.02158
359	0.00005	0.20832	0.03691	0.39298	0.02908	0.33266
360	0.00000	0.95368	0.00000	0.00002	0.00000	0.04630
361	0.00000	0.95284	0.00000	0.00031	0.00000	0.04685
362	0.99995	0.00000	0.00000	0.00000	0.00005	0.00000
363	0.99998	0.00000	0.00000	0.00000	0.00002	0.00000
364	0.00000	0.99957	0.00000	0.00000	0.00000	0.00043
365	0.00000	0.94865	0.00000	0.00142	0.00000	0.04993
366	0.00000	0.96582	0.00000	0.00030	0.00000	0.03388
367	0.00000	0.99918	0.00000	0.00000	0.00000	0.00082
368	0.00000	0.99934	0.00000	0.00000	0.00000	0.00066
369	0.99563	0.00000	0.00000	0.00000	0.00437	0.00000
370	0.00000	0.99969	0.00000	0.00000	0.00000	0.00031
371	0.00000	0.99980	0.00000	0.00000	0.00000	0.00020
372	0.00000	0.99988	0.00000	0.00000	0.00000	0.00012
373	0.00000	0.99889	0.00000	0.00000	0.00000	0.00111
374	0.00000	0.80447	0.00204	0.02575	0.00022	0.16752
375	0.99425	0.00000	0.00000	0.00000	0.00575	0.00000
376	0.00000	0.99380	0.00000	0.00002	0.00000	0.00618
377	0.00013	0.44810	0.09512	0.13736	0.03006	0.28922
378	0.99920	0.00000	0.00000	0.00000	0.00080	0.00000
379	0.96600	0.00000	0.00000	0.00080	0.03320	0.00000
380	0.00000	0.99883	0.00000	0.00000	0.00000	0.00117
381	0.00000	0.99990	0.00000	0.00000	0.00000	0.00010
382	0.00000	0.99639	0.00000	0.00000	0.00000	0.00361
383	0.99828	0.00000	0.00000	0.00000	0.00172	0.00000
384	0.00000	0.99857	0.00000	0.00000	0.00000	0.00143
385	0.00000	0.99999	0.00000	0.00000	0.00000	0.00001
386	0.00000	0.99747	0.00000	0.00000	0.00000	0.00253
387	0.00000	0.99643	0.00000	0.00000	0.00000	0.00357
388	0.94076	0.00000	0.00000	0.00334	0.05590	0.00000
389	0.00000	0.92557	0.00000	0.00000	0.00000	0.07443
390	0.00000	0.99878	0.00000	0.00000	0.00000	0.00122
391	0.00000	0.99980	0.00000	0.00000	0.00000	0.00020
392	0.00000	0.89220	0.00016	0.00764	0.00001	0.09999
393	0.00000	0.99800	0.00000	0.00000	0.00000	0.00200
394	0.00000	0.99437	0.00000	0.00002	0.00000	0.00561
395	0.00000	0.99969	0.00000	0.00000	0.00000	0.00031
396	0.00000	0.99892	0.00000	0.00000	0.00000	0.00108
397	0.00000	0.99929	0.00000	0.00000	0.00000	0.00071
398	0.00000	0.99116	0.00000	0.00001	0.00000	0.00883
399	0.00100	0.28732	0.21205	0.15984	0.08993	0.24986
400	0.00000	0.97062	0.00000	0.00013	0.00000	0.02925
401	0.00000	0.99956	0.00000	0.00000	0.00000	0.00044
402	0.00055	0.34552	0.17126	0.15147	0.06464	0.26657
403	0.00000	0.99616	0.00000	0.00000	0.00000	0.00384
404	0.00000	0.99977	0.00000	0.00000	0.00000	0.00023
405	0.00000	0.99562	0.00000	0.00001	0.00000	0.00437
406	0.00000	0.99984	0.00000	0.00000	0.00000	0.00016
407	0.00000	0.99975	0.00000	0.00000	0.00000	0.00025
408	0.00000	0.99981	0.00000	0.00000	0.00000	0.00019
409	0.00000	0.99970	0.00000	0.00000	0.00000	0.00030
410	0.00000	0.98403	0.00000	0.00001	0.00000	0.01597
411	0.00000	0.99959	0.00000	0.00000	0.00000	0.00041
412	0.99986	0.00000	0.00000	0.00000	0.00014	0.00000
413	0.00000	0.99992	0.00000	0.00000	0.00000	0.00008
414	0.00000	0.98963	0.00000	0.00003	0.00000	0.01034
415	0.00000	0.97845	0.00000	0.00001	0.00000	0.02154
416	0.00000	0.95594	0.00000	0.00133	0.00000	0.04273
417	0.00000	0.99993	0.00000	0.00000	0.00000	0.00007
418	0.00000	0.99922	0.00000	0.00000	0.00000	0.00078
419	0.00000	0.99985	0.00000	0.00000	0.00000	0.00015
420	0.00000	0.99995	0.00000	0.00000	0.00000	0.00005
421	0.00000	0.99994	0.00000	0.00000	0.00000	0.00006
422	0.00000	0.98814	0.00000	0.00002	0.00000	0.01185
423	0.00000	0.85645	0.00002	0.01437	0.00000	0.12915
424	0.00000	0.97873	0.00000	0.00034	0.00000	0.02093
425	0.00000	0.99999	0.00000	0.00000	0.00000	0.00001
426	0.00000	0.99992	0.00000	0.00000	0.00000	0.00008
427	0.00000	0.99846	0.00000	0.00000	0.00000	0.00154
428	0.00000	0.99606	0.00000	0.00001	0.00000	0.00393
429	0.00000	0.99968	0.00000	0.00000	0.00000	0.00032
430	0.00000	0.99940	0.00000	0.00000	0.00000	0.00060
431	0.00000	0.99998	0.00000	0.00000	0.00000	0.00002
432	0.00000	0.99992	0.00000	0.00000	0.00000	0.00008
433	0.00000	0.99991	0.00000	0.00000	0.00000	0.00009
434	0.00000	0.99989	0.00000	0.00000	0.00000	0.00011
435	0.00000	0.98300	0.00000	0.00015	0.00000	0.01685
436	0.00000	0.99954	0.00000	0.00000	0.00000	0.00046
437	0.99989	0.00000	0.00000	0.00000	0.00011	0.00000
438	0.00000	0.99915	0.00000	0.00000	0.00000	0.00085
439	0.00000	0.99942	0.00000	0.00000	0.00000	0.00058
440	0.00000	0.99957	0.00000	0.00000	0.00000	0.00043
441	0.00000	0.99918	0.00000	0.00000	0.00000	0.00082
442	0.00000	0.99996	0.00000	0.00000	0.00000	0.00004
443	0.00000	0.92952	0.00000	0.00033	0.00000	0.07016
444	0.00000	0.79497	0.00000	0.00018	0.00000	0.20485
445	0.00000	0.99962	0.00000	0.00000	0.00000	0.00038
446	0.00000	0.99941	0.00000	0.00000	0.00000	0.00059
447	0.00000	0.81660	0.00000	0.00076	0.00000	0.18264
448	0.00000	0.99164	0.00000	0.00001	0.00000	0.00835
449	0.00000	0.99985	0.00000	0.00000	0.00000	0.00015
450	0.00000	0.99145	0.00000	0.00000	0.00000	0.00855
451	0.00000	0.99377	0.00000	0.00000	0.00000	0.00623
452	0.00000	0.98958	0.00000	0.00002	0.00000	0.01040
453	0.00000	0.70993	0.00121	0.05614	0.00020	0.23251
454	0.00000	0.99959	0.00000	0.00000	0.00000	0.00041
455	0.00000	0.99993	0.00000	0.00000	0.00000	0.00007
456	0.00000	0.99936	0.00000	0.00000	0.00000	0.00064
457	0.00000	0.99999	0.00000	0.00000	0.00000	0.00001
458	0.00000	0.99999	0.00000	0.00000	0.00000	0.00001
459	0.00000	0.99994	0.00000	0.00000	0.00000	0.00006
460	0.00000	0.99977	0.00000	0.00000	0.00000	0.00023
461	0.99597	0.00000	0.00000	0.00000	0.00403	0.00000
462	0.00000	0.99910	0.00000	0.00000	0.00000	0.00090
463	0.00000	0.99998	0.00000	0.00000	0.00000	0.00002
464	0.00000	0.76521	0.00009	0.04636	0.00002	0.18831
465	0.99973	0.00000	0.00000	0.00000	0.00027	0.00000
466	0.00000	0.99987	0.00000	0.00000	0.00000	0.00013
467	0.00000	0.99956	0.00000	0.00000	0.00000	0.00044
468	0.00000	0.94192	0.00000	0.00221	0.00000	0.05587
469	0.00000	0.99996	0.00000	0.00000	0.00000	0.00004
470	0.00000	0.99983	0.00000	0.00000	0.00000	0.00017
471	0.00000	0.44340	0.00000	0.18574	0.00000	0.37087
472	0.00000	0.99916	0.00000	0.00000	0.00000	0.00084
473	0.00000	0.99928	0.00000	0.00000	0.00000	0.00072
474	0.00000	0.99954	0.00000	0.00000	0.00000	0.00046
475	0.00068	0.31791	0.18317	0.16067	0.07409	0.26349
476	0.00000	0.99875	0.00000	0.00000	0.00000	0.00125
477	0.00000	0.99875	0.00000	0.00000	0.00000	0.00125
478	0.00000	0.99867	0.00000	0.00000	0.00000	0.00133
479	0.00000	0.99892	0.00000	0.00000	0.00000	0.00108
480	0.00000	0.93897	0.00000	0.00162	0.00000	0.05942
481	0.00000	0.99981	0.00000	0.00000	0.00000	0.00019
482	0.00000	0.99672	0.00000	0.00000	0.00000	0.00328
483	0.00000	0.99714	0.00000	0.00000	0.00000	0.00286
484	0.00000	0.99998	0.00000	0.00000	0.00000	0.00002
485	0.00000	0.99909	0.00000	0.00000	0.00000	0.00091
486	0.00000	0.99949	0.00000	0.00000	0.00000	0.00051
487	0.00000	0.99922	0.00000	0.00000	0.00000	0.00078
488	0.00000	0.99987	0.00000	0.00000	0.00000	0.00013
489	0.00000	0.99941	0.00000	0.00000	0.00000	0.00059
490	0.00000	0.99861	0.00000	0.00000	0.00000	0.00139
491	0.00000	0.98644	0.00000	0.00005	0.00000	0.01350
492	0.00000	0.99968	0.00000	0.00000	0.00000	0.00032
493	0.00000	0.99563	0.00000	0.00001	0.00000	0.00436
494	0.00000	0.99946	0.00000	0.00000	0.00000	0.00054
495	0.00000	0.99887	0.00000	0.00000	0.00000	0.00113
496	0.00000	0.99906	0.00000	0.00000	0.00000	0.00094
497	0.00000	0.99861	0.00000	0.00000	0.00000	0.00139
498	0.00000	0.99993	0.00000	0.00000	0.00000	0.00007
499	0.00000	0.99997	0.00000	0.00000	0.00000	0.00003
500	0.00000	0.99988	0.00000	0.00000	0.00000	0.00012
501	0.00002	0.55355	0.02542	0.11732	0.00723	0.29646
502	0.00000	0.99754	0.00000	0.00000	0.00000	0.00246
503	0.00000	0.87157	0.00008	0.01160	0.00001	0.11674
504	0.00000	0.99973	0.00000	0.00000	0.00000	0.00027
505	0.00000	0.99927	0.00000	0.00000	0.00000	0.00073
506	0.00000	0.99970	0.00000	0.00000	0.00000	0.00030
507	0.99533	0.00000	0.00000	0.00001	0.00465	0.00000
508	0.99994	0.00000	0.00000	0.00000	0.00006	0.00000
509	0.00000	0.99751	0.00000	0.00000	0.00000	0.00249
510	0.00000	0.99789	0.00000	0.00000	0.00000	0.00211
511	0.00000	0.99991	0.00000	0.00000	0.00000	0.00009
512	0.00000	0.99992	0.00000	0.00000	0.00000	0.00008
513	0.00000	0.99957	0.00000	0.00000	0.00000	0.00043
514	0.93820	0.00000	0.00000	0.00002	0.06178	0.00000
515	0.00000	0.99719	0.00000	0.00000	0.00000	0.00281
516	0.88429	0.00000	0.00000	0.00073	0.11498	0.00000
517	0.00000	0.98569	0.00000	0.00016	0.00000	0.01415
518	0.00000	0.99980	0.00000	0.00000	0.00000	0.00020
519	0.99959	0.00000	0.00000	0.00000	0.00041	0.00000
520	0.00000	0.98764	0.00000	0.00000	0.00000	0.01236
521	0.00000	0.99942	0.00000	0.00000	0.00000	0.00058
522	0.00000	0.99960	0.00000	0.00000	0.00000	0.00040
523	0.00000	0.99990	0.00000	0.00000	0.00000	0.00010
524	0.00000	0.99959	0.00000	0.00000	0.00000	0.00041
525	0.00000	0.99957	0.00000	0.00000	0.00000	0.00043
526	0.00000	0.99971	0.00000	0.00000	0.00000	0.00029
527	0.00000	0.99251	0.00000	0.00002	0.00000	0.00747
528	0.00000	0.99889	0.00000	0.00000	0.00000	0.00110
529	0.00000	0.99060	0.00000	0.00007	0.00000	0.00933
530	0.00000	0.89689	0.00008	0.00753	0.00000	0.09550
531	0.00000	0.99950	0.00000	0.00000	0.00000	0.00050
532	0.00000	0.99953	0.00000	0.00000	0.00000	0.00047
533	0.00000	0.99251	0.00000	0.00002	0.00000	0.00746
534	0.99837	0.00000	0.00000	0.00000	0.00163	0.00000
535	0.00000	0.99603	0.00000	0.00000	0.00000	0.00397
536	0.00000	0.99909	0.00000	0.00000	0.00000	0.00091
537	0.00000	0.99421	0.00000	0.00002	0.00000	0.00578
538	0.99986	0.00000	0.00000	0.00000	0.00014	0.00000
539	0.00000	0.90834	0.00000	0.00675	0.00000	0.08492
540	0.00000	0.99845	0.00000	0.00000	0.00000	0.00155
541	0.91733	0.00000	0.00000	0.00483	0.07784	0.00000
542	0.99938	0.00000	0.00000	0.00000	0.00062	0.00000
543	0.99992	0.00000	0.00000	0.00000	0.00008	0.00000
544	0.00000	0.99987	0.00000	0.00000	0.00000	0.00013
545	0.00000	0.99722	0.00000	0.00000	0.00000	0.00278
546	0.00000	0.99432	0.00000	0.00000	0.00000	0.00568
547	0.00000	0.99552	0.00000	0.00001	0.00000	0.00447
548	0.00000	0.99916	0.00000	0.00000	0.00000	0.00084
549	0.99625	0.00000	0.00000	0.00001	0.00374	0.00000
550	0.00000	0.99473	0.00000	0.00000	0.00000	0.00527
551	0.00000	0.99961	0.00000	0.00000	0.00000	0.00039
552	0.99989	0.00000	0.00000	0.00000	0.00011	0.00000
553	0.00000	0.99914	0.00000	0.00000	0.00000	0.00086
554	0.00000	0.99988	0.00000	0.00000	0.00000	0.00012
555	0.00000	0.99994	0.00000	0.00000	0.00000	0.00006
556	0.00000	0.99990	0.00000	0.00000	0.00000	0.00010
557	0.00000	0.00000	0.79570	0.19488	0.00165	0.00777
558	0.00000	0.99974	0.00000	0.00000	0.00000	0.00026
559	0.00000	0.99967	0.00000	0.00000	0.00000	0.00033
560	0.99244	0.00000	0.00000	0.00000	0.00755	0.00000
561	0.99888	0.00000	0.00000	0.00000	0.00112	0.00000
562	0.99985	0.00000	0.00000	0.00000	0.00015	0.00000
563	0.99811	0.00000	0.00000	0.00000	0.00189	0.00000
564	0.00000	0.99952	0.00000	0.00000	0.00000	0.00048
565	0.00000	0.99999	0.00000	0.00000	0.00000	0.00001
566	0.99993	0.00000	0.00000	0.00000	0.00007	0.00000
567	0.00000	0.99962	0.00000	0.00000	0.00000	0.00038
568	0.31238	0.06231	0.13940	0.16127	0.22442	0.10021
569	0.99963	0.00000	0.00000	0.00000	0.00037	0.00000
570	0.00000	0.99983	0.00000	0.00000	0.00000	0.00017
571	0.00000	0.99987	0.00000	0.00000	0.00000	0.00013
572	0.00000	0.99972	0.00000	0.00000	0.00000	0.00028
573	0.00000	0.99816	0.00000	0.00000	0.00000	0.00184
574	0.00000	0.99944	0.00000	0.00000	0.00000	0.00056
575	0.00000	0.99359	0.00000	0.00002	0.00000	0.00639
576	0.00000	0.00000	0.00000	0.08863	0.91137	0.00000
577	0.00000	0.99850	0.00000	0.00000	0.00000	0.00150
578	1.00000	0.00000	0.00000	0.00000	0.00000	0.00000
579	0.00000	0.99996	0.00000	0.00000	0.00000	0.00004
580	0.00000	0.99849	0.00000	0.00000	0.00000	0.00151
581	0.00000	0.87324	0.00005	0.01451	0.00001	0.11219
582	0.00000	0.99837	0.00000	0.00000	0.00000	0.00163
583	0.00000	0.98230	0.00000	0.00017	0.00000	0.01753
584	0.00000	0.98143	0.00000	0.00015	0.00000	0.01842
585	0.00000	0.56954	0.00000	0.00217	0.00000	0.42829
586	0.00000	0.98920	0.00000	0.00000	0.00000	0.01080
587	0.00000	0.99805	0.00000	0.00000	0.00000	0.00195
588	0.00000	0.95968	0.00000	0.00003	0.00000	0.04029
589	0.00000	0.99988	0.00000	0.00000	0.00000	0.00012
590	0.00000	0.99877	0.00000	0.00000	0.00000	0.00123
591	0.00000	0.99553	0.00000	0.00000	0.00000	0.00447
592	0.00000	0.87839	0.00001	0.01042	0.00000	0.11118
593	0.00000	0.96014	0.00000	0.00116	0.00000	0.03871
594	0.00000	0.99985	0.00000	0.00000	0.00000	0.00015
595	0.00000	0.99922	0.00000	0.00000	0.00000	0.00078
596	0.00000	0.99965	0.00000	0.00000	0.00000	0.00035
597	0.00000	0.19218	0.00000	0.45164	0.00000	0.35617
598	0.00000	0.99991	0.00000	0.00000	0.00000	0.00009
599	0.00000	0.95670	0.00000	0.00123	0.00000	0.04207
600	0.00000	0.01540	0.00006	0.04846	0.00000	0.93608
601	0.00000	0.99912	0.00000	0.00000	0.00000	0.00087
602	0.00000	0.83268	0.00000	0.01972	0.00000	0.14760
603	0.99951	0.00000	0.00000	0.00000	0.00049	0.00000
604	0.96969	0.00000	0.00000	0.00065	0.02965	0.00000
605	0.00000	0.99796	0.00000	0.00000	0.00000	0.00204
606	0.00000	0.71673	0.00009	0.04752	0.00001	0.23566
607	0.00000	0.99880	0.00000	0.00000	0.00000	0.00120
608	0.00000	0.99947	0.00000	0.00000	0.00000	0.00053
609	0.00000	0.99996	0.00000	0.00000	0.00000	0.00004
610	0.00000	0.99864	0.00000	0.00000	0.00000	0.00135
611	0.16798	0.00000	0.00000	0.10905	0.72297	0.00000
612	0.00000	0.97454	0.00000	0.00002	0.00000	0.02544
613	0.00000	0.99987	0.00000	0.00000	0.00000	0.00013
614	0.00000	0.99972	0.00000	0.00000	0.00000	0.00028
615	0.00000	0.98700	0.00000	0.00012	0.00000	0.01288
616	0.00000	0.99977	0.00000	0.00000	0.00000	0.00023
617	0.00000	0.86136	0.00000	0.00020	0.00000	0.13845
618	0.00000	0.99869	0.00000	0.00000	0.00000	0.00130
619	0.00000	0.99770	0.00000	0.00000	0.00000	0.00230
620	0.00000	0.97655	0.00000	0.00009	0.00000	0.02336
621	0.00000	0.99959	0.00000	0.00000	0.00000	0.00041
622	0.00000	0.99998	0.00000	0.00000	0.00000	0.00002
623	0.00000	0.99301	0.00000	0.00004	0.00000	0.00695
624	0.00000	0.99858	0.00000	0.00000	0.00000	0.00142
625	0.00000	0.91120	0.00000	0.00001	0.00000	0.08879
626	0.00000	0.99663	0.00000	0.00000	0.00000	0.00337
627	0.00000	0.61984	0.03500	0.06182	0.00399	0.27936
628	0.00000	0.99977	0.00000	0.00000	0.00000	0.00023
629	0.00000	0.99925	0.00000	0.00000	0.00000	0.00075
630	0.00000	0.99956	0.00000	0.00000	0.00000	0.00044
631	0.00000	0.99985	0.00000	0.00000	0.00000	0.00015
632	0.00000	0.99942	0.00000	0.00000	0.00000	0.00058
633	0.99998	0.00000	0.00000	0.00000	0.00002	0.00000
634	0.00000	0.99466	0.00000	0.00000	0.00000	0.00534
635	0.00000	0.99929	0.00000	0.00000	0.00000	0.00071
636	0.00000	0.99865	0.00000	0.00000	0.00000	0.00134
637	0.00000	0.98861	0.00000	0.00011	0.00000	0.01128
638	0.00000	0.99805	0.00000	0.00000	0.00000	0.00195
639	0.00000	0.99885	0.00000	0.00000	0.00000	0.00115
640	0.00000	0.99715	0.00000	0.00000	0.00000	0.00285
641	0.00000	0.99919	0.00000	0.00000	0.00000	0.00081
642	0.00000	0.99906	0.00000	0.00000	0.00000	0.00094
643	0.00000	0.99719	0.00000	0.00000	0.00000	0.00280
644	0.00000	0.99973	0.00000	0.00000	0.00000	0.00027
645	0.00000	0.00153	0.00000	0.00056	0.00000	0.99791
646	0.00000	0.99798	0.00000	0.00000	0.00000	0.00202
647	0.00000	0.99793	0.00000	0.00000	0.00000	0.00206
648	0.00000	0.99863	0.00000	0.00000	0.00000	0.00137
649	0.00000	0.99992	0.00000	0.00000	0.00000	0.00008
650	0.00000	0.99670	0.00000	0.00000	0.00000	0.00330
651	0.99991	0.00000	0.00000	0.00000	0.00009	0.00000
652	0.00000	0.99956	0.00000	0.00000	0.00000	0.00044
653	0.00000	0.99972	0.00000	0.00000	0.00000	0.00028
654	0.83620	0.00000	0.00000	0.02323	0.14057	0.00000
655	0.00000	0.99567	0.00000	0.00000	0.00000	0.00433
656	0.00000	0.99996	0.00000	0.00000	0.00000	0.00004
657	0.00000	0.68455	0.00000	0.00026	0.00000	0.31519
658	0.00000	0.99964	0.00000	0.00000	0.00000	0.00036
659	0.00000	0.99519	0.00000	0.00000	0.00000	0.00481
660	0.80842	0.00000	0.00002	0.02823	0.16333	0.00000
661	0.00000	0.15236	0.00000	0.00598	0.00000	0.84165
662	0.00000	0.99524	0.00000	0.00001	0.00000	0.00475
663	0.00000	0.99901	0.00000	0.00000	0.00000	0.00099
664	0.00000	0.86575	0.00162	0.01231	0.00011	0.12021
665	0.99862	0.00000	0.00000	0.00000	0.00138	0.00000
666	0.00000	0.99653	0.00000	0.00001	0.00000	0.00346
667	0.99981	0.00000	0.00000	0.00000	0.00019	0.00000
668	0.99984	0.00000	0.00000	0.00000	0.00016	0.00000
669	0.99880	0.00000	0.00000	0.00000	0.00120	0.00000
670	0.99881	0.00000	0.00000	0.00000	0.00119	0.00000
671	0.99210	0.00000	0.00000	0.00004	0.00787	0.00000
672	0.00000	0.99543	0.00000	0.00000	0.00000	0.00456
673	0.00000	0.99895	0.00000	0.00000	0.00000	0.00105
674	0.00000	0.99991	0.00000	0.00000	0.00000	0.00009
675	0.00008	0.28620	0.00272	0.37908	0.00317	0.32875
676	0.00000	0.99835	0.00000	0.00000	0.00000	0.00164
677	0.00000	0.98451	0.00000	0.00018	0.00000	0.01531
678	0.00000	0.99966	0.00000	0.00000	0.00000	0.00034
679	0.99897	0.00000	0.00000	0.00000	0.00103	0.00000
680	0.00000	0.99915	0.00000	0.00000	0.00000	0.00085
681	0.00000	0.99977	0.00000	0.00000	0.00000	0.00023
682	0.00000	0.99790	0.00000	0.00000	0.00000	0.00210
683	0.00000	1.00000	0.00000	0.00000	0.00000	0.00000
684	0.00000	0.99893	0.00000	0.00000	0.00000	0.00107
685	0.00000	0.99220	0.00000	0.00004	0.00000	0.00776
686	0.00000	0.99977	0.00000	0.00000	0.00000	0.00023
687	0.00000	0.99993	0.00000	0.00000	0.00000	0.00007
688	0.00000	0.99995	0.00000	0.00000	0.00000	0.00005
689	0.00000	0.99778	0.00000	0.00000	0.00000	0.00222
690	0.00000	0.96221	0.00000	0.00000	0.00000	0.03779
691	0.00000	0.99953	0.00000	0.00000	0.00000	0.00047
692	0.00000	0.99914	0.00000	0.00000	0.00000	0.00086
693	0.00000	0.99957	0.00000	0.00000	0.00000	0.00043
694	0.00000	0.99950	0.00000	0.00000	0.00000	0.00050
695	0.00000	0.90486	0.00002	0.00762	0.00000	0.08750
696	0.00000	0.99997	0.00000	0.00000	0.00000	0.00003
697	0.00000	0.99993	0.00000	0.00000	0.00000	0.00007
698	0.00000	0.98452	0.00000	0.00016	0.00000	0.01532
699	0.00000	0.61887	0.00000	0.06807	0.00000	0.31307
700	0.00000	0.99951	0.00000	0.00000	0.00000	0.00049
701	0.00000	0.99985	0.00000	0.00000	0.00000	0.00015
702	0.99988	0.00000	0.00000	0.00000	0.00012	0.00000
703	0.96395	0.00000	0.00000	0.00002	0.03603	0.00000
704	0.99971	0.00000	0.00000	0.00000	0.00029	0.00000
705	0.00002	0.56639	0.00196	0.14453	0.00100	0.28611
706	0.93710	0.00000	0.00000	0.00348	0.05942	0.00000
707	0.00000	0.99889	0.00000	0.00000	0.00000	0.00111
708	0.00000	0.99692	0.00000	0.00000	0.00000	0.00307
709	0.00370	0.00000	0.00007	0.86306	0.13308	0.00009
710	0.00000	0.98871	0.00000	0.00000	0.00000	0.01129
711	0.00000	0.99989	0.00000	0.00000	0.00000	0.00011
712	0.00000	0.99942	0.00000	0.00000	0.00000	0.00058
713	0.00000	0.75907	0.00000	0.00033	0.00000	0.24060
714	0.00000	0.99883	0.00000	0.00000	0.00000	0.00117
715	0.00000	0.99176	0.00000	0.00000	0.00000	0.00823
716	0.99663	0.00000	0.00000	0.00001	0.00336	0.00000
717	0.00001	0.60318	0.02668	0.09110	0.00593	0.27310
718	0.00000	0.99986	0.00000	0.00000	0.00000	0.00014
719	0.00000	0.99459	0.00000	0.00000	0.00000	0.00541
720	0.99990	0.00000	0.00000	0.00000	0.00010	0.00000
721	0.00000	0.99947	0.00000	0.00000	0.00000	0.00053
722	0.00000	0.99654	0.00000	0.00000	0.00000	0.00346
723	0.00000	0.99990	0.00000	0.00000	0.00000	0.00010
724	0.00000	0.99896	0.00000	0.00000	0.00000	0.00104
725	0.00000	0.99929	0.00000	0.00000	0.00000	0.00071
726	0.00000	0.98284	0.00000	0.00031	0.00000	0.01685
727	0.00000	0.11535	0.00004	0.11892	0.00000	0.76569
728	0.00000	0.99939	0.00000	0.00000	0.00000	0.00061
729	0.00000	0.99979	0.00000	0.00000	0.00000	0.00021
730	0.00000	0.89845	0.00014	0.00723	0.00001	0.09417
731	0.00000	0.99894	0.00000	0.00000	0.00000	0.00106
732	0.00000	0.99679	0.00000	0.00000	0.00000	0.00321
733	0.00000	0.99686	0.00000	0.00001	0.00000	0.00313
734	0.99993	0.00000	0.00000	0.00000	0.00007	0.00000
735	0.00000	0.98830	0.00000	0.00005	0.00000	0.01164
736	0.00000	0.99964	0.00000	0.00000	0.00000	0.00036
737	0.00000	0.99643	0.00000	0.00000	0.00000	0.00357
738	0.00000	0.89555	0.00000	0.00707	0.00000	0.09738
739	0.00000	0.99911	0.00000	0.00000	0.00000	0.00089
740	0.99985	0.00000	0.00000	0.00000	0.00015	0.00000
741	0.01066	0.01334	0.19088	0.28352	0.42625	0.07535
742	0.00000	0.99964	0.00000	0.00000	0.00000	0.00036
743	0.99960	0.00000	0.00000	0.00000	0.00040	0.00000
744	0.00000	0.99999	0.00000	0.00000	0.00000	0.00001
745	0.00000	0.99943	0.00000	0.00000	0.00000	0.00057
746	0.00000	0.94131	0.00000	0.00003	0.00000	0.05865
747	0.99936	0.00000	0.00000	0.00000	0.00064	0.00000
748	0.00000	0.99934	0.00000	0.00000	0.00000	0.00066
749	0.00000	0.99870	0.00000	0.00000	0.00000	0.00130
750	0.00000	0.99947	0.00000	0.00000	0.00000	0.00053
751	0.00000	0.99920	0.00000	0.00000	0.00000	0.00080
752	0.00176	0.21687	0.24447	0.17998	0.12651	0.23041
753	0.00000	0.99579	0.00000	0.00000	0.00000	0.00421
754	0.00000	0.99952	0.00000	0.00000	0.00000	0.00048
755	0.00000	0.99673	0.00000	0.00000	0.00000	0.00327
756	0.00000	0.99987	0.00000	0.00000	0.00000	0.00013
757	0.00000	0.99181	0.00000	0.00008	0.00000	0.00811
758	0.00000	0.99990	0.00000	0.00000	0.00000	0.00010
759	0.00000	0.82994	0.00018	0.01833	0.00001	0.15153
760	0.00000	0.98096	0.00000	0.00028	0.00000	0.01877
761	0.99858	0.00000	0.00000	0.00000	0.00142	0.00000
762	0.99920	0.00000	0.00000	0.00000	0.00080	0.00000
763	0.00000	0.99848	0.00000	0.00000	0.00000	0.00152
764	0.00000	0.99921	0.00000	0.00000	0.00000	0.00079
765	0.00000	0.99680	0.00000	0.00000	0.00000	0.00320
766	0.00000	0.99878	0.00000	0.00000	0.00000	0.00122
767	0.00000	0.99467	0.00000	0.00000	0.00000	0.00533
768	0.00000	0.99482	0.00000	0.00000	0.00000	0.00517
769	0.00000	0.99996	0.00000	0.00000	0.00000	0.00004
770	0.00000	0.97591	0.00000	0.00023	0.00000	0.02386
771	0.00000	0.96703	0.00000	0.00076	0.00000	0.03221
772	0.00000	0.99930	0.00000	0.00000	0.00000	0.00070
773	0.00000	0.99972	0.00000	0.00000	0.00000	0.00028
774	0.00000	0.99512	0.00000	0.00001	0.00000	0.00488
775	0.00000	0.99554	0.00000	0.00001	0.00000	0.00445
776	0.00000	0.99960	0.00000	0.00000	0.00000	0.00040
777	0.00000	0.99988	0.00000	0.00000	0.00000	0.00012
778	0.00000	0.99829	0.00000	0.00000	0.00000	0.00171
