783301_sweeps	IndivName	1.000/0.000/0.000/0.000	0.000/0.000/0.000/1.000	0.000/0.500/0.500/0.000	0.250/0.250/0.250/0.250	0.500/0.250/0.250/0.000	0.000/0.250/0.250/0.500
1	NoName	0.00000	1.00000	0.00000	0.00000	0.00000	0.00000
2	NoName	0.00000	1.00000	0.00000	0.00000	0.00000	0.00000
3	NoName	0.00000	1.00000	0.00000	0.00000	0.00000	0.00000
4	NoName	0.00000	0.99985	0.00000	0.00000	0.00000	0.00015
5	NoName	0.00000	1.00000	0.00000	0.00000	0.00000	0.00000
6	NoName	0.00000	0.99999	0.00000	0.00000	0.00000	0.00001
7	NoName	0.00000	1.00000	0.00000	0.00000	0.00000	0.00000
8	NoName	0.00000	1.00000	0.00000	0.00000	0.00000	0.00000
9	NoName	0.00000	1.00000	0.00000	0.00000	0.00000	0.00000
10	NoName	0.00000	0.00000	0.00016	0.03377	0.96607	0.00000
11	NoName	1.00000	0.00000	0.00000	0.00000	0.00000	0.00000
12	NoName	0.00000	0.99417	0.00000	0.00012	0.00000	0.00570
13	NoName	0.00000	1.00000	0.00000	0.00000	0.00000	0.00000
14	NoName	0.00000	1.00000	0.00000	0.00000	0.00000	0.00000
15	NoName	0.00000	1.00000	0.00000	0.00000	0.00000	0.00000
16	NoName	0.00000	0.99990	0.00000	0.00000	0.00000	0.00009
17	NoName	1.00000	0.00000	0.00000	0.00000	0.00000	0.00000
18	NoName	0.99988	0.00000	0.00000	0.00000	0.00012	0.00000
19	NoName	0.00000	0.99977	0.00000	0.00000	0.00000	0.00022
20	NoName	1.00000	0.00000	0.00000	0.00000	0.00000	0.00000
21	NoName	0.31838	0.05053	0.00141	0.54068	0.06465	0.02435
22	NoName	0.00000	0.99965	0.00000	0.00000	0.00000	0.00035
23	NoName	0.99998	0.00000	0.00000	0.00000	0.00002	0.00000
24	NoName	1.00000	0.00000	0.00000	0.00000	0.00000	0.00000
25	NoName	1.00000	0.00000	0.00000	0.00000	0.00000	0.00000
26	NoName	0.00000	1.00000	0.00000	0.00000	0.00000	0.00000
27	NoName	0.00000	1.00000	0.00000	0.00000	0.00000	0.00000
28	NoName	0.00000	0.99992	0.00000	0.00000	0.00000	0.00008
29	NoName	0.00000	1.00000	0.00000	0.00000	0.00000	0.00000
30	NoName	0.99993	0.00000	0.00000	0.00000	0.00007	0.00000
31	NoName	1.00000	0.00000	0.00000	0.00000	0.00000	0.00000
32	NoName	0.00000	0.99966	0.00000	0.00001	0.00000	0.00033
33	NoName	0.99992	0.00000	0.00000	0.00000	0.00008	0.00000
34	NoName	0.00000	0.99879	0.00000	0.00007	0.00000	0.00114
35	NoName	0.00000	0.99994	0.00000	0.00000	0.00000	0.00006
36	NoName	0.00000	1.00000	0.00000	0.00000	0.00000	0.00000
37	NoName	1.00000	0.00000	0.00000	0.00000	0.00000	0.00000
38	NoName	1.00000	0.00000	0.00000	0.00000	0.00000	0.00000
39	NoName	0.00000	1.00000	0.00000	0.00000	0.00000	0.00000
40	NoName	0.00000	1.00000	0.00000	0.00000	0.00000	0.00000
41	NoName	0.00000	1.00000	0.00000	0.00000	0.00000	0.00000
42	NoName	0.00000	0.99990	0.00000	0.00000	0.00000	0.00010
43	NoName	0.99327	0.00000	0.00000	0.00000	0.00673	0.00000
44	NoName	0.00000	0.99997	0.00000	0.00000	0.00000	0.00003
45	NoName	0.99999	0.00000	0.00000	0.00000	0.00001	0.00000
46	NoName	0.00000	0.97341	0.00000	0.00000	0.00000	0.02659
47	NoName	0.00000	1.00000	0.00000	0.00000	0.00000	0.00000
48	NoName	0.99998	0.00000	0.00000	0.00000	0.00002	0.00000
49	NoName	0.99999	0.00000	0.00000	0.00000	0.00001	0.00000
50	NoName	0.00000	0.99843	0.00000	0.00008	0.00000	0.00150
51	NoName	0.00000	1.00000	0.00000	0.00000	0.00000	0.00000
52	NoName	0.00000	1.00000	0.00000	0.00000	0.00000	0.00000
53	NoName	0.65369	0.00000	0.00000	0.21551	0.13080	0.00000
54	NoName	0.00000	1.00000	0.00000	0.00000	0.00000	0.00000
55	NoName	0.00000	1.00000	0.00000	0.00000	0.00000	0.00000
56	NoName	0.98924	0.00000	0.00000	0.00469	0.00607	0.00000
57	NoName	0.00000	1.00000	0.00000	0.00000	0.00000	0.00000
58	NoName	0.00000	1.00000	0.00000	0.00000	0.00000	0.00000
59	NoName	0.00000	0.99996	0.00000	0.00000	0.00000	0.00004
60	NoName	0.00000	1.00000	0.00000	0.00000	0.00000	0.00000
61	NoName	0.00000	1.00000	0.00000	0.00000	0.00000	0.00000
62	NoName	0.00000	1.00000	0.00000	0.00000	0.00000	0.00000
63	NoName	0.00000	1.00000	0.00000	0.00000	0.00000	0.00000
64	NoName	0.00000	1.00000	0.00000	0.00000	0.00000	0.00000
65	NoName	0.00000	1.00000	0.00000	0.00000	0.00000	0.00000
66	NoName	1.00000	0.00000	0.00000	0.00000	0.00000	0.00000
67	NoName	0.00000	1.00000	0.00000	0.00000	0.00000	0.00000
68	NoName	0.00000	1.00000	0.00000	0.00000	0.00000	0.00000
69	NoName	0.00000	0.99893	0.00000	0.00005	0.00000	0.00103
70	NoName	0.00000	0.99998	0.00000	0.00000	0.00000	0.00002
71	NoName	0.00000	1.00000	0.00000	0.00000	0.00000	0.00000
72	NoName	0.00000	1.00000	0.00000	0.00000	0.00000	0.00000
73	NoName	0.00000	0.99999	0.00000	0.00000	0.00000	0.00001
74	NoName	0.00000	1.00000	0.00000	0.00000	0.00000	0.00000
75	NoName	0.00000	0.99999	0.00000	0.00000	0.00000	0.00001
76	NoName	0.00000	1.00000	0.00000	0.00000	0.00000	0.00000
77	NoName	0.99995	0.00000	0.00000	0.00000	0.00005	0.00000
78	NoName	1.00000	0.00000	0.00000	0.00000	0.00000	0.00000
79	NoName	0.99245	0.00000	0.00000	0.00006	0.00750	0.00000
80	NoName	0.00000	0.99914	0.00000	0.00002	0.00000	0.00084
81	NoName	0.00000	1.00000	0.00000	0.00000	0.00000	0.00000
82	NoName	0.99267	0.00000	0.00000	0.00158	0.00575	0.00000
83	NoName	1.00000	0.00000	0.00000	0.00000	0.00000	0.00000
84	NoName	0.00000	1.00000	0.00000	0.00000	0.00000	0.00000
85	NoName	1.00000	0.00000	0.00000	0.00000	0.00000	0.00000
86	NoName	1.00000	0.00000	0.00000	0.00000	0.00000	0.00000
87	NoName	0.00000	1.00000	0.00000	0.00000	0.00000	0.00000
88	NoName	1.00000	0.00000	0.00000	0.00000	0.00000	0.00000
89	NoName	0.00000	1.00000	0.00000	0.00000	0.00000	0.00000
90	NoName	0.00000	1.00000	0.00000	0.00000	0.00000	0.00000
91	NoName	0.99995	0.00000	0.00000	0.00000	0.00005	0.00000
92	NoName	0.00000	0.00000	0.98754	0.00205	0.00001	0.01041
93	NoName	0.00000	1.00000	0.00000	0.00000	0.00000	0.00000
94	NoName	0.99948	0.00000	0.00000	0.00001	0.00051	0.00000
95	NoName	0.00000	1.00000	0.00000	0.00000	0.00000	0.00000
96	NoName	0.00000	0.99996	0.00000	0.00000	0.00000	0.00004
97	NoName	1.00000	0.00000	0.00000	0.00000	0.00000	0.00000
98	NoName	0.00000	1.00000	0.00000	0.00000	0.00000	0.00000
99	NoName	0.00000	0.99788	0.00002	0.00018	0.00000	0.00192
100	NoName	0.00000	1.00000	0.00000	0.00000	0.00000	0.00000
101	NoName	0.00000	1.00000	0.00000	0.00000	0.00000	0.00000
102	NoName	0.00000	1.00000	0.00000	0.00000	0.00000	0.00000
103	NoName	0.00000	1.00000	0.00000	0.00000	0.00000	0.00000
104	NoName	0.00000	1.00000	0.00000	0.00000	0.00000	0.00000
105	NoName	0.00000	0.99973	0.00000	0.00000	0.00000	0.00026
106	NoName	0.00000	0.99989	0.00000	0.00000	0.00000	0.00011
107	NoName	0.00000	1.00000	0.00000	0.00000	0.00000	0.00000
108	NoName	1.00000	0.00000	0.00000	0.00000	0.00000	0.00000
109	NoName	0.00000	1.00000	0.00000	0.00000	0.00000	0.00000
110	NoName	0.00000	1.00000	0.00000	0.00000	0.00000	0.00000
111	NoName	0.00000	0.99998	0.00000	0.00000	0.00000	0.00002
112	NoName	0.99978	0.00000	0.00000	0.00000	0.00022	0.00000
113	NoName	0.99976	0.00000	0.00000	0.00000	0.00024	0.00000
114	NoName	0.00000	1.00000	0.00000	0.00000	0.00000	0.00000
115	NoName	0.00000	1.00000	0.00000	0.00000	0.00000	0.00000
116	NoName	0.99766	0.00000	0.00000	0.00000	0.00234	0.00000
117	NoName	0.00000	1.00000	0.00000	0.00000	0.00000	0.00000
118	NoName	1.00000	0.00000	0.00000	0.00000	0.00000	0.00000
119	NoName	1.00000	0.00000	0.00000	0.00000	0.00000	0.00000
120	NoName	0.00000	1.00000	0.00000	0.00000	0.00000	0.00000
121	NoName	0.00000	1.00000	0.00000	0.00000	0.00000	0.00000
122	NoName	0.00000	1.00000	0.00000	0.00000	0.00000	0.00000
123	NoName	0.03133	0.95920	0.00242	0.00133	0.00094	0.00478
124	NoName	0.00000	1.00000	0.00000	0.00000	0.00000	0.00000
125	NoName	0.00000	1.00000	0.00000	0.00000	0.00000	0.00000
126	NoName	0.00000	1.00000	0.00000	0.00000	0.00000	0.00000
127	NoName	0.00000	1.00000	0.00000	0.00000	0.00000	0.00000
128	NoName	0.00000	1.00000	0.00000	0.00000	0.00000	0.00000
129	NoName	0.00000	0.99999	0.00000	0.00000	0.00000	0.00001
130	NoName	0.00000	1.00000	0.00000	0.00000	0.00000	0.00000
131	NoName	0.99999	0.00000	0.00000	0.00000	0.00001	0.00000
132	NoName	0.00000	1.00000	0.00000	0.00000	0.00000	0.00000
133	NoName	0.00000	1.00000	0.00000	0.00000	0.00000	0.00000
134	NoName	0.00000	1.00000	0.00000	0.00000	0.00000	0.00000
135	NoName	0.00000	1.00000	0.00000	0.00000	0.00000	0.00000
136	NoName	0.00000	1.00000	0.00000	0.00000	0.00000	0.00000
137	NoName	0.00000	1.00000	0.00000	0.00000	0.00000	0.00000
138	NoName	1.00000	0.00000	0.00000	0.00000	0.00000	0.00000
139	NoName	1.00000	0.00000	0.00000	0.00000	0.00000	0.00000
140	NoName	1.00000	0.00000	0.00000	0.00000	0.00000	0.00000
141	NoName	0.99647	0.00000	0.00000	0.00002	0.00351	0.00000
142	NoName	0.99999	0.00000	0.00000	0.00000	0.00001	0.00000
143	NoName	0.00000	1.00000	0.00000	0.00000	0.00000	0.00000
144	NoName	0.99999	0.00000	0.00000	0.00000	0.00001	0.00000
145	NoName	0.99992	0.00000	0.00000	0.00000	0.00008	0.00000
146	NoName	1.00000	0.00000	0.00000	0.00000	0.00000	0.00000
147	NoName	1.00000	0.00000	0.00000	0.00000	0.00000	0.00000
148	NoName	1.00000	0.00000	0.00000	0.00000	0.00000	0.00000
149	NoName	0.99999	0.00000	0.00000	0.00000	0.00001	0.00000
150	NoName	0.99995	0.00000	0.00000	0.00000	0.00005	0.00000
151	NoName	0.00000	1.00000	0.00000	0.00000	0.00000	0.00000
152	NoName	0.00305	0.99022	0.00077	0.00116	0.00031	0.00449
153	NoName	0.00000	1.00000	0.00000	0.00000	0.00000	0.00000
154	NoName	0.00000	1.00000	0.00000	0.00000	0.00000	0.00000
155	NoName	0.00000	0.99949	0.00000	0.00000	0.00000	0.00051
156	NoName	0.00000	1.00000	0.00000	0.00000	0.00000	0.00000
157	NoName	0.00000	1.00000	0.00000	0.00000	0.00000	0.00000
158	NoName	0.00000	1.00000	0.00000	0.00000	0.00000	0.00000
159	NoName	0.00000	1.00000	0.00000	0.00000	0.00000	0.00000
160	NoName	0.00000	0.99998	0.00000	0.00000	0.00000	0.00002
161	NoName	0.00000	1.00000	0.00000	0.00000	0.00000	0.00000
162	NoName	1.00000	0.00000	0.00000	0.00000	0.00000	0.00000
163	NoName	0.00000	1.00000	0.00000	0.00000	0.00000	0.00000
164	NoName	0.00000	0.99992	0.00000	0.00000	0.00000	0.00008
165	NoName	0.00000	0.99984	0.00000	0.00000	0.00000	0.00016
166	NoName	1.00000	0.00000	0.00000	0.00000	0.00000	0.00000
167	NoName	0.99999	0.00000	0.00000	0.00000	0.00001	0.00000
168	NoName	0.98792	0.00000	0.00000	0.00000	0.01208	0.00000
169	NoName	0.00000	1.00000	0.00000	0.00000	0.00000	0.00000
170	NoName	0.00000	0.99999	0.00000	0.00000	0.00000	0.00001
171	NoName	0.00000	1.00000	0.00000	0.00000	0.00000	0.00000
172	NoName	0.00000	0.99997	0.00000	0.00000	0.00000	0.00003
173	NoName	0.99999	0.00000	0.00000	0.00000	0.00001	0.00000
174	NoName	0.00000	1.00000	0.00000	0.00000	0.00000	0.00000
175	NoName	0.00000	0.99999	0.00000	0.00000	0.00000	0.00001
176	NoName	0.00000	1.00000	0.00000	0.00000	0.00000	0.00000
177	NoName	0.00000	1.00000	0.00000	0.00000	0.00000	0.00000
178	NoName	1.00000	0.00000	0.00000	0.00000	0.00000	0.00000
179	NoName	1.00000	0.00000	0.00000	0.00000	0.00000	0.00000
180	NoName	0.00000	0.99380	0.00000	0.00000	0.00000	0.00620
181	NoName	0.00000	0.99995	0.00000	0.00000	0.00000	0.00005
182	NoName	0.99881	0.00000	0.00000	0.00003	0.00116	0.00000
183	NoName	0.00000	0.99999	0.00000	0.00000	0.00000	0.00001
184	NoName	0.00000	1.00000	0.00000	0.00000	0.00000	0.00000
185	NoName	0.00000	1.00000	0.00000	0.00000	0.00000	0.00000
186	NoName	0.99999	0.00000	0.00000	0.00000	0.00001	0.00000
187	NoName	0.00000	0.99998	0.00000	0.00000	0.00000	0.00002
188	NoName	0.00000	1.00000	0.00000	0.00000	0.00000	0.00000
189	NoName	0.00000	1.00000	0.00000	0.00000	0.00000	0.00000
190	NoName	0.00000	0.99838	0.00000	0.00000	0.00000	0.00162
191	NoName	1.00000	0.00000	0.00000	0.00000	0.00000	0.00000
192	NoName	1.00000	0.00000	0.00000	0.00000	0.00000	0.00000
193	NoName	0.99993	0.00000	0.00000	0.00000	0.00007	0.00000
194	NoName	0.00000	1.00000	0.00000	0.00000	0.00000	0.00000
195	NoName	0.00000	1.00000	0.00000	0.00000	0.00000	0.00000
196	NoName	0.00000	1.00000	0.00000	0.00000	0.00000	0.00000
197	NoName	0.00000	0.99984	0.00000	0.00000	0.00000	0.00016
198	NoName	0.00000	1.00000	0.00000	0.00000	0.00000	0.00000
199	NoName	0.00000	1.00000	0.00000	0.00000	0.00000	0.00000
200	NoName	0.00000	0.00000	0.92976	0.01742	0.00001	0.05281
201	NoName	0.00000	1.00000	0.00000	0.00000	0.00000	0.00000
202	NoName	0.00000	0.99999	0.00000	0.00000	0.00000	0.00001
203	NoName	0.00000	0.99978	0.00000	0.00000	0.00000	0.00022
204	NoName	0.00000	1.00000	0.00000	0.00000	0.00000	0.00000
205	NoName	0.00000	1.00000	0.00000	0.00000	0.00000	0.00000
206	NoName	0.00000	1.00000	0.00000	0.00000	0.00000	0.00000
207	NoName	0.00000	1.00000	0.00000	0.00000	0.00000	0.00000
208	NoName	0.00000	1.00000	0.00000	0.00000	0.00000	0.00000
209	NoName	0.00000	1.00000	0.00000	0.00000	0.00000	0.00000
210	NoName	0.00000	1.00000	0.00000	0.00000	0.00000	0.00000
211	NoName	0.00000	0.99415	0.00000	0.00000	0.00000	0.00585
212	NoName	0.00000	1.00000	0.00000	0.00000	0.00000	0.00000
213	NoName	0.99971	0.00000	0.00000	0.00000	0.00029	0.00000
214	NoName	1.00000	0.00000	0.00000	0.00000	0.00000	0.00000
215	NoName	0.00000	1.00000	0.00000	0.00000	0.00000	0.00000
216	NoName	0.00000	0.99999	0.00000	0.00000	0.00000	0.00001
217	NoName	0.00000	1.00000	0.00000	0.00000	0.00000	0.00000
218	NoName	0.00000	1.00000	0.00000	0.00000	0.00000	0.00000
219	NoName	0.00000	1.00000	0.00000	0.00000	0.00000	0.00000
220	NoName	0.00000	0.99992	0.00000	0.00000	0.00000	0.00008
221	NoName	0.00000	1.00000	0.00000	0.00000	0.00000	0.00000
222	NoName	0.00000	1.00000	0.00000	0.00000	0.00000	0.00000
223	NoName	0.00000	0.99997	0.00000	0.00000	0.00000	0.00003
224	NoName	0.00000	1.00000	0.00000	0.00000	0.00000	0.00000
225	NoName	0.00000	0.99999	0.00000	0.00000	0.00000	0.00001
226	NoName	1.00000	0.00000	0.00000	0.00000	0.00000	0.00000
227	NoName	0.00000	1.00000	0.00000	0.00000	0.00000	0.00000
228	NoName	0.00000	1.00000	0.00000	0.00000	0.00000	0.00000
229	NoName	0.99849	0.00000	0.00000	0.00008	0.00143	0.00000
230	NoName	0.00000	1.00000	0.00000	0.00000	0.00000	0.00000
231	NoName	0.00000	1.00000	0.00000	0.00000	0.00000	0.00000
232	NoName	0.00000	0.99998	0.00000	0.00000	0.00000	0.00002
233	NoName	1.00000	0.00000	0.00000	0.00000	0.00000	0.00000
234	NoName	0.00000	0.99999	0.00000	0.00000	0.00000	0.00001
235	NoName	0.00000	1.00000	0.00000	0.00000	0.00000	0.00000
236	NoName	0.00000	1.00000	0.00000	0.00000	0.00000	0.00000
237	NoName	0.00000	0.99949	0.00000	0.00000	0.00000	0.00051
238	NoName	0.00000	1.00000	0.00000	0.00000	0.00000	0.00000
239	NoName	1.00000	0.00000	0.00000	0.00000	0.00000	0.00000
240	NoName	1.00000	0.00000	0.00000	0.00000	0.00000	0.00000
241	NoName	1.00000	0.00000	0.00000	0.00000	0.00000	0.00000
242	NoName	1.00000	0.00000	0.00000	0.00000	0.00000	0.00000
243	NoName	0.00000	1.00000	0.00000	0.00000	0.00000	0.00000
244	NoName	1.00000	0.00000	0.00000	0.00000	0.00000	0.00000
245	NoName	0.99999	0.00000	0.00000	0.00000	0.00001	0.00000
246	NoName	0.00000	1.00000	0.00000	0.00000	0.00000	0.00000
247	NoName	0.00000	1.00000	0.00000	0.00000	0.00000	0.00000
248	NoName	0.00000	1.00000	0.00000	0.00000	0.00000	0.00000
249	NoName	0.00000	1.00000	0.00000	0.00000	0.00000	0.00000
250	NoName	0.00000	1.00000	0.00000	0.00000	0.00000	0.00000
251	NoName	0.00000	1.00000	0.00000	0.00000	0.00000	0.00000
252	NoName	0.00000	1.00000	0.00000	0.00000	0.00000	0.00000
253	NoName	0.00000	1.00000	0.00000	0.00000	0.00000	0.00000
254	NoName	0.00000	1.00000	0.00000	0.00000	0.00000	0.00000
255	NoName	0.00000	1.00000	0.00000	0.00000	0.00000	0.00000
256	NoName	0.00000	0.99023	0.00000	0.00002	0.00000	0.00975
257	NoName	0.00000	1.00000	0.00000	0.00000	0.00000	0.00000
258	NoName	0.00000	0.99999	0.00000	0.00000	0.00000	0.00001
259	NoName	0.00000	1.00000	0.00000	0.00000	0.00000	0.00000
260	NoName	0.00000	0.99994	0.00000	0.00000	0.00000	0.00006
261	NoName	0.00000	1.00000	0.00000	0.00000	0.00000	0.00000
262	NoName	0.00000	1.00000	0.00000	0.00000	0.00000	0.00000
263	NoName	0.00000	1.00000	0.00000	0.00000	0.00000	0.00000
264	NoName	0.00000	1.00000	0.00000	0.00000	0.00000	0.00000
265	NoName	0.00000	0.01492	0.00000	0.95014	0.00009	0.03484
266	NoName	0.00000	1.00000	0.00000	0.00000	0.00000	0.00000
267	NoName	0.00000	1.00000	0.00000	0.00000	0.00000	0.00000
268	NoName	0.00000	1.00000	0.00000	0.00000	0.00000	0.00000
269	NoName	0.00000	1.00000	0.00000	0.00000	0.00000	0.00000
270	NoName	0.00000	1.00000	0.00000	0.00000	0.00000	0.00000
271	NoName	0.00000	1.00000	0.00000	0.00000	0.00000	0.00000
272	NoName	0.00000	1.00000	0.00000	0.00000	0.00000	0.00000
273	NoName	0.00000	1.00000	0.00000	0.00000	0.00000	0.00000
274	NoName	0.00000	0.99998	0.00000	0.00000	0.00000	0.00002
275	NoName	0.00000	1.00000	0.00000	0.00000	0.00000	0.00000
276	NoName	0.00000	1.00000	0.00000	0.00000	0.00000	0.00000
277	NoName	0.00000	0.99998	0.00000	0.00000	0.00000	0.00002
278	NoName	0.00000	0.99999	0.00000	0.00000	0.00000	0.00001
279	NoName	0.00000	0.99999	0.00000	0.00000	0.00000	0.00001
280	NoName	0.00000	1.00000	0.00000	0.00000	0.00000	0.00000
281	NoName	0.00000	0.99999	0.00000	0.00000	0.00000	0.00001
282	NoName	0.00000	1.00000	0.00000	0.00000	0.00000	0.00000
283	NoName	1.00000	0.00000	0.00000	0.00000	0.00000	0.00000
284	NoName	0.00000	0.99998	0.00000	0.00000	0.00000	0.00002
285	NoName	0.00000	1.00000	0.00000	0.00000	0.00000	0.00000
286	NoName	0.00000	1.00000	0.00000	0.00000	0.00000	0.00000
287	NoName	0.00000	1.00000	0.00000	0.00000	0.00000	0.00000
288	NoName	0.00000	0.99991	0.00000	0.00000	0.00000	0.00009
289	NoName	0.00000	1.00000	0.00000	0.00000	0.00000	0.00000
290	NoName	0.00000	1.00000	0.00000	0.00000	0.00000	0.00000
291	NoName	0.00000	1.00000	0.00000	0.00000	0.00000	0.00000
292	NoName	0.00000	1.00000	0.00000	0.00000	0.00000	0.00000
293	NoName	0.00000	1.00000	0.00000	0.00000	0.00000	0.00000
294	NoName	0.00000	1.00000	0.00000	0.00000	0.00000	0.00000
295	NoName	0.00000	1.00000	0.00000	0.00000	0.00000	0.00000
296	NoName	0.99999	0.00000	0.00000	0.00000	0.00001	0.00000
297	NoName	0.00000	1.00000	0.00000	0.00000	0.00000	0.00000
298	NoName	0.00000	0.99984	0.00000	0.00000	0.00000	0.00016
299	NoName	0.99999	0.00000	0.00000	0.00000	0.00001	0.00000
300	NoName	0.00000	0.99999	0.00000	0.00000	0.00000	0.00001
301	NoName	0.00000	1.00000	0.00000	0.00000	0.00000	0.00000
302	NoName	0.00000	1.00000	0.00000	0.00000	0.00000	0.00000
303	NoName	0.00000	0.99997	0.00000	0.00000	0.00000	0.00003
304	NoName	0.00000	1.00000	0.00000	0.00000	0.00000	0.00000
305	NoName	0.00000	1.00000	0.00000	0.00000	0.00000	0.00000
306	NoName	0.00000	0.99998	0.00000	0.00000	0.00000	0.00002
307	NoName	0.00000	1.00000	0.00000	0.00000	0.00000	0.00000
308	NoName	0.00000	1.00000	0.00000	0.00000	0.00000	0.00000
309	NoName	0.00000	1.00000	0.00000	0.00000	0.00000	0.00000
310	NoName	0.00000	1.00000	0.00000	0.00000	0.00000	0.00000
311	NoName	0.00029	0.99360	0.00018	0.00123	0.00007	0.00464
312	NoName	0.00000	1.00000	0.00000	0.00000	0.00000	0.00000
313	NoName	0.00000	1.00000	0.00000	0.00000	0.00000	0.00000
314	NoName	0.00000	0.99999	0.00000	0.00000	0.00000	0.00001
315	NoName	0.00000	0.00007	0.00000	0.00058	0.00000	0.99935
316	NoName	0.00000	1.00000	0.00000	0.00000	0.00000	0.00000
317	NoName	0.00000	1.00000	0.00000	0.00000	0.00000	0.00000
318	NoName	0.00000	1.00000	0.00000	0.00000	0.00000	0.00000
319	NoName	0.00000	0.99887	0.00000	0.00000	0.00000	0.00113
320	NoName	0.00000	0.99999	0.00000	0.00000	0.00000	0.00001
321	NoName	0.00000	0.99999	0.00000	0.00000	0.00000	0.00001
322	NoName	0.00000	1.00000	0.00000	0.00000	0.00000	0.00000
323	NoName	0.00000	1.00000	0.00000	0.00000	0.00000	0.00000
324	NoName	0.00000	1.00000	0.00000	0.00000	0.00000	0.00000
325	NoName	0.00000	0.99962	0.00000	0.00000	0.00000	0.00038
326	NoName	0.00000	0.99994	0.00000	0.00000	0.00000	0.00006
327	NoName	0.00000	1.00000	0.00000	0.00000	0.00000	0.00000
328	NoName	0.00000	1.00000	0.00000	0.00000	0.00000	0.00000
329	NoName	0.00000	1.00000	0.00000	0.00000	0.00000	0.00000
330	NoName	0.00000	0.99901	0.00000	0.00005	0.00000	0.00094
331	NoName	0.00000	1.00000	0.00000	0.00000	0.00000	0.00000
332	NoName	0.00000	1.00000	0.00000	0.00000	0.00000	0.00000
333	NoName	0.00000	1.00000	0.00000	0.00000	0.00000	0.00000
334	NoName	0.00000	1.00000	0.00000	0.00000	0.00000	0.00000
335	NoName	0.00000	0.99999	0.00000	0.00000	0.00000	0.00001
336	NoName	0.00000	0.99769	0.00000	0.00024	0.00000	0.00207
337	NoName	0.00000	1.00000	0.00000	0.00000	0.00000	0.00000
338	NoName	0.00000	1.00000	0.00000	0.00000	0.00000	0.00000
339	NoName	0.00000	1.00000	0.00000	0.00000	0.00000	0.00000
340	NoName	0.00000	0.00000	0.98493	0.00028	0.00000	0.01478
341	NoName	0.00000	1.00000	0.00000	0.00000	0.00000	0.00000
342	NoName	0.00000	0.99999	0.00000	0.00000	0.00000	0.00001
343	NoName	0.00000	0.00000	0.00012	0.00799	0.00000	0.99189
344	NoName	0.00000	0.99997	0.00000	0.00000	0.00000	0.00003
345	NoName	0.00000	1.00000	0.00000	0.00000	0.00000	0.00000
346	NoName	0.00000	0.99985	0.00000	0.00000	0.00000	0.00015
347	NoName	0.00000	0.00000	0.00000	0.00030	0.00000	0.99970
348	NoName	0.00000	1.00000	0.00000	0.00000	0.00000	0.00000
349	NoName	0.00000	1.00000	0.00000	0.00000	0.00000	0.00000
350	NoName	0.00000	1.00000	0.00000	0.00000	0.00000	0.00000
351	NoName	0.00000	0.99996	0.00000	0.00000	0.00000	0.00004
352	NoName	0.00000	0.99998	0.00000	0.00000	0.00000	0.00002
353	NoName	0.00000	0.99999	0.00000	0.00000	0.00000	0.00001
354	NoName	0.00000	0.99728	0.00001	0.00029	0.00000	0.00241
355	NoName	1.00000	0.00000	0.00000	0.00000	0.00000	0.00000
356	NoName	0.00000	1.00000	0.00000	0.00000	0.00000	0.00000
357	NoName	0.00000	0.99999	0.00000	0.00000	0.00000	0.00001
358	NoName	0.00011	0.99481	0.00013	0.00091	0.00004	0.00401
359	NoName	0.00000	0.99999	0.00000	0.00000	0.00000	0.00001
360	NoName	0.00000	1.00000	0.00000	0.00000	0.00000	0.00000
361	NoName	1.00000	0.00000	0.00000	0.00000	0.00000	0.00000
362	NoName	1.00000	0.00000	0.00000	0.00000	0.00000	0.00000
363	NoName	0.00000	1.00000	0.00000	0.00000	0.00000	0.00000
364	NoName	0.00000	1.00000	0.00000	0.00000	0.00000	0.00000
365	NoName	0.00000	0.99995	0.00000	0.00000	0.00000	0.00005
366	NoName	0.00000	1.00000	0.00000	0.00000	0.00000	0.00000
367	NoName	0.00000	1.00000	0.00000	0.00000	0.00000	0.00000
368	NoName	1.00000	0.00000	0.00000	0.00000	0.00000	0.00000
369	NoName	0.00000	1.00000	0.00000	0.00000	0.00000	0.00000
370	NoName	0.00000	1.00000	0.00000	0.00000	0.00000	0.00000
371	NoName	0.00000	1.00000	0.00000	0.00000	0.00000	0.00000
372	NoName	0.00000	1.00000	0.00000	0.00000	0.00000	0.00000
373	NoName	0.00000	0.99754	0.00000	0.00015	0.00000	0.00231
374	NoName	1.00000	0.00000	0.00000	0.00000	0.00000	0.00000
375	NoName	0.00000	1.00000	0.00000	0.00000	0.00000	0.00000
376	NoName	0.02381	0.96330	0.00397	0.00175	0.00133	0.00584
377	NoName	1.00000	0.00000	0.00000	0.00000	0.00000	0.00000
378	NoName	1.00000	0.00000	0.00000	0.00000	0.00000	0.00000
379	NoName	0.00000	0.99992	0.00000	0.00000	0.00000	0.00008
380	NoName	0.00000	1.00000	0.00000	0.00000	0.00000	0.00000
381	NoName	0.00000	1.00000	0.00000	0.00000	0.00000	0.00000
382	NoName	1.00000	0.00000	0.00000	0.00000	0.00000	0.00000
383	NoName	0.00000	1.00000	0.00000	0.00000	0.00000	0.00000
384	NoName	0.00000	1.00000	0.00000	0.00000	0.00000	0.00000
385	NoName	0.00000	1.00000	0.00000	0.00000	0.00000	0.00000
386	NoName	0.00000	1.00000	0.00000	0.00000	0.00000	0.00000
387	NoName	0.99938	0.00000	0.00000	0.00002	0.00061	0.00000
388	NoName	0.00000	1.00000	0.00000	0.00000	0.00000	0.00000
389	NoName	0.00000	1.00000	0.00000	0.00000	0.00000	0.00000
390	NoName	0.00000	1.00000	0.00000	0.00000	0.00000	0.00000
391	NoName	0.00000	0.99972	0.00000	0.00000	0.00000	0.00028
392	NoName	0.00000	0.99999	0.00000	0.00000	0.00000	0.00001
393	NoName	0.00000	0.99300	0.00000	0.00002	0.00000	0.00698
394	NoName	0.00000	1.00000	0.00000	0.00000	0.00000	0.00000
395	NoName	0.00000	1.00000	0.00000	0.00000	0.00000	0.00000
396	NoName	0.00000	0.99989	0.00000	0.00000	0.00000	0.00011
397	NoName	0.00000	1.00000	0.00000	0.00000	0.00000	0.00000
398	NoName	0.00000	0.99794	0.00000	0.00018	0.00000	0.00189
399	NoName	0.00000	1.00000	0.00000	0.00000	0.00000	0.00000
400	NoName	0.00000	1.00000	0.00000	0.00000	0.00000	0.00000
401	NoName	0.00000	0.99732	0.00001	0.00027	0.00000	0.00240
402	NoName	0.00000	1.00000	0.00000	0.00000	0.00000	0.00000
403	NoName	0.00000	1.00000	0.00000	0.00000	0.00000	0.00000
404	NoName	0.00000	1.00000	0.00000	0.00000	0.00000	0.00000
405	NoName	0.00000	1.00000	0.00000	0.00000	0.00000	0.00000
406	NoName	0.00000	1.00000	0.00000	0.00000	0.00000	0.00000
407	NoName	0.00000	1.00000	0.00000	0.00000	0.00000	0.00000
408	NoName	0.00000	1.00000	0.00000	0.00000	0.00000	0.00000
409	NoName	0.00000	1.00000	0.00000	0.00000	0.00000	0.00000
410	NoName	0.00000	1.00000	0.00000	0.00000	0.00000	0.00000
411	NoName	1.00000	0.00000	0.00000	0.00000	0.00000	0.00000
412	NoName	0.00000	1.00000	0.00000	0.00000	0.00000	0.00000
413	NoName	0.00000	0.99998	0.00000	0.00000	0.00000	0.00002
414	NoName	0.00000	1.00000	0.00000	0.00000	0.00000	0.00000
415	NoName	0.00000	0.99932	0.00000	0.00002	0.00000	0.00066
416	NoName	0.00000	0.99998	0.00000	0.00000	0.00000	0.00002
417	NoName	0.00000	1.00000	0.00000	0.00000	0.00000	0.00000
418	NoName	0.00000	0.99964	0.00000	0.00000	0.00000	0.00036
419	NoName	0.00000	1.00000	0.00000	0.00000	0.00000	0.00000
420	NoName	0.00000	1.00000	0.00000	0.00000	0.00000	0.00000
421	NoName	0.00000	0.99999	0.00000	0.00000	0.00000	0.00001
422	NoName	0.00000	0.99997	0.00000	0.00000	0.00000	0.00003
423	NoName	0.00000	0.99997	0.00000	0.00000	0.00000	0.00003
424	NoName	0.00000	1.00000	0.00000	0.00000	0.00000	0.00000
425	NoName	0.00000	1.00000	0.00000	0.00000	0.00000	0.00000
426	NoName	0.00000	1.00000	0.00000	0.00000	0.00000	0.00000
427	NoName	0.00000	1.00000	0.00000	0.00000	0.00000	0.00000
428	NoName	0.00000	1.00000	0.00000	0.00000	0.00000	0.00000
429	NoName	0.00000	1.00000	0.00000	0.00000	0.00000	0.00000
430	NoName	0.00000	1.00000	0.00000	0.00000	0.00000	0.00000
431	NoName	0.00000	1.00000	0.00000	0.00000	0.00000	0.00000
432	NoName	0.00000	1.00000	0.00000	0.00000	0.00000	0.00000
433	NoName	0.00000	1.00000	0.00000	0.00000	0.00000	0.00000
434	NoName	0.00000	1.00000	0.00000	0.00000	0.00000	0.00000
435	NoName	0.00000	1.00000	0.00000	0.00000	0.00000	0.00000
436	NoName	1.00000	0.00000	0.00000	0.00000	0.00000	0.00000
437	NoName	0.00000	1.00000	0.00000	0.00000	0.00000	0.00000
438	NoName	0.00000	1.00000	0.00000	0.00000	0.00000	0.00000
439	NoName	0.00000	1.00000	0.00000	0.00000	0.00000	0.00000
440	NoName	0.00000	1.00000	0.00000	0.00000	0.00000	0.00000
441	NoName	0.00000	1.00000	0.00000	0.00000	0.00000	0.00000
442	NoName	0.00000	1.00000	0.00000	0.00000	0.00000	0.00000
443	NoName	0.00000	1.00000	0.00000	0.00000	0.00000	0.00000
444	NoName	0.00000	1.00000	0.00000	0.00000	0.00000	0.00000
445	NoName	0.00000	0.99959	0.00000	0.00000	0.00000	0.00041
446	NoName	0.00000	1.00000	0.00000	0.00000	0.00000	0.00000
447	NoName	0.00000	0.99999	0.00000	0.00000	0.00000	0.00001
448	NoName	0.00000	1.00000	0.00000	0.00000	0.00000	0.00000
449	NoName	0.00000	1.00000	0.00000	0.00000	0.00000	0.00000
450	NoName	0.00000	1.00000	0.00000	0.00000	0.00000	0.00000
451	NoName	0.00000	1.00000	0.00000	0.00000	0.00000	0.00000
452	NoName	0.00000	0.99732	0.00001	0.00028	0.00000	0.00239
453	NoName	0.00000	1.00000	0.00000	0.00000	0.00000	0.00000
454	NoName	0.00000	1.00000	0.00000	0.00000	0.00000	0.00000
455	NoName	0.00000	0.99994	0.00000	0.00000	0.00000	0.00005
456	NoName	0.00000	1.00000	0.00000	0.00000	0.00000	0.00000
457	NoName	0.00000	1.00000	0.00000	0.00000	0.00000	0.00000
458	NoName	0.00000	1.00000	0.00000	0.00000	0.00000	0.00000
459	NoName	0.00000	1.00000	0.00000	0.00000	0.00000	0.00000
460	NoName	1.00000	0.00000	0.00000	0.00000	0.00000	0.00000
461	NoName	0.00000	1.00000	0.00000	0.00000	0.00000	0.00000
462	NoName	0.00000	1.00000	0.00000	0.00000	0.00000	0.00000
463	NoName	0.00001	0.99612	0.00006	0.00053	0.00001	0.00327
464	NoName	1.00000	0.00000	0.00000	0.00000	0.00000	0.00000
465	NoName	0.00000	1.00000	0.00000	0.00000	0.00000	0.00000
466	NoName	0.00000	1.00000	0.00000	0.00000	0.00000	0.00000
467	NoName	0.00000	0.99622	0.00000	0.00053	0.00000	0.00325
468	NoName	0.00000	1.00000	0.00000	0.00000	0.00000	0.00000
469	NoName	0.00000	1.00000	0.00000	0.00000	0.00000	0.00000
470	NoName	0.00000	1.00000	0.00000	0.00000	0.00000	0.00000
471	NoName	0.00000	1.00000	0.00000	0.00000	0.00000	0.00000
472	NoName	0.00000	1.00000	0.00000	0.00000	0.00000	0.00000
473	NoName	0.00000	0.99999	0.00000	0.00000	0.00000	0.00001
474	NoName	0.00000	0.99778	0.00002	0.00020	0.00000	0.00200
475	NoName	0.00000	1.00000	0.00000	0.00000	0.00000	0.00000
476	NoName	0.00000	1.00000	0.00000	0.00000	0.00000	0.00000
477	NoName	0.00000	1.00000	0.00000	0.00000	0.00000	0.00000
478	NoName	0.00000	1.00000	0.00000	0.00000	0.00000	0.00000
479	NoName	0.00000	0.99997	0.00000	0.00000	0.00000	0.00003
480	NoName	0.00000	1.00000	0.00000	0.00000	0.00000	0.00000
481	NoName	0.00000	1.00000	0.00000	0.00000	0.00000	0.00000
482	NoName	0.00000	1.00000	0.00000	0.00000	0.00000	0.00000
483	NoName	0.00000	1.00000	0.00000	0.00000	0.00000	0.00000
484	NoName	0.00000	1.00000	0.00000	0.00000	0.00000	0.00000
485	NoName	0.00000	1.00000	0.00000	0.00000	0.00000	0.00000
486	NoName	0.00000	1.00000	0.00000	0.00000	0.00000	0.00000
487	NoName	0.00000	1.00000	0.00000	0.00000	0.00000	0.00000
488	NoName	0.00000	1.00000	0.00000	0.00000	0.00000	0.00000
489	NoName	0.00000	1.00000	0.00000	0.00000	0.00000	0.00000
490	NoName	0.00000	1.00000	0.00000	0.00000	0.00000	0.00000
491	NoName	0.00000	1.00000	0.00000	0.00000	0.00000	0.00000
492	NoName	0.00000	1.00000	0.00000	0.00000	0.00000	0.00000
493	NoName	0.00000	0.99999	0.00000	0.00000	0.00000	0.00001
494	NoName	0.00000	0.99990	0.00000	0.00000	0.00000	0.00010
495	NoName	0.00000	1.00000	0.00000	0.00000	0.00000	0.00000
496	NoName	0.00000	1.00000	0.00000	0.00000	0.00000	0.00000
497	NoName	0.00000	0.99999	0.00000	0.00000	0.00000	0.00001
498	NoName	0.00000	1.00000	0.00000	0.00000	0.00000	0.00000
499	NoName	0.00000	1.00000	0.00000	0.00000	0.00000	0.00000
500	NoName	0.08071	0.89806	0.00709	0.00320	0.00332	0.00762
501	NoName	0.00000	1.00000	0.00000	0.00000	0.00000	0.00000
502	NoName	0.00000	0.99674	0.00000	0.00045	0.00000	0.00281
503	NoName	0.00000	1.00000	0.00000	0.00000	0.00000	0.00000
504	NoName	0.00000	0.99999	0.00000	0.00000	0.00000	0.00001
505	NoName	0.00000	1.00000	0.00000	0.00000	0.00000	0.00000
506	NoName	0.99999	0.00000	0.00000	0.00000	0.00001	0.00000
507	NoName	1.00000	0.00000	0.00000	0.00000	0.00000	0.00000
508	NoName	0.00000	1.00000	0.00000	0.00000	0.00000	0.00000
509	NoName	0.00000	1.00000	0.00000	0.00000	0.00000	0.00000
510	NoName	0.00000	1.00000	0.00000	0.00000	0.00000	0.00000
511	NoName	0.00000	1.00000	0.00000	0.00000	0.00000	0.00000
512	NoName	0.00000	0.99998	0.00000	0.00000	0.00000	0.00002
513	NoName	0.99913	0.00000	0.00000	0.00000	0.00087	0.00000
514	NoName	0.00000	1.00000	0.00000	0.00000	0.00000	0.00000
515	NoName	1.00000	0.00000	0.00000	0.00000	0.00000	0.00000
516	NoName	0.00000	0.99962	0.00000	0.00000	0.00000	0.00038
517	NoName	0.00000	1.00000	0.00000	0.00000	0.00000	0.00000
518	NoName	1.00000	0.00000	0.00000	0.00000	0.00000	0.00000
519	NoName	0.00000	0.99933	0.00000	0.00000	0.00000	0.00067
520	NoName	0.00000	1.00000	0.00000	0.00000	0.00000	0.00000
521	NoName	0.00000	1.00000	0.00000	0.00000	0.00000	0.00000
522	NoName	0.00000	1.00000	0.00000	0.00000	0.00000	0.00000
523	NoName	0.00000	1.00000	0.00000	0.00000	0.00000	0.00000
524	NoName	0.00000	1.00000	0.00000	0.00000	0.00000	0.00000
525	NoName	0.00000	1.00000	0.00000	0.00000	0.00000	0.00000
526	NoName	0.00000	1.00000	0.00000	0.00000	0.00000	0.00000
527	NoName	0.00000	1.00000	0.00000	0.00000	0.00000	0.00000
528	NoName	0.00000	0.99991	0.00000	0.00000	0.00000	0.00009
529	NoName	0.00000	0.99698	0.00003	0.00035	0.00000	0.00264
530	NoName	0.00000	1.00000	0.00000	0.00000	0.00000	0.00000
531	NoName	0.00000	1.00000	0.00000	0.00000	0.00000	0.00000
532	NoName	0.00000	1.00000	0.00000	0.00000	0.00000	0.00000
533	NoName	1.00000	0.00000	0.00000	0.00000	0.00000	0.00000
534	NoName	0.00000	1.00000	0.00000	0.00000	0.00000	0.00000
535	NoName	0.00000	1.00000	0.00000	0.00000	0.00000	0.00000
536	NoName	0.00000	1.00000	0.00000	0.00000	0.00000	0.00000
537	NoName	1.00000	0.00000	0.00000	0.00000	0.00000	0.00000
538	NoName	0.00000	0.99995	0.00000	0.00000	0.00000	0.00005
539	NoName	0.00000	1.00000	0.00000	0.00000	0.00000	0.00000
540	NoName	0.99858	0.00000	0.00000	0.00009	0.00134	0.00000
541	NoName	1.00000	0.00000	0.00000	0.00000	0.00000	0.00000
542	NoName	1.00000	0.00000	0.00000	0.00000	0.00000	0.00000
543	NoName	0.00000	0.99997	0.00000	0.00000	0.00000	0.00003
544	NoName	0.00000	0.99998	0.00000	0.00000	0.00000	0.00002
545	NoName	0.00000	1.00000	0.00000	0.00000	0.00000	0.00000
546	NoName	0.00000	0.99904	0.00000	0.00000	0.00000	0.00096
547	NoName	0.00000	1.00000	0.00000	0.00000	0.00000	0.00000
548	NoName	0.99990	0.00000	0.00000	0.00000	0.00010	0.00000
549	NoName	0.00000	1.00000	0.00000	0.00000	0.00000	0.00000
550	NoName	0.00000	1.00000	0.00000	0.00000	0.00000	0.00000
551	NoName	1.00000	0.00000	0.00000	0.00000	0.00000	0.00000
552	NoName	0.00000	1.00000	0.00000	0.00000	0.00000	0.00000
553	NoName	0.00000	1.00000	0.00000	0.00000	0.00000	0.00000
554	NoName	0.00000	1.00000	0.00000	0.00000	0.00000	0.00000
555	NoName	0.00000	1.00000	0.00000	0.00000	0.00000	0.00000
556	NoName	0.00000	0.00000	0.99915	0.00028	0.00001	0.00057
557	NoName	0.00000	1.00000	0.00000	0.00000	0.00000	0.00000
558	NoName	0.00000	1.00000	0.00000	0.00000	0.00000	0.00000
559	NoName	1.00000	0.00000	0.00000	0.00000	0.00000	0.00000
560	NoName	1.00000	0.00000	0.00000	0.00000	0.00000	0.00000
561	NoName	1.00000	0.00000	0.00000	0.00000	0.00000	0.00000
562	NoName	1.00000	0.00000	0.00000	0.00000	0.00000	0.00000
563	NoName	0.00000	1.00000	0.00000	0.00000	0.00000	0.00000
564	NoName	0.00000	1.00000	0.00000	0.00000	0.00000	0.00000
565	NoName	0.99999	0.00000	0.00000	0.00000	0.00001	0.00000
566	NoName	0.00000	1.00000	0.00000	0.00000	0.00000	0.00000
567	NoName	0.26401	0.71661	0.00609	0.00300	0.00409	0.00620
568	NoName	1.00000	0.00000	0.00000	0.00000	0.00000	0.00000
569	NoName	0.00000	1.00000	0.00000	0.00000	0.00000	0.00000
570	NoName	0.00000	1.00000	0.00000	0.00000	0.00000	0.00000
571	NoName	0.00000	1.00000	0.00000	0.00000	0.00000	0.00000
572	NoName	0.00000	1.00000	0.00000	0.00000	0.00000	0.00000
573	NoName	0.00000	0.99997	0.00000	0.00000	0.00000	0.00003
574	NoName	0.00000	0.99999	0.00000	0.00000	0.00000	0.00001
575	NoName	0.00000	0.00000	0.00000	0.00741	0.99259	0.00000
576	NoName	0.00000	1.00000	0.00000	0.00000	0.00000	0.00000
577	NoName	1.00000	0.00000	0.00000	0.00000	0.00000	0.00000
578	NoName	0.00000	1.00000	0.00000	0.00000	0.00000	0.00000
579	NoName	0.00000	0.99997	0.00000	0.00000	0.00000	0.00003
580	NoName	0.00000	0.99996	0.00000	0.00000	0.00000	0.00004
581	NoName	0.00000	1.00000	0.00000	0.00000	0.00000	0.00000
582	NoName	0.00000	1.00000	0.00000	0.00000	0.00000	0.00000
583	NoName	0.00000	0.99983	0.00000	0.00000	0.00000	0.00017
584	NoName	0.00000	1.00000	0.00000	0.00000	0.00000	0.00000
585	NoName	0.00000	1.00000	0.00000	0.00000	0.00000	0.00000
586	NoName	0.00000	1.00000	0.00000	0.00000	0.00000	0.00000
587	NoName	0.00000	1.00000	0.00000	0.00000	0.00000	0.00000
588	NoName	0.00000	1.00000	0.00000	0.00000	0.00000	0.00000
589	NoName	0.00000	1.00000	0.00000	0.00000	0.00000	0.00000
590	NoName	0.00000	1.00000	0.00000	0.00000	0.00000	0.00000
591	NoName	0.00000	0.99967	0.00000	0.00001	0.00000	0.00032
592	NoName	0.00000	0.99986	0.00000	0.00000	0.00000	0.00014
593	NoName	0.00000	1.00000	0.00000	0.00000	0.00000	0.00000
594	NoName	0.00000	0.99994	0.00000	0.00000	0.00000	0.00006
595	NoName	0.00000	1.00000	0.00000	0.00000	0.00000	0.00000
596	NoName	0.00000	0.93391	0.00000	0.00218	0.00000	0.06391
597	NoName	0.00000	0.99998	0.00000	0.00000	0.00000	0.00002
598	NoName	0.00000	0.99996	0.00000	0.00000	0.00000	0.00004
599	NoName	0.00000	0.88532	0.00000	0.00078	0.00000	0.11390
600	NoName	0.00000	1.00000	0.00000	0.00000	0.00000	0.00000
601	NoName	0.00000	0.99920	0.00000	0.00003	0.00000	0.00077
602	NoName	0.99999	0.00000	0.00000	0.00000	0.00001	0.00000
603	NoName	0.99947	0.00000	0.00000	0.00001	0.00052	0.00000
604	NoName	0.00000	0.99998	0.00000	0.00000	0.00000	0.00002
605	NoName	0.00000	0.99997	0.00000	0.00000	0.00000	0.00003
606	NoName	0.00000	1.00000	0.00000	0.00000	0.00000	0.00000
607	NoName	0.00000	1.00000	0.00000	0.00000	0.00000	0.00000
608	NoName	0.00000	1.00000	0.00000	0.00000	0.00000	0.00000
609	NoName	0.00000	0.99998	0.00000	0.00000	0.00000	0.00002
610	NoName	0.99999	0.00000	0.00000	0.00000	0.00001	0.00000
611	NoName	0.00000	0.99944	0.00000	0.00000	0.00000	0.00056
612	NoName	0.00000	0.99999	0.00000	0.00000	0.00000	0.00001
613	NoName	0.00000	1.00000	0.00000	0.00000	0.00000	0.00000
614	NoName	0.00000	0.99987	0.00000	0.00000	0.00000	0.00013
615	NoName	0.00000	1.00000	0.00000	0.00000	0.00000	0.00000
616	NoName	0.00000	1.00000	0.00000	0.00000	0.00000	0.00000
617	NoName	0.00000	1.00000	0.00000	0.00000	0.00000	0.00000
618	NoName	0.00000	1.00000	0.00000	0.00000	0.00000	0.00000
619	NoName	0.00000	0.99998	0.00000	0.00000	0.00000	0.00002
620	NoName	0.00000	1.00000	0.00000	0.00000	0.00000	0.00000
621	NoName	0.00000	1.00000	0.00000	0.00000	0.00000	0.00000
622	NoName	0.00000	0.99999	0.00000	0.00000	0.00000	0.00001
623	NoName	0.00000	1.00000	0.00000	0.00000	0.00000	0.00000
624	NoName	0.00000	1.00000	0.00000	0.00000	0.00000	0.00000
625	NoName	0.00000	1.00000	0.00000	0.00000	0.00000	0.00000
626	NoName	0.00000	0.99898	0.00000	0.00005	0.00000	0.00096
627	NoName	0.00000	1.00000	0.00000	0.00000	0.00000	0.00000
628	NoName	0.00000	1.00000	0.00000	0.00000	0.00000	0.00000
629	NoName	0.00000	1.00000	0.00000	0.00000	0.00000	0.00000
630	NoName	0.00000	0.99999	0.00000	0.00000	0.00000	0.00001
631	NoName	0.00000	1.00000	0.00000	0.00000	0.00000	0.00000
632	NoName	1.00000	0.00000	0.00000	0.00000	0.00000	0.00000
633	NoName	0.00000	0.99993	0.00000	0.00000	0.00000	0.00007
634	NoName	0.00000	1.00000	0.00000	0.00000	0.00000	0.00000
635	NoName	0.00000	1.00000	0.00000	0.00000	0.00000	0.00000
636	NoName	0.00000	0.99997	0.00000	0.00000	0.00000	0.00003
637	NoName	0.00000	0.99999	0.00000	0.00000	0.00000	0.00001
638	NoName	0.00000	1.00000	0.00000	0.00000	0.00000	0.00000
639	NoName	0.00000	1.00000	0.00000	0.00000	0.00000	0.00000
640	NoName	0.00000	0.99999	0.00000	0.00000	0.00000	0.00001
641	NoName	0.00000	1.00000	0.00000	0.00000	0.00000	0.00000
642	NoName	0.00000	1.00000	0.00000	0.00000	0.00000	0.00000
643	NoName	0.00000	1.00000	0.00000	0.00000	0.00000	0.00000
644	NoName	0.00000	0.00000	0.00000	0.00057	0.00000	0.99943
645	NoName	0.00000	1.00000	0.00000	0.00000	0.00000	0.00000
646	NoName	0.00000	1.00000	0.00000	0.00000	0.00000	0.00000
647	NoName	0.00000	1.00000	0.00000	0.00000	0.00000	0.00000
648	NoName	0.00000	0.99999	0.00000	0.00000	0.00000	0.00001
649	NoName	0.00000	0.99999	0.00000	0.00000	0.00000	0.00001
650	NoName	1.00000	0.00000	0.00000	0.00000	0.00000	0.00000
651	NoName	0.00000	1.00000	0.00000	0.00000	0.00000	0.00000
652	NoName	0.00000	1.00000	0.00000	0.00000	0.00000	0.00000
653	NoName	1.00000	0.00000	0.00000	0.00000	0.00000	0.00000
654	NoName	0.00000	1.00000	0.00000	0.00000	0.00000	0.00000
655	NoName	0.00000	1.00000	0.00000	0.00000	0.00000	0.00000
656	NoName	0.00000	0.99999	0.00000	0.00000	0.00000	0.00001
657	NoName	0.00000	1.00000	0.00000	0.00000	0.00000	0.00000
658	NoName	0.00000	1.00000	0.00000	0.00000	0.00000	0.00000
659	NoName	0.99952	0.00000	0.00000	0.00001	0.00047	0.00000
660	NoName	0.00000	0.99997	0.00000	0.00000	0.00000	0.00003
661	NoName	0.00000	1.00000	0.00000	0.00000	0.00000	0.00000
662	NoName	0.00000	1.00000	0.00000	0.00000	0.00000	0.00000
663	NoName	0.00000	0.99938	0.00000	0.00002	0.00000	0.00059
664	NoName	1.00000	0.00000	0.00000	0.00000	0.00000	0.00000
665	NoName	0.00000	0.99999	0.00000	0.00000	0.00000	0.00001
666	NoName	1.00000	0.00000	0.00000	0.00000	0.00000	0.00000
667	NoName	1.00000	0.00000	0.00000	0.00000	0.00000	0.00000
668	NoName	0.99998	0.00000	0.00000	0.00000	0.00002	0.00000
669	NoName	1.00000	0.00000	0.00000	0.00000	0.00000	0.00000
670	NoName	0.99995	0.00000	0.00000	0.00000	0.00005	0.00000
671	NoName	0.00000	1.00000	0.00000	0.00000	0.00000	0.00000
672	NoName	0.00000	1.00000	0.00000	0.00000	0.00000	0.00000
673	NoName	0.00000	1.00000	0.00000	0.00000	0.00000	0.00000
674	NoName	0.00000	0.99974	0.00000	0.00000	0.00000	0.00026
675	NoName	0.00000	1.00000	0.00000	0.00000	0.00000	0.00000
676	NoName	0.00000	1.00000	0.00000	0.00000	0.00000	0.00000
677	NoName	0.00000	1.00000	0.00000	0.00000	0.00000	0.00000
678	NoName	0.99999	0.00000	0.00000	0.00000	0.00001	0.00000
679	NoName	0.00000	1.00000	0.00000	0.00000	0.00000	0.00000
680	NoName	0.00000	1.00000	0.00000	0.00000	0.00000	0.00000
681	NoName	0.00000	1.00000	0.00000	0.00000	0.00000	0.00000
682	NoName	0.00000	1.00000	0.00000	0.00000	0.00000	0.00000
683	NoName	0.00000	1.00000	0.00000	0.00000	0.00000	0.00000
684	NoName	0.00000	0.99999	0.00000	0.00000	0.00000	0.00001
685	NoName	0.00000	1.00000	0.00000	0.00000	0.00000	0.00000
686	NoName	0.00000	1.00000	0.00000	0.00000	0.00000	0.00000
687	NoName	0.00000	1.00000	0.00000	0.00000	0.00000	0.00000
688	NoName	0.00000	0.99996	0.00000	0.00000	0.00000	0.00004
689	NoName	0.00000	1.00000	0.00000	0.00000	0.00000	0.00000
690	NoName	0.00000	1.00000	0.00000	0.00000	0.00000	0.00000
691	NoName	0.00000	1.00000	0.00000	0.00000	0.00000	0.00000
692	NoName	0.00000	1.00000	0.00000	0.00000	0.00000	0.00000
693	NoName	0.00000	0.99999	0.00000	0.00000	0.00000	0.00001
694	NoName	0.00000	0.99958	0.00000	0.00001	0.00000	0.00041
695	NoName	0.00000	1.00000	0.00000	0.00000	0.00000	0.00000
696	NoName	0.00000	1.00000	0.00000	0.00000	0.00000	0.00000
697	NoName	0.00000	0.99999	0.00000	0.00000	0.00000	0.00001
698	NoName	0.00000	0.96117	0.00000	0.00045	0.00000	0.03838
699	NoName	0.00000	1.00000	0.00000	0.00000	0.00000	0.00000
700	NoName	0.00000	1.00000	0.00000	0.00000	0.00000	0.00000
701	NoName	1.00000	0.00000	0.00000	0.00000	0.00000	0.00000
702	NoName	0.99949	0.00000	0.00000	0.00000	0.00051	0.00000
703	NoName	1.00000	0.00000	0.00000	0.00000	0.00000	0.00000
704	NoName	0.99934	0.00000	0.00000	0.00002	0.00064	0.00000
705	NoName	0.00000	0.99991	0.00000	0.00000	0.00000	0.00009
706	NoName	0.00000	0.99999	0.00000	0.00000	0.00000	0.00001
707	NoName	1.00000	0.00000	0.00000	0.00000	0.00000	0.00000
708	NoName	0.00000	1.00000	0.00000	0.00000	0.00000	0.00000
709	NoName	0.00000	0.99999	0.00000	0.00000	0.00000	0.00001
710	NoName	0.00000	1.00000	0.00000	0.00000	0.00000	0.00000
711	NoName	0.00000	1.00000	0.00000	0.00000	0.00000	0.00000
712	NoName	0.00000	1.00000	0.00000	0.00000	0.00000	0.00000
713	NoName	0.00000	1.00000	0.00000	0.00000	0.00000	0.00000
714	NoName	0.99937	0.00000	0.00000	0.00000	0.00063	0.00000
715	NoName	0.00000	0.99931	0.00000	0.00002	0.00000	0.00066
716	NoName	0.00000	0.99999	0.00000	0.00000	0.00000	0.00001
717	NoName	0.00000	1.00000	0.00000	0.00000	0.00000	0.00000
718	NoName	1.00000	0.00000	0.00000	0.00000	0.00000	0.00000
719	NoName	0.00000	1.00000	0.00000	0.00000	0.00000	0.00000
720	NoName	0.00000	1.00000	0.00000	0.00000	0.00000	0.00000
721	NoName	0.00000	0.99896	0.00000	0.00000	0.00000	0.00104
722	NoName	0.00000	1.00000	0.00000	0.00000	0.00000	0.00000
723	NoName	0.00000	1.00000	0.00000	0.00000	0.00000	0.00000
724	NoName	0.00000	0.99932	0.00000	0.00002	0.00000	0.00065
725	NoName	0.00000	0.98661	0.00001	0.00451	0.00001	0.00886
726	NoName	0.00000	1.00000	0.00000	0.00000	0.00000	0.00000
727	NoName	0.00000	1.00000	0.00000	0.00000	0.00000	0.00000
728	NoName	0.00000	0.99758	0.00000	0.00024	0.00000	0.00218
729	NoName	0.00000	1.00000	0.00000	0.00000	0.00000	0.00000
730	NoName	0.00000	0.99994	0.00000	0.00000	0.00000	0.00006
731	NoName	0.00000	1.00000	0.00000	0.00000	0.00000	0.00000
732	NoName	0.99999	0.00000	0.00000	0.00000	0.00001	0.00000
733	NoName	0.00000	0.99947	0.00000	0.00000	0.00000	0.00053
734	NoName	0.00000	0.99999	0.00000	0.00000	0.00000	0.00001
735	NoName	0.00000	1.00000	0.00000	0.00000	0.00000	0.00000
736	NoName	0.00000	0.99987	0.00000	0.00000	0.00000	0.00013
737	NoName	0.00000	1.00000	0.00000	0.00000	0.00000	0.00000
738	NoName	1.00000	0.00000	0.00000	0.00000	0.00000	0.00000
739	NoName	0.00000	0.99863	0.00000	0.00001	0.00000	0.00136
740	NoName	0.00000	1.00000	0.00000	0.00000	0.00000	0.00000
741	NoName	0.99999	0.00000	0.00000	0.00000	0.00001	0.00000
742	NoName	0.00000	1.00000	0.00000	0.00000	0.00000	0.00000
743	NoName	0.00000	0.99999	0.00000	0.00000	0.00000	0.00001
744	NoName	0.00000	0.99999	0.00000	0.00000	0.00000	0.00001
745	NoName	1.00000	0.00000	0.00000	0.00000	0.00000	0.00000
746	NoName	0.00000	1.00000	0.00000	0.00000	0.00000	0.00000
747	NoName	0.00000	1.00000	0.00000	0.00000	0.00000	0.00000
748	NoName	0.00000	1.00000	0.00000	0.00000	0.00000	0.00000
749	NoName	0.00000	1.00000	0.00000	0.00000	0.00000	0.00000
750	NoName	0.02816	0.95807	0.00431	0.00190	0.00150	0.00606
751	NoName	0.00000	1.00000	0.00000	0.00000	0.00000	0.00000
752	NoName	0.00000	1.00000	0.00000	0.00000	0.00000	0.00000
753	NoName	0.00000	1.00000	0.00000	0.00000	0.00000	0.00000
754	NoName	0.00000	1.00000	0.00000	0.00000	0.00000	0.00000
755	NoName	0.00000	1.00000	0.00000	0.00000	0.00000	0.00000
756	NoName	0.00000	1.00000	0.00000	0.00000	0.00000	0.00000
757	NoName	0.00000	0.99997	0.00000	0.00000	0.00000	0.00003
758	NoName	0.00000	0.99986	0.00000	0.00000	0.00000	0.00014
759	NoName	1.00000	0.00000	0.00000	0.00000	0.00000	0.00000
760	NoName	1.00000	0.00000	0.00000	0.00000	0.00000	0.00000
761	NoName	0.00000	0.99912	0.00000	0.00000	0.00000	0.00088
762	NoName	0.00000	1.00000	0.00000	0.00000	0.00000	0.00000
763	NoName	0.00000	1.00000	0.00000	0.00000	0.00000	0.00000
764	NoName	0.00000	1.00000	0.00000	0.00000	0.00000	0.00000
765	NoName	0.00000	1.00000	0.00000	0.00000	0.00000	0.00000
766	NoName	0.00000	1.00000	0.00000	0.00000	0.00000	0.00000
767	NoName	0.00000	1.00000	0.00000	0.00000	0.00000	0.00000
768	NoName	0.00000	0.99967	0.00000	0.00000	0.00000	0.00033
769	NoName	0.00000	0.99996	0.00000	0.00000	0.00000	0.00004
770	NoName	0.00000	1.00000	0.00000	0.00000	0.00000	0.00000
771	NoName	0.00000	1.00000	0.00000	0.00000	0.00000	0.00000
772	NoName	0.00000	0.99993	0.00000	0.00000	0.00000	0.00007
773	NoName	0.00000	0.99997	0.00000	0.00000	0.00000	0.00003
774	NoName	0.00000	0.92486	0.00000	0.00073	0.00000	0.07441
775	NoName	0.00000	0.99998	0.00000	0.00000	0.00000	0.00002
776	NoName	0.00000	1.00000	0.00000	0.00000	0.00000	0.00000
