999901_sweeps	1.000/0.000/0.000/0.000	0.000/0.000/0.000/1.000	0.000/0.500/0.500/0.000	0.250/0.250/0.250/0.250	0.500/0.250/0.250/0.000	0.000/0.250/0.250/0.500
1	0.00000	0.99986	0.00000	0.00000	0.00000	0.00014
2	0.00000	0.99989	0.00000	0.00000	0.00000	0.00011
3	0.00000	0.99998	0.00000	0.00000	0.00000	0.00002
4	0.00000	0.98054	0.00000	0.00037	0.00000	0.01909
5	0.00000	0.99999	0.00000	0.00000	0.00000	0.00001
6	0.00000	0.99924	0.00000	0.00000	0.00000	0.00076
7	0.00000	0.99973	0.00000	0.00000	0.00000	0.00027
8	0.00000	0.99946	0.00000	0.00000	0.00000	0.00054
9	0.00000	0.99993	0.00000	0.00000	0.00000	0.00007
10	0.00000	0.00000	0.00005	0.02172	0.97823	0.00000
11	0.99998	0.00000	0.00000	0.00000	0.00002	0.00000
12	0.00000	0.56735	0.00000	0.02014	0.00000	0.41252
13	0.00000	0.99986	0.00000	0.00000	0.00000	0.00014
14	0.00000	1.00000	0.00000	0.00000	0.00000	0.00000
15	0.00000	0.99996	0.00000	0.00000	0.00000	0.00004
16	0.00000	0.98741	0.00000	0.00009	0.00000	0.01250
17	0.99995	0.00000	0.00000	0.00000	0.00005	0.00000
18	0.99332	0.00000	0.00000	0.00004	0.00664	0.00000
19	0.00000	0.97006	0.00000	0.00100	0.00000	0.02893
20	0.99998	0.00000	0.00000	0.00000	0.00002	0.00000
21	0.00692	0.00018	0.00088	0.91007	0.07045	0.01149
22	0.00000	0.95472	0.00000	0.00091	0.00000	0.04437
23	0.99908	0.00000	0.00000	0.00000	0.00092	0.00000
24	0.99995	0.00000	0.00000	0.00000	0.00005	0.00000
25	0.99994	0.00000	0.00000	0.00000	0.00006	0.00000
26	0.00000	0.99998	0.00000	0.00000	0.00000	0.00002
27	0.00000	0.99997	0.00000	0.00000	0.00000	0.00003
28	0.00000	0.98955	0.00000	0.00000	0.00000	0.01045
29	0.00000	0.99996	0.00000	0.00000	0.00000	0.00004
30	0.99607	0.00000	0.00000	0.00000	0.00393	0.00000
31	0.99999	0.00000	0.00000	0.00000	0.00001	0.00000
32	0.00000	0.95539	0.00000	0.00191	0.00000	0.04270
33	0.99553	0.00000	0.00000	0.00001	0.00446	0.00000
34	0.00000	0.85079	0.00000	0.01972	0.00000	0.12949
35	0.00000	0.99252	0.00000	0.00004	0.00000	0.00744
36	0.00000	0.99997	0.00000	0.00000	0.00000	0.00003
37	0.99997	0.00000	0.00000	0.00000	0.00003	0.00000
38	0.99999	0.00000	0.00000	0.00000	0.00001	0.00000
39	0.00000	0.99993	0.00000	0.00000	0.00000	0.00007
40	0.00000	0.99998	0.00000	0.00000	0.00000	0.00002
41	0.00000	0.99996	0.00000	0.00000	0.00000	0.00004
42	0.00000	0.98855	0.00000	0.00000	0.00000	0.01145
43	0.77647	0.00000	0.00000	0.00000	0.22353	0.00000
44	0.00000	0.99598	0.00000	0.00000	0.00000	0.00402
45	0.99945	0.00000	0.00000	0.00000	0.00055	0.00000
46	0.00000	0.27652	0.00000	0.00003	0.00000	0.72345
47	0.00000	0.99997	0.00000	0.00000	0.00000	0.00003
48	0.99910	0.00000	0.00000	0.00000	0.00090	0.00000
49	0.99934	0.00000	0.00000	0.00000	0.00066	0.00000
50	0.00000	0.81628	0.00000	0.02031	0.00000	0.16341
51	0.00000	0.99998	0.00000	0.00000	0.00000	0.00002
52	0.00000	0.99993	0.00000	0.00000	0.00000	0.00007
53	0.13575	0.00000	0.00000	0.39343	0.47082	0.00000
54	0.00000	0.99987	0.00000	0.00000	0.00000	0.00013
55	0.00000	0.99999	0.00000	0.00000	0.00000	0.00001
56	0.74492	0.00000	0.00000	0.06342	0.19166	0.00000
57	0.00000	0.99970	0.00000	0.00000	0.00000	0.00030
58	0.00000	0.99997	0.00000	0.00000	0.00000	0.00003
59	0.00000	0.99471	0.00000	0.00002	0.00000	0.00527
60	0.00000	0.99984	0.00000	0.00000	0.00000	0.00016
61	0.00000	0.99998	0.00000	0.00000	0.00000	0.00002
62	0.00000	0.99965	0.00000	0.00000	0.00000	0.00035
63	0.00000	0.99985	0.00000	0.00000	0.00000	0.00015
64	0.00000	0.99957	0.00000	0.00000	0.00000	0.00043
65	0.00000	0.99998	0.00000	0.00000	0.00000	0.00002
66	0.99999	0.00000	0.00000	0.00000	0.00001	0.00000
67	0.00000	0.99999	0.00000	0.00000	0.00000	0.00001
68	0.00000	0.99963	0.00000	0.00000	0.00000	0.00037
69	0.00000	0.86818	0.00000	0.01277	0.00000	0.11905
70	0.00000	0.99712	0.00000	0.00001	0.00000	0.00287
71	0.00000	0.99999	0.00000	0.00000	0.00000	0.00001
72	0.00000	0.99996	0.00000	0.00000	0.00000	0.00004
73	0.00000	0.99881	0.00000	0.00000	0.00000	0.00119
74	0.00000	0.99999	0.00000	0.00000	0.00000	0.00001
75	0.00000	0.99912	0.00000	0.00000	0.00000	0.00088
76	0.00000	0.99990	0.00000	0.00000	0.00000	0.00010
77	0.99736	0.00000	0.00000	0.00000	0.00264	0.00000
78	0.99975	0.00000	0.00000	0.00000	0.00025	0.00000
79	0.72368	0.00000	0.00000	0.00240	0.27392	0.00000
80	0.00000	0.89524	0.00000	0.00578	0.00000	0.09897
81	0.00000	0.99980	0.00000	0.00000	0.00000	0.00020
82	0.69557	0.00000	0.00002	0.07548	0.22892	0.00001
83	0.99997	0.00000	0.00000	0.00000	0.00003	0.00000
84	0.00000	0.99968	0.00000	0.00000	0.00000	0.00032
85	0.99999	0.00000	0.00000	0.00000	0.00001	0.00000
86	0.99996	0.00000	0.00000	0.00000	0.00004	0.00000
87	0.00000	0.99994	0.00000	0.00000	0.00000	0.00006
88	0.99999	0.00000	0.00000	0.00000	0.00001	0.00000
89	0.00000	0.99943	0.00000	0.00000	0.00000	0.00057
90	0.00000	0.99998	0.00000	0.00000	0.00000	0.00002
91	0.99703	0.00000	0.00000	0.00001	0.00296	0.00000
92	0.00000	0.00000	0.99006	0.00318	0.00001	0.00675
93	0.00000	0.99995	0.00000	0.00000	0.00000	0.00005
94	0.97115	0.00000	0.00000	0.00055	0.02830	0.00000
95	0.00000	0.99997	0.00000	0.00000	0.00000	0.00003
96	0.00000	0.99476	0.00000	0.00000	0.00000	0.00524
97	0.99994	0.00000	0.00000	0.00000	0.00006	0.00000
98	0.00000	0.99985	0.00000	0.00000	0.00000	0.00015
99	0.00000	0.75870	0.00180	0.04425	0.00033	0.19492
100	0.00000	0.99985	0.00000	0.00000	0.00000	0.00015
101	0.00000	0.99999	0.00000	0.00000	0.00000	0.00001
102	0.00000	0.99994	0.00000	0.00000	0.00000	0.00006
103	0.00000	0.99994	0.00000	0.00000	0.00000	0.00006
104	0.00000	0.99998	0.00000	0.00000	0.00000	0.00002
105	0.00000	0.96478	0.00000	0.00107	0.00000	0.03415
106	0.00000	0.98610	0.00000	0.00001	0.00000	0.01389
107	0.00000	0.99998	0.00000	0.00000	0.00000	0.00002
108	0.99982	0.00000	0.00000	0.00000	0.00018	0.00000
109	0.00000	0.99987	0.00000	0.00000	0.00000	0.00013
110	0.00000	0.99999	0.00000	0.00000	0.00000	0.00001
111	0.00000	0.99767	0.00000	0.00000	0.00000	0.00233
112	0.98860	0.00000	0.00000	0.00000	0.01140	0.00000
113	0.98662	0.00000	0.00000	0.00001	0.01338	0.00000
114	0.00000	0.99981	0.00000	0.00000	0.00000	0.00019
115	0.00000	0.99994	0.00000	0.00000	0.00000	0.00006
116	0.89397	0.00000	0.00000	0.00000	0.10603	0.00000
117	0.00000	0.99988	0.00000	0.00000	0.00000	0.00012
118	0.99973	0.00000	0.00000	0.00000	0.00027	0.00000
119	0.99999	0.00000	0.00000	0.00000	0.00001	0.00000
120	0.00000	0.99992	0.00000	0.00000	0.00000	0.00008
121	0.00000	0.99998	0.00000	0.00000	0.00000	0.00002
122	0.00000	0.99986	0.00000	0.00000	0.00000	0.00014
123	0.05180	0.34429	0.13302	0.15282	0.08884	0.22924
124	0.00000	0.99998	0.00000	0.00000	0.00000	0.00002
125	0.00000	0.99985	0.00000	0.00000	0.00000	0.00015
126	0.00000	0.99998	0.00000	0.00000	0.00000	0.00002
127	0.00000	0.99990	0.00000	0.00000	0.00000	0.00010
128	0.00000	0.99985	0.00000	0.00000	0.00000	0.00015
129	0.00000	0.99813	0.00000	0.00000	0.00000	0.00186
130	0.00000	0.99995	0.00000	0.00000	0.00000	0.00005
131	0.99944	0.00000	0.00000	0.00000	0.00056	0.00000
132	0.00000	0.99999	0.00000	0.00000	0.00000	0.00001
133	0.00000	0.99984	0.00000	0.00000	0.00000	0.00016
134	0.00000	0.99998	0.00000	0.00000	0.00000	0.00002
135	0.00000	0.99996	0.00000	0.00000	0.00000	0.00004
136	0.00000	1.00000	0.00000	0.00000	0.00000	0.00000
137	0.00000	0.99999	0.00000	0.00000	0.00000	0.00001
138	0.99986	0.00000	0.00000	0.00000	0.00014	0.00000
139	0.99995	0.00000	0.00000	0.00000	0.00005	0.00000
140	0.99997	0.00000	0.00000	0.00000	0.00003	0.00000
141	0.88182	0.00000	0.00000	0.00066	0.11752	0.00000
142	0.99932	0.00000	0.00000	0.00000	0.00068	0.00000
143	0.00000	0.99967	0.00000	0.00000	0.00000	0.00033
144	0.99950	0.00000	0.00000	0.00000	0.00050	0.00000
145	0.99562	0.00000	0.00000	0.00000	0.00438	0.00000
146	0.99999	0.00000	0.00000	0.00000	0.00001	0.00000
147	0.99989	0.00000	0.00000	0.00000	0.00011	0.00000
148	0.99996	0.00000	0.00000	0.00000	0.00004	0.00000
149	0.99953	0.00000	0.00000	0.00000	0.00047	0.00000
150	0.99710	0.00000	0.00000	0.00000	0.00290	0.00000
151	0.00000	0.99993	0.00000	0.00000	0.00000	0.00007
152	0.00318	0.50348	0.04043	0.14932	0.02309	0.28049
153	0.00000	0.99946	0.00000	0.00000	0.00000	0.00054
154	0.00000	0.99991	0.00000	0.00000	0.00000	0.00009
155	0.00000	0.93619	0.00000	0.00067	0.00000	0.06314
156	0.00000	0.99985	0.00000	0.00000	0.00000	0.00015
157	0.00000	0.99988	0.00000	0.00000	0.00000	0.00012
158	0.00000	0.99999	0.00000	0.00000	0.00000	0.00001
159	0.00000	0.99983	0.00000	0.00000	0.00000	0.00017
160	0.00000	0.99678	0.00000	0.00000	0.00000	0.00322
161	0.00000	0.99999	0.00000	0.00000	0.00000	0.00001
162	0.99985	0.00000	0.00000	0.00000	0.00015	0.00000
163	0.00000	1.00000	0.00000	0.00000	0.00000	0.00000
164	0.00000	0.98914	0.00000	0.00000	0.00000	0.01086
165	0.00000	0.97839	0.00000	0.00046	0.00000	0.02115
166	0.99989	0.00000	0.00000	0.00000	0.00011	0.00000
167	0.99948	0.00000	0.00000	0.00000	0.00052	0.00000
168	0.73572	0.00000	0.00000	0.00003	0.26425	0.00000
169	0.00000	0.99996	0.00000	0.00000	0.00000	0.00004
170	0.00000	0.99874	0.00000	0.00000	0.00000	0.00126
171	0.00000	0.99999	0.00000	0.00000	0.00000	0.00001
172	0.00000	0.99573	0.00000	0.00000	0.00000	0.00427
173	0.99951	0.00000	0.00000	0.00000	0.00049	0.00000
174	0.00000	0.99998	0.00000	0.00000	0.00000	0.00002
175	0.00000	0.99933	0.00000	0.00000	0.00000	0.00067
176	0.00000	1.00000	0.00000	0.00000	0.00000	0.00000
177	0.00000	0.99941	0.00000	0.00000	0.00000	0.00059
178	0.99995	0.00000	0.00000	0.00000	0.00005	0.00000
179	0.99995	0.00000	0.00000	0.00000	0.00005	0.00000
180	0.00000	0.69749	0.00000	0.00001	0.00000	0.30251
181	0.00000	0.99315	0.00000	0.00000	0.00000	0.00685
182	0.93732	0.00000	0.00000	0.00172	0.06096	0.00000
183	0.00000	0.99905	0.00000	0.00000	0.00000	0.00095
184	0.00000	0.99999	0.00000	0.00000	0.00000	0.00001
185	0.00000	0.99991	0.00000	0.00000	0.00000	0.00009
186	0.99948	0.00000	0.00000	0.00000	0.00052	0.00000
187	0.00000	0.99771	0.00000	0.00000	0.00000	0.00229
188	0.00000	0.99978	0.00000	0.00000	0.00000	0.00022
189	0.00000	0.99936	0.00000	0.00000	0.00000	0.00064
190	0.00000	0.84276	0.00000	0.00010	0.00000	0.15714
191	0.99982	0.00000	0.00000	0.00000	0.00018	0.00000
192	0.99981	0.00000	0.00000	0.00000	0.00019	0.00000
193	0.99586	0.00000	0.00000	0.00000	0.00414	0.00000
194	0.00000	0.99995	0.00000	0.00000	0.00000	0.00005
195	0.00000	0.99995	0.00000	0.00000	0.00000	0.00005
196	0.00000	0.99998	0.00000	0.00000	0.00000	0.00002
197	0.00000	0.97853	0.00000	0.00025	0.00000	0.02121
198	0.00000	0.99990	0.00000	0.00000	0.00000	0.00010
199	0.00000	0.99990	0.00000	0.00000	0.00000	0.00010
200	0.00000	0.00000	0.93416	0.02887	0.00001	0.03696
201	0.00000	0.99997	0.00000	0.00000	0.00000	0.00003
202	0.00000	0.99871	0.00000	0.00000	0.00000	0.00129
203	0.00000	0.97107	0.00000	0.00056	0.00000	0.02838
204	0.00000	0.99994	0.00000	0.00000	0.00000	0.00006
205	0.00000	0.99985	0.00000	0.00000	0.00000	0.00015
206	0.00000	0.99975	0.00000	0.00000	0.00000	0.00025
207	0.00000	0.99999	0.00000	0.00000	0.00000	0.00001
208	0.00000	0.99999	0.00000	0.00000	0.00000	0.00001
209	0.00000	0.99999	0.00000	0.00000	0.00000	0.00001
210	0.00000	0.99995	0.00000	0.00000	0.00000	0.00005
211	0.00000	0.58780	0.00000	0.00038	0.00000	0.41182
212	0.00000	0.99997	0.00000	0.00000	0.00000	0.00003
213	0.98440	0.00000	0.00000	0.00000	0.01560	0.00000
214	0.99978	0.00000	0.00000	0.00000	0.00022	0.00000
215	0.00000	0.99998	0.00000	0.00000	0.00000	0.00002
216	0.00000	0.99923	0.00000	0.00000	0.00000	0.00077
217	0.00000	0.99999	0.00000	0.00000	0.00000	0.00001
218	0.00000	0.99979	0.00000	0.00000	0.00000	0.00021
219	0.00000	0.99999	0.00000	0.00000	0.00000	0.00001
220	0.00000	0.98871	0.00000	0.00013	0.00000	0.01117
221	0.00000	0.99998	0.00000	0.00000	0.00000	0.00002
222	0.00000	0.99999	0.00000	0.00000	0.00000	0.00001
223	0.00000	0.99596	0.00000	0.00001	0.00000	0.00403
224	0.00000	0.99979	0.00000	0.00000	0.00000	0.00021
225	0.00000	0.99822	0.00000	0.00000	0.00000	0.00178
226	0.99974	0.00000	0.00000	0.00000	0.00026	0.00000
227	0.00000	0.99961	0.00000	0.00000	0.00000	0.00039
228	0.00000	0.99959	0.00000	0.00000	0.00000	0.00041
229	0.92008	0.00000	0.00000	0.00529	0.07464	0.00000
230	0.00000	0.99997	0.00000	0.00000	0.00000	0.00003
231	0.00000	0.99974	0.00000	0.00000	0.00000	0.00026
232	0.00000	0.99778	0.00000	0.00000	0.00000	0.00222
233	0.99999	0.00000	0.00000	0.00000	0.00001	0.00000
234	0.00000	0.99859	0.00000	0.00000	0.00000	0.00141
235	0.00000	0.99964	0.00000	0.00000	0.00000	0.00036
236	0.00000	0.99999	0.00000	0.00000	0.00000	0.00001
237	0.00000	0.93937	0.00000	0.00001	0.00000	0.06062
238	0.00000	0.99999	0.00000	0.00000	0.00000	0.00001
239	0.99993	0.00000	0.00000	0.00000	0.00007	0.00000
240	0.99998	0.00000	0.00000	0.00000	0.00002	0.00000
241	0.99976	0.00000	0.00000	0.00000	0.00024	0.00000
242	0.99998	0.00000	0.00000	0.00000	0.00002	0.00000
243	0.00000	0.99994	0.00000	0.00000	0.00000	0.00006
244	0.99993	0.00000	0.00000	0.00000	0.00007	0.00000
245	0.99923	0.00000	0.00000	0.00000	0.00077	0.00000
246	0.00000	0.99991	0.00000	0.00000	0.00000	0.00009
247	0.00000	0.99998	0.00000	0.00000	0.00000	0.00002
248	0.00000	0.99999	0.00000	0.00000	0.00000	0.00001
249	0.00000	0.99947	0.00000	0.00000	0.00000	0.00053
250	0.00000	0.99992	0.00000	0.00000	0.00000	0.00008
251	0.00000	0.99998	0.00000	0.00000	0.00000	0.00002
252	0.00000	0.99985	0.00000	0.00000	0.00000	0.00015
253	0.00000	0.99965	0.00000	0.00000	0.00000	0.00035
254	0.00000	0.99984	0.00000	0.00000	0.00000	0.00016
255	0.00000	0.99984	0.00000	0.00000	0.00000	0.00016
256	0.00000	0.48030	0.00000	0.00187	0.00000	0.51783
257	0.00000	0.99999	0.00000	0.00000	0.00000	0.00001
258	0.00000	0.99928	0.00000	0.00000	0.00000	0.00072
259	0.00000	0.99993	0.00000	0.00000	0.00000	0.00007
260	0.00000	0.99142	0.00000	0.00008	0.00000	0.00850
261	0.00000	0.99997	0.00000	0.00000	0.00000	0.00003
262	0.00000	0.99996	0.00000	0.00000	0.00000	0.00004
263	0.00000	0.99994	0.00000	0.00000	0.00000	0.00006
264	0.00000	0.99999	0.00000	0.00000	0.00000	0.00001
265	0.00000	0.00001	0.00000	0.99693	0.00001	0.00305
266	0.00000	0.99998	0.00000	0.00000	0.00000	0.00002
267	0.00000	0.99984	0.00000	0.00000	0.00000	0.00016
268	0.00000	0.99998	0.00000	0.00000	0.00000	0.00002
269	0.00000	0.99966	0.00000	0.00000	0.00000	0.00034
270	0.00000	0.99958	0.00000	0.00000	0.00000	0.00042
271	0.00000	0.99947	0.00000	0.00000	0.00000	0.00053
272	0.00000	0.99993	0.00000	0.00000	0.00000	0.00007
273	0.00000	0.99996	0.00000	0.00000	0.00000	0.00004
274	0.00000	0.99776	0.00000	0.00000	0.00000	0.00224
275	0.00000	0.99984	0.00000	0.00000	0.00000	0.00016
276	0.00000	0.99939	0.00000	0.00000	0.00000	0.00061
277	0.00000	0.99780	0.00000	0.00000	0.00000	0.00220
278	0.00000	0.99904	0.00000	0.00000	0.00000	0.00096
279	0.00000	0.99861	0.00000	0.00000	0.00000	0.00139
280	0.00000	0.99989	0.00000	0.00000	0.00000	0.00011
281	0.00000	0.99908	0.00000	0.00000	0.00000	0.00091
282	0.00000	0.99998	0.00000	0.00000	0.00000	0.00002
283	0.99999	0.00000	0.00000	0.00000	0.00001	0.00000
284	0.00000	0.99752	0.00000	0.00000	0.00000	0.00248
285	0.00000	0.99997	0.00000	0.00000	0.00000	0.00003
286	0.00000	0.99999	0.00000	0.00000	0.00000	0.00001
287	0.00000	0.99999	0.00000	0.00000	0.00000	0.00001
288	0.00000	0.98762	0.00000	0.00000	0.00000	0.01237
289	0.00000	0.99986	0.00000	0.00000	0.00000	0.00014
290	0.00000	0.99984	0.00000	0.00000	0.00000	0.00016
291	0.00000	0.99992	0.00000	0.00000	0.00000	0.00008
292	0.00000	0.99988	0.00000	0.00000	0.00000	0.00012
293	0.00000	0.99985	0.00000	0.00000	0.00000	0.00015
294	0.00000	0.99990	0.00000	0.00000	0.00000	0.00010
295	0.00000	0.99956	0.00000	0.00000	0.00000	0.00044
296	0.99915	0.00000	0.00000	0.00000	0.00085	0.00000
297	0.00000	0.99990	0.00000	0.00000	0.00000	0.00010
298	0.00000	0.97913	0.00000	0.00033	0.00000	0.02054
299	0.99950	0.00000	0.00000	0.00000	0.00050	0.00000
300	0.00000	0.99911	0.00000	0.00000	0.00000	0.00089
301	0.00000	0.99994	0.00000	0.00000	0.00000	0.00006
302	0.00000	0.99991	0.00000	0.00000	0.00000	0.00009
303	0.00000	0.99626	0.00000	0.00000	0.00000	0.00374
304	0.00000	0.99978	0.00000	0.00000	0.00000	0.00022
305	0.00000	0.99997	0.00000	0.00000	0.00000	0.00003
306	0.00000	0.99680	0.00000	0.00000	0.00000	0.00319
307	0.00000	0.99999	0.00000	0.00000	0.00000	0.00001
308	0.00000	0.99997	0.00000	0.00000	0.00000	0.00003
309	0.00000	0.99999	0.00000	0.00000	0.00000	0.00001
310	0.00000	0.99997	0.00000	0.00000	0.00000	0.00003
311	0.00058	0.48689	0.01279	0.18927	0.00837	0.30209
312	0.00000	0.99992	0.00000	0.00000	0.00000	0.00008
313	0.00000	0.99993	0.00000	0.00000	0.00000	0.00007
314	0.00000	0.99831	0.00000	0.00000	0.00000	0.00169
315	0.00000	0.00000	0.00000	0.00105	0.00000	0.99895
316	0.00000	0.99952	0.00000	0.00000	0.00000	0.00048
317	0.00000	0.99962	0.00000	0.00000	0.00000	0.00038
318	0.00000	0.99976	0.00000	0.00000	0.00000	0.00024
319	0.00000	0.88248	0.00000	0.00010	0.00000	0.11741
320	0.00000	0.99804	0.00000	0.00000	0.00000	0.00196
321	0.00000	0.99894	0.00000	0.00000	0.00000	0.00106
322	0.00000	0.99997	0.00000	0.00000	0.00000	0.00003
323	0.00000	0.99998	0.00000	0.00000	0.00000	0.00002
324	0.00000	0.99999	0.00000	0.00000	0.00000	0.00001
325	0.00000	0.95361	0.00000	0.00000	0.00000	0.04639
326	0.00000	0.99197	0.00000	0.00006	0.00000	0.00797
327	0.00000	0.99994	0.00000	0.00000	0.00000	0.00006
328	0.00000	0.99951	0.00000	0.00000	0.00000	0.00049
329	0.00000	0.99996	0.00000	0.00000	0.00000	0.00004
330	0.00000	0.87616	0.00000	0.01389	0.00000	0.10995
331	0.00000	0.99996	0.00000	0.00000	0.00000	0.00004
332	0.00000	0.99996	0.00000	0.00000	0.00000	0.00004
333	0.00000	0.99981	0.00000	0.00000	0.00000	0.00019
334	0.00000	0.99995	0.00000	0.00000	0.00000	0.00005
335	0.00000	0.99926	0.00000	0.00000	0.00000	0.00074
336	0.00000	0.73844	0.00005	0.05682	0.00001	0.20468
337	0.00000	0.99981	0.00000	0.00000	0.00000	0.00019
338	0.00000	0.99997	0.00000	0.00000	0.00000	0.00003
339	0.00000	0.99973	0.00000	0.00000	0.00000	0.00027
340	0.00000	0.00000	0.98990	0.00044	0.00000	0.00966
341	0.00000	0.99997	0.00000	0.00000	0.00000	0.00003
342	0.00000	0.99813	0.00000	0.00000	0.00000	0.00187
343	0.00000	0.00000	0.00010	0.01444	0.00000	0.98546
344	0.00000	0.99665	0.00000	0.00000	0.00000	0.00335
345	0.00000	0.99968	0.00000	0.00000	0.00000	0.00032
346	0.00000	0.98017	0.00000	0.00026	0.00000	0.01957
347	0.00000	0.00000	0.00000	0.00054	0.00000	0.99946
348	0.00000	0.99996	0.00000	0.00000	0.00000	0.00004
349	0.00000	0.99971	0.00000	0.00000	0.00000	0.00029
350	0.00000	0.99999	0.00000	0.00000	0.00000	0.00001
351	0.00000	0.99422	0.00000	0.00002	0.00000	0.00576
352	0.00000	0.99738	0.00000	0.00000	0.00000	0.00262
353	0.00000	0.99809	0.00000	0.00000	0.00000	0.00191
354	0.00000	0.70495	0.00124	0.06527	0.00029	0.22824
355	0.99998	0.00000	0.00000	0.00000	0.00002	0.00000
356	0.00000	0.99998	0.00000	0.00000	0.00000	0.00002
357	0.00000	0.99926	0.00000	0.00000	0.00000	0.00074
358	0.00026	0.53837	0.01044	0.15602	0.00576	0.28915
359	0.00000	0.99873	0.00000	0.00000	0.00000	0.00127
360	0.00000	0.99940	0.00000	0.00000	0.00000	0.00060
361	0.99998	0.00000	0.00000	0.00000	0.00002	0.00000
362	1.00000	0.00000	0.00000	0.00000	0.00000	0.00000
363	0.00000	0.99982	0.00000	0.00000	0.00000	0.00018
364	0.00000	0.99995	0.00000	0.00000	0.00000	0.00005
365	0.00000	0.99372	0.00000	0.00000	0.00000	0.00628
366	0.00000	0.99998	0.00000	0.00000	0.00000	0.00002
367	0.00000	0.99990	0.00000	0.00000	0.00000	0.00010
368	0.99975	0.00000	0.00000	0.00000	0.00025	0.00000
369	0.00000	0.99978	0.00000	0.00000	0.00000	0.00022
370	0.00000	0.99998	0.00000	0.00000	0.00000	0.00002
371	0.00000	0.99995	0.00000	0.00000	0.00000	0.00005
372	0.00000	0.99977	0.00000	0.00000	0.00000	0.00023
373	0.00000	0.73769	0.00001	0.03464	0.00000	0.22766
374	0.99987	0.00000	0.00000	0.00000	0.00013	0.00000
375	0.00000	0.99938	0.00000	0.00000	0.00000	0.00062
376	0.03235	0.28538	0.18092	0.16572	0.10406	0.23158
377	0.99998	0.00000	0.00000	0.00000	0.00002	0.00000
378	0.99981	0.00000	0.00000	0.00000	0.00019	0.00000
379	0.00000	0.98921	0.00000	0.00000	0.00000	0.01078
380	0.00000	1.00000	0.00000	0.00000	0.00000	0.00000
381	0.00000	0.99982	0.00000	0.00000	0.00000	0.00018
382	0.99975	0.00000	0.00000	0.00000	0.00025	0.00000
383	0.00000	0.99998	0.00000	0.00000	0.00000	0.00002
384	0.00000	0.99999	0.00000	0.00000	0.00000	0.00001
385	0.00000	0.99996	0.00000	0.00000	0.00000	0.00004
386	0.00000	0.99999	0.00000	0.00000	0.00000	0.00001
387	0.96574	0.00000	0.00000	0.00100	0.03326	0.00000
388	0.00000	0.99999	0.00000	0.00000	0.00000	0.00001
389	0.00000	0.99996	0.00000	0.00000	0.00000	0.00004
390	0.00000	0.99999	0.00000	0.00000	0.00000	0.00001
391	0.00000	0.96268	0.00000	0.00135	0.00000	0.03598
392	0.00000	0.99864	0.00000	0.00000	0.00000	0.00136
393	0.00000	0.54954	0.00000	0.00297	0.00000	0.44748
394	0.00000	0.99998	0.00000	0.00000	0.00000	0.00002
395	0.00000	1.00000	0.00000	0.00000	0.00000	0.00000
396	0.00000	0.98741	0.00000	0.00000	0.00000	0.01259
397	0.00000	0.99992	0.00000	0.00000	0.00000	0.00008
398	0.00000	0.76361	0.00016	0.04310	0.00003	0.19311
399	0.00000	0.99962	0.00000	0.00000	0.00000	0.00038
400	0.00000	0.99996	0.00000	0.00000	0.00000	0.00004
401	0.00000	0.70888	0.00099	0.06175	0.00021	0.22817
402	0.00000	0.99986	0.00000	0.00000	0.00000	0.00014
403	0.00000	0.99998	0.00000	0.00000	0.00000	0.00002
404	0.00000	0.99987	0.00000	0.00000	0.00000	0.00013
405	0.00000	0.99975	0.00000	0.00000	0.00000	0.00025
406	0.00000	0.99996	0.00000	0.00000	0.00000	0.00004
407	0.00000	0.99947	0.00000	0.00000	0.00000	0.00053
408	0.00000	0.99967	0.00000	0.00000	0.00000	0.00033
409	0.00000	0.99996	0.00000	0.00000	0.00000	0.00004
410	0.00000	0.99993	0.00000	0.00000	0.00000	0.00007
411	0.99974	0.00000	0.00000	0.00000	0.00026	0.00000
412	0.00000	0.99999	0.00000	0.00000	0.00000	0.00001
413	0.00000	0.99791	0.00000	0.00000	0.00000	0.00209
414	0.00000	0.99988	0.00000	0.00000	0.00000	0.00012
415	0.00000	0.91459	0.00000	0.00512	0.00000	0.08029
416	0.00000	0.99726	0.00000	0.00000	0.00000	0.00274
417	0.00000	0.99992	0.00000	0.00000	0.00000	0.00008
418	0.00000	0.96253	0.00000	0.00000	0.00000	0.03747
419	0.00000	0.99995	0.00000	0.00000	0.00000	0.00005
420	0.00000	0.99979	0.00000	0.00000	0.00000	0.00021
421	0.00000	0.99920	0.00000	0.00000	0.00000	0.00080
422	0.00000	0.99597	0.00000	0.00002	0.00000	0.00401
423	0.00000	0.99628	0.00000	0.00001	0.00000	0.00371
424	0.00000	0.99981	0.00000	0.00000	0.00000	0.00019
425	0.00000	0.99999	0.00000	0.00000	0.00000	0.00001
426	0.00000	0.99996	0.00000	0.00000	0.00000	0.00004
427	0.00000	0.99980	0.00000	0.00000	0.00000	0.00020
428	0.00000	0.99990	0.00000	0.00000	0.00000	0.00010
429	0.00000	0.99938	0.00000	0.00000	0.00000	0.00062
430	0.00000	0.99998	0.00000	0.00000	0.00000	0.00002
431	0.00000	0.99997	0.00000	0.00000	0.00000	0.00003
432	0.00000	0.99996	0.00000	0.00000	0.00000	0.00004
433	0.00000	0.99966	0.00000	0.00000	0.00000	0.00034
434	0.00000	0.99937	0.00000	0.00000	0.00000	0.00063
435	0.00000	0.99999	0.00000	0.00000	0.00000	0.00001
436	0.99999	0.00000	0.00000	0.00000	0.00001	0.00000
437	0.00000	0.99981	0.00000	0.00000	0.00000	0.00019
438	0.00000	0.99999	0.00000	0.00000	0.00000	0.00001
439	0.00000	0.99996	0.00000	0.00000	0.00000	0.00004
440	0.00000	0.99984	0.00000	0.00000	0.00000	0.00016
441	0.00000	0.99967	0.00000	0.00000	0.00000	0.00033
442	0.00000	0.99994	0.00000	0.00000	0.00000	0.00006
443	0.00000	0.99999	0.00000	0.00000	0.00000	0.00001
444	0.00000	0.99987	0.00000	0.00000	0.00000	0.00013
445	0.00000	0.94923	0.00000	0.00000	0.00000	0.05076
446	0.00000	0.99957	0.00000	0.00000	0.00000	0.00043
447	0.00000	0.99905	0.00000	0.00000	0.00000	0.00095
448	0.00000	0.99999	0.00000	0.00000	0.00000	0.00001
449	0.00000	0.99982	0.00000	0.00000	0.00000	0.00018
450	0.00000	0.99997	0.00000	0.00000	0.00000	0.00003
451	0.00000	0.99997	0.00000	0.00000	0.00000	0.00003
452	0.00000	0.70816	0.00101	0.06408	0.00023	0.22652
453	0.00000	0.99998	0.00000	0.00000	0.00000	0.00002
454	0.00000	0.99987	0.00000	0.00000	0.00000	0.00013
455	0.00000	0.99267	0.00000	0.00003	0.00000	0.00730
456	0.00000	0.99990	0.00000	0.00000	0.00000	0.00010
457	0.00000	0.99995	0.00000	0.00000	0.00000	0.00005
458	0.00000	0.99999	0.00000	0.00000	0.00000	0.00001
459	0.00000	0.99983	0.00000	0.00000	0.00000	0.00017
460	0.99999	0.00000	0.00000	0.00000	0.00001	0.00000
461	0.00000	0.99996	0.00000	0.00000	0.00000	0.00004
462	0.00000	0.99989	0.00000	0.00000	0.00000	0.00011
463	0.00002	0.61665	0.00607	0.10478	0.00190	0.27058
464	0.99984	0.00000	0.00000	0.00000	0.00016	0.00000
465	0.00000	1.00000	0.00000	0.00000	0.00000	0.00000
466	0.00000	0.99988	0.00000	0.00000	0.00000	0.00012
467	0.00000	0.62396	0.00000	0.10487	0.00000	0.27117
468	0.00000	0.99992	0.00000	0.00000	0.00000	0.00008
469	0.00000	0.99985	0.00000	0.00000	0.00000	0.00015
470	0.00000	0.99943	0.00000	0.00000	0.00000	0.00057
471	0.00000	0.99937	0.00000	0.00000	0.00000	0.00063
472	0.00000	0.99994	0.00000	0.00000	0.00000	0.00006
473	0.00000	0.99809	0.00000	0.00000	0.00000	0.00190
474	0.00000	0.74921	0.00176	0.04765	0.00034	0.20104
475	0.00000	0.99968	0.00000	0.00000	0.00000	0.00032
476	0.00000	0.99996	0.00000	0.00000	0.00000	0.00004
477	0.00000	0.99985	0.00000	0.00000	0.00000	0.00015
478	0.00000	0.99998	0.00000	0.00000	0.00000	0.00002
479	0.00000	0.99608	0.00000	0.00001	0.00000	0.00391
480	0.00000	0.99998	0.00000	0.00000	0.00000	0.00002
481	0.00000	0.99995	0.00000	0.00000	0.00000	0.00005
482	0.00000	0.99999	0.00000	0.00000	0.00000	0.00001
483	0.00000	0.99993	0.00000	0.00000	0.00000	0.00007
484	0.00000	0.99976	0.00000	0.00000	0.00000	0.00024
485	0.00000	0.99990	0.00000	0.00000	0.00000	0.00010
486	0.00000	0.99990	0.00000	0.00000	0.00000	0.00010
487	0.00000	0.99985	0.00000	0.00000	0.00000	0.00015
488	0.00000	0.99993	0.00000	0.00000	0.00000	0.00007
489	0.00000	1.00000	0.00000	0.00000	0.00000	0.00000
490	0.00000	0.99998	0.00000	0.00000	0.00000	0.00002
491	0.00000	0.99995	0.00000	0.00000	0.00000	0.00005
492	0.00000	0.99966	0.00000	0.00000	0.00000	0.00034
493	0.00000	0.99908	0.00000	0.00000	0.00000	0.00092
494	0.00000	0.98665	0.00000	0.00016	0.00000	0.01319
495	0.00000	0.99990	0.00000	0.00000	0.00000	0.00010
496	0.00000	0.99994	0.00000	0.00000	0.00000	0.00006
497	0.00000	0.99822	0.00000	0.00000	0.00000	0.00178
498	0.00000	0.99989	0.00000	0.00000	0.00000	0.00011
499	0.00000	0.99986	0.00000	0.00000	0.00000	0.00014
500	0.07009	0.17017	0.20648	0.19373	0.16618	0.19335
501	0.00000	0.99975	0.00000	0.00000	0.00000	0.00025
502	0.00000	0.65904	0.00000	0.09396	0.00000	0.24700
503	0.00000	0.99983	0.00000	0.00000	0.00000	0.00017
504	0.00000	0.99879	0.00000	0.00000	0.00000	0.00121
505	0.00000	0.99986	0.00000	0.00000	0.00000	0.00014
506	0.99932	0.00000	0.00000	0.00000	0.00068	0.00000
507	0.99993	0.00000	0.00000	0.00000	0.00007	0.00000
508	0.00000	0.99958	0.00000	0.00000	0.00000	0.00042
509	0.00000	0.99945	0.00000	0.00000	0.00000	0.00055
510	0.00000	0.99996	0.00000	0.00000	0.00000	0.00004
511	0.00000	0.99986	0.00000	0.00000	0.00000	0.00014
512	0.00000	0.99725	0.00000	0.00000	0.00000	0.00275
513	0.95649	0.00000	0.00000	0.00000	0.04351	0.00000
514	0.00000	0.99987	0.00000	0.00000	0.00000	0.00013
515	0.99979	0.00000	0.00000	0.00000	0.00021	0.00000
516	0.00000	0.95111	0.00000	0.00117	0.00000	0.04772
517	0.00000	0.99975	0.00000	0.00000	0.00000	0.00025
518	0.99998	0.00000	0.00000	0.00000	0.00002	0.00000
519	0.00000	0.92256	0.00000	0.00000	0.00000	0.07744
520	0.00000	0.99999	0.00000	0.00000	0.00000	0.00001
521	0.00000	0.99999	0.00000	0.00000	0.00000	0.00001
522	0.00000	0.99989	0.00000	0.00000	0.00000	0.00011
523	0.00000	0.99997	0.00000	0.00000	0.00000	0.00003
524	0.00000	0.99997	0.00000	0.00000	0.00000	0.00003
525	0.00000	0.99973	0.00000	0.00000	0.00000	0.00027
526	0.00000	0.99936	0.00000	0.00000	0.00000	0.00064
527	0.00000	0.99972	0.00000	0.00000	0.00000	0.00028
528	0.00000	0.98847	0.00000	0.00007	0.00000	0.01147
529	0.00000	0.68013	0.00285	0.07545	0.00073	0.24083
530	0.00000	0.99978	0.00000	0.00000	0.00000	0.00022
531	0.00000	0.99998	0.00000	0.00000	0.00000	0.00002
532	0.00000	0.99999	0.00000	0.00000	0.00000	0.00001
533	0.99997	0.00000	0.00000	0.00000	0.00003	0.00000
534	0.00000	0.99993	0.00000	0.00000	0.00000	0.00007
535	0.00000	0.99992	0.00000	0.00000	0.00000	0.00008
536	0.00000	0.99996	0.00000	0.00000	0.00000	0.00004
537	0.99992	0.00000	0.00000	0.00000	0.00008	0.00000
538	0.00000	0.99274	0.00000	0.00005	0.00000	0.00721
539	0.00000	0.99981	0.00000	0.00000	0.00000	0.00019
540	0.92452	0.00000	0.00000	0.00538	0.07010	0.00000
541	0.99999	0.00000	0.00000	0.00000	0.00001	0.00000
542	0.99996	0.00000	0.00000	0.00000	0.00004	0.00000
543	0.00000	0.99535	0.00000	0.00000	0.00000	0.00465
544	0.00000	0.99706	0.00000	0.00000	0.00000	0.00294
545	0.00000	0.99983	0.00000	0.00000	0.00000	0.00017
546	0.00000	0.91486	0.00000	0.00000	0.00000	0.08514
547	0.00000	0.99998	0.00000	0.00000	0.00000	0.00002
548	0.99455	0.00000	0.00000	0.00003	0.00542	0.00000
549	0.00000	0.99995	0.00000	0.00000	0.00000	0.00005
550	0.00000	0.99991	0.00000	0.00000	0.00000	0.00009
551	1.00000	0.00000	0.00000	0.00000	0.00000	0.00000
552	0.00000	0.99955	0.00000	0.00000	0.00000	0.00045
553	0.00000	0.99999	0.00000	0.00000	0.00000	0.00001
554	0.00000	0.99997	0.00000	0.00000	0.00000	0.00003
555	0.00000	0.99979	0.00000	0.00000	0.00000	0.00021
556	0.00000	0.00000	0.99920	0.00042	0.00001	0.00037
557	0.00000	0.99991	0.00000	0.00000	0.00000	0.00009
558	0.00000	0.99984	0.00000	0.00000	0.00000	0.00016
559	0.99989	0.00000	0.00000	0.00000	0.00011	0.00000
560	0.99999	0.00000	0.00000	0.00000	0.00001	0.00000
561	0.99994	0.00000	0.00000	0.00000	0.00006	0.00000
562	0.99992	0.00000	0.00000	0.00000	0.00008	0.00000
563	0.00000	0.99997	0.00000	0.00000	0.00000	0.00003
564	0.00000	0.99999	0.00000	0.00000	0.00000	0.00001
565	0.99972	0.00000	0.00000	0.00000	0.00028	0.00000
566	0.00000	0.99985	0.00000	0.00000	0.00000	0.00015
567	0.21290	0.12455	0.16264	0.16712	0.18857	0.14423
568	0.99987	0.00000	0.00000	0.00000	0.00013	0.00000
569	0.00000	0.99934	0.00000	0.00000	0.00000	0.00066
570	0.00000	0.99992	0.00000	0.00000	0.00000	0.00008
571	0.00000	0.99937	0.00000	0.00000	0.00000	0.00063
572	0.00000	0.99992	0.00000	0.00000	0.00000	0.00008
573	0.00000	0.99568	0.00000	0.00000	0.00000	0.00432
574	0.00000	0.99880	0.00000	0.00000	0.00000	0.00120
575	0.00000	0.00000	0.00000	0.00371	0.99629	0.00000
576	0.00000	0.99996	0.00000	0.00000	0.00000	0.00004
577	0.99990	0.00000	0.00000	0.00000	0.00010	0.00000
578	0.00000	1.00000	0.00000	0.00000	0.00000	0.00000
579	0.00000	0.99622	0.00000	0.00000	0.00000	0.00378
580	0.00000	0.99528	0.00000	0.00002	0.00000	0.00470
581	0.00000	0.99945	0.00000	0.00000	0.00000	0.00055
582	0.00000	0.99978	0.00000	0.00000	0.00000	0.00022
583	0.00000	0.97773	0.00000	0.00041	0.00000	0.02186
584	0.00000	0.99971	0.00000	0.00000	0.00000	0.00029
585	0.00000	0.99958	0.00000	0.00000	0.00000	0.00042
586	0.00000	0.99999	0.00000	0.00000	0.00000	0.00001
587	0.00000	0.99999	0.00000	0.00000	0.00000	0.00001
588	0.00000	0.99994	0.00000	0.00000	0.00000	0.00006
589	0.00000	0.99982	0.00000	0.00000	0.00000	0.00018
590	0.00000	0.99972	0.00000	0.00000	0.00000	0.00028
591	0.00000	0.95705	0.00000	0.00170	0.00000	0.04125
592	0.00000	0.98103	0.00000	0.00031	0.00000	0.01865
593	0.00000	0.99999	0.00000	0.00000	0.00000	0.00001
594	0.00000	0.99186	0.00000	0.00001	0.00000	0.00813
595	0.00000	0.99997	0.00000	0.00000	0.00000	0.00003
596	0.00000	0.12044	0.00001	0.06564	0.00000	0.81392
597	0.00000	0.99774	0.00000	0.00000	0.00000	0.00226
598	0.00000	0.99449	0.00000	0.00002	0.00000	0.00549
599	0.00000	0.07040	0.00000	0.01408	0.00000	0.91552
600	0.00000	0.99965	0.00000	0.00000	0.00000	0.00035
601	0.00000	0.89864	0.00000	0.00844	0.00000	0.09291
602	0.99922	0.00000	0.00000	0.00000	0.00078	0.00000
603	0.97077	0.00000	0.00000	0.00084	0.02839	0.00000
604	0.00000	0.99778	0.00000	0.00000	0.00000	0.00222
605	0.00000	0.99555	0.00000	0.00001	0.00000	0.00444
606	0.00000	0.99999	0.00000	0.00000	0.00000	0.00001
607	0.00000	0.99990	0.00000	0.00000	0.00000	0.00010
608	0.00000	0.99999	0.00000	0.00000	0.00000	0.00001
609	0.00000	0.99796	0.00000	0.00000	0.00000	0.00204
610	0.99926	0.00000	0.00000	0.00000	0.00074	0.00000
611	0.00000	0.93118	0.00000	0.00067	0.00000	0.06815
612	0.00000	0.99931	0.00000	0.00000	0.00000	0.00069
613	0.00000	0.99997	0.00000	0.00000	0.00000	0.00003
614	0.00000	0.98237	0.00000	0.00013	0.00000	0.01750
615	0.00000	0.99997	0.00000	0.00000	0.00000	0.00003
616	0.00000	0.99946	0.00000	0.00000	0.00000	0.00054
617	0.00000	0.99984	0.00000	0.00000	0.00000	0.00016
618	0.00000	0.99996	0.00000	0.00000	0.00000	0.00004
619	0.00000	0.99705	0.00000	0.00000	0.00000	0.00295
620	0.00000	0.99999	0.00000	0.00000	0.00000	0.00001
621	0.00000	0.99998	0.00000	0.00000	0.00000	0.00002
622	0.00000	0.99827	0.00000	0.00000	0.00000	0.00173
623	0.00000	0.99989	0.00000	0.00000	0.00000	0.00011
624	0.00000	0.99969	0.00000	0.00000	0.00000	0.00031
625	0.00000	0.99999	0.00000	0.00000	0.00000	0.00001
626	0.00000	0.87291	0.00000	0.01455	0.00000	0.11254
627	0.00000	0.99999	0.00000	0.00000	0.00000	0.00001
628	0.00000	0.99995	0.00000	0.00000	0.00000	0.00005
629	0.00000	0.99992	0.00000	0.00000	0.00000	0.00008
630	0.00000	0.99921	0.00000	0.00000	0.00000	0.00079
631	0.00000	0.99992	0.00000	0.00000	0.00000	0.00008
632	0.99999	0.00000	0.00000	0.00000	0.00001	0.00000
633	0.00000	0.99033	0.00000	0.00000	0.00000	0.00967
634	0.00000	0.99987	0.00000	0.00000	0.00000	0.00013
635	0.00000	0.99997	0.00000	0.00000	0.00000	0.00003
636	0.00000	0.99638	0.00000	0.00001	0.00000	0.00361
637	0.00000	0.99926	0.00000	0.00000	0.00000	0.00074
638	0.00000	0.99968	0.00000	0.00000	0.00000	0.00032
639	0.00000	0.99987	0.00000	0.00000	0.00000	0.00013
640	0.00000	0.99908	0.00000	0.00000	0.00000	0.00092
641	0.00000	0.99999	0.00000	0.00000	0.00000	0.00001
642	0.00000	0.99996	0.00000	0.00000	0.00000	0.00004
643	0.00000	0.99999	0.00000	0.00000	0.00000	0.00001
644	0.00000	0.00000	0.00000	0.00102	0.00000	0.99898
645	0.00000	0.99997	0.00000	0.00000	0.00000	0.00003
646	0.00000	0.99969	0.00000	0.00000	0.00000	0.00031
647	0.00000	0.99991	0.00000	0.00000	0.00000	0.00009
648	0.00000	0.99933	0.00000	0.00000	0.00000	0.00067
649	0.00000	0.99902	0.00000	0.00000	0.00000	0.00098
650	0.99999	0.00000	0.00000	0.00000	0.00001	0.00000
651	0.00000	0.99995	0.00000	0.00000	0.00000	0.00005
652	0.00000	0.99978	0.00000	0.00000	0.00000	0.00022
653	0.99991	0.00000	0.00000	0.00000	0.00009	0.00000
654	0.00000	0.99999	0.00000	0.00000	0.00000	0.00001
655	0.00000	0.99995	0.00000	0.00000	0.00000	0.00005
656	0.00000	0.99901	0.00000	0.00000	0.00000	0.00099
657	0.00000	0.99985	0.00000	0.00000	0.00000	0.00015
658	0.00000	0.99994	0.00000	0.00000	0.00000	0.00006
659	0.97363	0.00000	0.00000	0.00051	0.02586	0.00000
660	0.00000	0.99653	0.00000	0.00001	0.00000	0.00347
661	0.00000	0.99959	0.00000	0.00000	0.00000	0.00041
662	0.00000	0.99957	0.00000	0.00000	0.00000	0.00043
663	0.00000	0.92095	0.00003	0.00611	0.00000	0.07291
664	0.99975	0.00000	0.00000	0.00000	0.00025	0.00000
665	0.00000	0.99908	0.00000	0.00000	0.00000	0.00092
666	0.99995	0.00000	0.00000	0.00000	0.00005	0.00000
667	0.99999	0.00000	0.00000	0.00000	0.00001	0.00000
668	0.99882	0.00000	0.00000	0.00000	0.00118	0.00000
669	0.99972	0.00000	0.00000	0.00000	0.00028	0.00000
670	0.99747	0.00000	0.00000	0.00000	0.00253	0.00000
671	0.00000	0.99992	0.00000	0.00000	0.00000	0.00008
672	0.00000	0.99937	0.00000	0.00000	0.00000	0.00063
673	0.00000	0.99997	0.00000	0.00000	0.00000	0.00003
674	0.00000	0.96566	0.00000	0.00115	0.00000	0.03319
675	0.00000	0.99965	0.00000	0.00000	0.00000	0.00035
676	0.00000	0.99971	0.00000	0.00000	0.00000	0.00029
677	0.00000	0.99998	0.00000	0.00000	0.00000	0.00002
678	0.99972	0.00000	0.00000	0.00000	0.00028	0.00000
679	0.00000	0.99997	0.00000	0.00000	0.00000	0.00003
680	0.00000	0.99961	0.00000	0.00000	0.00000	0.00039
681	0.00000	0.99984	0.00000	0.00000	0.00000	0.00016
682	0.00000	0.99999	0.00000	0.00000	0.00000	0.00001
683	0.00000	0.99998	0.00000	0.00000	0.00000	0.00002
684	0.00000	0.99834	0.00000	0.00000	0.00000	0.00166
685	0.00000	0.99949	0.00000	0.00000	0.00000	0.00051
686	0.00000	0.99998	0.00000	0.00000	0.00000	0.00002
687	0.00000	0.99996	0.00000	0.00000	0.00000	0.00004
688	0.00000	0.99459	0.00000	0.00000	0.00000	0.00540
689	0.00000	0.99989	0.00000	0.00000	0.00000	0.00011
690	0.00000	0.99990	0.00000	0.00000	0.00000	0.00010
691	0.00000	0.99993	0.00000	0.00000	0.00000	0.00007
692	0.00000	0.99987	0.00000	0.00000	0.00000	0.00013
693	0.00000	0.99918	0.00000	0.00000	0.00000	0.00082
694	0.00000	0.94497	0.00000	0.00288	0.00000	0.05215
695	0.00000	0.99992	0.00000	0.00000	0.00000	0.00008
696	0.00000	0.99999	0.00000	0.00000	0.00000	0.00001
697	0.00000	0.99866	0.00000	0.00000	0.00000	0.00134
698	0.00000	0.18981	0.00000	0.02088	0.00000	0.78931
699	0.00000	0.99972	0.00000	0.00000	0.00000	0.00028
700	0.00000	0.99999	0.00000	0.00000	0.00000	0.00001
701	0.99999	0.00000	0.00000	0.00000	0.00001	0.00000
702	0.97220	0.00000	0.00000	0.00001	0.02779	0.00000
703	0.99992	0.00000	0.00000	0.00000	0.00008	0.00000
704	0.96391	0.00000	0.00000	0.00127	0.03481	0.00000
705	0.00000	0.98831	0.00000	0.00000	0.00000	0.01169
706	0.00000	0.99932	0.00000	0.00000	0.00000	0.00067
707	0.99987	0.00000	0.00000	0.00000	0.00013	0.00000
708	0.00000	0.99989	0.00000	0.00000	0.00000	0.00011
709	0.00000	0.99932	0.00000	0.00000	0.00000	0.00068
710	0.00000	0.99994	0.00000	0.00000	0.00000	0.00006
711	0.00000	0.99962	0.00000	0.00000	0.00000	0.00038
712	0.00000	0.99969	0.00000	0.00000	0.00000	0.00031
713	0.00000	0.99994	0.00000	0.00000	0.00000	0.00006
714	0.96695	0.00000	0.00000	0.00001	0.03304	0.00000
715	0.00000	0.91262	0.00000	0.00631	0.00000	0.08107
716	0.00000	0.99908	0.00000	0.00000	0.00000	0.00092
717	0.00000	0.99985	0.00000	0.00000	0.00000	0.00015
718	0.99999	0.00000	0.00000	0.00000	0.00001	0.00000
719	0.00000	0.99962	0.00000	0.00000	0.00000	0.00038
720	0.00000	0.99995	0.00000	0.00000	0.00000	0.00005
721	0.00000	0.91038	0.00000	0.00001	0.00000	0.08961
722	0.00000	0.99992	0.00000	0.00000	0.00000	0.00008
723	0.00000	0.99997	0.00000	0.00000	0.00000	0.00003
724	0.00000	0.91302	0.00000	0.00702	0.00000	0.07996
725	0.00000	0.27722	0.00043	0.39376	0.00054	0.32804
726	0.00000	0.99984	0.00000	0.00000	0.00000	0.00016
727	0.00000	0.99993	0.00000	0.00000	0.00000	0.00007
728	0.00000	0.73102	0.00001	0.05539	0.00000	0.21357
729	0.00000	0.99994	0.00000	0.00000	0.00000	0.00006
730	0.00000	0.99218	0.00000	0.00001	0.00000	0.00781
731	0.00000	0.99961	0.00000	0.00000	0.00000	0.00039
732	0.99956	0.00000	0.00000	0.00000	0.00044	0.00000
733	0.00000	0.93377	0.00000	0.00058	0.00000	0.06566
734	0.00000	0.99915	0.00000	0.00000	0.00000	0.00085
735	0.00000	0.99999	0.00000	0.00000	0.00000	0.00001
736	0.00000	0.98262	0.00000	0.00020	0.00000	0.01717
737	0.00000	0.99996	0.00000	0.00000	0.00000	0.00004
738	0.99995	0.00000	0.00000	0.00000	0.00005	0.00000
739	0.00000	0.88284	0.00000	0.00211	0.00000	0.11505
740	0.00000	0.99978	0.00000	0.00000	0.00000	0.00022
741	0.99945	0.00000	0.00000	0.00000	0.00055	0.00000
742	0.00000	0.99997	0.00000	0.00000	0.00000	0.00003
743	0.00000	0.99877	0.00000	0.00000	0.00000	0.00123
744	0.00000	0.99872	0.00000	0.00000	0.00000	0.00128
745	0.99994	0.00000	0.00000	0.00000	0.00006	0.00000
746	0.00000	0.99972	0.00000	0.00000	0.00000	0.00028
747	0.00000	0.99994	0.00000	0.00000	0.00000	0.00006
748	0.00000	0.99985	0.00000	0.00000	0.00000	0.00015
749	0.00000	0.99996	0.00000	0.00000	0.00000	0.00004
750	0.03623	0.26870	0.18592	0.16998	0.11158	0.22760
751	0.00000	0.99936	0.00000	0.00000	0.00000	0.00064
752	0.00000	0.99999	0.00000	0.00000	0.00000	0.00001
753	0.00000	1.00000	0.00000	0.00000	0.00000	0.00000
754	0.00000	0.99995	0.00000	0.00000	0.00000	0.00005
755	0.00000	0.99937	0.00000	0.00000	0.00000	0.00063
756	0.00000	0.99988	0.00000	0.00000	0.00000	0.00012
757	0.00000	0.99661	0.00000	0.00001	0.00000	0.00338
758	0.00000	0.98191	0.00000	0.00020	0.00000	0.01789
759	0.99999	0.00000	0.00000	0.00000	0.00001	0.00000
760	0.99999	0.00000	0.00000	0.00000	0.00001	0.00000
761	0.00000	0.90002	0.00000	0.00003	0.00000	0.09995
762	0.00000	0.99996	0.00000	0.00000	0.00000	0.00004
763	0.00000	0.99993	0.00000	0.00000	0.00000	0.00007
764	0.00000	0.99994	0.00000	0.00000	0.00000	0.00006
765	0.00000	0.99979	0.00000	0.00000	0.00000	0.00021
766	0.00000	0.99995	0.00000	0.00000	0.00000	0.00005
767	0.00000	0.99997	0.00000	0.00000	0.00000	0.00003
768	0.00000	0.95762	0.00000	0.00016	0.00000	0.04222
769	0.00000	0.99453	0.00000	0.00002	0.00000	0.00545
770	0.00000	0.99999	0.00000	0.00000	0.00000	0.00001
771	0.00000	1.00000	0.00000	0.00000	0.00000	0.00000
772	0.00000	0.99124	0.00000	0.00001	0.00000	0.00875
773	0.00000	0.99645	0.00000	0.00001	0.00000	0.00353
774	0.00000	0.10983	0.00000	0.01986	0.00000	0.87031
775	0.00000	0.99734	0.00000	0.00000	0.00000	0.00266
776	0.00000	0.99994	0.00000	0.00000	0.00000	0.00006
