UponCompletionOf_783301_sweeps
LocNumber LocName AlleleNumber AlleleName FreqInPop0 FreqInPop1 SDInPop0 SDinPop1
0	LdDocent_Contig_6721_341	0	1	0.916660	0.997088	0.017615	0.001553
0	LdDocent_Contig_6721_341	1	2	0.083340	0.002912	0.017615	0.001553
1	LdDocent_Contig_7945_395	0	1	0.958398	0.999555	0.012541	0.000630
1	LdDocent_Contig_7945_395	1	2	0.041602	0.000445	0.012541	0.000630
2	LdDocent_Contig_5807_364	0	1	0.935697	0.995874	0.015350	0.001938
2	LdDocent_Contig_5807_364	1	2	0.064303	0.004126	0.015350	0.001938
3	LdDocent_Contig_22935_394	0	1	0.734110	0.519132	0.034450	0.014691
3	LdDocent_Contig_22935_394	1	2	0.265890	0.480868	0.034450	0.014691
4	LdDocent_Contig_92771_73	0	1	0.952033	0.999503	0.015147	0.000702
4	LdDocent_Contig_92771_73	1	2	0.047967	0.000497	0.015147	0.000702
5	LdDocent_Contig_258_495	0	1	0.084285	0.996966	0.017576	0.001620
5	LdDocent_Contig_258_495	1	2	0.915715	0.003034	0.017576	0.001620
6	LdDocent_Contig_16_120	0	1	0.994504	0.980001	0.004462	0.004085
6	LdDocent_Contig_16_120	1	2	0.005496	0.019999	0.004462	0.004085
7	LdDocent_Contig_18493_369	0	1	0.809933	0.992498	0.046385	0.002562
7	LdDocent_Contig_18493_369	1	2	0.190067	0.007502	0.046385	0.002562
8	LdDocent_Contig_1865_27	0	1	0.997713	0.983127	0.003214	0.004009
8	LdDocent_Contig_1865_27	1	2	0.002287	0.016873	0.003214	0.004009
9	LdDocent_Contig_5869_45	0	1	0.010053	0.994892	0.006314	0.002184
9	LdDocent_Contig_5869_45	1	2	0.989947	0.005108	0.006314	0.002184
10	LdDocent_Contig_86410_87	0	1	0.997880	0.985122	0.002986	0.003883
10	LdDocent_Contig_86410_87	1	2	0.002120	0.014878	0.002986	0.003883
11	LdDocent_Contig_2286_103	0	1	0.997952	0.886759	0.002881	0.009906
11	LdDocent_Contig_2286_103	1	2	0.002048	0.113241	0.002881	0.009906
12	LdDocent_Contig_198_477	0	1	0.983835	0.991188	0.008106	0.002829
12	LdDocent_Contig_198_477	1	2	0.016165	0.008812	0.008106	0.002829
13	LdDocent_Contig_797_407	0	1	0.997555	0.947506	0.003375	0.006684
13	LdDocent_Contig_797_407	1	2	0.002445	0.052494	0.003375	0.006684
14	LdDocent_Contig_62238_328	0	1	0.997656	0.986361	0.003303	0.003684
14	LdDocent_Contig_62238_328	1	2	0.002344	0.013639	0.003303	0.003684
15	LdDocent_Contig_3785_53	0	1	0.997768	0.983882	0.003141	0.004062
15	LdDocent_Contig_3785_53	1	2	0.002232	0.016118	0.003141	0.004062
16	LdDocent_Contig_329_469	0	1	0.997777	0.885648	0.003131	0.009640
16	LdDocent_Contig_329_469	1	2	0.002223	0.114352	0.003131	0.009640
17	LdDocent_Contig_1067_382	0	1	0.898738	0.998625	0.018985	0.001120
17	LdDocent_Contig_1067_382	1	2	0.101262	0.001375	0.018985	0.001120
18	LdDocent_Contig_7776_92	0	1	0.997936	0.974964	0.002920	0.004541
18	LdDocent_Contig_7776_92	1	2	0.002064	0.025036	0.002920	0.004541
19	LdDocent_Contig_5832_22	0	1	0.997821	0.986954	0.003070	0.003665
19	LdDocent_Contig_5832_22	1	2	0.002179	0.013046	0.003070	0.003665
20	LdDocent_Contig_608_527	0	1	0.010874	0.996663	0.006811	0.001785
20	LdDocent_Contig_608_527	1	2	0.989126	0.003337	0.006811	0.001785
21	LdDocent_Contig_9155_368	0	1	0.993561	0.981023	0.005125	0.003995
21	LdDocent_Contig_9155_368	1	2	0.006439	0.018977	0.005125	0.003995
22	LdDocent_Contig_569_458	0	2	0.002336	0.190049	0.003296	0.012207
22	LdDocent_Contig_569_458	1	1	0.997664	0.809951	0.003296	0.012207
23	LdDocent_Contig_1169_467	0	1	0.998105	0.984809	0.002673	0.003599
23	LdDocent_Contig_1169_467	1	2	0.001895	0.015191	0.002673	0.003599
24	LdDocent_Contig_20128_26	0	1	0.995984	0.984202	0.004797	0.003966
24	LdDocent_Contig_20128_26	1	2	0.004016	0.015798	0.004797	0.003966
25	LdDocent_Contig_87153_464	0	1	0.997667	0.988031	0.003258	0.003522
25	LdDocent_Contig_87153_464	1	2	0.002333	0.011969	0.003258	0.003522
26	LdDocent_Contig_1696_362	0	1	0.929428	0.999549	0.016220	0.000636
26	LdDocent_Contig_1696_362	1	2	0.070572	0.000451	0.016220	0.000636
27	LdDocent_Contig_16107_139	0	1	0.997564	0.962357	0.003406	0.006113
27	LdDocent_Contig_16107_139	1	2	0.002436	0.037643	0.003406	0.006113
28	LdDocent_Contig_8958_53	0	1	0.997786	0.977730	0.003117	0.004646
28	LdDocent_Contig_8958_53	1	2	0.002214	0.022270	0.003117	0.004646
29	LdDocent_Contig_62090_9	0	1	0.829682	0.994705	0.026380	0.002252
29	LdDocent_Contig_62090_9	1	2	0.170318	0.005295	0.026380	0.002252
30	LdDocent_Contig_38475_385	0	1	0.854262	0.995905	0.022340	0.001927
30	LdDocent_Contig_38475_385	1	2	0.145738	0.004095	0.022340	0.001927
31	LdDocent_Contig_72998_14	0	1	0.997858	0.991966	0.003020	0.002743
31	LdDocent_Contig_72998_14	1	2	0.002142	0.008034	0.003020	0.002743
32	LdDocent_Contig_69005_402	0	1	0.617964	0.993673	0.034093	0.002474
32	LdDocent_Contig_69005_402	1	2	0.382036	0.006327	0.034093	0.002474
33	LdDocent_Contig_18779_421	0	1	0.997930	0.992046	0.002919	0.002715
33	LdDocent_Contig_18779_421	1	2	0.002070	0.007954	0.002919	0.002715
34	LdDocent_Contig_52167_327	0	1	0.965172	0.999531	0.011721	0.000663
34	LdDocent_Contig_52167_327	1	2	0.034828	0.000469	0.011721	0.000663
35	LdDocent_Contig_59618_419	0	1	0.997820	0.991027	0.003073	0.002892
35	LdDocent_Contig_59618_419	1	2	0.002180	0.008973	0.003073	0.002892
36	LdDocent_Contig_3006_430	0	1	0.998004	0.987442	0.002817	0.003387
36	LdDocent_Contig_3006_430	1	2	0.001996	0.012558	0.002817	0.003387
37	LdDocent_Contig_1567_11	0	1	0.997665	0.983817	0.003290	0.003949
37	LdDocent_Contig_1567_11	1	2	0.002335	0.016183	0.003290	0.003949
38	LdDocent_Contig_552_409	0	2	0.993203	0.478721	0.005782	0.014975
38	LdDocent_Contig_552_409	1	1	0.006797	0.521279	0.005782	0.014975
39	LdDocent_Contig_296_143	0	1	0.968925	0.999529	0.011143	0.000666
39	LdDocent_Contig_296_143	1	2	0.031075	0.000471	0.011143	0.000666
40	LdDocent_Contig_37048_15	0	1	0.671306	0.913556	0.030463	0.008581
40	LdDocent_Contig_37048_15	1	2	0.328694	0.086444	0.030463	0.008581
41	LdDocent_Contig_56342_434	0	1	0.992724	0.990403	0.005898	0.003095
41	LdDocent_Contig_56342_434	1	2	0.007276	0.009597	0.005898	0.003095
42	LdDocent_Contig_15051_388	0	1	0.997807	0.990386	0.003091	0.003106
42	LdDocent_Contig_15051_388	1	2	0.002193	0.009614	0.003091	0.003106
43	LdDocent_Contig_64738_356	0	1	0.993013	0.969512	0.005594	0.005463
43	LdDocent_Contig_64738_356	1	2	0.006987	0.030488	0.005594	0.005463
44	LdDocent_Contig_80646_404	0	1	0.993243	0.988515	0.005475	0.003367
44	LdDocent_Contig_80646_404	1	2	0.006757	0.011485	0.005475	0.003367
45	LdDocent_Contig_86476_29	0	1	0.997768	0.992563	0.003149	0.002706
45	LdDocent_Contig_86476_29	1	2	0.002232	0.007437	0.003149	0.002706
46	LdDocent_Contig_146_56	0	1	0.956215	0.999508	0.013204	0.000694
46	LdDocent_Contig_146_56	1	2	0.043785	0.000492	0.013204	0.000694
47	LdDocent_Contig_1976_371	0	1	0.293097	0.388802	0.046516	0.014469
47	LdDocent_Contig_1976_371	1	2	0.706903	0.611198	0.046516	0.014469
48	LdDocent_Contig_1040_425	0	1	0.988074	0.994365	0.016577	0.002203
48	LdDocent_Contig_1040_425	1	2	0.011926	0.005635	0.016577	0.002203
49	LdDocent_Contig_66891_104	0	1	0.998057	0.981683	0.002733	0.004215
49	LdDocent_Contig_66891_104	1	2	0.001943	0.018317	0.002733	0.004215
50	LdDocent_Contig_12899_65	0	1	0.998024	0.513699	0.002786	0.014770
50	LdDocent_Contig_12899_65	1	2	0.001976	0.486301	0.002786	0.014770
51	LdDocent_Contig_729_126	0	1	0.998100	0.987268	0.002678	0.003320
51	LdDocent_Contig_729_126	1	2	0.001900	0.012732	0.002678	0.003320
52	LdDocent_Contig_1250_115	0	1	0.955090	0.999512	0.012929	0.000689
52	LdDocent_Contig_1250_115	1	2	0.044910	0.000488	0.012929	0.000689
53	LdDocent_Contig_26046_373	0	1	0.997536	0.987141	0.003474	0.003613
53	LdDocent_Contig_26046_373	1	2	0.002464	0.012859	0.003474	0.003613
54	LdDocent_Contig_3664_389	0	1	0.963748	0.987062	0.012173	0.003392
54	LdDocent_Contig_3664_389	1	2	0.036252	0.012938	0.012173	0.003392
55	LdDocent_Contig_64359_27	0	1	0.988725	0.963660	0.007110	0.005833
55	LdDocent_Contig_64359_27	1	2	0.011275	0.036340	0.007110	0.005833
56	LdDocent_Contig_1603_13	0	1	0.993562	0.834063	0.005238	0.010801
56	LdDocent_Contig_1603_13	1	2	0.006438	0.165937	0.005238	0.010801
57	LdDocent_Contig_516_116	0	1	0.997244	0.979706	0.003783	0.004365
57	LdDocent_Contig_516_116	1	2	0.002756	0.020294	0.003783	0.004365
58	LdDocent_Contig_14227_467	0	1	0.966845	0.998704	0.011155	0.001057
58	LdDocent_Contig_14227_467	1	2	0.033155	0.001296	0.011155	0.001057
59	LdDocent_Contig_9871_137	0	1	0.997803	0.984580	0.003080	0.003665
59	LdDocent_Contig_9871_137	1	2	0.002197	0.015420	0.003080	0.003665
60	LdDocent_Contig_10416_504	0	1	0.997730	0.987448	0.003197	0.003522
60	LdDocent_Contig_10416_504	1	2	0.002270	0.012552	0.003197	0.003522
61	LdDocent_Contig_2368_113	0	1	0.958185	0.876876	0.012554	0.009616
61	LdDocent_Contig_2368_113	1	2	0.041815	0.123124	0.012554	0.009616
62	LdDocent_Contig_9480_391	0	1	0.997950	0.993204	0.002889	0.002472
62	LdDocent_Contig_9480_391	1	2	0.002050	0.006796	0.002889	0.002472
63	LdDocent_Contig_51647_124	0	1	0.998032	0.992596	0.002772	0.002531
63	LdDocent_Contig_51647_124	1	2	0.001968	0.007404	0.002772	0.002531
64	LdDocent_Contig_1146_501	0	1	0.634280	0.949196	0.033047	0.007106
64	LdDocent_Contig_1146_501	1	2	0.365720	0.050804	0.033047	0.007106
65	LdDocent_Contig_62593_144	0	1	0.993349	0.897033	0.005407	0.009350
65	LdDocent_Contig_62593_144	1	2	0.006651	0.102967	0.005407	0.009350
66	LdDocent_Contig_75525_132	0	1	0.982998	0.973699	0.008994	0.004943
66	LdDocent_Contig_75525_132	1	2	0.017002	0.026301	0.008994	0.004943
67	LdDocent_Contig_24538_94	0	1	0.998089	0.990855	0.002695	0.002807
67	LdDocent_Contig_24538_94	1	2	0.001911	0.009145	0.002695	0.002807
68	LdDocent_Contig_55488_107	0	1	0.997911	0.993119	0.002945	0.002503
68	LdDocent_Contig_55488_107	1	2	0.002089	0.006881	0.002945	0.002503
69	LdDocent_Contig_1748_352	0	1	0.997933	0.992845	0.002907	0.002606
69	LdDocent_Contig_1748_352	1	2	0.002067	0.007155	0.002907	0.002606
70	LdDocent_Contig_670_478	0	1	0.993623	0.991365	0.005184	0.002947
70	LdDocent_Contig_670_478	1	2	0.006377	0.008635	0.005184	0.002947
71	LdDocent_Contig_51759_53	0	1	0.997824	0.991816	0.003070	0.002799
71	LdDocent_Contig_51759_53	1	2	0.002176	0.008184	0.003070	0.002799
72	LdDocent_Contig_22130_431	0	1	0.954472	0.990397	0.013105	0.002947
72	LdDocent_Contig_22130_431	1	2	0.045528	0.009603	0.013105	0.002947
73	LdDocent_Contig_10230_500	0	1	0.997007	0.980893	0.004089	0.004322
73	LdDocent_Contig_10230_500	1	2	0.002993	0.019107	0.004089	0.004322
74	LdDocent_Contig_91731_367	0	1	0.998008	0.978066	0.002811	0.004383
74	LdDocent_Contig_91731_367	1	2	0.001992	0.021934	0.002811	0.004383
75	LdDocent_Contig_94380_460	0	1	0.993988	0.993376	0.004876	0.002409
75	LdDocent_Contig_94380_460	1	2	0.006012	0.006624	0.004876	0.002409
76	LdDocent_Contig_8505_368	0	1	0.019986	0.989601	0.009314	0.003191
76	LdDocent_Contig_8505_368	1	2	0.980014	0.010399	0.009314	0.003191
77	LdDocent_Contig_60398_404	0	1	0.395231	0.790409	0.030124	0.012527
77	LdDocent_Contig_60398_404	1	2	0.604769	0.209591	0.030124	0.012527
78	LdDocent_Contig_92624_35	0	1	0.997899	0.987980	0.002962	0.003380
78	LdDocent_Contig_92624_35	1	2	0.002101	0.012020	0.002962	0.003380
79	LdDocent_Contig_91159_460	0	1	0.997719	0.990187	0.003217	0.003166
79	LdDocent_Contig_91159_460	1	2	0.002281	0.009813	0.003217	0.003166
80	LdDocent_Contig_1604_17	0	1	0.966889	0.999500	0.011886	0.000706
80	LdDocent_Contig_1604_17	1	2	0.033111	0.000500	0.011886	0.000706
81	LdDocent_Contig_31285_385	0	1	0.997942	0.988543	0.002910	0.003218
81	LdDocent_Contig_31285_385	1	2	0.002058	0.011457	0.002910	0.003218
82	LdDocent_Contig_16044_389	0	1	0.997967	0.991315	0.002860	0.002804
82	LdDocent_Contig_16044_389	1	2	0.002033	0.008685	0.002860	0.002804
83	LdDocent_Contig_2763_332	0	1	0.997172	0.991510	0.003729	0.002798
83	LdDocent_Contig_2763_332	1	2	0.002828	0.008490	0.003729	0.002798
84	LdDocent_Contig_96131_349	0	1	0.983547	0.986282	0.008589	0.003634
84	LdDocent_Contig_96131_349	1	2	0.016453	0.013718	0.008589	0.003634
85	LdDocent_Contig_96823_339	0	1	0.996765	0.962780	0.004345	0.005985
85	LdDocent_Contig_96823_339	1	2	0.003235	0.037220	0.004345	0.005985
86	LdDocent_Contig_75281_434	0	1	0.947631	0.993296	0.015008	0.002621
86	LdDocent_Contig_75281_434	1	2	0.052369	0.006704	0.015008	0.002621
87	LdDocent_Contig_50368_144	0	1	0.976056	0.774798	0.011084	0.013259
87	LdDocent_Contig_50368_144	1	2	0.023944	0.225202	0.011084	0.013259
88	LdDocent_Contig_26523_388	0	1	0.990694	0.956993	0.007133	0.006159
88	LdDocent_Contig_26523_388	1	2	0.009306	0.043007	0.007133	0.006159
89	LdDocent_Contig_6081_81	0	1	0.989586	0.985833	0.008428	0.003569
89	LdDocent_Contig_6081_81	1	2	0.010414	0.014167	0.008428	0.003569
90	LdDocent_Contig_34118_98	0	1	0.998023	0.976787	0.002787	0.004548
90	LdDocent_Contig_34118_98	1	2	0.001977	0.023213	0.002787	0.004548
91	LdDocent_Contig_17933_449	0	1	0.997993	0.990892	0.002831	0.002942
91	LdDocent_Contig_17933_449	1	2	0.002007	0.009108	0.002831	0.002942
92	LdDocent_Contig_13_96	0	1	0.985518	0.985898	0.007657	0.003677
92	LdDocent_Contig_13_96	1	2	0.014482	0.014102	0.007657	0.003677
93	LdDocent_Contig_1778_125	0	1	0.997961	0.899583	0.002878	0.009023
93	LdDocent_Contig_1778_125	1	2	0.002039	0.100417	0.002878	0.009023
94	LdDocent_Contig_1065_489	0	1	0.990397	0.994955	0.006973	0.002324
94	LdDocent_Contig_1065_489	1	2	0.009603	0.005045	0.006973	0.002324
95	LdDocent_Contig_2030_88	0	1	0.997790	0.969601	0.003080	0.005102
95	LdDocent_Contig_2030_88	1	2	0.002210	0.030399	0.003080	0.005102
96	LdDocent_Contig_83877_38	0	1	0.997741	0.987217	0.003160	0.003351
96	LdDocent_Contig_83877_38	1	2	0.002259	0.012783	0.003160	0.003351
97	LdDocent_Contig_29135_480	0	1	0.997949	0.924760	0.002891	0.007822
97	LdDocent_Contig_29135_480	1	2	0.002051	0.075240	0.002891	0.007822
98	LdDocent_Contig_88746_60	0	1	0.994580	0.846198	0.004412	0.010419
98	LdDocent_Contig_88746_60	1	2	0.005420	0.153802	0.004412	0.010419
99	LdDocent_Contig_77100_313	0	1	0.997322	0.955857	0.003729	0.006481
99	LdDocent_Contig_77100_313	1	2	0.002678	0.044143	0.003729	0.006481
100	LdDocent_Contig_20299_482	0	1	0.935564	0.983253	0.027502	0.003853
100	LdDocent_Contig_20299_482	1	2	0.064436	0.016747	0.027502	0.003853
101	LdDocent_Contig_93275_493	0	1	0.995256	0.987730	0.005848	0.003569
101	LdDocent_Contig_93275_493	1	2	0.004744	0.012270	0.005848	0.003569
102	LdDocent_Contig_244_402	0	1	0.997967	0.989601	0.002872	0.003056
102	LdDocent_Contig_244_402	1	2	0.002033	0.010399	0.002872	0.003056
103	LdDocent_Contig_969_369	0	1	0.969487	0.999542	0.010950	0.000646
103	LdDocent_Contig_969_369	1	2	0.030513	0.000458	0.010950	0.000646
104	LdDocent_Contig_84276_95	0	1	0.997936	0.992189	0.002907	0.002667
104	LdDocent_Contig_84276_95	1	2	0.002064	0.007811	0.002907	0.002667
105	LdDocent_Contig_1186_486	0	1	0.997706	0.991519	0.003234	0.002893
105	LdDocent_Contig_1186_486	1	2	0.002294	0.008481	0.003234	0.002893
106	LdDocent_Contig_30110_37	0	1	0.952405	0.998533	0.015018	0.001197
106	LdDocent_Contig_30110_37	1	2	0.047595	0.001467	0.015018	0.001197
107	LdDocent_Contig_18722_40	0	1	0.997818	0.944251	0.003071	0.007021
107	LdDocent_Contig_18722_40	1	2	0.002182	0.055749	0.003071	0.007021
108	LdDocent_Contig_85002_61	0	1	0.009717	0.996242	0.006099	0.001856
108	LdDocent_Contig_85002_61	1	2	0.990283	0.003758	0.006099	0.001856
109	LdDocent_Contig_75654_418	0	1	0.997671	0.959931	0.003281	0.006243
109	LdDocent_Contig_75654_418	1	2	0.002329	0.040069	0.003281	0.006243
110	LdDocent_Contig_51444_401	0	1	0.997881	0.983049	0.002993	0.003907
110	LdDocent_Contig_51444_401	1	2	0.002119	0.016951	0.002993	0.003907
111	LdDocent_Contig_6226_357	0	1	0.997853	0.980707	0.003015	0.004123
111	LdDocent_Contig_6226_357	1	2	0.002147	0.019293	0.003015	0.004123
112	LdDocent_Contig_5947_310	0	1	0.102381	0.727386	0.023075	0.013252
112	LdDocent_Contig_5947_310	1	2	0.897619	0.272614	0.023075	0.013252
113	LdDocent_Contig_18877_34	0	1	0.950061	0.997355	0.013835	0.001670
113	LdDocent_Contig_18877_34	1	2	0.049939	0.002645	0.013835	0.001670
114	LdDocent_Contig_84487_489	0	1	0.892199	0.999505	0.020973	0.000699
114	LdDocent_Contig_84487_489	1	2	0.107801	0.000495	0.020973	0.000699
115	LdDocent_Contig_22599_407	0	1	0.964598	0.999536	0.011914	0.000656
115	LdDocent_Contig_22599_407	1	2	0.035402	0.000464	0.011914	0.000656
116	LdDocent_Contig_30661_369	0	1	0.997910	0.992833	0.002946	0.002603
116	LdDocent_Contig_30661_369	1	2	0.002090	0.007167	0.002946	0.002603
117	LdDocent_Contig_220_377	0	1	0.993671	0.982242	0.005115	0.004009
117	LdDocent_Contig_220_377	1	2	0.006329	0.017758	0.005115	0.004009
118	LdDocent_Contig_2317_16	0	1	0.997898	0.989792	0.002968	0.003134
118	LdDocent_Contig_2317_16	1	2	0.002102	0.010208	0.002968	0.003134
119	LdDocent_Contig_6224_75	0	1	0.993785	0.991040	0.005044	0.002890
119	LdDocent_Contig_6224_75	1	2	0.006215	0.008960	0.005044	0.002890
120	LdDocent_Contig_951_12	0	1	0.997934	0.992043	0.002912	0.002711
120	LdDocent_Contig_951_12	1	2	0.002066	0.007957	0.002912	0.002711
121	LdDocent_Contig_24656_389	0	1	0.566877	0.985679	0.033936	0.003731
121	LdDocent_Contig_24656_389	1	2	0.433123	0.014321	0.033936	0.003731
122	LdDocent_Contig_165_72	0	1	0.006281	0.998619	0.005133	0.001125
122	LdDocent_Contig_165_72	1	2	0.993719	0.001381	0.005133	0.001125
123	LdDocent_Contig_64588_406	0	1	0.997709	0.989504	0.003191	0.003094
123	LdDocent_Contig_64588_406	1	2	0.002291	0.010496	0.003191	0.003094
124	LdDocent_Contig_22941_380	0	1	0.997679	0.993230	0.003270	0.002645
124	LdDocent_Contig_22941_380	1	2	0.002321	0.006770	0.003270	0.002645
125	LdDocent_Contig_3819_130	0	1	0.995912	0.992476	0.005063	0.002698
125	LdDocent_Contig_3819_130	1	2	0.004088	0.007524	0.005063	0.002698
126	LdDocent_Contig_20889_81	0	1	0.997196	0.983656	0.003816	0.003907
126	LdDocent_Contig_20889_81	1	2	0.002804	0.016344	0.003816	0.003907
127	LdDocent_Contig_86538_360	0	1	0.967064	0.976893	0.011791	0.004611
127	LdDocent_Contig_86538_360	1	2	0.032936	0.023107	0.011791	0.004611
128	LdDocent_Contig_67427_465	0	1	0.997912	0.976123	0.002941	0.004666
128	LdDocent_Contig_67427_465	1	2	0.002088	0.023877	0.002941	0.004666
129	LdDocent_Contig_93425_323	0	1	0.961969	0.998665	0.012076	0.001091
129	LdDocent_Contig_93425_323	1	2	0.038031	0.001335	0.012076	0.001091
130	LdDocent_Contig_884_523	0	1	0.997773	0.990514	0.003144	0.003059
130	LdDocent_Contig_884_523	1	2	0.002227	0.009486	0.003144	0.003059
131	LdDocent_Contig_95524_427	0	1	0.995162	0.986083	0.006358	0.003553
131	LdDocent_Contig_95524_427	1	2	0.004838	0.013917	0.006358	0.003553
132	LdDocent_Contig_1475_425	0	1	0.996525	0.986397	0.004478	0.003629
132	LdDocent_Contig_1475_425	1	2	0.003475	0.013603	0.004478	0.003629
133	LdDocent_Contig_52636_363	0	1	0.997790	0.988836	0.003114	0.003273
133	LdDocent_Contig_52636_363	1	2	0.002210	0.011164	0.003114	0.003273
134	LdDocent_Contig_30350_410	0	1	0.997609	0.989813	0.003323	0.003148
134	LdDocent_Contig_30350_410	1	2	0.002391	0.010187	0.003323	0.003148
135	LdDocent_Contig_2523_454	0	1	0.998009	0.993386	0.002807	0.002405
135	LdDocent_Contig_2523_454	1	2	0.001991	0.006614	0.002807	0.002405
136	LdDocent_Contig_1740_404	0	1	0.997934	0.993167	0.002913	0.002485
136	LdDocent_Contig_1740_404	1	2	0.002066	0.006833	0.002913	0.002485
137	LdDocent_Contig_77826_82	0	1	0.886098	0.999549	0.019399	0.000636
137	LdDocent_Contig_77826_82	1	2	0.113902	0.000451	0.019399	0.000636
138	LdDocent_Contig_2237_390	0	1	0.993178	0.993842	0.005535	0.002406
138	LdDocent_Contig_2237_390	1	2	0.006822	0.006158	0.005535	0.002406
139	LdDocent_Contig_1307_442	0	1	0.082065	0.831920	0.017693	0.011186
139	LdDocent_Contig_1307_442	1	2	0.917935	0.168080	0.017693	0.011186
140	LdDocent_Contig_1513_76	0	1	0.997877	0.989868	0.002996	0.003105
140	LdDocent_Contig_1513_76	1	2	0.002123	0.010132	0.002996	0.003105
141	LdDocent_Contig_3794_349	0	1	0.997895	0.988710	0.002966	0.003303
141	LdDocent_Contig_3794_349	1	2	0.002105	0.011290	0.002966	0.003303
142	LdDocent_Contig_52538_70	0	1	0.997725	0.883333	0.003204	0.010026
142	LdDocent_Contig_52538_70	1	2	0.002275	0.116667	0.003204	0.010026
143	LdDocent_Contig_56278_338	0	1	0.985759	0.949584	0.008835	0.006333
143	LdDocent_Contig_56278_338	1	2	0.014241	0.050416	0.008835	0.006333
144	LdDocent_Contig_8309_329	0	1	0.998045	0.983047	0.002751	0.003802
144	LdDocent_Contig_8309_329	1	2	0.001955	0.016953	0.002751	0.003802
145	LdDocent_Contig_73591_371	0	1	0.282964	0.985373	0.031225	0.003600
145	LdDocent_Contig_73591_371	1	2	0.717036	0.014627	0.031225	0.003600
146	LdDocent_Contig_7411_142	0	1	0.017676	0.997007	0.009326	0.001664
146	LdDocent_Contig_7411_142	1	2	0.982324	0.002993	0.009326	0.001664
147	LdDocent_Contig_80797_118	0	1	0.986223	0.990174	0.007307	0.002883
147	LdDocent_Contig_80797_118	1	2	0.013777	0.009826	0.007307	0.002883
148	LdDocent_Contig_711_449	0	1	0.997952	0.985369	0.002890	0.003571
148	LdDocent_Contig_711_449	1	2	0.002048	0.014631	0.002890	0.003571
149	LdDocent_Contig_13140_367	0	1	0.994164	0.984269	0.005644	0.003828
149	LdDocent_Contig_13140_367	1	2	0.005836	0.015731	0.005644	0.003828
150	LdDocent_Contig_749_362	0	1	0.997881	0.977401	0.002985	0.004507
150	LdDocent_Contig_749_362	1	2	0.002119	0.022599	0.002985	0.004507
151	LdDocent_Contig_1684_333	0	1	0.010737	0.998635	0.006760	0.001117
151	LdDocent_Contig_1684_333	1	2	0.989263	0.001365	0.006760	0.001117
152	LdDocent_Contig_5189_370	0	2	0.992244	0.581892	0.006417	0.014906
152	LdDocent_Contig_5189_370	1	1	0.007756	0.418108	0.006417	0.014906
153	LdDocent_Contig_72512_412	0	1	0.607010	0.927797	0.031514	0.007845
153	LdDocent_Contig_72512_412	1	2	0.392990	0.072203	0.031514	0.007845
154	LdDocent_Contig_56003_57	0	1	0.013863	0.997758	0.007377	0.001417
154	LdDocent_Contig_56003_57	1	2	0.986137	0.002242	0.007377	0.001417
155	LdDocent_Contig_57511_116	0	1	0.965686	0.999554	0.011563	0.000629
155	LdDocent_Contig_57511_116	1	2	0.034314	0.000446	0.011563	0.000629
156	LdDocent_Contig_299_33	0	1	0.997834	0.991653	0.003051	0.002847
156	LdDocent_Contig_299_33	1	2	0.002166	0.008347	0.003051	0.002847
157	LdDocent_Contig_95935_391	0	1	0.841383	0.998586	0.023459	0.001152
157	LdDocent_Contig_95935_391	1	2	0.158617	0.001414	0.023459	0.001152
158	LdDocent_Contig_2394_385	0	1	0.997770	0.986164	0.003152	0.003606
158	LdDocent_Contig_2394_385	1	2	0.002230	0.013836	0.003152	0.003606
159	LdDocent_Contig_7734_485	0	1	0.944165	0.999495	0.015329	0.000712
159	LdDocent_Contig_7734_485	1	2	0.055835	0.000505	0.015329	0.000712
160	LdDocent_Contig_795_439	0	1	0.997907	0.986924	0.002950	0.003404
160	LdDocent_Contig_795_439	1	2	0.002093	0.013076	0.002950	0.003404
161	LdDocent_Contig_38822_362	0	1	0.997769	0.985006	0.003147	0.003776
161	LdDocent_Contig_38822_362	1	2	0.002231	0.014994	0.003147	0.003776
162	LdDocent_Contig_826_64	0	1	0.998104	0.956748	0.002674	0.005948
162	LdDocent_Contig_826_64	1	2	0.001896	0.043252	0.002674	0.005948
163	LdDocent_Contig_29337_450	0	1	0.997905	0.977983	0.002949	0.004689
163	LdDocent_Contig_29337_450	1	2	0.002095	0.022017	0.002949	0.004689
164	LdDocent_Contig_23377_446	0	1	0.997856	0.992765	0.003024	0.002630
164	LdDocent_Contig_23377_446	1	2	0.002144	0.007235	0.003024	0.002630
165	LdDocent_Contig_5506_480	0	1	0.997628	0.976313	0.003295	0.004846
165	LdDocent_Contig_5506_480	1	2	0.002372	0.023687	0.003295	0.004846
166	LdDocent_Contig_1263_350	0	1	0.996939	0.990808	0.004042	0.003030
166	LdDocent_Contig_1263_350	1	2	0.003061	0.009192	0.004042	0.003030
167	LdDocent_Contig_18843_117	0	1	0.993844	0.993231	0.004995	0.002459
167	LdDocent_Contig_18843_117	1	2	0.006156	0.006769	0.004995	0.002459
168	LdDocent_Contig_72303_51	0	1	0.997941	0.993189	0.002902	0.002477
168	LdDocent_Contig_72303_51	1	2	0.002059	0.006811	0.002902	0.002477
169	LdDocent_Contig_2075_487	0	1	0.997730	0.993216	0.003208	0.002654
169	LdDocent_Contig_2075_487	1	2	0.002270	0.006784	0.003208	0.002654
170	LdDocent_Contig_633_64	0	1	0.997676	0.971942	0.003278	0.005277
170	LdDocent_Contig_633_64	1	2	0.002324	0.028058	0.003278	0.005277
171	LdDocent_Contig_579_453	0	1	0.877257	0.999550	0.020449	0.000635
171	LdDocent_Contig_579_453	1	2	0.122743	0.000450	0.020449	0.000635
172	LdDocent_Contig_1418_406	0	1	0.997745	0.992738	0.003176	0.002640
172	LdDocent_Contig_1418_406	1	2	0.002255	0.007262	0.003176	0.002640
173	LdDocent_Contig_72884_89	0	1	0.934455	0.998663	0.015538	0.001092
173	LdDocent_Contig_72884_89	1	2	0.065545	0.001337	0.015538	0.001092
174	LdDocent_Contig_693_381	0	1	0.997583	0.982431	0.003395	0.004061
174	LdDocent_Contig_693_381	1	2	0.002417	0.017569	0.003395	0.004061
175	LdDocent_Contig_57890_429	0	1	0.997949	0.986262	0.002889	0.003462
175	LdDocent_Contig_57890_429	1	2	0.002051	0.013738	0.002889	0.003462
176	LdDocent_Contig_95200_92	0	1	0.997861	0.988134	0.003013	0.003334
176	LdDocent_Contig_95200_92	1	2	0.002139	0.011866	0.003013	0.003334
177	LdDocent_Contig_50075_322	0	1	0.235454	0.697592	0.027219	0.014244
177	LdDocent_Contig_50075_322	1	2	0.764546	0.302408	0.027219	0.014244
178	LdDocent_Contig_91691_466	0	1	0.996912	0.986196	0.004165	0.003768
178	LdDocent_Contig_91691_466	1	2	0.003088	0.013804	0.004165	0.003768
179	LdDocent_Contig_73998_480	0	1	0.997879	0.992860	0.002980	0.002595
179	LdDocent_Contig_73998_480	1	2	0.002121	0.007140	0.002980	0.002595
180	LdDocent_Contig_11759_29	0	1	0.993807	0.980613	0.006029	0.004232
180	LdDocent_Contig_11759_29	1	2	0.006193	0.019387	0.006029	0.004232
181	LdDocent_Contig_89475_470	0	1	0.799092	0.998657	0.026311	0.001096
181	LdDocent_Contig_89475_470	1	2	0.200908	0.001343	0.026311	0.001096
182	LdDocent_Contig_22979_369	0	1	0.977087	0.844654	0.012072	0.010936
182	LdDocent_Contig_22979_369	1	2	0.022913	0.155346	0.012072	0.010936
183	LdDocent_Contig_95282_414	0	1	0.919268	0.996863	0.017076	0.001675
183	LdDocent_Contig_95282_414	1	2	0.080732	0.003137	0.017076	0.001675
184	LdDocent_Contig_58182_29	0	1	0.997361	0.979915	0.003716	0.004281
184	LdDocent_Contig_58182_29	1	2	0.002639	0.020085	0.003716	0.004281
185	LdDocent_Contig_2056_493	0	1	0.933980	0.999527	0.016730	0.000668
185	LdDocent_Contig_2056_493	1	2	0.066020	0.000473	0.016730	0.000668
186	LdDocent_Contig_56622_436	0	1	0.722539	0.897390	0.028959	0.009114
186	LdDocent_Contig_56622_436	1	2	0.277461	0.102610	0.028959	0.009114
187	LdDocent_Contig_94840_462	0	1	0.997964	0.846691	0.002870	0.010501
187	LdDocent_Contig_94840_462	1	2	0.002036	0.153309	0.002870	0.010501
188	LdDocent_Contig_84367_434	0	1	0.992988	0.993213	0.005683	0.002650
188	LdDocent_Contig_84367_434	1	2	0.007012	0.006787	0.005683	0.002650
189	LdDocent_Contig_85138_21	0	1	0.992927	0.973174	0.005750	0.005138
189	LdDocent_Contig_85138_21	1	2	0.007073	0.026826	0.005750	0.005138
190	LdDocent_Contig_6938_455	0	1	0.993526	0.955975	0.005255	0.006514
190	LdDocent_Contig_6938_455	1	2	0.006474	0.044025	0.005255	0.006514
191	LdDocent_Contig_1756_66	0	1	0.998092	0.986015	0.002690	0.003410
191	LdDocent_Contig_1756_66	1	2	0.001908	0.013985	0.002690	0.003410
192	LdDocent_Contig_74332_136	0	1	0.998102	0.989321	0.002683	0.003002
192	LdDocent_Contig_74332_136	1	2	0.001898	0.010679	0.002683	0.003002
193	LdDocent_Contig_23362_351	0	1	0.997726	0.962747	0.003185	0.005678
193	LdDocent_Contig_23362_351	1	2	0.002274	0.037253	0.003185	0.005678
194	LdDocent_Contig_7718_137	0	1	0.998050	0.993287	0.002750	0.002438
194	LdDocent_Contig_7718_137	1	2	0.001950	0.006713	0.002750	0.002438
195	LdDocent_Contig_72722_48	0	1	0.857900	0.998622	0.024184	0.001126
195	LdDocent_Contig_72722_48	1	2	0.142100	0.001378	0.024184	0.001126
196	LdDocent_Contig_92_51	0	1	0.013920	0.995967	0.007400	0.001911
196	LdDocent_Contig_92_51	1	2	0.986080	0.004033	0.007400	0.001911
197	LdDocent_Contig_55980_330	0	1	0.990400	0.984365	0.007783	0.003816
197	LdDocent_Contig_55980_330	1	2	0.009600	0.015635	0.007783	0.003816
198	LdDocent_Contig_656_65	0	2	0.990236	0.814416	0.006122	0.011466
198	LdDocent_Contig_656_65	1	1	0.009764	0.185584	0.006122	0.011466
199	LdDocent_Contig_111_133	0	1	0.998064	0.860245	0.002735	0.010072
199	LdDocent_Contig_111_133	1	2	0.001936	0.139755	0.002735	0.010072
