999901_sweeps	1.000/0.000/0.000/0.000	0.000/0.000/0.000/1.000	0.000/0.500/0.500/0.000	0.250/0.250/0.250/0.250	0.500/0.250/0.250/0.000	0.000/0.250/0.250/0.500
1	0.00000	0.99870	0.00000	0.00000	0.00000	0.00130
2	0.00000	0.99993	0.00000	0.00000	0.00000	0.00007
3	0.00000	0.99969	0.00000	0.00000	0.00000	0.00031
4	0.00000	0.86565	0.00000	0.01274	0.00000	0.12161
5	0.00000	0.99999	0.00000	0.00000	0.00000	0.00001
6	0.00000	0.99921	0.00000	0.00000	0.00000	0.00079
7	0.00000	0.99517	0.00000	0.00000	0.00000	0.00483
8	0.00000	0.98517	0.00000	0.00000	0.00000	0.01483
9	0.00000	0.99913	0.00000	0.00000	0.00000	0.00087
10	0.00002	0.00000	0.00000	0.00399	0.99600	0.00000
11	0.99983	0.00000	0.00000	0.00000	0.00017	0.00000
12	0.00000	0.92203	0.00000	0.00354	0.00000	0.07443
13	0.00000	0.99997	0.00000	0.00000	0.00000	0.00003
14	0.00000	0.99991	0.00000	0.00000	0.00000	0.00009
15	0.00000	0.99991	0.00000	0.00000	0.00000	0.00009
16	0.00000	0.97740	0.00000	0.00024	0.00000	0.02236
17	0.99988	0.00000	0.00000	0.00000	0.00012	0.00000
18	0.91142	0.00000	0.00002	0.00727	0.08128	0.00000
19	0.00000	0.97172	0.00000	0.00054	0.00000	0.02774
20	0.99945	0.00000	0.00000	0.00000	0.00055	0.00000
21	0.02564	0.00442	0.11898	0.44242	0.12103	0.28752
22	0.00000	0.99860	0.00000	0.00000	0.00000	0.00139
23	0.99945	0.00000	0.00000	0.00000	0.00055	0.00000
24	0.99999	0.00000	0.00000	0.00000	0.00001	0.00000
25	0.99958	0.00000	0.00000	0.00000	0.00042	0.00000
26	0.00000	0.99921	0.00000	0.00000	0.00000	0.00079
27	0.00000	0.99994	0.00000	0.00000	0.00000	0.00006
28	0.00000	0.98604	0.00000	0.00000	0.00000	0.01396
29	0.00000	0.99953	0.00000	0.00000	0.00000	0.00047
30	0.99958	0.00000	0.00000	0.00000	0.00042	0.00000
31	0.99999	0.00000	0.00000	0.00000	0.00001	0.00000
32	0.00000	0.94007	0.00000	0.00247	0.00000	0.05747
33	0.99571	0.00000	0.00000	0.00001	0.00428	0.00000
34	0.00000	0.67790	0.00011	0.06939	0.00002	0.25258
35	0.00000	0.98697	0.00000	0.00010	0.00000	0.01293
36	0.00000	0.99991	0.00000	0.00000	0.00000	0.00009
37	0.99996	0.00000	0.00000	0.00000	0.00004	0.00000
38	0.99998	0.00000	0.00000	0.00000	0.00002	0.00000
39	0.00000	0.99994	0.00000	0.00000	0.00000	0.00006
40	0.00000	0.99998	0.00000	0.00000	0.00000	0.00002
41	0.00000	0.99996	0.00000	0.00000	0.00000	0.00004
42	0.00000	0.99841	0.00000	0.00000	0.00000	0.00159
43	0.04656	0.00000	0.00000	0.00070	0.95274	0.00000
44	0.00000	0.99996	0.00000	0.00000	0.00000	0.00004
45	0.99996	0.00000	0.00000	0.00000	0.00004	0.00000
46	0.00000	0.99986	0.00000	0.00000	0.00000	0.00014
47	0.00000	0.99994	0.00000	0.00000	0.00000	0.00006
48	0.99992	0.00000	0.00000	0.00000	0.00008	0.00000
49	0.99944	0.00000	0.00000	0.00000	0.00056	0.00000
50	0.00000	0.91848	0.00000	0.00480	0.00000	0.07672
51	0.00000	0.99989	0.00000	0.00000	0.00000	0.00011
52	0.00000	0.99994	0.00000	0.00000	0.00000	0.00006
53	0.57508	0.00000	0.00000	0.04032	0.38460	0.00000
54	0.00000	0.99940	0.00000	0.00000	0.00000	0.00060
55	0.00000	0.99999	0.00000	0.00000	0.00000	0.00001
56	0.96302	0.00000	0.00000	0.00083	0.03614	0.00000
57	0.00000	0.99971	0.00000	0.00000	0.00000	0.00029
58	0.00000	0.99985	0.00000	0.00000	0.00000	0.00015
59	0.00000	0.99509	0.00000	0.00001	0.00000	0.00490
60	0.00000	0.99994	0.00000	0.00000	0.00000	0.00006
61	0.00000	0.99997	0.00000	0.00000	0.00000	0.00003
62	0.00000	0.99969	0.00000	0.00000	0.00000	0.00031
63	0.00000	0.99997	0.00000	0.00000	0.00000	0.00003
64	0.00000	0.99995	0.00000	0.00000	0.00000	0.00005
65	0.00000	0.99997	0.00000	0.00000	0.00000	0.00003
66	0.99967	0.00000	0.00000	0.00000	0.00033	0.00000
67	0.00000	0.99980	0.00000	0.00000	0.00000	0.00020
68	0.00000	0.99984	0.00000	0.00000	0.00000	0.00016
69	0.00000	0.62681	0.00913	0.08376	0.00154	0.27876
70	0.00000	0.98760	0.00000	0.00010	0.00000	0.01230
71	0.00000	0.88919	0.00000	0.00008	0.00000	0.11073
72	0.00000	0.99997	0.00000	0.00000	0.00000	0.00003
73	0.00000	0.97394	0.00000	0.00012	0.00000	0.02593
74	0.00000	0.99994	0.00000	0.00000	0.00000	0.00006
75	0.00000	0.99966	0.00000	0.00000	0.00000	0.00034
76	0.00000	0.99939	0.00000	0.00000	0.00000	0.00061
77	0.99997	0.00000	0.00000	0.00000	0.00003	0.00000
78	0.99935	0.00000	0.00000	0.00000	0.00065	0.00000
79	0.99925	0.00000	0.00000	0.00000	0.00075	0.00000
80	0.00000	0.55249	0.00000	0.00564	0.00000	0.44187
81	0.00000	0.99472	0.00000	0.00000	0.00000	0.00528
82	0.68706	0.00000	0.00080	0.07908	0.23277	0.00027
83	0.99999	0.00000	0.00000	0.00000	0.00001	0.00000
84	0.00000	0.99980	0.00000	0.00000	0.00000	0.00020
85	1.00000	0.00000	0.00000	0.00000	0.00000	0.00000
86	0.99996	0.00000	0.00000	0.00000	0.00004	0.00000
87	0.00000	0.99991	0.00000	0.00000	0.00000	0.00009
88	0.99999	0.00000	0.00000	0.00000	0.00001	0.00000
89	0.00000	0.99703	0.00000	0.00000	0.00000	0.00296
90	0.00000	1.00000	0.00000	0.00000	0.00000	0.00000
91	0.92800	0.00000	0.00000	0.00561	0.06640	0.00000
92	0.00000	0.00000	0.00001	0.00158	0.00000	0.99842
93	0.00000	0.99554	0.00000	0.00000	0.00000	0.00445
94	0.97989	0.00000	0.00000	0.00011	0.02000	0.00000
95	0.00000	0.99989	0.00000	0.00000	0.00000	0.00011
96	0.00000	0.99820	0.00000	0.00000	0.00000	0.00180
97	0.99986	0.00000	0.00000	0.00000	0.00014	0.00000
98	0.00000	0.36404	0.00000	0.00017	0.00000	0.63578
99	0.00490	0.15595	0.26296	0.20008	0.17062	0.20549
100	0.00000	0.99979	0.00000	0.00000	0.00000	0.00021
101	0.00000	0.43723	0.00000	0.00018	0.00000	0.56258
102	0.00000	0.99888	0.00000	0.00000	0.00000	0.00112
103	0.00000	0.99996	0.00000	0.00000	0.00000	0.00004
104	0.00000	0.99999	0.00000	0.00000	0.00000	0.00001
105	0.00000	0.81212	0.00002	0.02007	0.00000	0.16780
106	0.00000	0.99494	0.00000	0.00000	0.00000	0.00506
107	0.00000	0.99998	0.00000	0.00000	0.00000	0.00002
108	0.99932	0.00000	0.00000	0.00000	0.00068	0.00000
109	0.00000	0.99998	0.00000	0.00000	0.00000	0.00002
110	0.00000	0.99998	0.00000	0.00000	0.00000	0.00002
111	0.00000	0.99995	0.00000	0.00000	0.00000	0.00005
112	0.99724	0.00000	0.00000	0.00000	0.00276	0.00000
113	0.99677	0.00000	0.00000	0.00001	0.00323	0.00000
114	0.00000	0.99994	0.00000	0.00000	0.00000	0.00006
115	0.00000	0.99978	0.00000	0.00000	0.00000	0.00022
116	0.00001	0.00000	0.00000	0.00366	0.99633	0.00000
117	0.00000	0.99991	0.00000	0.00000	0.00000	0.00009
118	0.99995	0.00000	0.00000	0.00000	0.00005	0.00000
119	0.99971	0.00000	0.00000	0.00000	0.00029	0.00000
120	0.00000	0.99993	0.00000	0.00000	0.00000	0.00007
121	0.00000	0.99066	0.00000	0.00000	0.00000	0.00934
122	0.00000	0.99991	0.00000	0.00000	0.00000	0.00009
123	0.64290	0.00000	0.00141	0.10079	0.25434	0.00056
124	0.00000	0.99969	0.00000	0.00000	0.00000	0.00031
125	0.00000	0.96777	0.00000	0.00046	0.00000	0.03177
126	0.00000	0.99993	0.00000	0.00000	0.00000	0.00007
127	0.00000	0.99965	0.00000	0.00000	0.00000	0.00035
128	0.00000	0.99811	0.00000	0.00000	0.00000	0.00189
129	0.00000	0.99831	0.00000	0.00000	0.00000	0.00169
130	0.00000	0.12518	0.00000	0.01652	0.00000	0.85830
131	0.99990	0.00000	0.00000	0.00000	0.00010	0.00000
132	0.00000	0.99996	0.00000	0.00000	0.00000	0.00004
133	0.00000	0.99892	0.00000	0.00000	0.00000	0.00108
134	0.00000	0.99993	0.00000	0.00000	0.00000	0.00007
135	0.00000	1.00000	0.00000	0.00000	0.00000	0.00000
136	0.00000	0.99999	0.00000	0.00000	0.00000	0.00001
137	0.00000	0.99971	0.00000	0.00000	0.00000	0.00029
138	0.99848	0.00000	0.00000	0.00000	0.00152	0.00000
139	0.98347	0.00000	0.00000	0.00000	0.01652	0.00000
140	0.99996	0.00000	0.00000	0.00000	0.00004	0.00000
141	0.00000	0.00000	0.00262	0.95449	0.03557	0.00732
142	0.14247	0.00000	0.00000	0.00042	0.85712	0.00000
143	0.00000	0.99989	0.00000	0.00000	0.00000	0.00011
144	0.99620	0.00000	0.00000	0.00000	0.00380	0.00000
145	0.99999	0.00000	0.00000	0.00000	0.00001	0.00000
146	0.99999	0.00000	0.00000	0.00000	0.00001	0.00000
147	0.99990	0.00000	0.00000	0.00000	0.00010	0.00000
148	0.99999	0.00000	0.00000	0.00000	0.00001	0.00000
149	0.99976	0.00000	0.00000	0.00000	0.00024	0.00000
150	0.99996	0.00000	0.00000	0.00000	0.00004	0.00000
151	0.00000	0.99222	0.00000	0.00002	0.00000	0.00776
152	0.00075	0.36218	0.15455	0.15203	0.05753	0.27297
153	0.00000	0.98678	0.00000	0.00009	0.00000	0.01313
154	0.00000	0.99972	0.00000	0.00000	0.00000	0.00028
155	0.00000	0.98780	0.00000	0.00003	0.00000	0.01218
156	0.00000	0.99964	0.00000	0.00000	0.00000	0.00036
157	0.00000	0.99997	0.00000	0.00000	0.00000	0.00003
158	0.00000	1.00000	0.00000	0.00000	0.00000	0.00000
159	0.00000	0.99992	0.00000	0.00000	0.00000	0.00008
160	0.00000	0.99911	0.00000	0.00000	0.00000	0.00089
161	0.00000	0.99994	0.00000	0.00000	0.00000	0.00006
162	0.99800	0.00000	0.00000	0.00000	0.00200	0.00000
163	0.00000	0.99952	0.00000	0.00000	0.00000	0.00048
164	0.00000	0.99950	0.00000	0.00000	0.00000	0.00050
165	0.00001	0.49447	0.11629	0.08087	0.01356	0.29480
166	0.99993	0.00000	0.00000	0.00000	0.00007	0.00000
167	0.99999	0.00000	0.00000	0.00000	0.00001	0.00000
168	0.99991	0.00000	0.00000	0.00000	0.00009	0.00000
169	0.00000	0.99986	0.00000	0.00000	0.00000	0.00014
170	0.00000	0.99107	0.00000	0.00003	0.00000	0.00890
171	0.00000	0.93105	0.00000	0.00032	0.00000	0.06862
172	0.00000	0.96757	0.00000	0.00001	0.00000	0.03242
173	0.99964	0.00000	0.00000	0.00000	0.00036	0.00000
174	0.00000	0.99994	0.00000	0.00000	0.00000	0.00006
175	0.00000	0.99955	0.00000	0.00000	0.00000	0.00045
176	0.00000	0.99992	0.00000	0.00000	0.00000	0.00008
177	0.00000	1.00000	0.00000	0.00000	0.00000	0.00000
178	0.99996	0.00000	0.00000	0.00000	0.00004	0.00000
179	0.99978	0.00000	0.00000	0.00000	0.00022	0.00000
180	0.00000	0.99995	0.00000	0.00000	0.00000	0.00005
181	0.00000	0.99945	0.00000	0.00000	0.00000	0.00055
182	0.97297	0.00000	0.00000	0.00058	0.02644	0.00000
183	0.00000	0.99997	0.00000	0.00000	0.00000	0.00003
184	0.00000	0.99996	0.00000	0.00000	0.00000	0.00004
185	0.00000	0.99826	0.00000	0.00000	0.00000	0.00174
186	0.99973	0.00000	0.00000	0.00000	0.00027	0.00000
187	0.00000	0.24266	0.00000	0.00450	0.00000	0.75283
188	0.00000	0.99990	0.00000	0.00000	0.00000	0.00010
189	0.00000	0.99974	0.00000	0.00000	0.00000	0.00026
190	0.00000	0.99466	0.00000	0.00001	0.00000	0.00533
191	0.99999	0.00000	0.00000	0.00000	0.00001	0.00000
192	0.99999	0.00000	0.00000	0.00000	0.00001	0.00000
193	0.99992	0.00000	0.00000	0.00000	0.00008	0.00000
194	0.00000	0.99989	0.00000	0.00000	0.00000	0.00011
195	0.00000	0.99999	0.00000	0.00000	0.00000	0.00001
196	0.00000	0.99969	0.00000	0.00000	0.00000	0.00031
197	0.00000	0.99517	0.00000	0.00002	0.00000	0.00481
198	0.00000	0.99984	0.00000	0.00000	0.00000	0.00016
199	0.00000	0.99881	0.00000	0.00000	0.00000	0.00119
200	0.00000	0.00000	0.42824	0.07302	0.00000	0.49874
201	0.00000	1.00000	0.00000	0.00000	0.00000	0.00000
202	0.00000	0.99987	0.00000	0.00000	0.00000	0.00013
203	0.00000	0.97796	0.00000	0.00033	0.00000	0.02172
204	0.00000	0.99940	0.00000	0.00000	0.00000	0.00060
205	0.00000	0.99997	0.00000	0.00000	0.00000	0.00003
206	0.00000	0.99992	0.00000	0.00000	0.00000	0.00008
207	0.00000	1.00000	0.00000	0.00000	0.00000	0.00000
208	0.00000	0.99989	0.00000	0.00000	0.00000	0.00011
209	0.00000	0.99861	0.00000	0.00000	0.00000	0.00139
210	0.00000	0.99938	0.00000	0.00000	0.00000	0.00062
211	0.00000	0.92091	0.00000	0.00000	0.00000	0.07909
212	0.00000	0.99999	0.00000	0.00000	0.00000	0.00001
213	0.99998	0.00000	0.00000	0.00000	0.00002	0.00000
214	0.99897	0.00000	0.00000	0.00000	0.00103	0.00000
215	0.00000	0.99996	0.00000	0.00000	0.00000	0.00004
216	0.00000	0.99999	0.00000	0.00000	0.00000	0.00001
217	0.00000	0.99985	0.00000	0.00000	0.00000	0.00015
218	0.00000	0.99997	0.00000	0.00000	0.00000	0.00003
219	0.00000	0.99980	0.00000	0.00000	0.00000	0.00020
220	0.00006	0.47168	0.04793	0.15269	0.01572	0.31193
221	0.00000	0.99991	0.00000	0.00000	0.00000	0.00009
222	0.00000	0.99962	0.00000	0.00000	0.00000	0.00038
223	0.00000	0.97851	0.00000	0.00030	0.00000	0.02118
224	0.00000	0.99993	0.00000	0.00000	0.00000	0.00007
225	0.00000	0.99999	0.00000	0.00000	0.00000	0.00001
226	0.99997	0.00000	0.00000	0.00000	0.00003	0.00000
227	0.00000	0.99961	0.00000	0.00000	0.00000	0.00039
228	0.00000	0.80695	0.00000	0.02559	0.00000	0.16745
229	0.94262	0.00000	0.00000	0.00314	0.05424	0.00000
230	0.00000	0.99999	0.00000	0.00000	0.00000	0.00001
231	0.00000	0.99998	0.00000	0.00000	0.00000	0.00002
232	0.00000	0.97986	0.00000	0.00026	0.00000	0.01988
233	0.99990	0.00000	0.00000	0.00000	0.00010	0.00000
234	0.00000	0.99906	0.00000	0.00000	0.00000	0.00094
235	0.00000	0.99996	0.00000	0.00000	0.00000	0.00004
236	0.00000	0.99997	0.00000	0.00000	0.00000	0.00003
237	0.00000	0.99998	0.00000	0.00000	0.00000	0.00002
238	0.00000	0.99940	0.00000	0.00000	0.00000	0.00060
239	0.99992	0.00000	0.00000	0.00000	0.00008	0.00000
240	1.00000	0.00000	0.00000	0.00000	0.00000	0.00000
241	0.99993	0.00000	0.00000	0.00000	0.00007	0.00000
242	0.99991	0.00000	0.00000	0.00000	0.00009	0.00000
243	0.00000	0.99560	0.00000	0.00000	0.00000	0.00440
244	0.99837	0.00000	0.00000	0.00000	0.00163	0.00000
245	0.99373	0.00000	0.00000	0.00000	0.00627	0.00000
246	0.00000	0.99806	0.00000	0.00000	0.00000	0.00194
247	0.00000	0.99993	0.00000	0.00000	0.00000	0.00007
248	0.00000	0.99990	0.00000	0.00000	0.00000	0.00010
249	0.00000	0.99551	0.00000	0.00000	0.00000	0.00449
250	0.00000	0.99999	0.00000	0.00000	0.00000	0.00001
251	0.00000	0.99969	0.00000	0.00000	0.00000	0.00031
252	0.00000	0.99995	0.00000	0.00000	0.00000	0.00005
253	0.00000	0.99931	0.00000	0.00000	0.00000	0.00069
254	0.00000	0.99989	0.00000	0.00000	0.00000	0.00011
255	0.00000	0.99962	0.00000	0.00000	0.00000	0.00038
256	0.00000	0.99941	0.00000	0.00000	0.00000	0.00059
257	0.00000	0.99985	0.00000	0.00000	0.00000	0.00015
258	0.00000	0.99993	0.00000	0.00000	0.00000	0.00007
259	0.00000	0.99996	0.00000	0.00000	0.00000	0.00004
260	0.00000	0.95558	0.00000	0.00127	0.00000	0.04314
261	0.00000	0.99986	0.00000	0.00000	0.00000	0.00014
262	0.00000	0.99944	0.00000	0.00000	0.00000	0.00056
263	0.00000	0.99997	0.00000	0.00000	0.00000	0.00003
264	0.00000	0.99998	0.00000	0.00000	0.00000	0.00002
265	0.00000	0.80488	0.00000	0.02730	0.00000	0.16782
266	0.00000	0.99946	0.00000	0.00000	0.00000	0.00054
267	0.00000	0.99796	0.00000	0.00000	0.00000	0.00204
268	0.00000	0.99961	0.00000	0.00000	0.00000	0.00039
269	0.00000	0.99979	0.00000	0.00000	0.00000	0.00021
270	0.00000	0.99994	0.00000	0.00000	0.00000	0.00006
271	0.00000	0.99989	0.00000	0.00000	0.00000	0.00011
272	0.00000	0.99965	0.00000	0.00000	0.00000	0.00035
273	0.00000	0.99999	0.00000	0.00000	0.00000	0.00001
274	0.00000	0.99998	0.00000	0.00000	0.00000	0.00002
275	0.00000	0.99998	0.00000	0.00000	0.00000	0.00002
276	0.00000	0.99991	0.00000	0.00000	0.00000	0.00009
277	0.00000	0.99997	0.00000	0.00000	0.00000	0.00003
278	0.00000	0.99973	0.00000	0.00000	0.00000	0.00027
279	0.00000	0.99994	0.00000	0.00000	0.00000	0.00006
280	0.00000	0.99599	0.00000	0.00000	0.00000	0.00401
281	0.00000	0.99971	0.00000	0.00000	0.00000	0.00029
282	0.00000	0.99304	0.00000	0.00000	0.00000	0.00696
283	0.99999	0.00000	0.00000	0.00000	0.00001	0.00000
284	0.00000	0.99733	0.00000	0.00000	0.00000	0.00267
285	0.00000	0.99959	0.00000	0.00000	0.00000	0.00041
286	0.00000	0.99959	0.00000	0.00000	0.00000	0.00041
287	0.00000	1.00000	0.00000	0.00000	0.00000	0.00000
288	0.00000	0.99986	0.00000	0.00000	0.00000	0.00014
289	0.00000	0.99998	0.00000	0.00000	0.00000	0.00002
290	0.00000	0.99819	0.00000	0.00000	0.00000	0.00181
291	0.00000	0.99982	0.00000	0.00000	0.00000	0.00018
292	0.00000	0.95004	0.00000	0.00008	0.00000	0.04988
293	0.00000	0.99963	0.00000	0.00000	0.00000	0.00037
294	0.00000	1.00000	0.00000	0.00000	0.00000	0.00000
295	0.00000	0.99980	0.00000	0.00000	0.00000	0.00020
296	0.99959	0.00000	0.00000	0.00000	0.00041	0.00000
297	0.00000	0.99988	0.00000	0.00000	0.00000	0.00012
298	0.00000	0.93448	0.00001	0.00340	0.00000	0.06212
299	0.99994	0.00000	0.00000	0.00000	0.00006	0.00000
300	0.00000	0.93505	0.00000	0.00002	0.00000	0.06493
301	0.00000	0.99976	0.00000	0.00000	0.00000	0.00024
302	0.00000	0.99992	0.00000	0.00000	0.00000	0.00008
303	0.00000	0.99989	0.00000	0.00000	0.00000	0.00011
304	0.00000	0.99996	0.00000	0.00000	0.00000	0.00004
305	0.00000	0.99997	0.00000	0.00000	0.00000	0.00003
306	0.00000	0.99932	0.00000	0.00000	0.00000	0.00068
307	0.00000	1.00000	0.00000	0.00000	0.00000	0.00000
308	0.00000	0.99999	0.00000	0.00000	0.00000	0.00001
309	0.00000	0.99978	0.00000	0.00000	0.00000	0.00022
310	0.00000	0.99976	0.00000	0.00000	0.00000	0.00024
311	0.00000	0.61405	0.00279	0.09846	0.00066	0.28404
312	0.00000	0.99998	0.00000	0.00000	0.00000	0.00002
313	0.00000	1.00000	0.00000	0.00000	0.00000	0.00000
314	0.00000	0.99987	0.00000	0.00000	0.00000	0.00013
315	0.00000	0.99992	0.00000	0.00000	0.00000	0.00008
316	0.00000	0.99998	0.00000	0.00000	0.00000	0.00002
317	0.00000	0.99996	0.00000	0.00000	0.00000	0.00004
318	0.00000	0.99986	0.00000	0.00000	0.00000	0.00014
319	0.00000	0.99933	0.00000	0.00000	0.00000	0.00067
320	0.00000	0.99921	0.00000	0.00000	0.00000	0.00079
321	0.00000	0.99817	0.00000	0.00000	0.00000	0.00182
322	0.00000	0.99996	0.00000	0.00000	0.00000	0.00004
323	0.00000	0.99715	0.00000	0.00000	0.00000	0.00285
324	0.00000	0.99998	0.00000	0.00000	0.00000	0.00002
325	0.00000	0.99481	0.00000	0.00000	0.00000	0.00519
326	0.00000	0.99445	0.00000	0.00002	0.00000	0.00553
327	0.00000	0.99995	0.00000	0.00000	0.00000	0.00005
328	0.00000	0.99997	0.00000	0.00000	0.00000	0.00003
329	0.00000	0.99992	0.00000	0.00000	0.00000	0.00008
330	0.00000	0.96083	0.00000	0.00110	0.00000	0.03806
331	0.00000	0.99998	0.00000	0.00000	0.00000	0.00002
332	0.00000	0.99994	0.00000	0.00000	0.00000	0.00006
333	0.00000	0.99754	0.00000	0.00000	0.00000	0.00246
334	0.00000	0.99460	0.00000	0.00000	0.00000	0.00540
335	0.00000	0.99974	0.00000	0.00000	0.00000	0.00026
336	0.00236	0.24489	0.22844	0.17394	0.11018	0.24020
337	0.00000	0.99682	0.00000	0.00000	0.00000	0.00318
338	0.00000	0.99984	0.00000	0.00000	0.00000	0.00016
339	0.00000	0.99997	0.00000	0.00000	0.00000	0.00003
340	0.00000	0.00000	0.80355	0.00473	0.00000	0.19172
341	0.00000	0.99998	0.00000	0.00000	0.00000	0.00002
342	0.00000	0.99839	0.00000	0.00000	0.00000	0.00161
343	0.00000	0.01972	0.00000	0.00004	0.00000	0.98024
344	0.00000	0.99998	0.00000	0.00000	0.00000	0.00002
345	0.00000	0.99985	0.00000	0.00000	0.00000	0.00015
346	0.00000	0.99038	0.00000	0.00007	0.00000	0.00955
347	0.00000	0.02784	0.00000	0.00028	0.00000	0.97188
348	0.00000	0.99943	0.00000	0.00000	0.00000	0.00057
349	0.00000	0.99970	0.00000	0.00000	0.00000	0.00030
350	0.00000	0.99967	0.00000	0.00000	0.00000	0.00033
351	0.00000	0.99144	0.00000	0.00003	0.00000	0.00854
352	0.00000	0.99960	0.00000	0.00000	0.00000	0.00040
353	0.00000	0.98992	0.00000	0.00007	0.00000	0.01000
354	0.00001	0.49371	0.01388	0.16035	0.00454	0.32751
355	0.99996	0.00000	0.00000	0.00000	0.00004	0.00000
356	0.00000	0.99999	0.00000	0.00000	0.00000	0.00001
357	0.00000	0.99991	0.00000	0.00000	0.00000	0.00009
358	0.00251	0.23880	0.23291	0.17439	0.11380	0.23759
359	0.00000	0.99998	0.00000	0.00000	0.00000	0.00002
360	0.00000	0.99047	0.00000	0.00001	0.00000	0.00952
361	0.99981	0.00000	0.00000	0.00000	0.00019	0.00000
362	0.99959	0.00000	0.00000	0.00000	0.00041	0.00000
363	0.00000	0.99975	0.00000	0.00000	0.00000	0.00025
364	0.00000	0.99960	0.00000	0.00000	0.00000	0.00040
365	0.00000	0.99423	0.00000	0.00000	0.00000	0.00577
366	0.00000	0.99975	0.00000	0.00000	0.00000	0.00025
367	0.00000	0.99992	0.00000	0.00000	0.00000	0.00008
368	0.98294	0.00000	0.00000	0.00000	0.01706	0.00000
369	0.00000	0.99981	0.00000	0.00000	0.00000	0.00019
370	0.00000	0.99951	0.00000	0.00000	0.00000	0.00049
371	0.00000	0.99883	0.00000	0.00000	0.00000	0.00117
372	0.00000	0.99986	0.00000	0.00000	0.00000	0.00014
373	0.00000	0.92997	0.00000	0.00312	0.00000	0.06691
374	0.99957	0.00000	0.00000	0.00000	0.00043	0.00000
375	0.00000	0.99964	0.00000	0.00000	0.00000	0.00036
376	0.00256	0.23712	0.23494	0.17394	0.11485	0.23658
377	0.99946	0.00000	0.00000	0.00000	0.00054	0.00000
378	0.99785	0.00000	0.00000	0.00000	0.00215	0.00000
379	0.00000	0.99973	0.00000	0.00000	0.00000	0.00027
380	0.00000	0.99999	0.00000	0.00000	0.00000	0.00001
381	0.00000	0.99961	0.00000	0.00000	0.00000	0.00039
382	0.99885	0.00000	0.00000	0.00000	0.00115	0.00000
383	0.00000	0.99940	0.00000	0.00000	0.00000	0.00060
384	0.00000	0.99984	0.00000	0.00000	0.00000	0.00016
385	0.00000	0.99977	0.00000	0.00000	0.00000	0.00023
386	0.00000	0.99888	0.00000	0.00000	0.00000	0.00112
387	0.99087	0.00000	0.00000	0.00005	0.00908	0.00000
388	0.00000	0.99997	0.00000	0.00000	0.00000	0.00003
389	0.00000	0.99998	0.00000	0.00000	0.00000	0.00002
390	0.00000	1.00000	0.00000	0.00000	0.00000	0.00000
391	0.00000	0.96858	0.00000	0.00061	0.00000	0.03081
392	0.00000	0.41264	0.00000	0.28002	0.00000	0.30734
393	0.00000	0.99947	0.00000	0.00000	0.00000	0.00053
394	0.00000	0.99295	0.00000	0.00000	0.00000	0.00705
395	0.00000	0.99993	0.00000	0.00000	0.00000	0.00007
396	0.00000	0.99927	0.00000	0.00000	0.00000	0.00073
397	0.00000	0.99964	0.00000	0.00000	0.00000	0.00036
398	0.00000	0.56183	0.00454	0.12454	0.00123	0.30786
399	0.00000	0.99950	0.00000	0.00000	0.00000	0.00050
400	0.00000	0.99983	0.00000	0.00000	0.00000	0.00017
401	0.00000	0.67911	0.00513	0.06463	0.00084	0.25030
402	0.00000	0.99997	0.00000	0.00000	0.00000	0.00003
403	0.00000	0.99998	0.00000	0.00000	0.00000	0.00002
404	0.00000	0.99886	0.00000	0.00000	0.00000	0.00114
405	0.00000	0.98198	0.00000	0.00004	0.00000	0.01798
406	0.00000	0.98315	0.00000	0.00000	0.00000	0.01685
407	0.00000	0.99997	0.00000	0.00000	0.00000	0.00003
408	0.00000	1.00000	0.00000	0.00000	0.00000	0.00000
409	0.00000	0.99972	0.00000	0.00000	0.00000	0.00028
410	0.00000	0.99982	0.00000	0.00000	0.00000	0.00018
411	0.99985	0.00000	0.00000	0.00000	0.00015	0.00000
412	0.00000	1.00000	0.00000	0.00000	0.00000	0.00000
413	0.00000	0.99989	0.00000	0.00000	0.00000	0.00011
414	0.00000	0.99999	0.00000	0.00000	0.00000	0.00001
415	0.00000	0.83852	0.00000	0.01594	0.00000	0.14554
416	0.00000	0.99996	0.00000	0.00000	0.00000	0.00004
417	0.00000	0.99971	0.00000	0.00000	0.00000	0.00029
418	0.00000	0.99966	0.00000	0.00000	0.00000	0.00034
419	0.00000	0.99991	0.00000	0.00000	0.00000	0.00009
420	0.00000	0.99984	0.00000	0.00000	0.00000	0.00016
421	0.00000	0.99998	0.00000	0.00000	0.00000	0.00002
422	0.00000	0.97499	0.00000	0.00040	0.00000	0.02461
423	0.00000	0.98701	0.00000	0.00012	0.00000	0.01287
424	0.00000	0.99796	0.00000	0.00000	0.00000	0.00204
425	0.00000	0.99997	0.00000	0.00000	0.00000	0.00003
426	0.00000	0.99866	0.00000	0.00000	0.00000	0.00134
427	0.00000	0.99974	0.00000	0.00000	0.00000	0.00026
428	0.00000	0.99968	0.00000	0.00000	0.00000	0.00032
429	0.00000	0.99987	0.00000	0.00000	0.00000	0.00013
430	0.00000	0.99971	0.00000	0.00000	0.00000	0.00029
431	0.00000	0.99998	0.00000	0.00000	0.00000	0.00002
432	0.00000	0.99979	0.00000	0.00000	0.00000	0.00021
433	0.00000	0.99979	0.00000	0.00000	0.00000	0.00021
434	0.00000	0.76812	0.00001	0.02752	0.00000	0.20434
435	0.00000	0.99997	0.00000	0.00000	0.00000	0.00003
436	0.99998	0.00000	0.00000	0.00000	0.00002	0.00000
437	0.00000	0.99959	0.00000	0.00000	0.00000	0.00041
438	0.00000	0.99987	0.00000	0.00000	0.00000	0.00013
439	0.00000	0.99995	0.00000	0.00000	0.00000	0.00005
440	0.00000	0.99143	0.00000	0.00000	0.00000	0.00857
441	0.00000	0.99997	0.00000	0.00000	0.00000	0.00003
442	0.00000	0.99342	0.00000	0.00000	0.00000	0.00658
443	0.00000	0.99773	0.00000	0.00000	0.00000	0.00227
444	0.00000	0.99963	0.00000	0.00000	0.00000	0.00037
445	0.00000	0.99313	0.00000	0.00000	0.00000	0.00687
446	0.00000	0.99989	0.00000	0.00000	0.00000	0.00011
447	0.00000	0.99985	0.00000	0.00000	0.00000	0.00015
448	0.00000	0.99493	0.00000	0.00000	0.00000	0.00507
449	0.00000	0.99940	0.00000	0.00000	0.00000	0.00060
450	0.00000	0.97631	0.00000	0.00001	0.00000	0.02368
451	0.00000	0.99994	0.00000	0.00000	0.00000	0.00006
452	0.00000	0.71115	0.00329	0.05495	0.00053	0.23008
453	0.00000	0.89848	0.00000	0.00021	0.00000	0.10131
454	0.00000	0.99998	0.00000	0.00000	0.00000	0.00002
455	0.00000	0.99415	0.00000	0.00002	0.00000	0.00583
456	0.00000	1.00000	0.00000	0.00000	0.00000	0.00000
457	0.00000	0.99718	0.00000	0.00000	0.00000	0.00282
458	0.00000	0.99999	0.00000	0.00000	0.00000	0.00001
459	0.00000	0.99930	0.00000	0.00000	0.00000	0.00070
460	0.99990	0.00000	0.00000	0.00000	0.00010	0.00000
461	0.00000	0.98751	0.00000	0.00001	0.00000	0.01247
462	0.00000	0.99991	0.00000	0.00000	0.00000	0.00009
463	0.00000	0.72917	0.00020	0.06056	0.00006	0.21000
464	0.99997	0.00000	0.00000	0.00000	0.00003	0.00000
465	0.00000	0.99998	0.00000	0.00000	0.00000	0.00002
466	0.00000	0.99989	0.00000	0.00000	0.00000	0.00011
467	0.00000	0.80907	0.00055	0.02152	0.00003	0.16882
468	0.00000	0.99346	0.00000	0.00000	0.00000	0.00654
469	0.00000	0.99991	0.00000	0.00000	0.00000	0.00009
470	0.00000	0.99285	0.00000	0.00003	0.00000	0.00713
471	0.00000	0.99373	0.00000	0.00000	0.00000	0.00627
472	0.00000	0.99996	0.00000	0.00000	0.00000	0.00004
473	0.00000	0.99963	0.00000	0.00000	0.00000	0.00037
474	0.00000	0.85509	0.00001	0.01464	0.00000	0.13026
475	0.00000	0.98960	0.00000	0.00001	0.00000	0.01039
476	0.00000	0.99992	0.00000	0.00000	0.00000	0.00008
477	0.00000	0.99997	0.00000	0.00000	0.00000	0.00003
478	0.00000	0.99986	0.00000	0.00000	0.00000	0.00014
479	0.00000	0.90305	0.00000	0.00608	0.00000	0.09087
480	0.00000	0.99988	0.00000	0.00000	0.00000	0.00012
481	0.00000	0.99997	0.00000	0.00000	0.00000	0.00003
482	0.00000	0.99962	0.00000	0.00000	0.00000	0.00038
483	0.00000	0.99992	0.00000	0.00000	0.00000	0.00008
484	0.00000	0.99976	0.00000	0.00000	0.00000	0.00024
485	0.00000	0.99990	0.00000	0.00000	0.00000	0.00010
486	0.00000	0.99984	0.00000	0.00000	0.00000	0.00016
487	0.00000	0.99779	0.00000	0.00000	0.00000	0.00221
488	0.00000	0.99999	0.00000	0.00000	0.00000	0.00001
489	0.00000	0.99999	0.00000	0.00000	0.00000	0.00001
490	0.00000	0.99974	0.00000	0.00000	0.00000	0.00026
491	0.00000	0.99996	0.00000	0.00000	0.00000	0.00004
492	0.00000	0.99955	0.00000	0.00000	0.00000	0.00045
493	0.00000	0.99999	0.00000	0.00000	0.00000	0.00001
494	0.00000	0.83240	0.00000	0.01959	0.00000	0.14801
495	0.00000	0.99997	0.00000	0.00000	0.00000	0.00003
496	0.00000	0.99996	0.00000	0.00000	0.00000	0.00004
497	0.00000	0.99987	0.00000	0.00000	0.00000	0.00013
498	0.00000	0.99999	0.00000	0.00000	0.00000	0.00001
499	0.00000	0.99962	0.00000	0.00000	0.00000	0.00038
500	0.00000	0.74278	0.01018	0.04107	0.00135	0.20462
501	0.00000	0.99993	0.00000	0.00000	0.00000	0.00007
502	0.00000	0.65103	0.00453	0.07786	0.00094	0.26564
503	0.00000	0.99791	0.00000	0.00000	0.00000	0.00209
504	0.00000	0.96939	0.00000	0.00000	0.00000	0.03061
505	0.00000	0.99899	0.00000	0.00000	0.00000	0.00101
506	0.99840	0.00000	0.00000	0.00000	0.00160	0.00000
507	0.99992	0.00000	0.00000	0.00000	0.00008	0.00000
508	0.00000	0.24234	0.00000	0.07018	0.00000	0.68747
509	0.00000	0.99990	0.00000	0.00000	0.00000	0.00010
510	0.00000	0.99986	0.00000	0.00000	0.00000	0.00014
511	0.00000	0.99998	0.00000	0.00000	0.00000	0.00002
512	0.00000	0.99992	0.00000	0.00000	0.00000	0.00008
513	0.99997	0.00000	0.00000	0.00000	0.00003	0.00000
514	0.00000	0.99966	0.00000	0.00000	0.00000	0.00034
515	0.99998	0.00000	0.00000	0.00000	0.00002	0.00000
516	0.00000	0.98007	0.00000	0.00030	0.00000	0.01964
517	0.00000	0.99996	0.00000	0.00000	0.00000	0.00004
518	0.99998	0.00000	0.00000	0.00000	0.00002	0.00000
519	0.00000	0.99393	0.00000	0.00000	0.00000	0.00607
520	0.00000	0.99999	0.00000	0.00000	0.00000	0.00001
521	0.00000	0.99966	0.00000	0.00000	0.00000	0.00034
522	0.00000	0.99985	0.00000	0.00000	0.00000	0.00015
523	0.00000	0.99960	0.00000	0.00000	0.00000	0.00040
524	0.00000	0.99996	0.00000	0.00000	0.00000	0.00004
525	0.00000	0.99843	0.00000	0.00000	0.00000	0.00157
526	0.00000	0.99971	0.00000	0.00000	0.00000	0.00029
527	0.00000	0.99976	0.00000	0.00000	0.00000	0.00024
528	0.00000	0.97878	0.00000	0.00033	0.00000	0.02089
529	0.00000	0.73614	0.00046	0.04576	0.00006	0.21758
530	0.00000	0.99755	0.00000	0.00000	0.00000	0.00245
531	0.00000	0.99966	0.00000	0.00000	0.00000	0.00034
532	0.00000	0.99998	0.00000	0.00000	0.00000	0.00002
533	0.99995	0.00000	0.00000	0.00000	0.00005	0.00000
534	0.00000	0.99997	0.00000	0.00000	0.00000	0.00003
535	0.00000	0.99991	0.00000	0.00000	0.00000	0.00009
536	0.00000	0.99999	0.00000	0.00000	0.00000	0.00001
537	0.99243	0.00000	0.00000	0.00000	0.00757	0.00000
538	0.00000	0.92788	0.00000	0.00377	0.00000	0.06836
539	0.00000	0.99994	0.00000	0.00000	0.00000	0.00006
540	0.99076	0.00000	0.00000	0.00004	0.00920	0.00000
541	0.99962	0.00000	0.00000	0.00000	0.00038	0.00000
542	0.99927	0.00000	0.00000	0.00000	0.00073	0.00000
543	0.00000	0.99954	0.00000	0.00000	0.00000	0.00046
544	0.00000	0.99968	0.00000	0.00000	0.00000	0.00032
545	0.00000	0.99988	0.00000	0.00000	0.00000	0.00012
546	0.00000	0.99944	0.00000	0.00000	0.00000	0.00056
547	0.00000	1.00000	0.00000	0.00000	0.00000	0.00000
548	0.99282	0.00000	0.00000	0.00004	0.00715	0.00000
549	0.00000	0.99959	0.00000	0.00000	0.00000	0.00041
550	0.00000	0.99990	0.00000	0.00000	0.00000	0.00010
551	0.99999	0.00000	0.00000	0.00000	0.00001	0.00000
552	0.00000	0.98564	0.00000	0.00000	0.00000	0.01436
553	0.00000	0.99876	0.00000	0.00000	0.00000	0.00124
554	0.00000	0.99997	0.00000	0.00000	0.00000	0.00003
555	0.00000	0.99998	0.00000	0.00000	0.00000	0.00002
556	0.00000	0.00000	0.13292	0.04206	0.00000	0.82502
557	0.00000	0.99998	0.00000	0.00000	0.00000	0.00002
558	0.00000	0.99988	0.00000	0.00000	0.00000	0.00012
559	0.99999	0.00000	0.00000	0.00000	0.00001	0.00000
560	1.00000	0.00000	0.00000	0.00000	0.00000	0.00000
561	0.99995	0.00000	0.00000	0.00000	0.00005	0.00000
562	0.99999	0.00000	0.00000	0.00000	0.00001	0.00000
563	0.00000	0.99216	0.00000	0.00000	0.00000	0.00784
564	0.00000	0.99980	0.00000	0.00000	0.00000	0.00020
565	0.99990	0.00000	0.00000	0.00000	0.00010	0.00000
566	0.00000	0.99984	0.00000	0.00000	0.00000	0.00016
567	0.71840	0.00001	0.00187	0.06433	0.21483	0.00056
568	0.99995	0.00000	0.00000	0.00000	0.00005	0.00000
569	0.00000	0.58111	0.00000	0.00001	0.00000	0.41887
570	0.00000	0.99997	0.00000	0.00000	0.00000	0.00003
571	0.00000	0.99967	0.00000	0.00000	0.00000	0.00033
572	0.00000	0.99989	0.00000	0.00000	0.00000	0.00011
573	0.00000	0.99994	0.00000	0.00000	0.00000	0.00006
574	0.00000	0.99871	0.00000	0.00000	0.00000	0.00129
575	0.00000	0.00000	0.00000	0.04550	0.95450	0.00000
576	0.00000	0.99536	0.00000	0.00000	0.00000	0.00464
577	0.99987	0.00000	0.00000	0.00000	0.00013	0.00000
578	0.00000	0.99993	0.00000	0.00000	0.00000	0.00007
579	0.00000	0.99871	0.00000	0.00000	0.00000	0.00129
580	0.00000	0.95313	0.00000	0.00201	0.00000	0.04486
581	0.00000	0.99984	0.00000	0.00000	0.00000	0.00016
582	0.00000	0.99669	0.00000	0.00000	0.00000	0.00331
583	0.00000	0.98882	0.00000	0.00006	0.00000	0.01113
584	0.00000	0.99993	0.00000	0.00000	0.00000	0.00007
585	0.00000	1.00000	0.00000	0.00000	0.00000	0.00000
586	0.00000	0.99999	0.00000	0.00000	0.00000	0.00001
587	0.00000	0.99951	0.00000	0.00000	0.00000	0.00049
588	0.00000	0.99995	0.00000	0.00000	0.00000	0.00005
589	0.00000	0.99993	0.00000	0.00000	0.00000	0.00007
590	0.00000	0.99897	0.00000	0.00000	0.00000	0.00103
591	0.00000	0.89487	0.00000	0.00692	0.00000	0.09821
592	0.00000	0.92415	0.00000	0.00410	0.00000	0.07175
593	0.00000	0.99980	0.00000	0.00000	0.00000	0.00020
594	0.00000	0.99994	0.00000	0.00000	0.00000	0.00006
595	0.00000	0.99990	0.00000	0.00000	0.00000	0.00010
596	0.00000	0.00099	0.00000	0.95046	0.00000	0.04855
597	0.00000	0.99984	0.00000	0.00000	0.00000	0.00016
598	0.00000	0.99783	0.00000	0.00000	0.00000	0.00217
599	0.00000	0.57395	0.00000	0.00529	0.00000	0.42076
600	0.00000	0.99943	0.00000	0.00000	0.00000	0.00057
601	0.00000	0.88495	0.00000	0.01066	0.00000	0.10438
602	0.98153	0.00000	0.00000	0.00000	0.01847	0.00000
603	0.92706	0.00000	0.00000	0.00323	0.06971	0.00000
604	0.00000	0.99985	0.00000	0.00000	0.00000	0.00015
605	0.00000	0.85719	0.00000	0.01117	0.00000	0.13164
606	0.00000	0.99985	0.00000	0.00000	0.00000	0.00015
607	0.00000	0.99999	0.00000	0.00000	0.00000	0.00001
608	0.00000	0.99993	0.00000	0.00000	0.00000	0.00007
609	0.00000	0.99898	0.00000	0.00000	0.00000	0.00102
610	0.99020	0.00000	0.00000	0.00000	0.00980	0.00000
611	0.00000	0.99894	0.00000	0.00000	0.00000	0.00106
612	0.00000	0.99978	0.00000	0.00000	0.00000	0.00022
613	0.00000	0.99996	0.00000	0.00000	0.00000	0.00004
614	0.00000	0.94333	0.00000	0.00176	0.00000	0.05491
615	0.00000	0.99993	0.00000	0.00000	0.00000	0.00007
616	0.00000	0.99998	0.00000	0.00000	0.00000	0.00002
617	0.00000	0.99988	0.00000	0.00000	0.00000	0.00012
618	0.00000	0.99998	0.00000	0.00000	0.00000	0.00002
619	0.00000	0.96421	0.00000	0.00060	0.00000	0.03520
620	0.00000	0.99996	0.00000	0.00000	0.00000	0.00004
621	0.00000	0.99980	0.00000	0.00000	0.00000	0.00020
622	0.00000	0.95176	0.00000	0.00135	0.00000	0.04689
623	0.00000	0.99978	0.00000	0.00000	0.00000	0.00022
624	0.00000	0.99505	0.00000	0.00000	0.00000	0.00495
625	0.00000	0.99987	0.00000	0.00000	0.00000	0.00013
626	0.00000	0.86147	0.00000	0.01327	0.00000	0.12526
627	0.00000	0.99973	0.00000	0.00000	0.00000	0.00027
628	0.00000	0.99982	0.00000	0.00000	0.00000	0.00018
629	0.00000	0.99997	0.00000	0.00000	0.00000	0.00003
630	0.00000	0.99998	0.00000	0.00000	0.00000	0.00002
631	0.00000	0.99980	0.00000	0.00000	0.00000	0.00020
632	0.99960	0.00000	0.00000	0.00000	0.00040	0.00000
633	0.00000	0.99898	0.00000	0.00000	0.00000	0.00102
634	0.00000	1.00000	0.00000	0.00000	0.00000	0.00000
635	0.00000	0.97554	0.00000	0.00013	0.00000	0.02433
636	0.00000	0.88054	0.00000	0.00891	0.00000	0.11054
637	0.00000	0.98558	0.00000	0.00009	0.00000	0.01433
638	0.00000	0.99942	0.00000	0.00000	0.00000	0.00058
639	0.00000	0.99983	0.00000	0.00000	0.00000	0.00017
640	0.00000	0.99995	0.00000	0.00000	0.00000	0.00005
641	0.00000	0.99993	0.00000	0.00000	0.00000	0.00007
642	0.00000	0.99990	0.00000	0.00000	0.00000	0.00010
643	0.00000	0.99996	0.00000	0.00000	0.00000	0.00004
644	0.00000	0.00000	0.00000	0.00305	0.00000	0.99695
645	0.00000	0.99995	0.00000	0.00000	0.00000	0.00005
646	0.00000	0.00197	0.00000	0.00143	0.00000	0.99659
647	0.00000	0.99998	0.00000	0.00000	0.00000	0.00002
648	0.00000	0.99963	0.00000	0.00000	0.00000	0.00037
649	0.00000	0.99618	0.00000	0.00001	0.00000	0.00381
650	0.99995	0.00000	0.00000	0.00000	0.00005	0.00000
651	0.00000	0.99996	0.00000	0.00000	0.00000	0.00004
652	0.00000	0.99914	0.00000	0.00000	0.00000	0.00086
653	0.97823	0.00000	0.00000	0.00042	0.02136	0.00000
654	0.00000	0.99978	0.00000	0.00000	0.00000	0.00022
655	0.00000	0.99944	0.00000	0.00000	0.00000	0.00056
656	0.00000	0.99957	0.00000	0.00000	0.00000	0.00043
657	0.00000	0.99994	0.00000	0.00000	0.00000	0.00006
658	0.00000	0.99998	0.00000	0.00000	0.00000	0.00002
659	0.60469	0.00467	0.05282	0.08768	0.22995	0.02020
660	0.00000	0.99710	0.00000	0.00000	0.00000	0.00290
661	0.00000	0.99985	0.00000	0.00000	0.00000	0.00015
662	0.00000	0.99898	0.00000	0.00000	0.00000	0.00102
663	0.00000	0.96948	0.00000	0.00076	0.00000	0.02976
664	0.99999	0.00000	0.00000	0.00000	0.00001	0.00000
665	0.00000	0.97699	0.00000	0.00037	0.00000	0.02264
666	0.99999	0.00000	0.00000	0.00000	0.00001	0.00000
667	0.99969	0.00000	0.00000	0.00000	0.00031	0.00000
668	0.99999	0.00000	0.00000	0.00000	0.00001	0.00000
669	0.99995	0.00000	0.00000	0.00000	0.00005	0.00000
670	0.99487	0.00000	0.00000	0.00002	0.00512	0.00000
671	0.00000	0.99962	0.00000	0.00000	0.00000	0.00038
672	0.00000	0.99996	0.00000	0.00000	0.00000	0.00004
673	0.00000	0.99998	0.00000	0.00000	0.00000	0.00002
674	0.00000	0.95712	0.00000	0.00176	0.00000	0.04112
675	0.00000	0.96201	0.00000	0.00089	0.00000	0.03710
676	0.00000	0.99846	0.00000	0.00000	0.00000	0.00154
677	0.00000	0.99999	0.00000	0.00000	0.00000	0.00001
678	0.45096	0.00000	0.00000	0.00229	0.54675	0.00000
679	0.00000	0.99993	0.00000	0.00000	0.00000	0.00007
680	0.00000	0.99998	0.00000	0.00000	0.00000	0.00002
681	0.00000	0.99934	0.00000	0.00000	0.00000	0.00066
682	0.00000	0.99994	0.00000	0.00000	0.00000	0.00006
683	0.00000	0.99912	0.00000	0.00000	0.00000	0.00088
684	0.00000	0.99954	0.00000	0.00000	0.00000	0.00046
685	0.00000	0.99998	0.00000	0.00000	0.00000	0.00002
686	0.00000	0.99995	0.00000	0.00000	0.00000	0.00005
687	0.00000	0.99998	0.00000	0.00000	0.00000	0.00002
688	0.00000	0.99995	0.00000	0.00000	0.00000	0.00005
689	0.00000	0.99986	0.00000	0.00000	0.00000	0.00014
690	0.00000	0.99996	0.00000	0.00000	0.00000	0.00004
691	0.00000	0.99965	0.00000	0.00000	0.00000	0.00035
692	0.00000	0.99982	0.00000	0.00000	0.00000	0.00018
693	0.00000	0.99901	0.00000	0.00000	0.00000	0.00099
694	0.00000	0.73955	0.00008	0.05183	0.00002	0.20852
695	0.00000	0.98996	0.00000	0.00000	0.00000	0.01004
696	0.00000	0.99998	0.00000	0.00000	0.00000	0.00002
697	0.00000	0.82963	0.00000	0.01314	0.00000	0.15722
698	0.00000	0.99972	0.00000	0.00000	0.00000	0.00028
699	0.00000	0.99992	0.00000	0.00000	0.00000	0.00008
700	0.00000	0.99996	0.00000	0.00000	0.00000	0.00004
701	0.99998	0.00000	0.00000	0.00000	0.00002	0.00000
702	0.99994	0.00000	0.00000	0.00000	0.00006	0.00000
703	0.99999	0.00000	0.00000	0.00000	0.00001	0.00000
704	0.74739	0.00000	0.00048	0.05318	0.19883	0.00013
705	0.00000	0.99972	0.00000	0.00000	0.00000	0.00028
706	0.00000	0.99838	0.00000	0.00000	0.00000	0.00162
707	0.98029	0.00000	0.00000	0.00022	0.01950	0.00000
708	0.00000	0.99956	0.00000	0.00000	0.00000	0.00044
709	0.00000	0.99724	0.00000	0.00000	0.00000	0.00276
710	0.00000	0.99927	0.00000	0.00000	0.00000	0.00073
711	0.00000	0.99848	0.00000	0.00000	0.00000	0.00152
712	0.00000	0.99173	0.00000	0.00000	0.00000	0.00827
713	0.00000	0.99672	0.00000	0.00000	0.00000	0.00327
714	0.76624	0.00000	0.00000	0.00007	0.23369	0.00000
715	0.00000	0.64565	0.00026	0.09137	0.00006	0.26265
716	0.00000	0.99993	0.00000	0.00000	0.00000	0.00007
717	0.00000	0.99955	0.00000	0.00000	0.00000	0.00045
718	0.99972	0.00000	0.00000	0.00000	0.00028	0.00000
719	0.00000	0.99976	0.00000	0.00000	0.00000	0.00024
720	0.00000	0.99103	0.00000	0.00000	0.00000	0.00897
721	0.00000	0.99999	0.00000	0.00000	0.00000	0.00001
722	0.00000	0.99983	0.00000	0.00000	0.00000	0.00017
723	0.00000	0.99994	0.00000	0.00000	0.00000	0.00006
724	0.00000	0.97450	0.00000	0.00065	0.00000	0.02485
725	0.00000	0.00005	0.00000	0.95839	0.00000	0.04156
726	0.00000	0.99979	0.00000	0.00000	0.00000	0.00021
727	0.00000	0.99914	0.00000	0.00000	0.00000	0.00086
728	0.00000	0.37535	0.00034	0.26072	0.00017	0.36342
729	0.00000	0.99996	0.00000	0.00000	0.00000	0.00004
730	0.00000	0.99965	0.00000	0.00000	0.00000	0.00035
731	0.00000	0.99931	0.00000	0.00000	0.00000	0.00069
732	0.99974	0.00000	0.00000	0.00000	0.00026	0.00000
733	0.00000	0.99905	0.00000	0.00000	0.00000	0.00095
734	0.00000	0.99955	0.00000	0.00000	0.00000	0.00045
735	0.00000	0.99998	0.00000	0.00000	0.00000	0.00002
736	0.00000	0.95176	0.00000	0.00168	0.00000	0.04656
737	0.00000	0.99994	0.00000	0.00000	0.00000	0.00006
738	0.99930	0.00000	0.00000	0.00000	0.00070	0.00000
739	0.00000	0.88812	0.00000	0.00873	0.00000	0.10314
740	0.00000	0.99982	0.00000	0.00000	0.00000	0.00018
741	0.99996	0.00000	0.00000	0.00000	0.00004	0.00000
742	0.00000	0.99998	0.00000	0.00000	0.00000	0.00002
743	0.00000	0.99538	0.00000	0.00000	0.00000	0.00462
744	0.00000	0.99988	0.00000	0.00000	0.00000	0.00012
745	1.00000	0.00000	0.00000	0.00000	0.00000	0.00000
746	0.00000	0.98819	0.00000	0.00001	0.00000	0.01180
747	0.00000	0.99999	0.00000	0.00000	0.00000	0.00001
748	0.00000	0.99986	0.00000	0.00000	0.00000	0.00014
749	0.00000	0.99931	0.00000	0.00000	0.00000	0.00069
750	0.02499	0.00004	0.00796	0.40504	0.55813	0.00385
751	0.00000	0.99769	0.00000	0.00000	0.00000	0.00231
752	0.00000	0.99896	0.00000	0.00000	0.00000	0.00104
753	0.00000	0.99996	0.00000	0.00000	0.00000	0.00004
754	0.00000	0.99995	0.00000	0.00000	0.00000	0.00005
755	0.00000	0.99879	0.00000	0.00000	0.00000	0.00121
756	0.00000	0.99996	0.00000	0.00000	0.00000	0.00004
757	0.00000	0.91396	0.00000	0.00229	0.00000	0.08375
758	0.00000	0.99437	0.00000	0.00002	0.00000	0.00561
759	0.98630	0.00000	0.00000	0.00000	0.01370	0.00000
760	0.99995	0.00000	0.00000	0.00000	0.00005	0.00000
761	0.00000	0.99178	0.00000	0.00000	0.00000	0.00822
762	0.00000	0.99941	0.00000	0.00000	0.00000	0.00059
763	0.00000	0.99985	0.00000	0.00000	0.00000	0.00015
764	0.00000	0.99999	0.00000	0.00000	0.00000	0.00001
765	0.00000	0.99983	0.00000	0.00000	0.00000	0.00017
766	0.00000	0.99979	0.00000	0.00000	0.00000	0.00021
767	0.00000	0.99990	0.00000	0.00000	0.00000	0.00010
768	0.00000	0.99928	0.00000	0.00000	0.00000	0.00072
769	0.00000	0.97278	0.00000	0.00054	0.00000	0.02668
770	0.00000	0.99718	0.00000	0.00000	0.00000	0.00282
771	0.00000	0.99963	0.00000	0.00000	0.00000	0.00037
772	0.00000	0.99987	0.00000	0.00000	0.00000	0.00013
773	0.00000	0.99922	0.00000	0.00000	0.00000	0.00077
774	0.00000	0.20452	0.00000	0.03504	0.00000	0.76045
775	0.00000	0.99807	0.00000	0.00000	0.00000	0.00193
776	0.00000	0.99939	0.00000	0.00000	0.00000	0.00061
