UponCompletionOf_1000000_sweeps
LocNumber LocName AlleleNumber AlleleName FreqInPop0 FreqInPop1 SDInPop0 SDinPop1
0	LdDocent_Contig_2726_40	0	1	0.997995	0.969529	0.002824	0.005189
0	LdDocent_Contig_2726_40	1	2	0.002005	0.030471	0.002824	0.005189
1	LdDocent_Contig_88698_108	0	1	0.994007	0.994348	0.004911	0.002238
1	LdDocent_Contig_88698_108	1	2	0.005993	0.005652	0.004911	0.002238
2	LdDocent_Contig_2527_386	0	1	0.896939	0.999565	0.019298	0.000615
2	LdDocent_Contig_2527_386	1	2	0.103061	0.000435	0.019298	0.000615
3	LdDocent_Contig_95871_394	0	1	0.992723	0.982611	0.005874	0.004145
3	LdDocent_Contig_95871_394	1	2	0.007277	0.017389	0.005874	0.004145
4	LdDocent_Contig_65895_364	0	1	0.997929	0.982978	0.002910	0.003923
4	LdDocent_Contig_65895_364	1	2	0.002071	0.017022	0.002910	0.003923
5	LdDocent_Contig_24629_85	0	1	0.997666	0.959836	0.003289	0.006034
5	LdDocent_Contig_24629_85	1	2	0.002334	0.040164	0.003289	0.006034
6	LdDocent_Contig_5278_119	0	1	0.997420	0.971426	0.003611	0.005286
6	LdDocent_Contig_5278_119	1	2	0.002580	0.028574	0.003611	0.005286
7	LdDocent_Contig_2341_410	0	1	0.997629	0.992246	0.003340	0.002819
7	LdDocent_Contig_2341_410	1	2	0.002371	0.007754	0.003340	0.002819
8	LdDocent_Contig_20956_37	0	1	0.998107	0.960453	0.002672	0.005808
8	LdDocent_Contig_20956_37	1	2	0.001893	0.039547	0.002672	0.005808
9	LdDocent_Contig_93511_376	0	1	0.951859	0.998503	0.013919	0.001217
9	LdDocent_Contig_93511_376	1	2	0.048141	0.001497	0.013919	0.001217
10	LdDocent_Contig_1179_412	0	1	0.996994	0.977909	0.004184	0.004435
10	LdDocent_Contig_1179_412	1	2	0.003006	0.022091	0.004184	0.004435
11	LdDocent_Contig_60503_394	0	1	0.997192	0.973563	0.003965	0.004968
11	LdDocent_Contig_60503_394	1	2	0.002808	0.026437	0.003965	0.004968
12	LdDocent_Contig_3482_420	0	1	0.899539	0.987225	0.019112	0.003445
12	LdDocent_Contig_3482_420	1	2	0.100461	0.012775	0.019112	0.003445
13	LdDocent_Contig_83520_23	0	1	0.998003	0.989483	0.002822	0.003081
13	LdDocent_Contig_83520_23	1	2	0.001997	0.010517	0.002822	0.003081
14	LdDocent_Contig_1253_103	0	1	0.998063	0.989858	0.002734	0.002975
14	LdDocent_Contig_1253_103	1	2	0.001937	0.010142	0.002734	0.002975
15	LdDocent_Contig_61906_78	0	1	0.997824	0.976404	0.003060	0.004815
15	LdDocent_Contig_61906_78	1	2	0.002176	0.023596	0.003060	0.004815
16	LdDocent_Contig_855_103	0	1	0.997833	0.986788	0.003052	0.003442
16	LdDocent_Contig_855_103	1	2	0.002167	0.013212	0.003052	0.003442
17	LdDocent_Contig_71514_401	0	1	0.997622	0.989820	0.003349	0.003126
17	LdDocent_Contig_71514_401	1	2	0.002378	0.010180	0.003349	0.003126
18	LdDocent_Contig_6152_64	0	1	0.997923	0.790369	0.002926	0.012218
18	LdDocent_Contig_6152_64	1	2	0.002077	0.209631	0.002926	0.012218
19	LdDocent_Contig_6220_132	0	1	0.997880	0.881167	0.002991	0.010112
19	LdDocent_Contig_6220_132	1	2	0.002120	0.118833	0.002991	0.010112
20	LdDocent_Contig_3716_93	0	1	0.994084	0.952100	0.004975	0.006717
20	LdDocent_Contig_3716_93	1	2	0.005916	0.047900	0.004975	0.006717
21	LdDocent_Contig_24232_389	0	1	0.960120	0.901420	0.013336	0.009095
21	LdDocent_Contig_24232_389	1	2	0.039880	0.098580	0.013336	0.009095
22	LdDocent_Contig_7109_58	0	1	0.934444	0.997560	0.016616	0.001541
22	LdDocent_Contig_7109_58	1	2	0.065556	0.002440	0.016616	0.001541
23	LdDocent_Contig_1600_411	0	1	0.997766	0.989650	0.003149	0.003176
23	LdDocent_Contig_1600_411	1	2	0.002234	0.010350	0.003149	0.003176
24	LdDocent_Contig_26350_349	0	1	0.404247	0.463348	0.031869	0.015562
24	LdDocent_Contig_26350_349	1	2	0.595753	0.536652	0.031869	0.015562
25	LdDocent_Contig_686_403	0	1	0.997842	0.985095	0.003042	0.003755
25	LdDocent_Contig_686_403	1	2	0.002158	0.014905	0.003042	0.003755
26	LdDocent_Contig_88057_115	0	1	0.997995	0.993315	0.002828	0.002430
26	LdDocent_Contig_88057_115	1	2	0.002005	0.006685	0.002828	0.002430
27	LdDocent_Contig_84958_16	0	1	0.997622	0.987501	0.003351	0.003510
27	LdDocent_Contig_84958_16	1	2	0.002378	0.012499	0.003351	0.003510
28	LdDocent_Contig_1986_143	0	1	0.997683	0.970885	0.003261	0.005039
28	LdDocent_Contig_1986_143	1	2	0.002317	0.029115	0.003261	0.005039
29	LdDocent_Contig_5574_400	0	1	0.997772	0.977584	0.003141	0.004474
29	LdDocent_Contig_5574_400	1	2	0.002228	0.022416	0.003141	0.004474
30	LdDocent_Contig_95420_418	0	1	0.883367	0.998602	0.020510	0.001140
30	LdDocent_Contig_95420_418	1	2	0.116633	0.001398	0.020510	0.001140
31	LdDocent_Contig_552_409	0	2	0.997146	0.478912	0.003927	0.014989
31	LdDocent_Contig_552_409	1	1	0.002854	0.521088	0.003927	0.014989
32	LdDocent_Contig_19045_63	0	1	0.993138	0.991163	0.005574	0.002854
32	LdDocent_Contig_19045_63	1	2	0.006862	0.008837	0.005574	0.002854
33	LdDocent_Contig_84063_14	0	1	0.996435	0.991604	0.004846	0.002762
33	LdDocent_Contig_84063_14	1	2	0.003565	0.008396	0.004846	0.002762
34	LdDocent_Contig_1469_52	0	1	0.997959	0.990393	0.002879	0.002946
34	LdDocent_Contig_1469_52	1	2	0.002041	0.009607	0.002879	0.002946
35	LdDocent_Contig_35591_488	0	1	0.997823	0.977220	0.003063	0.004647
35	LdDocent_Contig_35591_488	1	2	0.002177	0.022780	0.003063	0.004647
36	LdDocent_Contig_52841_389	0	1	0.111530	0.999065	0.020598	0.001094
36	LdDocent_Contig_52841_389	1	2	0.888470	0.000935	0.020598	0.001094
37	LdDocent_Contig_3449_452	0	1	0.997847	0.979146	0.003042	0.004343
37	LdDocent_Contig_3449_452	1	2	0.002153	0.020854	0.003042	0.004343
38	LdDocent_Contig_7175_297	0	1	0.814897	0.999572	0.027634	0.000604
38	LdDocent_Contig_7175_297	1	2	0.185103	0.000428	0.027634	0.000604
39	LdDocent_Contig_29872_47	0	1	0.988306	0.973284	0.007337	0.004850
39	LdDocent_Contig_29872_47	1	2	0.011694	0.026716	0.007337	0.004850
40	LdDocent_Contig_1144_357	0	1	0.964596	0.999504	0.012693	0.000702
40	LdDocent_Contig_1144_357	1	2	0.035404	0.000496	0.012693	0.000702
41	LdDocent_Contig_16107_139	0	1	0.997619	0.962462	0.003355	0.006093
41	LdDocent_Contig_16107_139	1	2	0.002381	0.037538	0.003355	0.006093
42	LdDocent_Contig_95524_427	0	1	0.995689	0.986056	0.005930	0.003534
42	LdDocent_Contig_95524_427	1	2	0.004311	0.013944	0.005930	0.003534
43	LdDocent_Contig_594_22	0	1	0.997472	0.987956	0.003503	0.003286
43	LdDocent_Contig_594_22	1	2	0.002528	0.012044	0.003503	0.003286
44	LdDocent_Contig_31_430	0	1	0.997871	0.970005	0.003000	0.005100
44	LdDocent_Contig_31_430	1	2	0.002129	0.029995	0.003000	0.005100
45	LdDocent_Contig_221_86	0	1	0.997928	0.973592	0.002915	0.004722
45	LdDocent_Contig_221_86	1	2	0.002072	0.026408	0.002915	0.004722
46	LdDocent_Contig_67026_370	0	1	0.300373	0.997416	0.035339	0.001709
46	LdDocent_Contig_67026_370	1	2	0.699627	0.002584	0.035339	0.001709
47	LdDocent_Contig_63157_15	0	1	0.997829	0.992125	0.003058	0.002686
47	LdDocent_Contig_63157_15	1	2	0.002171	0.007875	0.003058	0.002686
48	LdDocent_Contig_88_383	0	1	0.791923	0.998811	0.024454	0.001035
48	LdDocent_Contig_88_383	1	2	0.208077	0.001189	0.024454	0.001035
49	LdDocent_Contig_55551_107	0	1	0.006540	0.998511	0.006725	0.001214
49	LdDocent_Contig_55551_107	1	2	0.993460	0.001489	0.006725	0.001214
50	LdDocent_Contig_13628_392	0	1	0.996010	0.990478	0.004683	0.003011
50	LdDocent_Contig_13628_392	1	2	0.003990	0.009522	0.004683	0.003011
51	LdDocent_Contig_86538_360	0	1	0.966464	0.976981	0.012016	0.004592
51	LdDocent_Contig_86538_360	1	2	0.033536	0.023019	0.012016	0.004592
52	LdDocent_Contig_66472_350	0	1	0.924089	0.998588	0.016952	0.001153
52	LdDocent_Contig_66472_350	1	2	0.075911	0.001412	0.016952	0.001153
53	LdDocent_Contig_7547_16	0	1	0.993772	0.798146	0.005470	0.011972
53	LdDocent_Contig_7547_16	1	2	0.006228	0.201854	0.005470	0.011972
54	LdDocent_Contig_59140_385	0	1	0.997795	0.961231	0.003107	0.006127
54	LdDocent_Contig_59140_385	1	2	0.002205	0.038769	0.003107	0.006127
55	LdDocent_Contig_90773_136	0	1	0.972561	0.998109	0.010433	0.001395
55	LdDocent_Contig_90773_136	1	2	0.027439	0.001891	0.010433	0.001395
56	LdDocent_Contig_18650_24	0	1	0.997662	0.993361	0.003326	0.002609
56	LdDocent_Contig_18650_24	1	2	0.002338	0.006639	0.003326	0.002609
57	LdDocent_Contig_62231_437	0	2	0.993872	0.872021	0.004987	0.009984
57	LdDocent_Contig_62231_437	1	1	0.006128	0.127979	0.004987	0.009984
58	LdDocent_Contig_6588_437	0	1	0.997992	0.842937	0.002830	0.010622
58	LdDocent_Contig_6588_437	1	2	0.002008	0.157063	0.002830	0.010622
59	LdDocent_Contig_24317_315	0	1	0.992875	0.758969	0.005783	0.013690
59	LdDocent_Contig_24317_315	1	2	0.007125	0.241031	0.005783	0.013690
60	LdDocent_Contig_84276_95	0	1	0.997907	0.992208	0.002953	0.002659
60	LdDocent_Contig_84276_95	1	2	0.002093	0.007792	0.002953	0.002659
61	LdDocent_Contig_5062_362	0	2	0.992869	0.980176	0.009964	0.004048
61	LdDocent_Contig_5062_362	1	1	0.007131	0.019824	0.009964	0.004048
62	LdDocent_Contig_64815_411	0	1	0.997722	0.960414	0.003212	0.006188
62	LdDocent_Contig_64815_411	1	2	0.002278	0.039586	0.003212	0.006188
63	LdDocent_Contig_5061_132	0	1	0.957333	0.999504	0.013505	0.000700
63	LdDocent_Contig_5061_132	1	2	0.042667	0.000496	0.013505	0.000700
64	LdDocent_Contig_82688_112	0	1	0.181059	0.112295	0.025252	0.009535
64	LdDocent_Contig_82688_112	1	2	0.818941	0.887705	0.025252	0.009535
65	LdDocent_Contig_67847_130	0	1	0.997766	0.992765	0.003154	0.002630
65	LdDocent_Contig_67847_130	1	2	0.002234	0.007235	0.003154	0.002630
66	LdDocent_Contig_64541_394	0	1	0.943390	0.999499	0.016194	0.000708
66	LdDocent_Contig_64541_394	1	2	0.056610	0.000501	0.016194	0.000708
67	LdDocent_Contig_61266_75	0	1	0.901604	0.998556	0.019255	0.001178
67	LdDocent_Contig_61266_75	1	2	0.098396	0.001444	0.019255	0.001178
68	LdDocent_Contig_12842_432	0	1	0.988133	0.980753	0.007448	0.004215
68	LdDocent_Contig_12842_432	1	2	0.011867	0.019247	0.007448	0.004215
69	LdDocent_Contig_5507_409	0	1	0.986200	0.901087	0.008007	0.008933
69	LdDocent_Contig_5507_409	1	2	0.013800	0.098913	0.008007	0.008933
70	LdDocent_Contig_695_457	0	1	0.997975	0.855772	0.002853	0.010492
70	LdDocent_Contig_695_457	1	2	0.002025	0.144228	0.002853	0.010492
71	LdDocent_Contig_13056_449	0	1	0.997950	0.988837	0.002888	0.003141
71	LdDocent_Contig_13056_449	1	2	0.002050	0.011163	0.002888	0.003141
72	LdDocent_Contig_55838_22	0	1	0.997998	0.987907	0.002820	0.003267
72	LdDocent_Contig_55838_22	1	2	0.002002	0.012093	0.002820	0.003267
73	LdDocent_Contig_22935_394	0	1	0.738757	0.518870	0.034441	0.014689
73	LdDocent_Contig_22935_394	1	2	0.261243	0.481130	0.034441	0.014689
74	LdDocent_Contig_7317_371	0	1	0.997341	0.971962	0.003745	0.004923
74	LdDocent_Contig_7317_371	1	2	0.002659	0.028038	0.003745	0.004923
75	LdDocent_Contig_87120_461	0	1	0.997833	0.990276	0.003052	0.002979
75	LdDocent_Contig_87120_461	1	2	0.002167	0.009724	0.003052	0.002979
76	LdDocent_Contig_84487_489	0	1	0.890672	0.999501	0.021264	0.000705
76	LdDocent_Contig_84487_489	1	2	0.109328	0.000499	0.021264	0.000705
77	LdDocent_Contig_2337_134	0	1	0.997719	0.992091	0.003213	0.002702
77	LdDocent_Contig_2337_134	1	2	0.002281	0.007909	0.003213	0.002702
78	LdDocent_Contig_58887_18	0	1	0.997820	0.957669	0.003071	0.006432
78	LdDocent_Contig_58887_18	1	2	0.002180	0.042331	0.003071	0.006432
79	LdDocent_Contig_2258_368	0	1	0.997733	0.987826	0.003201	0.003422
79	LdDocent_Contig_2258_368	1	2	0.002267	0.012174	0.003201	0.003422
80	LdDocent_Contig_7303_480	0	1	0.997649	0.868779	0.003303	0.010503
80	LdDocent_Contig_7303_480	1	2	0.002351	0.131221	0.003303	0.010503
81	LdDocent_Contig_1872_41	0	1	0.992972	0.932041	0.005695	0.007713
81	LdDocent_Contig_1872_41	1	2	0.007028	0.067959	0.005695	0.007713
82	LdDocent_Contig_57717_106	0	2	0.982342	0.824667	0.008845	0.011632
82	LdDocent_Contig_57717_106	1	1	0.017658	0.175333	0.008845	0.011632
83	LdDocent_Contig_66635_480	0	1	0.993887	0.910355	0.004963	0.008621
83	LdDocent_Contig_66635_480	1	2	0.006113	0.089645	0.004963	0.008621
84	LdDocent_Contig_1885_127	0	1	0.957469	0.482977	0.012814	0.014752
84	LdDocent_Contig_1885_127	1	2	0.042531	0.517023	0.012814	0.014752
85	LdDocent_Contig_65052_13	0	1	0.995616	0.978971	0.004620	0.004364
85	LdDocent_Contig_65052_13	1	2	0.004384	0.021029	0.004620	0.004364
86	LdDocent_Contig_7999_435	0	1	0.936984	0.998585	0.016005	0.001220
86	LdDocent_Contig_7999_435	1	2	0.063016	0.001415	0.016005	0.001220
87	LdDocent_Contig_146_56	0	1	0.955608	0.999511	0.013366	0.000693
87	LdDocent_Contig_146_56	1	2	0.044392	0.000489	0.013366	0.000693
88	LdDocent_Contig_20157_26	0	1	0.902102	0.999529	0.020026	0.000666
88	LdDocent_Contig_20157_26	1	2	0.097898	0.000471	0.020026	0.000666
89	LdDocent_Contig_892_115	0	1	0.968266	0.999545	0.011383	0.000643
89	LdDocent_Contig_892_115	1	2	0.031734	0.000455	0.011383	0.000643
90	LdDocent_Contig_19_433	0	1	0.998030	0.984088	0.002773	0.003666
90	LdDocent_Contig_19_433	1	2	0.001970	0.015912	0.002773	0.003666
91	LdDocent_Contig_659_73	0	1	0.997999	0.993353	0.002827	0.002416
91	LdDocent_Contig_659_73	1	2	0.002001	0.006647	0.002827	0.002416
92	LdDocent_Contig_96151_9	0	1	0.997868	0.967495	0.003008	0.005222
92	LdDocent_Contig_96151_9	1	2	0.002132	0.032505	0.003008	0.005222
93	LdDocent_Contig_24469_51	0	1	0.997194	0.992732	0.003946	0.002644
93	LdDocent_Contig_24469_51	1	2	0.002806	0.007268	0.003946	0.002644
94	LdDocent_Contig_60974_395	0	1	0.997811	0.992235	0.003086	0.002822
94	LdDocent_Contig_60974_395	1	2	0.002189	0.007765	0.003086	0.002822
95	LdDocent_Contig_158_365	0	1	0.968012	0.999175	0.011236	0.000966
95	LdDocent_Contig_158_365	1	2	0.031988	0.000825	0.011236	0.000966
96	LdDocent_Contig_31285_385	0	1	0.997912	0.988579	0.002938	0.003214
96	LdDocent_Contig_31285_385	1	2	0.002088	0.011421	0.002938	0.003214
97	LdDocent_Contig_113_116	0	1	0.968684	0.998619	0.011236	0.001150
97	LdDocent_Contig_113_116	1	2	0.031316	0.001381	0.011236	0.001150
98	LdDocent_Contig_797_407	0	1	0.997500	0.947658	0.003444	0.006664
98	LdDocent_Contig_797_407	1	2	0.002500	0.052342	0.003444	0.006664
99	LdDocent_Contig_2279_346	0	1	0.997853	0.987937	0.003031	0.003261
99	LdDocent_Contig_2279_346	1	2	0.002147	0.012063	0.003031	0.003261
100	LdDocent_Contig_2755_439	0	1	0.997935	0.971525	0.002913	0.005165
100	LdDocent_Contig_2755_439	1	2	0.002065	0.028475	0.002913	0.005165
101	LdDocent_Contig_197_114	0	1	0.998051	0.989050	0.002751	0.003080
101	LdDocent_Contig_197_114	1	2	0.001949	0.010950	0.002751	0.003080
102	LdDocent_Contig_733_14	0	1	0.922446	0.996841	0.017376	0.001751
102	LdDocent_Contig_733_14	1	2	0.077554	0.003159	0.017376	0.001751
103	LdDocent_Contig_1743_497	0	1	0.997655	0.985602	0.003297	0.003757
103	LdDocent_Contig_1743_497	1	2	0.002345	0.014398	0.003297	0.003757
104	LdDocent_Contig_2368_113	0	1	0.961694	0.876341	0.012172	0.009607
104	LdDocent_Contig_2368_113	1	2	0.038306	0.123659	0.012172	0.009607
105	LdDocent_Contig_74105_99	0	1	0.997615	0.993327	0.003361	0.002604
105	LdDocent_Contig_74105_99	1	2	0.002385	0.006673	0.003361	0.002604
106	LdDocent_Contig_92771_73	0	1	0.951772	0.999504	0.015253	0.000701
106	LdDocent_Contig_92771_73	1	2	0.048228	0.000496	0.015253	0.000701
107	LdDocent_Contig_34290_495	0	1	0.972448	0.298968	0.010657	0.013717
107	LdDocent_Contig_34290_495	1	2	0.027552	0.701032	0.010657	0.013717
108	LdDocent_Contig_12185_471	0	1	0.992618	0.992965	0.005921	0.002610
108	LdDocent_Contig_12185_471	1	2	0.007382	0.007035	0.005921	0.002610
109	LdDocent_Contig_60418_73	0	1	0.968184	0.999511	0.011399	0.000690
109	LdDocent_Contig_60418_73	1	2	0.031816	0.000489	0.011399	0.000690
110	LdDocent_Contig_34273_350	0	1	0.943981	0.973246	0.015079	0.005012
110	LdDocent_Contig_34273_350	1	2	0.056019	0.026754	0.015079	0.005012
111	LdDocent_Contig_7979_42	0	1	0.959841	0.999530	0.012747	0.000666
111	LdDocent_Contig_7979_42	1	2	0.040159	0.000470	0.012747	0.000666
112	LdDocent_Contig_32785_482	0	1	0.997834	0.992867	0.003046	0.002591
112	LdDocent_Contig_32785_482	1	2	0.002166	0.007133	0.003046	0.002591
113	LdDocent_Contig_20299_482	0	1	0.940691	0.982820	0.027443	0.003929
113	LdDocent_Contig_20299_482	1	2	0.059309	0.017180	0.027443	0.003929
114	LdDocent_Contig_1148_464	0	1	0.002185	0.994952	0.003082	0.002163
114	LdDocent_Contig_1148_464	1	2	0.997815	0.005048	0.003082	0.002163
115	LdDocent_Contig_670_478	0	1	0.993530	0.991400	0.005258	0.002934
115	LdDocent_Contig_670_478	1	2	0.006470	0.008600	0.005258	0.002934
116	LdDocent_Contig_31023_420	0	1	0.967691	0.999528	0.011591	0.000667
116	LdDocent_Contig_31023_420	1	2	0.032309	0.000472	0.011591	0.000667
117	LdDocent_Contig_50303_34	0	1	0.997725	0.949054	0.003199	0.006788
117	LdDocent_Contig_50303_34	1	2	0.002275	0.050946	0.003199	0.006788
118	LdDocent_Contig_1027_402	0	1	0.998039	0.981522	0.002767	0.003950
118	LdDocent_Contig_1027_402	1	2	0.001961	0.018478	0.002767	0.003950
119	LdDocent_Contig_5015_373	0	1	0.989386	0.981274	0.006656	0.004100
119	LdDocent_Contig_5015_373	1	2	0.010614	0.018726	0.006656	0.004100
120	LdDocent_Contig_848_442	0	1	0.007061	0.991603	0.005802	0.002903
120	LdDocent_Contig_848_442	1	2	0.992939	0.008397	0.005802	0.002903
121	LdDocent_Contig_5879_36	0	1	0.008054	0.984636	0.006101	0.003848
121	LdDocent_Contig_5879_36	1	2	0.991946	0.015364	0.006101	0.003848
122	LdDocent_Contig_93412_36	0	1	0.965040	0.988656	0.016142	0.003188
122	LdDocent_Contig_93412_36	1	2	0.034960	0.011344	0.016142	0.003188
123	LdDocent_Contig_1022_397	0	1	0.997698	0.989487	0.003204	0.003104
123	LdDocent_Contig_1022_397	1	2	0.002302	0.010513	0.003204	0.003104
124	LdDocent_Contig_58621_49	0	1	0.930719	0.999525	0.016453	0.000671
124	LdDocent_Contig_58621_49	1	2	0.069281	0.000475	0.016453	0.000671
125	LdDocent_Contig_1038_464	0	1	0.433836	0.997642	0.030333	0.001466
125	LdDocent_Contig_1038_464	1	2	0.566164	0.002358	0.030333	0.001466
126	LdDocent_Contig_2064_430	0	1	0.315543	0.997489	0.029067	0.001687
126	LdDocent_Contig_2064_430	1	2	0.684457	0.002511	0.029067	0.001687
127	LdDocent_Contig_714_530	0	1	0.988515	0.993527	0.007210	0.002531
127	LdDocent_Contig_714_530	1	2	0.011485	0.006473	0.007210	0.002531
128	LdDocent_Contig_84423_75	0	1	0.998035	0.968449	0.002769	0.005137
128	LdDocent_Contig_84423_75	1	2	0.001965	0.031551	0.002769	0.005137
129	LdDocent_Contig_315_366	0	1	0.997892	0.988420	0.002966	0.003256
129	LdDocent_Contig_315_366	1	2	0.002108	0.011580	0.002966	0.003256
130	LdDocent_Contig_531_334	0	1	0.998021	0.992140	0.002791	0.002685
130	LdDocent_Contig_531_334	1	2	0.001979	0.007860	0.002791	0.002685
131	LdDocent_Contig_2059_130	0	1	0.997788	0.992658	0.003123	0.002671
131	LdDocent_Contig_2059_130	1	2	0.002212	0.007342	0.003123	0.002671
132	LdDocent_Contig_279_46	0	1	0.997996	0.947217	0.002826	0.006711
132	LdDocent_Contig_279_46	1	2	0.002004	0.052783	0.002826	0.006711
133	LdDocent_Contig_86047_322	0	1	0.997777	0.959197	0.003131	0.006061
133	LdDocent_Contig_86047_322	1	2	0.002223	0.040803	0.003131	0.006061
134	LdDocent_Contig_790_438	0	1	0.996560	0.988307	0.004176	0.003228
134	LdDocent_Contig_790_438	1	2	0.003440	0.011693	0.004176	0.003228
135	LdDocent_Contig_58844_98	0	2	0.997543	0.946394	0.003389	0.006707
135	LdDocent_Contig_58844_98	1	1	0.002457	0.053606	0.003389	0.006707
136	LdDocent_Contig_17761_455	0	1	0.996706	0.990653	0.004625	0.002867
136	LdDocent_Contig_17761_455	1	2	0.003294	0.009347	0.004625	0.002867
137	LdDocent_Contig_69388_420	0	1	0.997948	0.991383	0.002891	0.002784
137	LdDocent_Contig_69388_420	1	2	0.002052	0.008617	0.002891	0.002784
138	LdDocent_Contig_15010_341	0	1	0.925490	0.999486	0.018169	0.000727
138	LdDocent_Contig_15010_341	1	2	0.074510	0.000514	0.018169	0.000727
139	LdDocent_Contig_19991_347	0	1	0.968021	0.996802	0.011476	0.001707
139	LdDocent_Contig_19991_347	1	2	0.031979	0.003198	0.011476	0.001707
140	LdDocent_Contig_908_392	0	1	0.647701	0.984355	0.031301	0.003786
140	LdDocent_Contig_908_392	1	2	0.352299	0.015645	0.031301	0.003786
141	LdDocent_Contig_3166_66	0	1	0.997782	0.968921	0.003127	0.005448
141	LdDocent_Contig_3166_66	1	2	0.002218	0.031079	0.003127	0.005448
142	LdDocent_Contig_67629_426	0	1	0.997962	0.992256	0.002878	0.002644
142	LdDocent_Contig_67629_426	1	2	0.002038	0.007744	0.002878	0.002644
143	LdDocent_Contig_9864_364	0	1	0.994041	0.785196	0.005271	0.012709
143	LdDocent_Contig_9864_364	1	2	0.005959	0.214804	0.005271	0.012709
144	LdDocent_Contig_22027_75	0	1	0.991846	0.985540	0.006349	0.003841
144	LdDocent_Contig_22027_75	1	2	0.008154	0.014460	0.006349	0.003841
145	LdDocent_Contig_7234_21	0	1	0.997923	0.858779	0.002933	0.010422
145	LdDocent_Contig_7234_21	1	2	0.002077	0.141221	0.002933	0.010422
146	LdDocent_Contig_1476_48	0	1	0.998091	0.986252	0.002691	0.003360
146	LdDocent_Contig_1476_48	1	2	0.001909	0.013748	0.002691	0.003360
147	LdDocent_Contig_194_40	0	1	0.997987	0.975069	0.002836	0.004691
147	LdDocent_Contig_194_40	1	2	0.002013	0.024931	0.002836	0.004691
148	LdDocent_Contig_15025_409	0	1	0.995848	0.863367	0.004630	0.009913
148	LdDocent_Contig_15025_409	1	2	0.004152	0.136633	0.004630	0.009913
149	LdDocent_Contig_87255_456	0	1	0.997811	0.984974	0.003089	0.003784
149	LdDocent_Contig_87255_456	1	2	0.002189	0.015026	0.003089	0.003784
150	LdDocent_Contig_1112_383	0	1	0.763212	0.999478	0.028841	0.000737
150	LdDocent_Contig_1112_383	1	2	0.236788	0.000522	0.028841	0.000737
151	LdDocent_Contig_329_469	0	1	0.997855	0.885743	0.003024	0.009635
151	LdDocent_Contig_329_469	1	2	0.002145	0.114257	0.003024	0.009635
152	LdDocent_Contig_20806_397	0	1	0.997761	0.992426	0.003154	0.002586
152	LdDocent_Contig_20806_397	1	2	0.002239	0.007574	0.003154	0.002586
153	LdDocent_Contig_6932_24	0	1	0.003153	0.530767	0.003816	0.014159
153	LdDocent_Contig_6932_24	1	2	0.996847	0.469233	0.003816	0.014159
154	LdDocent_Contig_51875_12	0	1	0.996926	0.990367	0.004201	0.003149
154	LdDocent_Contig_51875_12	1	2	0.003074	0.009633	0.004201	0.003149
155	LdDocent_Contig_2078_57	0	1	0.889497	0.998672	0.020606	0.001145
155	LdDocent_Contig_2078_57	1	2	0.110503	0.001328	0.020606	0.001145
156	LdDocent_Contig_85680_59	0	1	0.997868	0.990091	0.003001	0.003041
156	LdDocent_Contig_85680_59	1	2	0.002132	0.009909	0.003001	0.003041
157	LdDocent_Contig_52503_494	0	1	0.931327	0.995704	0.018008	0.002021
157	LdDocent_Contig_52503_494	1	2	0.068673	0.004296	0.018008	0.002021
158	LdDocent_Contig_53755_135	0	1	0.995900	0.991694	0.004736	0.002786
158	LdDocent_Contig_53755_135	1	2	0.004100	0.008306	0.004736	0.002786
159	LdDocent_Contig_91159_460	0	1	0.997680	0.990231	0.003268	0.003151
159	LdDocent_Contig_91159_460	1	2	0.002320	0.009769	0.003268	0.003151
160	LdDocent_Contig_965_344	0	2	0.997900	0.576874	0.002960	0.014598
160	LdDocent_Contig_965_344	1	1	0.002100	0.423126	0.002960	0.014598
161	LdDocent_Contig_85639_426	0	1	0.997834	0.983902	0.003060	0.003819
161	LdDocent_Contig_85639_426	1	2	0.002166	0.016098	0.003060	0.003819
162	LdDocent_Contig_8017_432	0	1	0.946443	0.999547	0.015344	0.000641
162	LdDocent_Contig_8017_432	1	2	0.053557	0.000453	0.015344	0.000641
163	LdDocent_Contig_671_38	0	1	0.006094	0.988113	0.004955	0.003389
163	LdDocent_Contig_671_38	1	2	0.993906	0.011887	0.004955	0.003389
164	LdDocent_Contig_10432_143	0	1	0.859601	0.954261	0.022062	0.006149
164	LdDocent_Contig_10432_143	1	2	0.140399	0.045739	0.022062	0.006149
165	LdDocent_Contig_80797_118	0	1	0.986385	0.990120	0.007473	0.002903
165	LdDocent_Contig_80797_118	1	2	0.013615	0.009880	0.007473	0.002903
166	LdDocent_Contig_2286_103	0	1	0.997930	0.887021	0.002917	0.009895
166	LdDocent_Contig_2286_103	1	2	0.002070	0.112979	0.002917	0.009895
167	LdDocent_Contig_93991_134	0	1	0.997779	0.962800	0.003117	0.005672
167	LdDocent_Contig_93991_134	1	2	0.002221	0.037200	0.003117	0.005672
168	LdDocent_Contig_29905_476	0	1	0.997497	0.991167	0.003482	0.002871
168	LdDocent_Contig_29905_476	1	2	0.002503	0.008833	0.003482	0.002871
169	LdDocent_Contig_53669_84	0	1	0.460747	0.570155	0.031269	0.014778
169	LdDocent_Contig_53669_84	1	2	0.539253	0.429845	0.031269	0.014778
170	LdDocent_Contig_2251_429	0	1	0.988472	0.989298	0.007249	0.003283
170	LdDocent_Contig_2251_429	1	2	0.011528	0.010702	0.007249	0.003283
171	LdDocent_Contig_1252_438	0	1	0.006260	0.632636	0.005084	0.014227
171	LdDocent_Contig_1252_438	1	2	0.993740	0.367364	0.005084	0.014227
172	LdDocent_Contig_160_7	0	1	0.996274	0.988699	0.005247	0.003178
172	LdDocent_Contig_160_7	1	2	0.003726	0.011301	0.005247	0.003178
173	LdDocent_Contig_1061_366	0	1	0.832381	0.999492	0.024629	0.000719
173	LdDocent_Contig_1061_366	1	2	0.167619	0.000508	0.024629	0.000719
174	LdDocent_Contig_73919_465	0	1	0.997757	0.993213	0.003160	0.002465
174	LdDocent_Contig_73919_465	1	2	0.002243	0.006787	0.003160	0.002465
175	LdDocent_Contig_13051_144	0	1	0.997764	0.972492	0.003145	0.004840
175	LdDocent_Contig_13051_144	1	2	0.002236	0.027508	0.003145	0.004840
176	LdDocent_Contig_132_427	0	1	0.023509	0.996225	0.009890	0.001946
176	LdDocent_Contig_132_427	1	2	0.976491	0.003775	0.009890	0.001946
177	LdDocent_Contig_95222_129	0	1	0.153426	0.248262	0.024338	0.013241
177	LdDocent_Contig_95222_129	1	2	0.846574	0.751738	0.024338	0.013241
178	LdDocent_Contig_24695_132	0	1	0.989392	0.993904	0.006657	0.002384
178	LdDocent_Contig_24695_132	1	2	0.010608	0.006096	0.006657	0.002384
179	LdDocent_Contig_93998_405	0	1	0.997756	0.988738	0.003163	0.003300
179	LdDocent_Contig_93998_405	1	2	0.002244	0.011262	0.003163	0.003300
180	LdDocent_Contig_84942_33	0	1	0.985409	0.993843	0.007725	0.002407
180	LdDocent_Contig_84942_33	1	2	0.014591	0.006157	0.007725	0.002407
181	LdDocent_Contig_83807_34	0	1	0.997174	0.988333	0.003897	0.003449
181	LdDocent_Contig_83807_34	1	2	0.002826	0.011667	0.003897	0.003449
182	LdDocent_Contig_74710_31	0	1	0.993875	0.992982	0.004981	0.002553
182	LdDocent_Contig_74710_31	1	2	0.006125	0.007018	0.004981	0.002553
183	LdDocent_Contig_351_95	0	1	0.986211	0.913554	0.007300	0.008406
183	LdDocent_Contig_351_95	1	2	0.013789	0.086446	0.007300	0.008406
184	LdDocent_Contig_3163_44	0	1	0.997903	0.991899	0.002959	0.002768
184	LdDocent_Contig_3163_44	1	2	0.002097	0.008101	0.002959	0.002768
185	LdDocent_Contig_6721_341	0	1	0.915714	0.997055	0.017837	0.001571
185	LdDocent_Contig_6721_341	1	2	0.084286	0.002945	0.017837	0.001571
186	LdDocent_Contig_91112_94	0	2	0.002162	0.008104	0.003050	0.002766
186	LdDocent_Contig_91112_94	1	1	0.997838	0.991896	0.003050	0.002766
187	LdDocent_Contig_947_112	0	1	0.997972	0.986811	0.002858	0.003436
187	LdDocent_Contig_947_112	1	2	0.002028	0.013189	0.002858	0.003436
188	LdDocent_Contig_25390_51	0	1	0.014592	0.856839	0.007729	0.010518
188	LdDocent_Contig_25390_51	1	2	0.985408	0.143161	0.007729	0.010518
189	LdDocent_Contig_880_369	0	1	0.081497	0.997241	0.023770	0.001661
189	LdDocent_Contig_880_369	1	2	0.918503	0.002759	0.023770	0.001661
190	LdDocent_Contig_2088_420	0	1	0.997760	0.993235	0.003163	0.002640
190	LdDocent_Contig_2088_420	1	2	0.002240	0.006765	0.003163	0.002640
191	LdDocent_Contig_369_381	0	1	0.564828	0.996214	0.030373	0.001800
191	LdDocent_Contig_369_381	1	2	0.435172	0.003786	0.030373	0.001800
192	LdDocent_Contig_35892_62	0	1	0.997746	0.986606	0.003177	0.003619
192	LdDocent_Contig_35892_62	1	2	0.002254	0.013394	0.003177	0.003619
193	LdDocent_Contig_1870_433	0	1	0.996967	0.989611	0.004264	0.003188
193	LdDocent_Contig_1870_433	1	2	0.003033	0.010389	0.004264	0.003188
194	LdDocent_Contig_87643_124	0	1	0.998079	0.991213	0.002714	0.002699
194	LdDocent_Contig_87643_124	1	2	0.001921	0.008787	0.002714	0.002699
195	LdDocent_Contig_10199_293	0	1	0.997746	0.989718	0.003175	0.003156
195	LdDocent_Contig_10199_293	1	2	0.002254	0.010282	0.003175	0.003156
196	LdDocent_Contig_5593_130	0	1	0.993407	0.976543	0.005353	0.004684
196	LdDocent_Contig_5593_130	1	2	0.006593	0.023457	0.005353	0.004684
197	LdDocent_Contig_799_467	0	1	0.997913	0.991923	0.002936	0.002758
197	LdDocent_Contig_799_467	1	2	0.002087	0.008077	0.002936	0.002758
198	LdDocent_Contig_5189_370	0	2	0.990163	0.582767	0.006358	0.014889
198	LdDocent_Contig_5189_370	1	1	0.009837	0.417233	0.006358	0.014889
199	LdDocent_Contig_6898_461	0	1	0.990717	0.739361	0.006864	0.012892
199	LdDocent_Contig_6898_461	1	2	0.009283	0.260639	0.006864	0.012892
