999901_sweeps	1.000/0.000/0.000/0.000	0.000/0.000/0.000/1.000	0.000/0.500/0.500/0.000	0.250/0.250/0.250/0.250	0.500/0.250/0.250/0.000	0.000/0.250/0.250/0.500
1	0.00000	0.99988	0.00000	0.00000	0.00000	0.00012
2	0.00000	0.98183	0.00000	0.00000	0.00000	0.01817
3	0.00000	0.99552	0.00000	0.00000	0.00000	0.00448
4	0.00000	0.98625	0.00000	0.00014	0.00000	0.01362
5	0.00000	0.99978	0.00000	0.00000	0.00000	0.00022
6	0.00000	0.99844	0.00000	0.00000	0.00000	0.00156
7	0.00000	0.56320	0.00000	0.00023	0.00000	0.43658
8	0.00000	0.99686	0.00000	0.00000	0.00000	0.00314
9	0.00000	0.99980	0.00000	0.00000	0.00000	0.00020
10	0.00009	0.00000	0.00000	0.00234	0.99757	0.00000
11	0.99991	0.00000	0.00000	0.00000	0.00009	0.00000
12	0.00000	0.96051	0.00000	0.00113	0.00000	0.03836
13	0.00000	0.99990	0.00000	0.00000	0.00000	0.00010
14	0.00000	0.99814	0.00000	0.00000	0.00000	0.00186
15	0.00000	0.99999	0.00000	0.00000	0.00000	0.00001
16	0.00000	0.96886	0.00000	0.00064	0.00000	0.03051
17	0.99988	0.00000	0.00000	0.00000	0.00012	0.00000
18	0.91531	0.00000	0.00000	0.00667	0.07802	0.00000
19	0.00000	0.98331	0.00000	0.00012	0.00000	0.01657
20	0.99987	0.00000	0.00000	0.00000	0.00013	0.00000
21	0.00001	0.00013	0.00003	0.98742	0.00298	0.00943
22	0.00000	0.99977	0.00000	0.00000	0.00000	0.00023
23	0.99495	0.00000	0.00000	0.00003	0.00502	0.00000
24	0.99998	0.00000	0.00000	0.00000	0.00002	0.00000
25	0.99969	0.00000	0.00000	0.00000	0.00031	0.00000
26	0.00000	0.99893	0.00000	0.00000	0.00000	0.00107
27	0.00000	0.99991	0.00000	0.00000	0.00000	0.00009
28	0.00000	0.99990	0.00000	0.00000	0.00000	0.00010
29	0.00000	0.99999	0.00000	0.00000	0.00000	0.00001
30	0.99644	0.00000	0.00000	0.00000	0.00355	0.00000
31	0.99998	0.00000	0.00000	0.00000	0.00002	0.00000
32	0.00000	0.88807	0.00000	0.00887	0.00000	0.10306
33	0.97788	0.00000	0.00000	0.00006	0.02206	0.00000
34	0.00000	0.01272	0.00000	0.87140	0.00002	0.11586
35	0.00000	0.96728	0.00000	0.00078	0.00000	0.03194
36	0.00000	0.99976	0.00000	0.00000	0.00000	0.00024
37	0.99978	0.00000	0.00000	0.00000	0.00022	0.00000
38	0.99991	0.00000	0.00000	0.00000	0.00009	0.00000
39	0.00000	0.99998	0.00000	0.00000	0.00000	0.00002
40	0.00000	0.99952	0.00000	0.00000	0.00000	0.00048
41	0.00000	0.99998	0.00000	0.00000	0.00000	0.00002
42	0.00000	0.91067	0.00000	0.00004	0.00000	0.08928
43	0.96980	0.00000	0.00000	0.00000	0.03020	0.00000
44	0.00000	0.99688	0.00000	0.00000	0.00000	0.00312
45	0.99997	0.00000	0.00000	0.00000	0.00003	0.00000
46	0.00000	0.99991	0.00000	0.00000	0.00000	0.00009
47	0.00000	0.99985	0.00000	0.00000	0.00000	0.00015
48	0.99759	0.00000	0.00000	0.00000	0.00241	0.00000
49	0.99976	0.00000	0.00000	0.00000	0.00024	0.00000
50	0.00000	0.98537	0.00000	0.00014	0.00000	0.01449
51	0.00000	0.99995	0.00000	0.00000	0.00000	0.00005
52	0.00000	0.99867	0.00000	0.00000	0.00000	0.00133
53	0.99418	0.00000	0.00000	0.00000	0.00582	0.00000
54	0.00000	0.99990	0.00000	0.00000	0.00000	0.00010
55	0.00000	0.99992	0.00000	0.00000	0.00000	0.00008
56	0.97654	0.00000	0.00000	0.00035	0.02311	0.00000
57	0.00000	0.99962	0.00000	0.00000	0.00000	0.00038
58	0.00000	0.99982	0.00000	0.00000	0.00000	0.00018
59	0.00000	0.98608	0.00000	0.00009	0.00000	0.01383
60	0.00000	0.99927	0.00000	0.00000	0.00000	0.00072
61	0.00000	0.99956	0.00000	0.00000	0.00000	0.00044
62	0.00000	0.99966	0.00000	0.00000	0.00000	0.00034
63	0.00000	0.99994	0.00000	0.00000	0.00000	0.00006
64	0.00000	0.93278	0.00000	0.00002	0.00000	0.06720
65	0.00000	0.99975	0.00000	0.00000	0.00000	0.00025
66	0.99703	0.00000	0.00000	0.00000	0.00297	0.00000
67	0.00000	0.99970	0.00000	0.00000	0.00000	0.00030
68	0.00000	0.98469	0.00000	0.00000	0.00000	0.01531
69	0.00000	0.96730	0.00000	0.00071	0.00000	0.03199
70	0.00000	0.99974	0.00000	0.00000	0.00000	0.00026
71	0.00000	0.99957	0.00000	0.00000	0.00000	0.00043
72	0.00000	0.99998	0.00000	0.00000	0.00000	0.00002
73	0.00000	0.96481	0.00000	0.00071	0.00000	0.03447
74	0.00000	0.99999	0.00000	0.00000	0.00000	0.00001
75	0.00000	0.99979	0.00000	0.00000	0.00000	0.00021
76	0.00000	0.99975	0.00000	0.00000	0.00000	0.00025
77	0.99995	0.00000	0.00000	0.00000	0.00005	0.00000
78	0.99994	0.00000	0.00000	0.00000	0.00006	0.00000
79	0.99916	0.00000	0.00000	0.00000	0.00084	0.00000
80	0.00000	0.00000	0.00001	0.99596	0.00265	0.00138
81	0.00000	0.99714	0.00000	0.00000	0.00000	0.00286
82	0.47807	0.01573	0.08652	0.12780	0.24708	0.04480
83	0.99989	0.00000	0.00000	0.00000	0.00011	0.00000
84	0.00000	0.99991	0.00000	0.00000	0.00000	0.00009
85	0.99995	0.00000	0.00000	0.00000	0.00005	0.00000
86	0.99999	0.00000	0.00000	0.00000	0.00001	0.00000
87	0.00000	0.99959	0.00000	0.00000	0.00000	0.00041
88	0.99990	0.00000	0.00000	0.00000	0.00010	0.00000
89	0.00000	0.96899	0.00000	0.00000	0.00000	0.03101
90	0.00000	0.99975	0.00000	0.00000	0.00000	0.00025
91	0.95838	0.00000	0.00000	0.00167	0.03995	0.00000
92	0.00000	0.00066	0.00000	0.00079	0.00000	0.99855
93	0.00000	0.99970	0.00000	0.00000	0.00000	0.00030
94	0.98737	0.00000	0.00000	0.00011	0.01252	0.00000
95	0.00000	0.99956	0.00000	0.00000	0.00000	0.00044
96	0.00000	0.83314	0.00000	0.00016	0.00000	0.16670
97	0.99791	0.00000	0.00000	0.00000	0.00208	0.00000
98	0.00000	0.92082	0.00000	0.00005	0.00000	0.07913
99	0.00148	0.23780	0.23334	0.17536	0.11392	0.23810
100	0.00000	0.99968	0.00000	0.00000	0.00000	0.00032
101	0.00000	0.99962	0.00000	0.00000	0.00000	0.00038
102	0.00000	0.99784	0.00000	0.00000	0.00000	0.00216
103	0.00000	0.99994	0.00000	0.00000	0.00000	0.00006
104	0.00000	0.99961	0.00000	0.00000	0.00000	0.00039
105	0.00000	0.94680	0.00000	0.00184	0.00000	0.05136
106	0.00000	0.99976	0.00000	0.00000	0.00000	0.00024
107	0.00000	0.99999	0.00000	0.00000	0.00000	0.00001
108	0.99913	0.00000	0.00000	0.00000	0.00087	0.00000
109	0.00000	0.99985	0.00000	0.00000	0.00000	0.00015
110	0.00000	0.99980	0.00000	0.00000	0.00000	0.00020
111	0.00000	0.99945	0.00000	0.00000	0.00000	0.00055
112	0.80762	0.00000	0.00000	0.00021	0.19217	0.00000
113	0.99109	0.00000	0.00000	0.00006	0.00885	0.00000
114	0.00000	0.99975	0.00000	0.00000	0.00000	0.00025
115	0.00000	0.99982	0.00000	0.00000	0.00000	0.00018
116	0.00038	0.00000	0.00000	0.00170	0.99792	0.00000
117	0.00000	0.99652	0.00000	0.00000	0.00000	0.00348
118	0.99911	0.00000	0.00000	0.00000	0.00089	0.00000
119	0.99991	0.00000	0.00000	0.00000	0.00009	0.00000
120	0.00000	0.99996	0.00000	0.00000	0.00000	0.00004
121	0.00000	0.99913	0.00000	0.00000	0.00000	0.00087
122	0.00000	0.99725	0.00000	0.00000	0.00000	0.00275
123	0.17883	0.13583	0.15549	0.18743	0.18296	0.15946
124	0.00000	0.99895	0.00000	0.00000	0.00000	0.00105
125	0.00000	0.99662	0.00000	0.00001	0.00000	0.00337
126	0.00000	0.99982	0.00000	0.00000	0.00000	0.00018
127	0.00000	0.99970	0.00000	0.00000	0.00000	0.00030
128	0.00000	0.99977	0.00000	0.00000	0.00000	0.00023
129	0.00000	0.99627	0.00000	0.00001	0.00000	0.00372
130	0.00000	0.99954	0.00000	0.00000	0.00000	0.00046
131	0.40499	0.00000	0.00000	0.00010	0.59491	0.00000
132	0.00000	0.99978	0.00000	0.00000	0.00000	0.00022
133	0.00000	0.99919	0.00000	0.00000	0.00000	0.00081
134	0.00000	0.99990	0.00000	0.00000	0.00000	0.00010
135	0.00000	0.99993	0.00000	0.00000	0.00000	0.00007
136	0.00000	0.99997	0.00000	0.00000	0.00000	0.00003
137	0.00000	0.99934	0.00000	0.00000	0.00000	0.00066
138	0.99962	0.00000	0.00000	0.00000	0.00038	0.00000
139	0.98367	0.00000	0.00000	0.00000	0.01633	0.00000
140	0.99974	0.00000	0.00000	0.00000	0.00026	0.00000
141	0.98453	0.00000	0.00000	0.00026	0.01520	0.00000
142	0.99648	0.00000	0.00000	0.00000	0.00352	0.00000
143	0.00000	0.99984	0.00000	0.00000	0.00000	0.00016
144	0.99724	0.00000	0.00000	0.00000	0.00275	0.00000
145	0.99989	0.00000	0.00000	0.00000	0.00011	0.00000
146	1.00000	0.00000	0.00000	0.00000	0.00000	0.00000
147	0.99770	0.00000	0.00000	0.00001	0.00229	0.00000
148	0.99975	0.00000	0.00000	0.00000	0.00025	0.00000
149	0.99808	0.00000	0.00000	0.00000	0.00192	0.00000
150	0.99973	0.00000	0.00000	0.00000	0.00027	0.00000
151	0.00000	0.98362	0.00000	0.00010	0.00000	0.01628
152	0.00195	0.20466	0.24900	0.18396	0.13413	0.22629
153	0.00000	0.91870	0.00000	0.00456	0.00000	0.07674
154	0.00000	0.99834	0.00000	0.00000	0.00000	0.00166
155	0.00000	0.93387	0.00000	0.00048	0.00000	0.06565
156	0.00000	0.99979	0.00000	0.00000	0.00000	0.00021
157	0.00000	0.99943	0.00000	0.00000	0.00000	0.00057
158	0.00000	0.99835	0.00000	0.00000	0.00000	0.00165
159	0.00000	0.99936	0.00000	0.00000	0.00000	0.00064
160	0.00000	0.99784	0.00000	0.00000	0.00000	0.00216
161	0.00000	0.98905	0.00000	0.00000	0.00000	0.01094
162	0.99903	0.00000	0.00000	0.00000	0.00097	0.00000
163	0.00000	0.99996	0.00000	0.00000	0.00000	0.00004
164	0.00000	0.99328	0.00000	0.00000	0.00000	0.00671
165	0.00000	0.79913	0.00004	0.02850	0.00001	0.17232
166	0.99895	0.00000	0.00000	0.00000	0.00105	0.00000
167	0.99314	0.00000	0.00000	0.00000	0.00686	0.00000
168	1.00000	0.00000	0.00000	0.00000	0.00000	0.00000
169	0.00000	0.99964	0.00000	0.00000	0.00000	0.00036
170	0.00000	0.99875	0.00000	0.00000	0.00000	0.00125
171	0.00000	0.99998	0.00000	0.00000	0.00000	0.00002
172	0.00000	0.99986	0.00000	0.00000	0.00000	0.00014
173	0.99746	0.00000	0.00000	0.00000	0.00254	0.00000
174	0.00000	0.99910	0.00000	0.00000	0.00000	0.00090
175	0.00000	0.99076	0.00000	0.00002	0.00000	0.00923
176	0.00000	0.99921	0.00000	0.00000	0.00000	0.00079
177	0.00000	0.99911	0.00000	0.00000	0.00000	0.00089
178	0.99999	0.00000	0.00000	0.00000	0.00001	0.00000
179	0.99872	0.00000	0.00000	0.00000	0.00128	0.00000
180	0.00000	0.99929	0.00000	0.00000	0.00000	0.00071
181	0.00000	0.99996	0.00000	0.00000	0.00000	0.00004
182	0.53318	0.00000	0.00000	0.18497	0.28185	0.00000
183	0.00000	0.99625	0.00000	0.00000	0.00000	0.00374
184	0.00000	0.99985	0.00000	0.00000	0.00000	0.00015
185	0.00000	0.99964	0.00000	0.00000	0.00000	0.00036
186	0.99893	0.00000	0.00000	0.00000	0.00107	0.00000
187	0.00000	0.99666	0.00000	0.00000	0.00000	0.00334
188	0.00000	0.99968	0.00000	0.00000	0.00000	0.00032
189	0.00000	0.98454	0.00000	0.00000	0.00000	0.01545
190	0.00000	0.99767	0.00000	0.00000	0.00000	0.00232
191	0.99998	0.00000	0.00000	0.00000	0.00002	0.00000
192	0.99692	0.00000	0.00000	0.00000	0.00308	0.00000
193	0.99972	0.00000	0.00000	0.00000	0.00028	0.00000
194	0.00000	0.99989	0.00000	0.00000	0.00000	0.00011
195	0.00000	0.99808	0.00000	0.00000	0.00000	0.00192
196	0.00000	0.99582	0.00000	0.00000	0.00000	0.00418
197	0.00000	0.99487	0.00000	0.00002	0.00000	0.00511
198	0.00000	0.99989	0.00000	0.00000	0.00000	0.00011
199	0.00000	0.99912	0.00000	0.00000	0.00000	0.00088
200	0.00000	0.00000	0.99921	0.00029	0.00001	0.00049
201	0.00000	0.77659	0.00000	0.00002	0.00000	0.22338
202	0.00000	0.99999	0.00000	0.00000	0.00000	0.00001
203	0.00000	0.69034	0.00004	0.06429	0.00001	0.24532
204	0.00000	0.99983	0.00000	0.00000	0.00000	0.00017
205	0.00000	0.99996	0.00000	0.00000	0.00000	0.00004
206	0.00000	0.99959	0.00000	0.00000	0.00000	0.00041
207	0.00000	0.99924	0.00000	0.00000	0.00000	0.00076
208	0.00000	0.99994	0.00000	0.00000	0.00000	0.00006
209	0.00000	0.99955	0.00000	0.00000	0.00000	0.00045
210	0.00000	0.99981	0.00000	0.00000	0.00000	0.00019
211	0.00000	0.14593	0.00000	0.00024	0.00000	0.85383
212	0.00000	0.99964	0.00000	0.00000	0.00000	0.00036
213	0.99992	0.00000	0.00000	0.00000	0.00008	0.00000
214	0.99986	0.00000	0.00000	0.00000	0.00014	0.00000
215	0.00000	0.99948	0.00000	0.00000	0.00000	0.00052
216	0.00000	0.99994	0.00000	0.00000	0.00000	0.00006
217	0.00000	0.99997	0.00000	0.00000	0.00000	0.00003
218	0.00000	0.99965	0.00000	0.00000	0.00000	0.00035
219	0.00000	0.99840	0.00000	0.00000	0.00000	0.00160
220	0.00000	0.92793	0.00001	0.00375	0.00000	0.06831
221	0.00000	0.99994	0.00000	0.00000	0.00000	0.00006
222	0.00000	0.99878	0.00000	0.00000	0.00000	0.00122
223	0.00000	0.97931	0.00000	0.00027	0.00000	0.02042
224	0.00000	0.99997	0.00000	0.00000	0.00000	0.00003
225	0.00000	0.99958	0.00000	0.00000	0.00000	0.00042
226	0.99976	0.00000	0.00000	0.00000	0.00024	0.00000
227	0.00000	0.99969	0.00000	0.00000	0.00000	0.00031
228	0.00000	0.96150	0.00000	0.00082	0.00000	0.03768
229	0.44376	0.00001	0.00219	0.21728	0.33549	0.00127
230	0.00000	0.99985	0.00000	0.00000	0.00000	0.00015
231	0.00000	0.99965	0.00000	0.00000	0.00000	0.00035
232	0.00000	0.98517	0.00000	0.00015	0.00000	0.01467
233	0.99999	0.00000	0.00000	0.00000	0.00001	0.00000
234	0.00000	0.98980	0.00000	0.00007	0.00000	0.01013
235	0.00000	0.99998	0.00000	0.00000	0.00000	0.00002
236	0.00000	0.99920	0.00000	0.00000	0.00000	0.00080
237	0.00000	0.99995	0.00000	0.00000	0.00000	0.00005
238	0.00000	0.99937	0.00000	0.00000	0.00000	0.00063
239	0.99985	0.00000	0.00000	0.00000	0.00015	0.00000
240	0.99998	0.00000	0.00000	0.00000	0.00002	0.00000
241	0.99993	0.00000	0.00000	0.00000	0.00007	0.00000
242	0.99993	0.00000	0.00000	0.00000	0.00007	0.00000
243	0.00000	0.99979	0.00000	0.00000	0.00000	0.00021
244	0.98940	0.00000	0.00000	0.00000	0.01060	0.00000
245	0.99747	0.00000	0.00000	0.00001	0.00252	0.00000
246	0.00000	0.99979	0.00000	0.00000	0.00000	0.00021
247	0.00000	0.99944	0.00000	0.00000	0.00000	0.00056
248	0.00000	0.84724	0.00000	0.00003	0.00000	0.15272
249	0.00000	0.99976	0.00000	0.00000	0.00000	0.00024
250	0.00000	0.99868	0.00000	0.00000	0.00000	0.00132
251	0.00000	0.99988	0.00000	0.00000	0.00000	0.00012
252	0.00000	0.99998	0.00000	0.00000	0.00000	0.00002
253	0.00000	0.99982	0.00000	0.00000	0.00000	0.00018
254	0.00000	0.99996	0.00000	0.00000	0.00000	0.00004
255	0.00000	0.99968	0.00000	0.00000	0.00000	0.00032
256	0.00000	0.84156	0.00000	0.00028	0.00000	0.15816
257	0.00000	0.99921	0.00000	0.00000	0.00000	0.00079
258	0.00000	0.99237	0.00000	0.00000	0.00000	0.00763
259	0.00000	0.99984	0.00000	0.00000	0.00000	0.00016
260	0.00000	0.99542	0.00000	0.00002	0.00000	0.00456
261	0.00000	0.99955	0.00000	0.00000	0.00000	0.00045
262	0.00000	0.99980	0.00000	0.00000	0.00000	0.00020
263	0.00000	0.99966	0.00000	0.00000	0.00000	0.00034
264	0.00000	0.99954	0.00000	0.00000	0.00000	0.00046
265	0.00000	0.68951	0.00467	0.05723	0.00054	0.24806
266	0.00000	0.99912	0.00000	0.00000	0.00000	0.00088
267	0.00000	0.75439	0.00000	0.00025	0.00000	0.24536
268	0.00000	0.99988	0.00000	0.00000	0.00000	0.00012
269	0.00000	0.99932	0.00000	0.00000	0.00000	0.00068
270	0.00000	0.99919	0.00000	0.00000	0.00000	0.00081
271	0.00000	0.99642	0.00000	0.00000	0.00000	0.00358
272	0.00000	0.99984	0.00000	0.00000	0.00000	0.00016
273	0.00000	0.99930	0.00000	0.00000	0.00000	0.00070
274	0.00000	0.99991	0.00000	0.00000	0.00000	0.00009
275	0.00000	0.99997	0.00000	0.00000	0.00000	0.00003
276	0.00000	0.99985	0.00000	0.00000	0.00000	0.00015
277	0.00000	0.99974	0.00000	0.00000	0.00000	0.00026
278	0.00000	0.99981	0.00000	0.00000	0.00000	0.00019
279	0.00000	0.99998	0.00000	0.00000	0.00000	0.00002
280	0.00000	0.99979	0.00000	0.00000	0.00000	0.00021
281	0.00000	0.99333	0.00000	0.00002	0.00000	0.00665
282	0.00000	0.99980	0.00000	0.00000	0.00000	0.00020
283	1.00000	0.00000	0.00000	0.00000	0.00000	0.00000
284	0.00000	0.86901	0.00002	0.01002	0.00000	0.12095
285	0.00000	0.99890	0.00000	0.00000	0.00000	0.00110
286	0.00000	0.99985	0.00000	0.00000	0.00000	0.00015
287	0.00000	0.99994	0.00000	0.00000	0.00000	0.00006
288	0.00000	0.99993	0.00000	0.00000	0.00000	0.00007
289	0.00000	0.99572	0.00000	0.00000	0.00000	0.00428
290	0.00000	0.99388	0.00000	0.00001	0.00000	0.00610
291	0.00000	0.99991	0.00000	0.00000	0.00000	0.00009
292	0.00000	0.99949	0.00000	0.00000	0.00000	0.00051
293	0.00000	0.99986	0.00000	0.00000	0.00000	0.00014
294	0.00000	0.99970	0.00000	0.00000	0.00000	0.00030
295	0.00000	0.99974	0.00000	0.00000	0.00000	0.00026
296	0.99996	0.00000	0.00000	0.00000	0.00004	0.00000
297	0.30446	0.06570	0.14137	0.16262	0.22250	0.10334
298	0.00000	0.99961	0.00000	0.00000	0.00000	0.00039
299	0.00000	0.93270	0.00000	0.00406	0.00000	0.06324
300	0.99985	0.00000	0.00000	0.00000	0.00015	0.00000
301	0.00000	0.99933	0.00000	0.00000	0.00000	0.00067
302	0.00000	0.99949	0.00000	0.00000	0.00000	0.00051
303	0.00000	0.99970	0.00000	0.00000	0.00000	0.00030
304	0.00000	0.99998	0.00000	0.00000	0.00000	0.00002
305	0.00000	0.99990	0.00000	0.00000	0.00000	0.00010
306	0.00000	0.99978	0.00000	0.00000	0.00000	0.00022
307	0.00000	0.99911	0.00000	0.00000	0.00000	0.00089
308	0.00000	0.99992	0.00000	0.00000	0.00000	0.00008
309	0.00000	0.99983	0.00000	0.00000	0.00000	0.00017
310	0.00000	0.97310	0.00000	0.00013	0.00000	0.02677
311	0.00000	0.97282	0.00000	0.00000	0.00000	0.02718
312	0.00000	0.80089	0.00077	0.02773	0.00010	0.17051
313	0.00000	0.99977	0.00000	0.00000	0.00000	0.00023
314	0.00000	0.99991	0.00000	0.00000	0.00000	0.00009
315	0.00000	0.99980	0.00000	0.00000	0.00000	0.00020
316	0.00000	0.98174	0.00000	0.00005	0.00000	0.01821
317	0.00000	0.99968	0.00000	0.00000	0.00000	0.00032
318	0.00000	0.99943	0.00000	0.00000	0.00000	0.00057
319	0.00000	0.99994	0.00000	0.00000	0.00000	0.00006
320	0.00000	0.99494	0.00000	0.00001	0.00000	0.00504
321	0.00000	0.99969	0.00000	0.00000	0.00000	0.00031
322	0.00000	0.99917	0.00000	0.00000	0.00000	0.00082
323	0.00000	0.99987	0.00000	0.00000	0.00000	0.00013
324	0.00000	0.90132	0.00000	0.00005	0.00000	0.09863
325	0.00000	0.99996	0.00000	0.00000	0.00000	0.00004
326	0.00000	0.00163	0.00000	0.12562	0.00000	0.87275
327	0.00000	0.96893	0.00000	0.00039	0.00000	0.03068
328	0.00000	0.99984	0.00000	0.00000	0.00000	0.00016
329	0.00000	0.99990	0.00000	0.00000	0.00000	0.00010
330	0.00000	0.99178	0.00000	0.00002	0.00000	0.00819
331	0.00000	0.81281	0.00006	0.02418	0.00001	0.16294
332	0.00000	0.99970	0.00000	0.00000	0.00000	0.00030
333	0.00000	0.99925	0.00000	0.00000	0.00000	0.00075
334	0.00000	0.99539	0.00000	0.00001	0.00000	0.00461
335	0.00000	0.99999	0.00000	0.00000	0.00000	0.00001
336	0.00000	0.99997	0.00000	0.00000	0.00000	0.00003
337	0.00001	0.56721	0.02349	0.11100	0.00594	0.29234
338	0.00000	0.99964	0.00000	0.00000	0.00000	0.00036
339	0.00000	0.99980	0.00000	0.00000	0.00000	0.00020
340	0.00000	0.99998	0.00000	0.00000	0.00000	0.00002
341	0.00000	0.00000	0.99284	0.00055	0.00000	0.00661
342	0.00000	0.99992	0.00000	0.00000	0.00000	0.00008
343	0.00000	0.99712	0.00000	0.00000	0.00000	0.00287
344	0.00000	0.00000	0.00000	0.00168	0.00000	0.99832
345	0.00000	0.94181	0.00000	0.00025	0.00000	0.05794
346	0.00000	0.99998	0.00000	0.00000	0.00000	0.00002
347	0.00000	0.99186	0.00000	0.00004	0.00000	0.00809
348	0.00000	0.07852	0.00000	0.00019	0.00000	0.92129
349	0.00000	0.99979	0.00000	0.00000	0.00000	0.00021
350	0.00000	0.99942	0.00000	0.00000	0.00000	0.00058
351	0.00000	0.99962	0.00000	0.00000	0.00000	0.00038
352	0.00000	0.99705	0.00000	0.00000	0.00000	0.00295
353	0.00000	0.99971	0.00000	0.00000	0.00000	0.00029
354	0.00000	0.97428	0.00000	0.00048	0.00000	0.02524
355	0.00000	0.74307	0.00073	0.04443	0.00010	0.21167
356	0.99996	0.00000	0.00000	0.00000	0.00004	0.00000
357	0.00000	0.99994	0.00000	0.00000	0.00000	0.00006
358	0.00000	0.99802	0.00000	0.00000	0.00000	0.00198
359	0.00181	0.21374	0.24538	0.18119	0.12838	0.22949
360	0.00000	0.99967	0.00000	0.00000	0.00000	0.00033
361	0.00000	0.99680	0.00000	0.00000	0.00000	0.00319
362	0.99883	0.00000	0.00000	0.00000	0.00117	0.00000
363	1.00000	0.00000	0.00000	0.00000	0.00000	0.00000
364	0.00000	0.99555	0.00000	0.00001	0.00000	0.00444
365	0.00000	0.96077	0.00000	0.00070	0.00000	0.03853
366	0.00000	0.99984	0.00000	0.00000	0.00000	0.00016
367	0.00000	0.96605	0.00000	0.00000	0.00000	0.03394
368	0.00000	0.99863	0.00000	0.00000	0.00000	0.00137
369	0.99999	0.00000	0.00000	0.00000	0.00001	0.00000
370	0.00000	0.99964	0.00000	0.00000	0.00000	0.00036
371	0.00000	0.99987	0.00000	0.00000	0.00000	0.00013
372	0.00000	0.99973	0.00000	0.00000	0.00000	0.00027
373	0.00000	0.99996	0.00000	0.00000	0.00000	0.00004
374	0.00000	0.79438	0.00000	0.02899	0.00000	0.17663
375	0.99987	0.00000	0.00000	0.00000	0.00013	0.00000
376	0.00000	0.74206	0.00000	0.00293	0.00000	0.25502
377	0.00157	0.23208	0.23795	0.17548	0.11755	0.23536
378	0.99973	0.00000	0.00000	0.00000	0.00027	0.00000
379	0.99599	0.00000	0.00000	0.00002	0.00399	0.00000
380	0.00000	0.99991	0.00000	0.00000	0.00000	0.00009
381	0.00000	0.99984	0.00000	0.00000	0.00000	0.00016
382	0.00000	0.99668	0.00000	0.00000	0.00000	0.00332
383	0.99962	0.00000	0.00000	0.00000	0.00038	0.00000
384	0.00000	0.99986	0.00000	0.00000	0.00000	0.00014
385	0.00000	0.99973	0.00000	0.00000	0.00000	0.00027
386	0.00000	0.99953	0.00000	0.00000	0.00000	0.00047
387	0.00000	0.99985	0.00000	0.00000	0.00000	0.00015
388	0.98148	0.00000	0.00000	0.00039	0.01814	0.00000
389	0.00000	0.99809	0.00000	0.00000	0.00000	0.00191
390	0.00000	0.99997	0.00000	0.00000	0.00000	0.00003
391	0.00000	0.99953	0.00000	0.00000	0.00000	0.00047
392	0.00000	0.86196	0.00001	0.01372	0.00000	0.12430
393	0.00000	0.99467	0.00000	0.00003	0.00000	0.00530
394	0.00000	0.99963	0.00000	0.00000	0.00000	0.00037
395	0.00000	0.99999	0.00000	0.00000	0.00000	0.00001
396	0.00000	0.99999	0.00000	0.00000	0.00000	0.00001
397	0.00000	0.99996	0.00000	0.00000	0.00000	0.00004
398	0.00000	0.99991	0.00000	0.00000	0.00000	0.00009
399	0.00000	0.68029	0.00170	0.06766	0.00031	0.25005
400	0.00000	0.99980	0.00000	0.00000	0.00000	0.00020
401	0.00000	0.99962	0.00000	0.00000	0.00000	0.00038
402	0.00000	0.70139	0.00299	0.05869	0.00050	0.23643
403	0.00000	0.99985	0.00000	0.00000	0.00000	0.00015
404	0.00000	0.99991	0.00000	0.00000	0.00000	0.00009
405	0.00000	0.97005	0.00000	0.00041	0.00000	0.02953
406	0.00000	0.99996	0.00000	0.00000	0.00000	0.00004
407	0.00000	0.99983	0.00000	0.00000	0.00000	0.00017
408	0.00000	0.99903	0.00000	0.00000	0.00000	0.00097
409	0.00000	0.99978	0.00000	0.00000	0.00000	0.00022
410	0.00000	0.99962	0.00000	0.00000	0.00000	0.00038
411	0.00000	0.99936	0.00000	0.00000	0.00000	0.00064
412	0.99995	0.00000	0.00000	0.00000	0.00005	0.00000
413	0.00000	0.99997	0.00000	0.00000	0.00000	0.00003
414	0.00000	0.99584	0.00000	0.00001	0.00000	0.00416
415	0.00000	0.99982	0.00000	0.00000	0.00000	0.00018
416	0.00000	0.82738	0.00000	0.02184	0.00000	0.15078
417	0.00000	0.99996	0.00000	0.00000	0.00000	0.00004
418	0.00000	1.00000	0.00000	0.00000	0.00000	0.00000
419	0.00000	0.99684	0.00000	0.00000	0.00000	0.00316
420	0.00000	0.99974	0.00000	0.00000	0.00000	0.00026
421	0.00000	0.99999	0.00000	0.00000	0.00000	0.00001
422	0.00000	0.99958	0.00000	0.00000	0.00000	0.00042
423	0.00000	0.72002	0.00402	0.05138	0.00062	0.22397
424	0.00000	0.87629	0.00001	0.01075	0.00000	0.11295
425	0.00000	0.99992	0.00000	0.00000	0.00000	0.00008
426	0.00000	0.94442	0.00000	0.00002	0.00000	0.05556
427	0.00000	0.99953	0.00000	0.00000	0.00000	0.00047
428	0.00000	0.99979	0.00000	0.00000	0.00000	0.00021
429	0.00000	0.99986	0.00000	0.00000	0.00000	0.00014
430	0.00000	0.99966	0.00000	0.00000	0.00000	0.00034
431	0.00000	0.99999	0.00000	0.00000	0.00000	0.00001
432	0.00000	0.99929	0.00000	0.00000	0.00000	0.00071
433	0.00000	0.98502	0.00000	0.00011	0.00000	0.01487
434	0.00000	0.99963	0.00000	0.00000	0.00000	0.00037
435	0.00000	0.98905	0.00000	0.00009	0.00000	0.01086
436	0.00000	0.99983	0.00000	0.00000	0.00000	0.00017
437	0.99997	0.00000	0.00000	0.00000	0.00003	0.00000
438	0.00000	0.99937	0.00000	0.00000	0.00000	0.00063
439	0.00000	0.99992	0.00000	0.00000	0.00000	0.00008
440	0.00000	0.90435	0.00000	0.00003	0.00000	0.09561
441	0.00000	0.99892	0.00000	0.00000	0.00000	0.00108
442	0.00000	0.99991	0.00000	0.00000	0.00000	0.00009
443	0.00000	0.99992	0.00000	0.00000	0.00000	0.00008
444	0.00000	0.99953	0.00000	0.00000	0.00000	0.00047
445	0.00000	0.99632	0.00000	0.00000	0.00000	0.00367
446	0.00000	0.99992	0.00000	0.00000	0.00000	0.00008
447	0.00000	0.99971	0.00000	0.00000	0.00000	0.00029
448	0.00000	0.59035	0.00000	0.00015	0.00000	0.40950
449	0.00000	0.99932	0.00000	0.00000	0.00000	0.00068
450	0.00000	0.99992	0.00000	0.00000	0.00000	0.00008
451	0.00000	0.99551	0.00000	0.00001	0.00000	0.00449
452	0.00000	0.99998	0.00000	0.00000	0.00000	0.00002
453	0.00000	0.76612	0.00470	0.03630	0.00064	0.19225
454	0.00000	0.99982	0.00000	0.00000	0.00000	0.00018
455	0.00000	0.99960	0.00000	0.00000	0.00000	0.00040
456	0.00000	0.99732	0.00000	0.00000	0.00000	0.00268
457	0.00000	0.99759	0.00000	0.00000	0.00000	0.00241
458	0.00000	0.99963	0.00000	0.00000	0.00000	0.00037
459	0.00000	0.99998	0.00000	0.00000	0.00000	0.00002
460	0.00000	0.99998	0.00000	0.00000	0.00000	0.00002
461	0.99630	0.00000	0.00000	0.00000	0.00370	0.00000
462	0.00000	0.99933	0.00000	0.00000	0.00000	0.00067
463	0.00000	0.99991	0.00000	0.00000	0.00000	0.00009
464	0.00000	0.77562	0.00007	0.04265	0.00002	0.18164
465	0.99816	0.00000	0.00000	0.00000	0.00184	0.00000
466	0.00000	0.95922	0.00000	0.00001	0.00000	0.04077
467	0.00000	0.99998	0.00000	0.00000	0.00000	0.00002
468	0.00000	0.96417	0.00000	0.00080	0.00000	0.03503
469	0.00000	0.99996	0.00000	0.00000	0.00000	0.00004
470	0.00000	0.99925	0.00000	0.00000	0.00000	0.00075
471	0.00000	0.99789	0.00000	0.00000	0.00000	0.00211
472	0.00000	0.99984	0.00000	0.00000	0.00000	0.00016
473	0.00000	0.99990	0.00000	0.00000	0.00000	0.00010
474	0.00000	0.99980	0.00000	0.00000	0.00000	0.00020
475	0.00180	0.21335	0.24392	0.18254	0.12828	0.23009
476	0.00000	0.99996	0.00000	0.00000	0.00000	0.00004
477	0.00000	0.99995	0.00000	0.00000	0.00000	0.00005
478	0.00000	0.99968	0.00000	0.00000	0.00000	0.00032
479	0.00000	0.99985	0.00000	0.00000	0.00000	0.00015
480	0.00000	0.98491	0.00000	0.00014	0.00000	0.01495
481	0.00000	0.99998	0.00000	0.00000	0.00000	0.00002
482	0.00000	0.99971	0.00000	0.00000	0.00000	0.00029
483	0.00000	0.99877	0.00000	0.00000	0.00000	0.00123
484	0.00000	0.99988	0.00000	0.00000	0.00000	0.00012
485	0.00000	0.99989	0.00000	0.00000	0.00000	0.00011
486	0.00000	0.99991	0.00000	0.00000	0.00000	0.00009
487	0.00000	0.99985	0.00000	0.00000	0.00000	0.00015
488	0.00000	0.99996	0.00000	0.00000	0.00000	0.00004
489	0.00000	0.99997	0.00000	0.00000	0.00000	0.00003
490	0.00000	0.99936	0.00000	0.00000	0.00000	0.00064
491	0.00000	0.99995	0.00000	0.00000	0.00000	0.00005
492	0.00000	0.99986	0.00000	0.00000	0.00000	0.00014
493	0.00000	0.99739	0.00000	0.00000	0.00000	0.00260
494	0.00000	0.99970	0.00000	0.00000	0.00000	0.00030
495	0.00000	0.63174	0.00030	0.08717	0.00006	0.28073
496	0.00000	0.99918	0.00000	0.00000	0.00000	0.00082
497	0.00000	0.99977	0.00000	0.00000	0.00000	0.00023
498	0.00000	0.99877	0.00000	0.00000	0.00000	0.00123
499	0.00000	0.99995	0.00000	0.00000	0.00000	0.00005
500	0.00000	0.99999	0.00000	0.00000	0.00000	0.00001
501	0.00000	0.80732	0.00130	0.02529	0.00015	0.16595
502	0.00000	0.99590	0.00000	0.00000	0.00000	0.00410
503	0.00010	0.52731	0.08151	0.10227	0.02149	0.26732
504	0.00000	0.99990	0.00000	0.00000	0.00000	0.00010
505	0.00000	0.99792	0.00000	0.00000	0.00000	0.00208
506	0.00000	0.99941	0.00000	0.00000	0.00000	0.00059
507	0.99810	0.00000	0.00000	0.00000	0.00190	0.00000
508	0.99996	0.00000	0.00000	0.00000	0.00004	0.00000
509	0.00000	0.99509	0.00000	0.00001	0.00000	0.00490
510	0.00000	0.99975	0.00000	0.00000	0.00000	0.00025
511	0.00000	0.99971	0.00000	0.00000	0.00000	0.00029
512	0.00000	0.99961	0.00000	0.00000	0.00000	0.00039
513	0.00000	0.99989	0.00000	0.00000	0.00000	0.00011
514	0.99940	0.00000	0.00000	0.00000	0.00060	0.00000
515	0.00000	0.99143	0.00000	0.00004	0.00000	0.00853
516	0.99997	0.00000	0.00000	0.00000	0.00003	0.00000
517	0.00000	0.98367	0.00000	0.00020	0.00000	0.01613
518	0.00000	0.99965	0.00000	0.00000	0.00000	0.00035
519	0.99975	0.00000	0.00000	0.00000	0.00025	0.00000
520	0.00000	0.99623	0.00000	0.00000	0.00000	0.00377
521	0.00000	0.99994	0.00000	0.00000	0.00000	0.00006
522	0.00000	0.99981	0.00000	0.00000	0.00000	0.00019
523	0.00000	0.99963	0.00000	0.00000	0.00000	0.00037
524	0.00000	0.99978	0.00000	0.00000	0.00000	0.00022
525	0.00000	0.99995	0.00000	0.00000	0.00000	0.00005
526	0.00000	0.99965	0.00000	0.00000	0.00000	0.00034
527	0.00000	0.99435	0.00000	0.00001	0.00000	0.00564
528	0.00000	0.99991	0.00000	0.00000	0.00000	0.00009
529	0.00000	0.97025	0.00000	0.00064	0.00000	0.02911
530	0.00001	0.60751	0.02174	0.08933	0.00474	0.27667
531	0.00000	0.99938	0.00000	0.00000	0.00000	0.00062
532	0.00000	0.99995	0.00000	0.00000	0.00000	0.00005
533	0.00000	0.99999	0.00000	0.00000	0.00000	0.00001
534	0.99991	0.00000	0.00000	0.00000	0.00009	0.00000
535	0.00000	0.99970	0.00000	0.00000	0.00000	0.00030
536	0.00000	0.99997	0.00000	0.00000	0.00000	0.00003
537	0.00000	0.99982	0.00000	0.00000	0.00000	0.00018
538	0.78758	0.00000	0.00000	0.00017	0.21226	0.00000
539	0.00000	0.98475	0.00000	0.00017	0.00000	0.01508
540	0.00000	0.99979	0.00000	0.00000	0.00000	0.00021
541	0.56986	0.00000	0.00002	0.14499	0.28512	0.00001
542	0.99997	0.00000	0.00000	0.00000	0.00003	0.00000
543	0.98852	0.00000	0.00000	0.00000	0.01148	0.00000
544	0.00000	0.78173	0.00000	0.00058	0.00000	0.21769
545	0.00000	0.99931	0.00000	0.00000	0.00000	0.00069
546	0.00000	0.99558	0.00000	0.00000	0.00000	0.00442
547	0.00000	0.99948	0.00000	0.00000	0.00000	0.00052
548	0.00000	0.99996	0.00000	0.00000	0.00000	0.00004
549	0.99833	0.00000	0.00000	0.00000	0.00167	0.00000
550	0.00000	0.99994	0.00000	0.00000	0.00000	0.00006
551	0.00000	0.99980	0.00000	0.00000	0.00000	0.00020
552	0.99998	0.00000	0.00000	0.00000	0.00002	0.00000
553	0.00000	0.99998	0.00000	0.00000	0.00000	0.00002
554	0.00000	0.99971	0.00000	0.00000	0.00000	0.00029
555	0.00000	0.99857	0.00000	0.00000	0.00000	0.00143
556	0.00000	0.99996	0.00000	0.00000	0.00000	0.00004
557	0.00000	0.00000	0.99893	0.00067	0.00032	0.00007
558	0.00000	0.99977	0.00000	0.00000	0.00000	0.00023
559	0.00000	0.99976	0.00000	0.00000	0.00000	0.00024
560	0.99999	0.00000	0.00000	0.00000	0.00001	0.00000
561	0.99989	0.00000	0.00000	0.00000	0.00011	0.00000
562	0.99997	0.00000	0.00000	0.00000	0.00003	0.00000
563	0.99989	0.00000	0.00000	0.00000	0.00011	0.00000
564	0.00000	0.99961	0.00000	0.00000	0.00000	0.00039
565	0.00000	0.99923	0.00000	0.00000	0.00000	0.00077
566	0.99933	0.00000	0.00000	0.00000	0.00067	0.00000
567	0.00000	0.99934	0.00000	0.00000	0.00000	0.00066
568	0.31422	0.06177	0.13920	0.16061	0.22462	0.09958
569	0.99999	0.00000	0.00000	0.00000	0.00001	0.00000
570	0.00000	0.08045	0.00000	0.00048	0.00000	0.91907
571	0.00000	0.99999	0.00000	0.00000	0.00000	0.00001
572	0.00000	0.99993	0.00000	0.00000	0.00000	0.00007
573	0.00000	0.99992	0.00000	0.00000	0.00000	0.00008
574	0.00000	0.98923	0.00000	0.00003	0.00000	0.01074
575	0.00000	0.99296	0.00000	0.00002	0.00000	0.00701
576	0.00000	0.00000	0.00000	0.00919	0.99081	0.00000
577	0.00000	0.99995	0.00000	0.00000	0.00000	0.00005
578	0.99997	0.00000	0.00000	0.00000	0.00003	0.00000
579	0.00000	0.99991	0.00000	0.00000	0.00000	0.00009
580	0.00000	0.99985	0.00000	0.00000	0.00000	0.00015
581	0.00000	0.99769	0.00000	0.00001	0.00000	0.00230
582	0.00000	0.99943	0.00000	0.00000	0.00000	0.00057
583	0.00000	0.99963	0.00000	0.00000	0.00000	0.00037
584	0.00000	0.96419	0.00000	0.00084	0.00000	0.03497
585	0.00000	0.98745	0.00000	0.00000	0.00000	0.01255
586	0.00000	0.99976	0.00000	0.00000	0.00000	0.00024
587	0.00000	0.99991	0.00000	0.00000	0.00000	0.00009
588	0.00000	0.99661	0.00000	0.00000	0.00000	0.00339
589	0.00000	0.99990	0.00000	0.00000	0.00000	0.00010
590	0.00000	0.99964	0.00000	0.00000	0.00000	0.00036
591	0.00000	0.99848	0.00000	0.00000	0.00000	0.00152
592	0.00000	0.99276	0.00000	0.00004	0.00000	0.00720
593	0.00000	0.99197	0.00000	0.00005	0.00000	0.00798
594	0.00000	0.99997	0.00000	0.00000	0.00000	0.00003
595	0.00000	0.99970	0.00000	0.00000	0.00000	0.00030
596	0.00000	0.99993	0.00000	0.00000	0.00000	0.00007
597	0.00000	0.92785	0.00000	0.00325	0.00000	0.06890
598	0.00000	0.93438	0.00000	0.00303	0.00000	0.06259
599	0.00000	0.83155	0.00000	0.01250	0.00000	0.15595
600	0.00000	0.89790	0.00000	0.00809	0.00000	0.09401
601	0.00000	0.99968	0.00000	0.00000	0.00000	0.00032
602	0.00000	0.94689	0.00000	0.00203	0.00000	0.05108
603	0.99961	0.00000	0.00000	0.00000	0.00039	0.00000
604	0.95762	0.00000	0.00000	0.00133	0.04105	0.00000
605	0.00000	0.95359	0.00000	0.00015	0.00000	0.04626
606	0.00000	0.99716	0.00000	0.00000	0.00000	0.00283
607	0.00000	0.99448	0.00000	0.00001	0.00000	0.00551
608	0.00000	0.99997	0.00000	0.00000	0.00000	0.00003
609	0.00000	0.99994	0.00000	0.00000	0.00000	0.00006
610	0.00000	0.99970	0.00000	0.00000	0.00000	0.00030
611	0.67189	0.00000	0.00000	0.00009	0.32801	0.00000
612	0.00000	0.99999	0.00000	0.00000	0.00000	0.00001
613	0.00000	0.99993	0.00000	0.00000	0.00000	0.00007
614	0.00000	0.99912	0.00000	0.00000	0.00000	0.00088
615	0.00000	0.97059	0.00000	0.00065	0.00000	0.02876
616	0.00000	0.99967	0.00000	0.00000	0.00000	0.00033
617	0.00000	0.99987	0.00000	0.00000	0.00000	0.00013
618	0.00000	0.99937	0.00000	0.00000	0.00000	0.00063
619	0.00000	0.99334	0.00000	0.00000	0.00000	0.00666
620	0.00000	0.99982	0.00000	0.00000	0.00000	0.00018
621	0.00000	0.99987	0.00000	0.00000	0.00000	0.00013
622	0.00000	0.99966	0.00000	0.00000	0.00000	0.00034
623	0.00000	0.97099	0.00000	0.00061	0.00000	0.02840
624	0.00000	0.99945	0.00000	0.00000	0.00000	0.00055
625	0.00000	0.99904	0.00000	0.00000	0.00000	0.00096
626	0.00000	0.99998	0.00000	0.00000	0.00000	0.00002
627	0.00020	0.45366	0.11833	0.12055	0.03485	0.27241
628	0.00000	0.99812	0.00000	0.00000	0.00000	0.00188
629	0.00000	0.99991	0.00000	0.00000	0.00000	0.00009
630	0.00000	0.99899	0.00000	0.00000	0.00000	0.00101
631	0.00000	0.99993	0.00000	0.00000	0.00000	0.00007
632	0.00000	0.99989	0.00000	0.00000	0.00000	0.00011
633	0.99997	0.00000	0.00000	0.00000	0.00003	0.00000
634	0.00000	0.99582	0.00000	0.00000	0.00000	0.00418
635	0.00000	0.99970	0.00000	0.00000	0.00000	0.00030
636	0.00000	0.99818	0.00000	0.00000	0.00000	0.00182
637	0.00000	0.98466	0.00000	0.00016	0.00000	0.01518
638	0.00000	0.99945	0.00000	0.00000	0.00000	0.00055
639	0.00000	0.97284	0.00000	0.00001	0.00000	0.02715
640	0.00000	0.99891	0.00000	0.00000	0.00000	0.00109
641	0.00000	0.99997	0.00000	0.00000	0.00000	0.00003
642	0.00000	0.99803	0.00000	0.00000	0.00000	0.00197
643	0.00000	0.99490	0.00000	0.00001	0.00000	0.00509
644	0.00000	0.99988	0.00000	0.00000	0.00000	0.00012
645	0.00000	0.00000	0.00000	0.00209	0.00000	0.99791
646	0.00000	0.99994	0.00000	0.00000	0.00000	0.00006
647	0.00000	0.22164	0.00000	0.00020	0.00000	0.77817
648	0.00000	0.99990	0.00000	0.00000	0.00000	0.00010
649	0.00000	0.99936	0.00000	0.00000	0.00000	0.00064
650	0.00000	0.99917	0.00000	0.00000	0.00000	0.00083
651	0.99999	0.00000	0.00000	0.00000	0.00001	0.00000
652	0.00000	0.99978	0.00000	0.00000	0.00000	0.00022
653	0.00000	0.99998	0.00000	0.00000	0.00000	0.00002
654	0.52013	0.00000	0.00000	0.16693	0.31294	0.00000
655	0.00000	0.99868	0.00000	0.00000	0.00000	0.00132
656	0.00000	0.99975	0.00000	0.00000	0.00000	0.00025
657	0.00000	0.99691	0.00000	0.00000	0.00000	0.00309
658	0.00000	0.99965	0.00000	0.00000	0.00000	0.00035
659	0.00000	0.99929	0.00000	0.00000	0.00000	0.00071
660	0.98444	0.00000	0.00000	0.00024	0.01532	0.00000
661	0.00000	0.99893	0.00000	0.00000	0.00000	0.00106
662	0.00000	0.99989	0.00000	0.00000	0.00000	0.00011
663	0.00000	0.99493	0.00000	0.00001	0.00000	0.00507
664	0.00008	0.43126	0.11533	0.13263	0.02936	0.29134
665	0.99972	0.00000	0.00000	0.00000	0.00028	0.00000
666	0.00000	0.86671	0.00000	0.00155	0.00000	0.13175
667	0.99992	0.00000	0.00000	0.00000	0.00008	0.00000
668	0.99995	0.00000	0.00000	0.00000	0.00005	0.00000
669	0.99559	0.00000	0.00000	0.00000	0.00441	0.00000
670	0.99807	0.00000	0.00000	0.00000	0.00193	0.00000
671	0.99743	0.00000	0.00000	0.00000	0.00256	0.00000
672	0.00000	0.99989	0.00000	0.00000	0.00000	0.00011
673	0.00000	0.99952	0.00000	0.00000	0.00000	0.00047
674	0.00000	0.99980	0.00000	0.00000	0.00000	0.00020
675	0.00000	0.86694	0.00000	0.01590	0.00000	0.11717
676	0.00000	0.94734	0.00000	0.00218	0.00000	0.05048
677	0.00000	0.99874	0.00000	0.00000	0.00000	0.00126
678	0.00000	0.99950	0.00000	0.00000	0.00000	0.00050
679	0.99994	0.00000	0.00000	0.00000	0.00006	0.00000
680	0.00000	0.99998	0.00000	0.00000	0.00000	0.00002
681	0.00000	0.99997	0.00000	0.00000	0.00000	0.00003
682	0.00000	0.99991	0.00000	0.00000	0.00000	0.00009
683	0.00000	0.99937	0.00000	0.00000	0.00000	0.00063
684	0.00000	0.98974	0.00000	0.00000	0.00000	0.01025
685	0.00000	0.99268	0.00000	0.00004	0.00000	0.00729
686	0.00000	0.99958	0.00000	0.00000	0.00000	0.00042
687	0.00000	0.99946	0.00000	0.00000	0.00000	0.00054
688	0.00000	0.99949	0.00000	0.00000	0.00000	0.00051
689	0.00000	0.99845	0.00000	0.00000	0.00000	0.00155
690	0.00000	0.99999	0.00000	0.00000	0.00000	0.00001
691	0.00000	0.99985	0.00000	0.00000	0.00000	0.00015
692	0.00000	0.99770	0.00000	0.00000	0.00000	0.00230
693	0.00000	0.95087	0.00000	0.00003	0.00000	0.04910
694	0.00000	0.99680	0.00000	0.00001	0.00000	0.00320
695	0.00000	0.68041	0.00020	0.06835	0.00004	0.25101
696	0.00000	0.99959	0.00000	0.00000	0.00000	0.00041
697	0.00000	0.99825	0.00000	0.00000	0.00000	0.00175
698	0.00000	0.69192	0.00000	0.06010	0.00000	0.24797
699	0.00000	0.99136	0.00000	0.00003	0.00000	0.00861
700	0.00000	0.99995	0.00000	0.00000	0.00000	0.00005
701	0.00000	0.99993	0.00000	0.00000	0.00000	0.00007
702	0.99990	0.00000	0.00000	0.00000	0.00010	0.00000
703	0.99992	0.00000	0.00000	0.00000	0.00008	0.00000
704	0.99937	0.00000	0.00000	0.00000	0.00063	0.00000
705	0.00002	0.56866	0.00196	0.14311	0.00099	0.28527
706	0.99209	0.00000	0.00000	0.00006	0.00785	0.00000
707	0.00000	0.99984	0.00000	0.00000	0.00000	0.00016
708	0.00000	0.98800	0.00000	0.00011	0.00000	0.01190
709	0.73418	0.00000	0.00000	0.04443	0.22139	0.00000
710	0.00000	0.99830	0.00000	0.00000	0.00000	0.00170
711	0.00000	0.99986	0.00000	0.00000	0.00000	0.00014
712	0.00000	0.99975	0.00000	0.00000	0.00000	0.00025
713	0.00000	0.81158	0.00000	0.00021	0.00000	0.18821
714	0.00000	0.99989	0.00000	0.00000	0.00000	0.00011
715	0.00000	0.99980	0.00000	0.00000	0.00000	0.00020
716	0.98524	0.00000	0.00000	0.00000	0.01476	0.00000
717	0.00034	0.36257	0.13632	0.16418	0.05233	0.28427
718	0.00000	0.99982	0.00000	0.00000	0.00000	0.00018
719	0.00000	0.99972	0.00000	0.00000	0.00000	0.00028
720	0.99533	0.00000	0.00000	0.00000	0.00467	0.00000
721	0.00000	0.99983	0.00000	0.00000	0.00000	0.00017
722	0.00000	0.99958	0.00000	0.00000	0.00000	0.00042
723	0.00000	0.99974	0.00000	0.00000	0.00000	0.00026
724	0.00000	0.99890	0.00000	0.00000	0.00000	0.00110
725	0.00000	0.99969	0.00000	0.00000	0.00000	0.00031
726	0.00000	0.92757	0.00000	0.00493	0.00000	0.06750
727	0.00000	0.02024	0.00001	0.83694	0.00003	0.14278
728	0.00000	0.99939	0.00000	0.00000	0.00000	0.00061
729	0.00000	0.99987	0.00000	0.00000	0.00000	0.00013
730	0.00000	0.96889	0.00000	0.00065	0.00000	0.03046
731	0.00000	0.99972	0.00000	0.00000	0.00000	0.00028
732	0.00000	0.99398	0.00000	0.00001	0.00000	0.00601
733	0.00000	0.99993	0.00000	0.00000	0.00000	0.00007
734	0.99980	0.00000	0.00000	0.00000	0.00020	0.00000
735	0.00000	0.99886	0.00000	0.00000	0.00000	0.00114
736	0.00000	0.99887	0.00000	0.00000	0.00000	0.00113
737	0.00000	0.99989	0.00000	0.00000	0.00000	0.00011
738	0.00000	0.72749	0.00072	0.03223	0.00003	0.23953
739	0.00000	0.99996	0.00000	0.00000	0.00000	0.00004
740	0.99918	0.00000	0.00000	0.00000	0.00082	0.00000
741	0.00000	0.56209	0.00002	0.03230	0.00000	0.40559
742	0.00000	0.94793	0.00000	0.00002	0.00000	0.05205
743	0.99997	0.00000	0.00000	0.00000	0.00003	0.00000
744	0.00000	0.99938	0.00000	0.00000	0.00000	0.00062
745	0.00000	0.99993	0.00000	0.00000	0.00000	0.00007
746	0.00000	0.99995	0.00000	0.00000	0.00000	0.00005
747	0.99965	0.00000	0.00000	0.00000	0.00035	0.00000
748	0.00000	0.99998	0.00000	0.00000	0.00000	0.00002
749	0.00000	0.99989	0.00000	0.00000	0.00000	0.00011
750	0.00000	0.99963	0.00000	0.00000	0.00000	0.00037
751	0.00000	0.99955	0.00000	0.00000	0.00000	0.00045
752	0.00000	0.57511	0.00329	0.11752	0.00085	0.30322
753	0.00000	0.99995	0.00000	0.00000	0.00000	0.00005
754	0.00000	0.99994	0.00000	0.00000	0.00000	0.00006
755	0.00000	0.99999	0.00000	0.00000	0.00000	0.00001
756	0.00000	0.99996	0.00000	0.00000	0.00000	0.00004
757	0.00000	0.99183	0.00000	0.00006	0.00000	0.00811
758	0.00000	0.99837	0.00000	0.00000	0.00000	0.00163
759	0.00000	0.76778	0.00031	0.02459	0.00001	0.20731
760	0.00000	0.99765	0.00000	0.00000	0.00000	0.00234
761	0.99971	0.00000	0.00000	0.00000	0.00029	0.00000
762	0.99996	0.00000	0.00000	0.00000	0.00004	0.00000
763	0.00000	0.00502	0.00000	0.00315	0.00000	0.99182
764	0.00000	0.99952	0.00000	0.00000	0.00000	0.00048
765	0.00000	0.99971	0.00000	0.00000	0.00000	0.00029
766	0.00000	0.99997	0.00000	0.00000	0.00000	0.00003
767	0.00000	0.99912	0.00000	0.00000	0.00000	0.00088
768	0.00000	0.99999	0.00000	0.00000	0.00000	0.00001
769	0.00000	0.99978	0.00000	0.00000	0.00000	0.00022
770	0.00000	0.83520	0.00001	0.01212	0.00000	0.15266
771	0.00000	0.99481	0.00000	0.00001	0.00000	0.00518
772	0.00000	0.99996	0.00000	0.00000	0.00000	0.00004
773	0.00000	0.99997	0.00000	0.00000	0.00000	0.00003
774	0.00000	0.99958	0.00000	0.00000	0.00000	0.00042
775	0.00000	0.98403	0.00000	0.00021	0.00000	0.01575
776	0.00000	0.99832	0.00000	0.00000	0.00000	0.00168
777	0.00000	0.99967	0.00000	0.00000	0.00000	0.00033
778	0.00000	0.99991	0.00000	0.00000	0.00000	0.00009
