UponCompletionOf_774601_sweeps
LocNumber LocName AlleleNumber AlleleName FreqInPop0 FreqInPop1 SDInPop0 SDinPop1
0	LdDocent_Contig_89475_470	0	1	0.798934	0.998656	0.026307	0.001097
0	LdDocent_Contig_89475_470	1	2	0.201066	0.001344	0.026307	0.001097
1	LdDocent_Contig_72321_142	0	1	0.997692	0.991304	0.003253	0.002967
1	LdDocent_Contig_72321_142	1	2	0.002308	0.008696	0.003253	0.002967
2	LdDocent_Contig_1939_424	0	1	0.997871	0.972341	0.002993	0.005015
2	LdDocent_Contig_1939_424	1	2	0.002129	0.027659	0.002993	0.005015
3	LdDocent_Contig_1516_126	0	1	0.878074	0.999543	0.020666	0.000647
3	LdDocent_Contig_1516_126	1	2	0.121926	0.000457	0.020666	0.000647
4	LdDocent_Contig_1852_85	0	1	0.951700	0.999517	0.013869	0.000681
4	LdDocent_Contig_1852_85	1	2	0.048300	0.000483	0.013869	0.000681
5	LdDocent_Contig_8239_413	0	1	0.997787	0.991268	0.003124	0.002986
5	LdDocent_Contig_8239_413	1	2	0.002213	0.008732	0.003124	0.002986
6	LdDocent_Contig_29337_450	0	1	0.997900	0.977968	0.002962	0.004697
6	LdDocent_Contig_29337_450	1	2	0.002100	0.022032	0.002962	0.004697
7	LdDocent_Contig_9214_428	0	1	0.997137	0.755938	0.004020	0.013309
7	LdDocent_Contig_9214_428	1	2	0.002863	0.244062	0.004020	0.013309
8	LdDocent_Contig_83520_23	0	1	0.998011	0.989468	0.002808	0.003090
8	LdDocent_Contig_83520_23	1	2	0.001989	0.010532	0.002808	0.003090
9	LdDocent_Contig_95448_16	0	1	0.997894	0.964214	0.002976	0.005978
9	LdDocent_Contig_95448_16	1	2	0.002106	0.035786	0.002976	0.005978
10	LdDocent_Contig_19494_420	0	1	0.997963	0.984179	0.002874	0.003754
10	LdDocent_Contig_19494_420	1	2	0.002037	0.015821	0.002874	0.003754
11	LdDocent_Contig_51667_419	0	1	0.997849	0.992618	0.003028	0.002685
11	LdDocent_Contig_51667_419	1	2	0.002151	0.007382	0.003028	0.002685
12	LdDocent_Contig_2750_91	0	1	0.997950	0.991367	0.002891	0.002786
12	LdDocent_Contig_2750_91	1	2	0.002050	0.008633	0.002891	0.002786
13	LdDocent_Contig_1303_365	0	1	0.997611	0.988838	0.003366	0.003273
13	LdDocent_Contig_1303_365	1	2	0.002389	0.011162	0.003366	0.003273
14	LdDocent_Contig_93071_136	0	1	0.859540	0.999531	0.023167	0.000662
14	LdDocent_Contig_93071_136	1	2	0.140460	0.000469	0.023167	0.000662
15	LdDocent_Contig_92624_35	0	1	0.997900	0.987987	0.002962	0.003378
15	LdDocent_Contig_92624_35	1	2	0.002100	0.012013	0.002962	0.003378
16	LdDocent_Contig_34421_360	0	1	0.982579	0.979237	0.009206	0.004537
16	LdDocent_Contig_34421_360	1	2	0.017421	0.020763	0.009206	0.004537
17	LdDocent_Contig_64241_356	0	1	0.997802	0.980192	0.003096	0.004328
17	LdDocent_Contig_64241_356	1	2	0.002198	0.019808	0.003096	0.004328
18	LdDocent_Contig_92672_101	0	1	0.946754	0.799013	0.014758	0.012777
18	LdDocent_Contig_92672_101	1	2	0.053246	0.200987	0.014758	0.012777
19	LdDocent_Contig_2910_508	0	1	0.997495	0.984041	0.003524	0.003892
19	LdDocent_Contig_2910_508	1	2	0.002505	0.015959	0.003524	0.003892
20	LdDocent_Contig_90543_46	0	1	0.997928	0.907122	0.002921	0.008896
20	LdDocent_Contig_90543_46	1	2	0.002072	0.092878	0.002921	0.008896
21	LdDocent_Contig_85011_486	0	1	0.839704	0.999567	0.023990	0.000612
21	LdDocent_Contig_85011_486	1	2	0.160296	0.000433	0.023990	0.000612
22	LdDocent_Contig_7276_503	0	1	0.997844	0.993095	0.003043	0.002512
22	LdDocent_Contig_7276_503	1	2	0.002156	0.006905	0.003043	0.002512
23	LdDocent_Contig_64774_370	0	2	0.126744	0.182987	0.021877	0.011840
23	LdDocent_Contig_64774_370	1	1	0.873256	0.817013	0.021877	0.011840
24	LdDocent_Contig_60380_375	0	1	0.998087	0.983890	0.002696	0.003715
24	LdDocent_Contig_60380_375	1	2	0.001913	0.016110	0.002696	0.003715
25	LdDocent_Contig_1748_352	0	1	0.997932	0.992845	0.002914	0.002604
25	LdDocent_Contig_1748_352	1	2	0.002068	0.007155	0.002914	0.002604
26	LdDocent_Contig_71595_430	0	1	0.997327	0.992404	0.003762	0.002591
26	LdDocent_Contig_71595_430	1	2	0.002673	0.007596	0.003762	0.002591
27	LdDocent_Contig_5195_327	0	1	0.997924	0.951657	0.002925	0.006447
27	LdDocent_Contig_5195_327	1	2	0.002076	0.048343	0.002925	0.006447
28	LdDocent_Contig_64504_37	0	1	0.997962	0.965900	0.002875	0.005888
28	LdDocent_Contig_64504_37	1	2	0.002038	0.034100	0.002875	0.005888
29	LdDocent_Contig_855_103	0	1	0.997853	0.986756	0.003025	0.003455
29	LdDocent_Contig_855_103	1	2	0.002147	0.013244	0.003025	0.003455
30	LdDocent_Contig_85639_426	0	1	0.997863	0.983848	0.003020	0.003833
30	LdDocent_Contig_85639_426	1	2	0.002137	0.016152	0.003020	0.003833
31	LdDocent_Contig_1845_21	0	1	0.998115	0.992769	0.002658	0.002466
31	LdDocent_Contig_1845_21	1	2	0.001885	0.007231	0.002658	0.002466
32	LdDocent_Contig_13492_345	0	1	0.997945	0.992260	0.002899	0.002645
32	LdDocent_Contig_13492_345	1	2	0.002055	0.007740	0.002899	0.002645
33	LdDocent_Contig_67620_119	0	1	0.997738	0.985318	0.003192	0.003825
33	LdDocent_Contig_67620_119	1	2	0.002262	0.014682	0.003192	0.003825
34	LdDocent_Contig_95108_34	0	1	0.993686	0.939436	0.005129	0.007429
34	LdDocent_Contig_95108_34	1	2	0.006314	0.060564	0.005129	0.007429
35	LdDocent_Contig_943_15	0	1	0.998000	0.985682	0.002822	0.003611
35	LdDocent_Contig_943_15	1	2	0.002000	0.014318	0.002822	0.003611
36	LdDocent_Contig_5896_124	0	1	0.997213	0.990598	0.003866	0.003060
36	LdDocent_Contig_5896_124	1	2	0.002787	0.009402	0.003866	0.003060
37	LdDocent_Contig_60410_392	0	1	0.987488	0.976642	0.007368	0.004552
37	LdDocent_Contig_60410_392	1	2	0.012512	0.023358	0.007368	0.004552
38	LdDocent_Contig_2281_74	0	1	0.569069	0.999568	0.031024	0.000613
38	LdDocent_Contig_2281_74	1	2	0.430931	0.000432	0.031024	0.000613
39	LdDocent_Contig_23_398	0	1	0.997771	0.907942	0.003139	0.008850
39	LdDocent_Contig_23_398	1	2	0.002229	0.092058	0.003139	0.008850
40	LdDocent_Contig_50600_49	0	1	0.899327	0.999184	0.018756	0.000953
40	LdDocent_Contig_50600_49	1	2	0.100673	0.000816	0.018756	0.000953
41	LdDocent_Contig_968_90	0	1	0.997277	0.975125	0.003782	0.004693
41	LdDocent_Contig_968_90	1	2	0.002723	0.024875	0.003782	0.004693
42	LdDocent_Contig_160_7	0	1	0.996315	0.988675	0.005185	0.003180
42	LdDocent_Contig_160_7	1	2	0.003685	0.011325	0.005185	0.003180
43	LdDocent_Contig_2079_417	0	1	0.997798	0.989748	0.003107	0.003149
43	LdDocent_Contig_2079_417	1	2	0.002202	0.010252	0.003107	0.003149
44	LdDocent_Contig_148_331	0	1	0.014419	0.978901	0.007993	0.004378
44	LdDocent_Contig_148_331	1	2	0.985581	0.021099	0.007993	0.004378
45	LdDocent_Contig_95420_418	0	1	0.885096	0.998599	0.020215	0.001142
45	LdDocent_Contig_95420_418	1	2	0.114904	0.001401	0.020215	0.001142
46	LdDocent_Contig_79535_306	0	1	0.997876	0.993090	0.003001	0.002510
46	LdDocent_Contig_79535_306	1	2	0.002124	0.006910	0.003001	0.002510
47	LdDocent_Contig_2394_385	0	1	0.997769	0.986166	0.003146	0.003608
47	LdDocent_Contig_2394_385	1	2	0.002231	0.013834	0.003146	0.003608
48	LdDocent_Contig_65614_7	0	1	0.942875	0.998653	0.014539	0.001105
48	LdDocent_Contig_65614_7	1	2	0.057125	0.001347	0.014539	0.001105
49	LdDocent_Contig_86318_504	0	1	0.859319	0.962608	0.021789	0.005695
49	LdDocent_Contig_86318_504	1	2	0.140681	0.037392	0.021789	0.005695
50	LdDocent_Contig_74432_382	0	1	0.993443	0.896801	0.005320	0.009299
50	LdDocent_Contig_74432_382	1	2	0.006557	0.103199	0.005320	0.009299
51	LdDocent_Contig_35672_447	0	1	0.997947	0.986181	0.002894	0.003596
51	LdDocent_Contig_35672_447	1	2	0.002053	0.013819	0.002894	0.003596
52	LdDocent_Contig_527_494	0	1	0.985078	0.992994	0.007909	0.002550
52	LdDocent_Contig_527_494	1	2	0.014922	0.007006	0.007909	0.002550
53	LdDocent_Contig_34116_122	0	1	0.989641	0.991544	0.006500	0.002885
53	LdDocent_Contig_34116_122	1	2	0.010359	0.008456	0.006500	0.002885
54	LdDocent_Contig_1026_343	0	1	0.997952	0.993043	0.002881	0.002525
54	LdDocent_Contig_1026_343	1	2	0.002048	0.006957	0.002881	0.002525
55	LdDocent_Contig_3213_422	0	1	0.043932	0.872995	0.013215	0.010192
55	LdDocent_Contig_3213_422	1	2	0.956068	0.127005	0.013215	0.010192
56	LdDocent_Contig_83009_25	0	1	0.996856	0.981051	0.004422	0.003955
56	LdDocent_Contig_83009_25	1	2	0.003144	0.018949	0.004422	0.003955
57	LdDocent_Contig_2737_462	0	1	0.997798	0.963600	0.003096	0.005693
57	LdDocent_Contig_2737_462	1	2	0.002202	0.036400	0.003096	0.005693
58	LdDocent_Contig_683_19	0	1	0.998099	0.990685	0.002679	0.002857
58	LdDocent_Contig_683_19	1	2	0.001901	0.009315	0.002679	0.002857
59	LdDocent_Contig_1392_480	0	1	0.997929	0.889497	0.002921	0.009739
59	LdDocent_Contig_1392_480	1	2	0.002071	0.110503	0.002921	0.009739
60	LdDocent_Contig_388_399	0	1	0.338564	0.355952	0.052132	0.014058
60	LdDocent_Contig_388_399	1	2	0.661436	0.644048	0.052132	0.014058
61	LdDocent_Contig_1252_438	0	1	0.006208	0.634005	0.005046	0.014215
61	LdDocent_Contig_1252_438	1	2	0.993792	0.365995	0.005046	0.014215
62	LdDocent_Contig_12899_65	0	1	0.998021	0.513681	0.002785	0.014778
62	LdDocent_Contig_12899_65	1	2	0.001979	0.486319	0.002785	0.014778
63	LdDocent_Contig_1539_383	0	1	0.901572	0.998728	0.018465	0.001036
63	LdDocent_Contig_1539_383	1	2	0.098428	0.001272	0.018465	0.001036
64	LdDocent_Contig_67014_384	0	1	0.997927	0.983154	0.002924	0.003987
64	LdDocent_Contig_67014_384	1	2	0.002073	0.016846	0.002924	0.003987
65	LdDocent_Contig_1347_343	0	1	0.997933	0.992426	0.002911	0.002588
65	LdDocent_Contig_1347_343	1	2	0.002067	0.007574	0.002911	0.002588
66	LdDocent_Contig_93096_400	0	1	0.946646	0.999525	0.014704	0.000671
66	LdDocent_Contig_93096_400	1	2	0.053354	0.000475	0.014704	0.000671
67	LdDocent_Contig_2607_448	0	1	0.860368	0.860099	0.034460	0.010561
67	LdDocent_Contig_2607_448	1	2	0.139632	0.139901	0.034460	0.010561
68	LdDocent_Contig_30110_37	0	1	0.952540	0.998534	0.014993	0.001197
68	LdDocent_Contig_30110_37	1	2	0.047460	0.001466	0.014993	0.001197
69	LdDocent_Contig_84276_95	0	1	0.997934	0.992191	0.002908	0.002661
69	LdDocent_Contig_84276_95	1	2	0.002066	0.007809	0.002908	0.002661
70	LdDocent_Contig_69005_402	0	1	0.623954	0.993656	0.033817	0.002476
70	LdDocent_Contig_69005_402	1	2	0.376046	0.006344	0.033817	0.002476
71	LdDocent_Contig_1854_15	0	1	0.998012	0.990409	0.002799	0.002945
71	LdDocent_Contig_1854_15	1	2	0.001988	0.009591	0.002799	0.002945
72	LdDocent_Contig_11498_456	0	1	0.997701	0.991222	0.003243	0.002995
72	LdDocent_Contig_11498_456	1	2	0.002299	0.008778	0.003243	0.002995
73	LdDocent_Contig_6081_81	0	1	0.989601	0.985832	0.008430	0.003568
73	LdDocent_Contig_6081_81	1	2	0.010399	0.014168	0.008430	0.003568
74	LdDocent_Contig_17_131	0	1	0.905213	0.999516	0.018987	0.000683
74	LdDocent_Contig_17_131	1	2	0.094787	0.000484	0.018987	0.000683
75	LdDocent_Contig_34076_10	0	1	0.499861	0.998714	0.030475	0.001047
75	LdDocent_Contig_34076_10	1	2	0.500139	0.001286	0.030475	0.001047
76	LdDocent_Contig_9085_42	0	1	0.921779	0.937160	0.018313	0.007871
76	LdDocent_Contig_9085_42	1	2	0.078221	0.062840	0.018313	0.007871
77	LdDocent_Contig_85002_61	0	1	0.005953	0.996980	0.004831	0.001613
77	LdDocent_Contig_85002_61	1	2	0.994047	0.003020	0.004831	0.001613
78	LdDocent_Contig_14731_131	0	1	0.997784	0.954245	0.003119	0.006412
78	LdDocent_Contig_14731_131	1	2	0.002216	0.045755	0.003119	0.006412
79	LdDocent_Contig_6208_136	0	1	0.997751	0.958791	0.003148	0.006193
79	LdDocent_Contig_6208_136	1	2	0.002249	0.041209	0.003148	0.006193
80	LdDocent_Contig_6045_103	0	1	0.997902	0.881104	0.002963	0.009850
80	LdDocent_Contig_6045_103	1	2	0.002098	0.118896	0.002963	0.009850
81	LdDocent_Contig_686_403	0	1	0.997881	0.985050	0.002996	0.003764
81	LdDocent_Contig_686_403	1	2	0.002119	0.014950	0.002996	0.003764
82	LdDocent_Contig_77100_313	0	1	0.997303	0.955866	0.003752	0.006480
82	LdDocent_Contig_77100_313	1	2	0.002697	0.044134	0.003752	0.006480
83	LdDocent_Contig_830_125	0	1	0.997933	0.503612	0.002912	0.014972
83	LdDocent_Contig_830_125	1	2	0.002067	0.496388	0.002912	0.014972
84	LdDocent_Contig_65043_38	0	1	0.997939	0.992806	0.002909	0.002612
84	LdDocent_Contig_65043_38	1	2	0.002061	0.007194	0.002909	0.002612
85	LdDocent_Contig_368_104	0	1	0.988596	0.993236	0.007158	0.002463
85	LdDocent_Contig_368_104	1	2	0.011404	0.006764	0.007158	0.002463
86	LdDocent_Contig_948_375	0	1	0.997782	0.963608	0.003132	0.005828
86	LdDocent_Contig_948_375	1	2	0.002218	0.036392	0.003132	0.005828
87	LdDocent_Contig_6351_135	0	1	0.997816	0.992946	0.003076	0.002406
87	LdDocent_Contig_6351_135	1	2	0.002184	0.007054	0.003076	0.002406
88	LdDocent_Contig_7303_480	0	1	0.997624	0.868263	0.003347	0.010534
88	LdDocent_Contig_7303_480	1	2	0.002376	0.131737	0.003347	0.010534
89	LdDocent_Contig_360_438	0	1	0.973177	0.969910	0.011044	0.005341
89	LdDocent_Contig_360_438	1	2	0.026823	0.030090	0.011044	0.005341
90	LdDocent_Contig_1715_437	0	1	0.997750	0.986927	0.003173	0.003671
90	LdDocent_Contig_1715_437	1	2	0.002250	0.013073	0.003173	0.003671
91	LdDocent_Contig_2905_457	0	1	0.993642	0.993712	0.005040	0.002351
91	LdDocent_Contig_2905_457	1	2	0.006358	0.006288	0.005040	0.002351
92	LdDocent_Contig_5947_310	0	1	0.103064	0.727263	0.023200	0.013244
92	LdDocent_Contig_5947_310	1	2	0.896936	0.272737	0.023200	0.013244
93	LdDocent_Contig_20190_448	0	1	0.997096	0.991497	0.003824	0.002804
93	LdDocent_Contig_20190_448	1	2	0.002904	0.008503	0.003824	0.002804
94	LdDocent_Contig_75545_417	0	1	0.998185	0.984722	0.002562	0.003619
94	LdDocent_Contig_75545_417	1	2	0.001815	0.015278	0.002562	0.003619
95	LdDocent_Contig_5062_362	0	2	0.993109	0.980141	0.009636	0.004049
95	LdDocent_Contig_5062_362	1	1	0.006891	0.019859	0.009636	0.004049
96	LdDocent_Contig_90843_36	0	1	0.936843	0.999508	0.016045	0.000693
96	LdDocent_Contig_90843_36	1	2	0.063157	0.000492	0.016045	0.000693
97	LdDocent_Contig_14334_415	0	1	0.997708	0.924665	0.003229	0.008276
97	LdDocent_Contig_14334_415	1	2	0.002292	0.075335	0.003229	0.008276
98	LdDocent_Contig_18779_421	0	1	0.997933	0.992049	0.002913	0.002710
98	LdDocent_Contig_18779_421	1	2	0.002067	0.007951	0.002913	0.002710
99	LdDocent_Contig_94884_44	0	1	0.994040	0.988188	0.004845	0.003195
99	LdDocent_Contig_94884_44	1	2	0.005960	0.011812	0.004845	0.003195
100	LdDocent_Contig_93412_36	0	1	0.965702	0.988621	0.015840	0.003203
100	LdDocent_Contig_93412_36	1	2	0.034298	0.011379	0.015840	0.003203
101	LdDocent_Contig_67607_430	0	1	0.997677	0.979123	0.003217	0.004274
101	LdDocent_Contig_67607_430	1	2	0.002323	0.020877	0.003217	0.004274
102	LdDocent_Contig_1328_36	0	1	0.998081	0.991548	0.002708	0.002728
102	LdDocent_Contig_1328_36	1	2	0.001919	0.008452	0.002708	0.002728
103	LdDocent_Contig_1305_432	0	1	0.033622	0.997511	0.012025	0.001570
103	LdDocent_Contig_1305_432	1	2	0.966378	0.002489	0.012025	0.001570
104	LdDocent_Contig_30222_90	0	1	0.997796	0.968738	0.003101	0.005316
104	LdDocent_Contig_30222_90	1	2	0.002204	0.031262	0.003101	0.005316
105	LdDocent_Contig_52841_389	0	1	0.119698	0.998639	0.020951	0.001109
105	LdDocent_Contig_52841_389	1	2	0.880302	0.001361	0.020951	0.001109
106	LdDocent_Contig_34296_483	0	1	0.002768	0.064000	0.003871	0.007843
106	LdDocent_Contig_34296_483	1	2	0.997232	0.936000	0.003871	0.007843
107	LdDocent_Contig_68650_396	0	1	0.997838	0.991575	0.003045	0.002869
107	LdDocent_Contig_68650_396	1	2	0.002162	0.008425	0.003045	0.002869
108	LdDocent_Contig_83082_314	0	1	0.997858	0.988294	0.002997	0.003180
108	LdDocent_Contig_83082_314	1	2	0.002142	0.011706	0.002997	0.003180
109	LdDocent_Contig_15469_57	0	1	0.997974	0.955289	0.002845	0.006035
109	LdDocent_Contig_15469_57	1	2	0.002026	0.044711	0.002845	0.006035
110	LdDocent_Contig_5500_459	0	1	0.997752	0.896621	0.003169	0.009028
110	LdDocent_Contig_5500_459	1	2	0.002248	0.103379	0.003169	0.009028
111	LdDocent_Contig_19747_367	0	1	0.997919	0.985236	0.002940	0.003609
111	LdDocent_Contig_19747_367	1	2	0.002081	0.014764	0.002940	0.003609
112	LdDocent_Contig_93628_477	0	1	0.674408	0.866920	0.031582	0.010762
112	LdDocent_Contig_93628_477	1	2	0.325592	0.133080	0.031582	0.010762
113	LdDocent_Contig_879_336	0	1	0.006448	0.997184	0.005246	0.001711
113	LdDocent_Contig_879_336	1	2	0.993552	0.002816	0.005246	0.001711
114	LdDocent_Contig_749_362	0	1	0.997887	0.977386	0.002975	0.004510
114	LdDocent_Contig_749_362	1	2	0.002113	0.022614	0.002975	0.004510
115	LdDocent_Contig_96823_339	0	1	0.996826	0.962752	0.004283	0.005990
115	LdDocent_Contig_96823_339	1	2	0.003174	0.037248	0.004283	0.005990
116	LdDocent_Contig_9583_106	0	1	0.917631	0.887058	0.018039	0.009709
116	LdDocent_Contig_9583_106	1	2	0.082369	0.112942	0.018039	0.009709
117	LdDocent_Contig_74460_38	0	1	0.997800	0.964566	0.003102	0.005678
117	LdDocent_Contig_74460_38	1	2	0.002200	0.035434	0.003102	0.005678
118	LdDocent_Contig_29135_480	0	1	0.997944	0.924754	0.002902	0.007824
118	LdDocent_Contig_29135_480	1	2	0.002056	0.075246	0.002902	0.007824
119	LdDocent_Contig_38475_385	0	1	0.853031	0.995915	0.022511	0.001921
119	LdDocent_Contig_38475_385	1	2	0.146969	0.004085	0.022511	0.001921
120	LdDocent_Contig_2261_396	0	1	0.866946	0.998513	0.023202	0.001216
120	LdDocent_Contig_2261_396	1	2	0.133054	0.001487	0.023202	0.001216
121	LdDocent_Contig_2225_409	0	1	0.001942	0.999577	0.002739	0.000599
121	LdDocent_Contig_2225_409	1	2	0.998058	0.000423	0.002739	0.000599
122	LdDocent_Contig_96_455	0	1	0.997897	0.987520	0.002942	0.003264
122	LdDocent_Contig_96_455	1	2	0.002103	0.012480	0.002942	0.003264
123	LdDocent_Contig_83998_365	0	1	0.957899	0.995871	0.013355	0.001943
123	LdDocent_Contig_83998_365	1	2	0.042101	0.004129	0.013355	0.001943
124	LdDocent_Contig_7258_69	0	1	0.998107	0.986945	0.002681	0.003405
124	LdDocent_Contig_7258_69	1	2	0.001893	0.013055	0.002681	0.003405
125	LdDocent_Contig_14381_322	0	1	0.993803	0.945969	0.005043	0.006695
125	LdDocent_Contig_14381_322	1	2	0.006197	0.054031	0.005043	0.006695
126	LdDocent_Contig_84162_115	0	1	0.997896	0.993209	0.002964	0.002468
126	LdDocent_Contig_84162_115	1	2	0.002104	0.006791	0.002964	0.002468
127	LdDocent_Contig_52771_138	0	1	0.992584	0.913001	0.005984	0.008954
127	LdDocent_Contig_52771_138	1	2	0.007416	0.086999	0.005984	0.008954
128	LdDocent_Contig_88440_85	0	2	0.997427	0.942691	0.003628	0.007207
128	LdDocent_Contig_88440_85	1	1	0.002573	0.057309	0.003628	0.007207
129	LdDocent_Contig_62242_79	0	1	0.997808	0.984182	0.003089	0.003976
129	LdDocent_Contig_62242_79	1	2	0.002192	0.015818	0.003089	0.003976
130	LdDocent_Contig_7538_103	0	1	0.996342	0.991459	0.004313	0.002853
130	LdDocent_Contig_7538_103	1	2	0.003658	0.008541	0.004313	0.002853
131	LdDocent_Contig_31898_418	0	1	0.997778	0.988801	0.003139	0.003285
131	LdDocent_Contig_31898_418	1	2	0.002222	0.011199	0.003139	0.003285
132	LdDocent_Contig_36449_103	0	1	0.997915	0.991684	0.002922	0.002696
132	LdDocent_Contig_36449_103	1	2	0.002085	0.008316	0.002922	0.002696
133	LdDocent_Contig_1399_88	0	1	0.966762	0.999549	0.011180	0.000636
133	LdDocent_Contig_1399_88	1	2	0.033238	0.000451	0.011180	0.000636
134	LdDocent_Contig_69562_71	0	1	0.945816	0.968581	0.033082	0.005114
134	LdDocent_Contig_69562_71	1	2	0.054184	0.031419	0.033082	0.005114
135	LdDocent_Contig_15593_87	0	1	0.993714	0.974785	0.005105	0.004835
135	LdDocent_Contig_15593_87	1	2	0.006286	0.025215	0.005105	0.004835
136	LdDocent_Contig_90078_108	0	1	0.992356	0.954478	0.005977	0.006180
136	LdDocent_Contig_90078_108	1	2	0.007644	0.045522	0.005977	0.006180
137	LdDocent_Contig_64552_29	0	1	0.997778	0.872519	0.003133	0.010298
137	LdDocent_Contig_64552_29	1	2	0.002222	0.127481	0.003133	0.010298
138	LdDocent_Contig_1759_312	0	1	0.969237	0.999556	0.011028	0.000627
138	LdDocent_Contig_1759_312	1	2	0.030763	0.000444	0.011028	0.000627
139	LdDocent_Contig_1799_68	0	1	0.992849	0.686823	0.005799	0.014491
139	LdDocent_Contig_1799_68	1	2	0.007151	0.313177	0.005799	0.014491
140	LdDocent_Contig_2200_66	0	1	0.921534	0.999507	0.017051	0.000699
140	LdDocent_Contig_2200_66	1	2	0.078466	0.000493	0.017051	0.000699
141	LdDocent_Contig_182_378	0	1	0.873473	0.999510	0.022097	0.000691
141	LdDocent_Contig_182_378	1	2	0.126527	0.000490	0.022097	0.000691
142	LdDocent_Contig_51286_373	0	1	0.983868	0.969422	0.008389	0.005498
142	LdDocent_Contig_51286_373	1	2	0.016132	0.030578	0.008389	0.005498
143	LdDocent_Contig_66807_380	0	1	0.890916	0.967330	0.020246	0.005466
143	LdDocent_Contig_66807_380	1	2	0.109084	0.032670	0.020246	0.005466
144	LdDocent_Contig_940_379	0	1	0.014321	0.997362	0.007582	0.001586
144	LdDocent_Contig_940_379	1	2	0.985679	0.002638	0.007582	0.001586
145	LdDocent_Contig_1517_115	0	2	0.989302	0.679338	0.006751	0.013936
145	LdDocent_Contig_1517_115	1	1	0.010698	0.320662	0.006751	0.013936
146	LdDocent_Contig_62356_87	0	1	0.997107	0.989496	0.003862	0.003122
146	LdDocent_Contig_62356_87	1	2	0.002893	0.010504	0.003862	0.003122
147	LdDocent_Contig_8958_53	0	1	0.997780	0.977734	0.003121	0.004637
147	LdDocent_Contig_8958_53	1	2	0.002220	0.022266	0.003121	0.004637
148	LdDocent_Contig_74360_432	0	2	0.063608	0.127166	0.015590	0.010111
148	LdDocent_Contig_74360_432	1	1	0.936392	0.872834	0.015590	0.010111
149	LdDocent_Contig_1770_106	0	1	0.990313	0.858461	0.006093	0.010413
149	LdDocent_Contig_1770_106	1	2	0.009687	0.141539	0.006093	0.010413
150	LdDocent_Contig_13997_103	0	1	0.998120	0.974699	0.002649	0.004595
150	LdDocent_Contig_13997_103	1	2	0.001880	0.025301	0.002649	0.004595
151	LdDocent_Contig_23105_115	0	1	0.523295	0.996678	0.033369	0.001773
151	LdDocent_Contig_23105_115	1	2	0.476705	0.003322	0.033369	0.001773
152	LdDocent_Contig_7157_468	0	1	0.994169	0.942574	0.004739	0.007293
152	LdDocent_Contig_7157_468	1	2	0.005831	0.057426	0.004739	0.007293
153	LdDocent_Contig_51875_12	0	1	0.996518	0.990427	0.004547	0.003155
153	LdDocent_Contig_51875_12	1	2	0.003482	0.009573	0.004547	0.003155
154	LdDocent_Contig_1433_455	0	1	0.946477	0.999559	0.014153	0.000624
154	LdDocent_Contig_1433_455	1	2	0.053523	0.000441	0.014153	0.000624
155	LdDocent_Contig_65052_13	0	1	0.994004	0.979309	0.004882	0.004317
155	LdDocent_Contig_65052_13	1	2	0.005996	0.020691	0.004882	0.004317
156	LdDocent_Contig_51375_85	0	1	0.962991	0.999499	0.012431	0.000707
156	LdDocent_Contig_51375_85	1	2	0.037009	0.000501	0.012431	0.000707
157	LdDocent_Contig_6721_341	0	1	0.916717	0.997088	0.017578	0.001556
157	LdDocent_Contig_6721_341	1	2	0.083283	0.002912	0.017578	0.001556
158	LdDocent_Contig_832_383	0	1	0.997352	0.944144	0.003637	0.006929
158	LdDocent_Contig_832_383	1	2	0.002648	0.055856	0.003637	0.006929
159	LdDocent_Contig_12185_471	0	1	0.992219	0.993053	0.006106	0.002616
159	LdDocent_Contig_12185_471	1	2	0.007781	0.006947	0.006106	0.002616
160	LdDocent_Contig_27243_7	0	1	0.870888	0.995295	0.020521	0.002001
160	LdDocent_Contig_27243_7	1	2	0.129112	0.004705	0.020521	0.002001
161	LdDocent_Contig_31740_120	0	1	0.696467	0.999431	0.028645	0.000769
161	LdDocent_Contig_31740_120	1	2	0.303533	0.000569	0.028645	0.000769
162	LdDocent_Contig_2251_429	0	1	0.988614	0.989267	0.007130	0.003290
162	LdDocent_Contig_2251_429	1	2	0.011386	0.010733	0.007130	0.003290
163	LdDocent_Contig_7411_142	0	1	0.010766	0.997770	0.006777	0.001409
163	LdDocent_Contig_7411_142	1	2	0.989234	0.002230	0.006777	0.001409
164	LdDocent_Contig_1810_402	0	1	0.997793	0.962119	0.003115	0.005920
164	LdDocent_Contig_1810_402	1	2	0.002207	0.037881	0.003115	0.005920
165	LdDocent_Contig_52721_451	0	1	0.964044	0.997887	0.011436	0.001336
165	LdDocent_Contig_52721_451	1	2	0.035956	0.002113	0.011436	0.001336
166	LdDocent_Contig_6609_96	0	1	0.986928	0.991126	0.007344	0.002854
166	LdDocent_Contig_6609_96	1	2	0.013072	0.008874	0.007344	0.002854
167	LdDocent_Contig_2337_134	0	1	0.997759	0.992069	0.003145	0.002708
167	LdDocent_Contig_2337_134	1	2	0.002241	0.007931	0.003145	0.002708
168	LdDocent_Contig_30350_410	0	1	0.997602	0.989814	0.003348	0.003150
168	LdDocent_Contig_30350_410	1	2	0.002398	0.010186	0.003348	0.003150
169	LdDocent_Contig_29262_433	0	1	0.997915	0.848881	0.002938	0.010893
169	LdDocent_Contig_29262_433	1	2	0.002085	0.151119	0.002938	0.010893
170	LdDocent_Contig_9812_52	0	1	0.994053	0.989859	0.004839	0.002973
170	LdDocent_Contig_9812_52	1	2	0.005947	0.010141	0.004839	0.002973
171	LdDocent_Contig_1061_366	0	1	0.833681	0.999501	0.024467	0.000706
171	LdDocent_Contig_1061_366	1	2	0.166319	0.000499	0.024467	0.000706
172	LdDocent_Contig_22239_72	0	2	0.531626	0.704284	0.032097	0.013800
172	LdDocent_Contig_22239_72	1	1	0.468374	0.295716	0.032097	0.013800
173	LdDocent_Contig_26351_351	0	1	0.869214	0.824425	0.021653	0.011864
173	LdDocent_Contig_26351_351	1	2	0.130786	0.175575	0.021653	0.011864
174	LdDocent_Contig_6076_371	0	2	0.998030	0.973946	0.002783	0.004730
174	LdDocent_Contig_6076_371	1	1	0.001970	0.026054	0.002783	0.004730
175	LdDocent_Contig_5184_376	0	1	0.997716	0.982759	0.003210	0.004078
175	LdDocent_Contig_5184_376	1	2	0.002284	0.017241	0.003210	0.004078
176	LdDocent_Contig_18_354	0	1	0.017531	0.997106	0.008182	0.001569
176	LdDocent_Contig_18_354	1	2	0.982469	0.002894	0.008182	0.001569
177	LdDocent_Contig_50611_479	0	1	0.997780	0.988151	0.003131	0.003475
177	LdDocent_Contig_50611_479	1	2	0.002220	0.011849	0.003131	0.003475
178	LdDocent_Contig_12530_436	0	1	0.997503	0.979136	0.003507	0.004456
178	LdDocent_Contig_12530_436	1	2	0.002497	0.020864	0.003507	0.004456
179	LdDocent_Contig_32944_425	0	1	0.997760	0.991507	0.003157	0.002897
179	LdDocent_Contig_32944_425	1	2	0.002240	0.008493	0.003157	0.002897
180	LdDocent_Contig_3698_393	0	1	0.997922	0.855304	0.002925	0.010428
180	LdDocent_Contig_3698_393	1	2	0.002078	0.144696	0.002925	0.010428
181	LdDocent_Contig_1544_499	0	1	0.997967	0.985000	0.002868	0.003664
181	LdDocent_Contig_1544_499	1	2	0.002033	0.015000	0.002868	0.003664
182	LdDocent_Contig_34172_122	0	1	0.997955	0.931396	0.002879	0.007476
182	LdDocent_Contig_34172_122	1	2	0.002045	0.068604	0.002879	0.007476
183	LdDocent_Contig_93991_134	0	1	0.997662	0.962716	0.003272	0.005690
183	LdDocent_Contig_93991_134	1	2	0.002338	0.037284	0.003272	0.005690
184	LdDocent_Contig_11_43	0	1	0.997762	0.941307	0.003150	0.007041
184	LdDocent_Contig_11_43	1	2	0.002238	0.058693	0.003150	0.007041
185	LdDocent_Contig_2609_395	0	1	0.993383	0.962897	0.005381	0.005860
185	LdDocent_Contig_2609_395	1	2	0.006617	0.037103	0.005381	0.005860
186	LdDocent_Contig_88450_464	0	2	0.981335	0.829279	0.009806	0.011935
186	LdDocent_Contig_88450_464	1	1	0.018665	0.170721	0.009806	0.011935
187	LdDocent_Contig_2003_49	0	1	0.761212	0.999496	0.028982	0.000711
187	LdDocent_Contig_2003_49	1	2	0.238788	0.000504	0.028982	0.000711
188	LdDocent_Contig_733_14	0	1	0.923586	0.996758	0.017097	0.001727
188	LdDocent_Contig_733_14	1	2	0.076414	0.003242	0.017097	0.001727
189	LdDocent_Contig_77839_91	0	2	0.791061	0.359766	0.026542	0.014792
189	LdDocent_Contig_77839_91	1	1	0.208939	0.640234	0.026542	0.014792
190	LdDocent_Contig_8446_432	0	1	0.997871	0.992809	0.002999	0.002616
190	LdDocent_Contig_8446_432	1	2	0.002129	0.007191	0.002999	0.002616
191	LdDocent_Contig_22599_407	0	1	0.964601	0.999536	0.011914	0.000655
191	LdDocent_Contig_22599_407	1	2	0.035399	0.000464	0.011914	0.000655
192	LdDocent_Contig_6274_10	0	1	0.988978	0.994307	0.006930	0.002227
192	LdDocent_Contig_6274_10	1	2	0.011022	0.005693	0.006930	0.002227
193	LdDocent_Contig_2389_50	0	2	0.460599	0.480474	0.070637	0.014959
193	LdDocent_Contig_2389_50	1	1	0.539401	0.519526	0.070637	0.014959
194	LdDocent_Contig_1684_333	0	1	0.010824	0.998632	0.006806	0.001119
194	LdDocent_Contig_1684_333	1	2	0.989176	0.001368	0.006806	0.001119
195	LdDocent_Contig_60535_398	0	1	0.997826	0.978572	0.003067	0.004566
195	LdDocent_Contig_60535_398	1	2	0.002174	0.021428	0.003067	0.004566
196	LdDocent_Contig_5757_327	0	1	0.997786	0.993330	0.003125	0.002603
196	LdDocent_Contig_5757_327	1	2	0.002214	0.006670	0.003125	0.002603
197	LdDocent_Contig_34132_66	0	1	0.997986	0.929017	0.002839	0.008096
197	LdDocent_Contig_34132_66	1	2	0.002014	0.070983	0.002839	0.008096
198	LdDocent_Contig_6049_412	0	1	0.997804	0.982785	0.003098	0.004205
198	LdDocent_Contig_6049_412	1	2	0.002196	0.017215	0.003098	0.004205
199	LdDocent_Contig_1648_467	0	1	0.993083	0.987752	0.005623	0.003442
199	LdDocent_Contig_1648_467	1	2	0.006917	0.012248	0.005623	0.003442
