999901_sweeps	1.000/0.000/0.000/0.000	0.000/0.000/0.000/1.000	0.000/0.500/0.500/0.000	0.250/0.250/0.250/0.250	0.500/0.250/0.250/0.000	0.000/0.250/0.250/0.500
1	0.00000	0.99999	0.00000	0.00000	0.00000	0.00001
2	0.00000	1.00000	0.00000	0.00000	0.00000	0.00000
3	0.00000	0.99999	0.00000	0.00000	0.00000	0.00001
4	0.00000	0.94461	0.00000	0.00227	0.00000	0.05311
5	0.00000	0.99999	0.00000	0.00000	0.00000	0.00001
6	0.00000	0.99988	0.00000	0.00000	0.00000	0.00012
7	0.00000	0.96085	0.00000	0.00013	0.00000	0.03902
8	0.00000	0.99998	0.00000	0.00000	0.00000	0.00002
9	0.00000	0.99998	0.00000	0.00000	0.00000	0.00002
10	0.00000	0.00000	0.00000	0.00446	0.99554	0.00000
11	1.00000	0.00000	0.00000	0.00000	0.00000	0.00000
12	0.00000	0.97967	0.00000	0.00030	0.00000	0.02003
13	0.00000	0.99998	0.00000	0.00000	0.00000	0.00002
14	0.00000	0.99999	0.00000	0.00000	0.00000	0.00001
15	0.00000	0.99991	0.00000	0.00000	0.00000	0.00009
16	0.00000	0.99841	0.00000	0.00000	0.00000	0.00159
17	1.00000	0.00000	0.00000	0.00000	0.00000	0.00000
18	0.86250	0.00000	0.00000	0.01699	0.12051	0.00000
19	0.00000	0.99670	0.00000	0.00000	0.00000	0.00329
20	1.00000	0.00000	0.00000	0.00000	0.00000	0.00000
21	0.00000	0.00081	0.00000	0.97467	0.00003	0.02450
22	0.00000	0.99930	0.00000	0.00000	0.00000	0.00070
23	0.99924	0.00000	0.00000	0.00000	0.00075	0.00000
24	0.99816	0.00000	0.00000	0.00000	0.00184	0.00000
25	1.00000	0.00000	0.00000	0.00000	0.00000	0.00000
26	0.00000	1.00000	0.00000	0.00000	0.00000	0.00000
27	0.00000	0.99999	0.00000	0.00000	0.00000	0.00001
28	0.00000	0.99987	0.00000	0.00000	0.00000	0.00013
29	0.00000	1.00000	0.00000	0.00000	0.00000	0.00000
30	0.99998	0.00000	0.00000	0.00000	0.00002	0.00000
31	0.99999	0.00000	0.00000	0.00000	0.00001	0.00000
32	0.00000	0.95439	0.00000	0.00151	0.00000	0.04410
33	0.99827	0.00000	0.00000	0.00000	0.00173	0.00000
34	0.00157	0.21131	0.22643	0.19774	0.12480	0.23816
35	0.00000	0.99014	0.00000	0.00007	0.00000	0.00978
36	0.00000	0.99489	0.00000	0.00000	0.00000	0.00511
37	1.00000	0.00000	0.00000	0.00000	0.00000	0.00000
38	1.00000	0.00000	0.00000	0.00000	0.00000	0.00000
39	0.00000	1.00000	0.00000	0.00000	0.00000	0.00000
40	0.00000	1.00000	0.00000	0.00000	0.00000	0.00000
41	0.00000	0.99999	0.00000	0.00000	0.00000	0.00001
42	0.00000	1.00000	0.00000	0.00000	0.00000	0.00000
43	0.00000	0.00000	0.00000	0.00025	0.99975	0.00000
44	0.00000	1.00000	0.00000	0.00000	0.00000	0.00000
45	1.00000	0.00000	0.00000	0.00000	0.00000	0.00000
46	0.00000	0.99999	0.00000	0.00000	0.00000	0.00001
47	0.00000	0.99736	0.00000	0.00000	0.00000	0.00264
48	0.99907	0.00000	0.00000	0.00000	0.00093	0.00000
49	0.99970	0.00000	0.00000	0.00000	0.00030	0.00000
50	0.00000	0.99960	0.00000	0.00000	0.00000	0.00040
51	0.00000	0.99984	0.00000	0.00000	0.00000	0.00016
52	0.00000	0.99996	0.00000	0.00000	0.00000	0.00004
53	0.08419	0.00000	0.00000	0.00102	0.91478	0.00000
54	0.00000	0.99999	0.00000	0.00000	0.00000	0.00001
55	0.00000	1.00000	0.00000	0.00000	0.00000	0.00000
56	0.96257	0.00000	0.00000	0.00096	0.03647	0.00000
57	0.00000	0.99999	0.00000	0.00000	0.00000	0.00001
58	0.00000	0.99999	0.00000	0.00000	0.00000	0.00001
59	0.00000	0.99919	0.00000	0.00000	0.00000	0.00081
60	0.00000	0.99954	0.00000	0.00000	0.00000	0.00046
61	0.00000	1.00000	0.00000	0.00000	0.00000	0.00000
62	0.00000	0.99994	0.00000	0.00000	0.00000	0.00006
63	0.00000	1.00000	0.00000	0.00000	0.00000	0.00000
64	0.00000	0.99630	0.00000	0.00000	0.00000	0.00370
65	0.00000	0.99983	0.00000	0.00000	0.00000	0.00017
66	0.99999	0.00000	0.00000	0.00000	0.00001	0.00000
67	0.00000	0.99997	0.00000	0.00000	0.00000	0.00003
68	0.00000	0.99436	0.00000	0.00000	0.00000	0.00564
69	0.00000	0.97528	0.00000	0.00045	0.00000	0.02427
70	0.00000	0.99235	0.00000	0.00000	0.00000	0.00765
71	0.00000	1.00000	0.00000	0.00000	0.00000	0.00000
72	0.00000	1.00000	0.00000	0.00000	0.00000	0.00000
73	0.00000	0.99974	0.00000	0.00000	0.00000	0.00026
74	0.00000	1.00000	0.00000	0.00000	0.00000	0.00000
75	0.00000	0.99989	0.00000	0.00000	0.00000	0.00011
76	0.00000	1.00000	0.00000	0.00000	0.00000	0.00000
77	1.00000	0.00000	0.00000	0.00000	0.00000	0.00000
78	0.99998	0.00000	0.00000	0.00000	0.00002	0.00000
79	0.99990	0.00000	0.00000	0.00000	0.00010	0.00000
80	0.00000	0.99960	0.00000	0.00000	0.00000	0.00040
81	0.00000	0.99985	0.00000	0.00000	0.00000	0.00015
82	0.62040	0.00000	0.00002	0.11416	0.26541	0.00001
83	0.99995	0.00000	0.00000	0.00000	0.00005	0.00000
84	0.00000	0.99998	0.00000	0.00000	0.00000	0.00002
85	1.00000	0.00000	0.00000	0.00000	0.00000	0.00000
86	0.99648	0.00000	0.00000	0.00000	0.00352	0.00000
87	0.00000	0.99967	0.00000	0.00000	0.00000	0.00033
88	0.99998	0.00000	0.00000	0.00000	0.00002	0.00000
89	0.00000	0.99977	0.00000	0.00000	0.00000	0.00023
90	0.00000	1.00000	0.00000	0.00000	0.00000	0.00000
91	0.99946	0.00000	0.00000	0.00000	0.00054	0.00000
92	0.00000	0.00000	0.00000	0.00156	0.00000	0.99844
93	0.00000	0.99998	0.00000	0.00000	0.00000	0.00002
94	0.99943	0.00000	0.00000	0.00000	0.00057	0.00000
95	0.00000	0.99995	0.00000	0.00000	0.00000	0.00005
96	0.00000	0.98738	0.00000	0.00000	0.00000	0.01262
97	0.99999	0.00000	0.00000	0.00000	0.00001	0.00000
98	0.00000	1.00000	0.00000	0.00000	0.00000	0.00000
99	0.00000	0.72359	0.00041	0.05133	0.00006	0.22461
100	0.00000	1.00000	0.00000	0.00000	0.00000	0.00000
101	0.00000	0.99835	0.00000	0.00000	0.00000	0.00165
102	0.00000	0.99967	0.00000	0.00000	0.00000	0.00033
103	0.00000	1.00000	0.00000	0.00000	0.00000	0.00000
104	0.00000	0.99999	0.00000	0.00000	0.00000	0.00001
105	0.00000	0.99056	0.00000	0.00006	0.00000	0.00937
106	0.00000	0.99999	0.00000	0.00000	0.00000	0.00001
107	0.00000	0.99998	0.00000	0.00000	0.00000	0.00002
108	0.99996	0.00000	0.00000	0.00000	0.00004	0.00000
109	0.00000	1.00000	0.00000	0.00000	0.00000	0.00000
110	0.00000	0.99998	0.00000	0.00000	0.00000	0.00002
111	0.00000	0.99999	0.00000	0.00000	0.00000	0.00001
112	1.00000	0.00000	0.00000	0.00000	0.00000	0.00000
113	0.99225	0.00000	0.00000	0.00000	0.00774	0.00000
114	0.00000	0.99999	0.00000	0.00000	0.00000	0.00001
115	0.00000	1.00000	0.00000	0.00000	0.00000	0.00000
116	0.86143	0.00000	0.00000	0.00000	0.13857	0.00000
117	0.00000	0.99996	0.00000	0.00000	0.00000	0.00004
118	0.99991	0.00000	0.00000	0.00000	0.00009	0.00000
119	0.99998	0.00000	0.00000	0.00000	0.00002	0.00000
120	0.00000	1.00000	0.00000	0.00000	0.00000	0.00000
121	0.00000	1.00000	0.00000	0.00000	0.00000	0.00000
122	0.00000	0.99874	0.00000	0.00000	0.00000	0.00126
123	0.27081	0.07955	0.14642	0.17131	0.21527	0.11665
124	0.00000	0.99993	0.00000	0.00000	0.00000	0.00007
125	0.00000	0.99993	0.00000	0.00000	0.00000	0.00007
126	0.00000	0.99996	0.00000	0.00000	0.00000	0.00004
127	0.00000	0.99999	0.00000	0.00000	0.00000	0.00001
128	0.00000	0.99989	0.00000	0.00000	0.00000	0.00011
129	0.00000	0.99985	0.00000	0.00000	0.00000	0.00015
130	0.00000	0.99998	0.00000	0.00000	0.00000	0.00002
131	0.99962	0.00000	0.00000	0.00000	0.00038	0.00000
132	0.00000	0.99999	0.00000	0.00000	0.00000	0.00001
133	0.00000	0.99997	0.00000	0.00000	0.00000	0.00003
134	0.00000	1.00000	0.00000	0.00000	0.00000	0.00000
135	0.00000	0.99995	0.00000	0.00000	0.00000	0.00005
136	0.00000	1.00000	0.00000	0.00000	0.00000	0.00000
137	0.00000	1.00000	0.00000	0.00000	0.00000	0.00000
138	0.99983	0.00000	0.00000	0.00000	0.00017	0.00000
139	0.99947	0.00000	0.00000	0.00000	0.00053	0.00000
140	0.99999	0.00000	0.00000	0.00000	0.00001	0.00000
141	0.98574	0.00000	0.00000	0.00009	0.01417	0.00000
142	0.98548	0.00000	0.00000	0.00000	0.01452	0.00000
143	0.00000	0.99999	0.00000	0.00000	0.00000	0.00001
144	1.00000	0.00000	0.00000	0.00000	0.00000	0.00000
145	0.99999	0.00000	0.00000	0.00000	0.00001	0.00000
146	0.99990	0.00000	0.00000	0.00000	0.00010	0.00000
147	1.00000	0.00000	0.00000	0.00000	0.00000	0.00000
148	1.00000	0.00000	0.00000	0.00000	0.00000	0.00000
149	0.99938	0.00000	0.00000	0.00000	0.00062	0.00000
150	1.00000	0.00000	0.00000	0.00000	0.00000	0.00000
151	0.00000	0.99992	0.00000	0.00000	0.00000	0.00008
152	0.00000	0.50405	0.00173	0.16124	0.00056	0.33243
153	0.00000	0.99996	0.00000	0.00000	0.00000	0.00004
154	0.00000	1.00000	0.00000	0.00000	0.00000	0.00000
155	0.00000	0.99906	0.00000	0.00000	0.00000	0.00094
156	0.00000	1.00000	0.00000	0.00000	0.00000	0.00000
157	0.00000	0.99950	0.00000	0.00000	0.00000	0.00050
158	0.00000	0.99999	0.00000	0.00000	0.00000	0.00001
159	0.00000	1.00000	0.00000	0.00000	0.00000	0.00000
160	0.00000	0.99991	0.00000	0.00000	0.00000	0.00009
161	0.00000	0.99968	0.00000	0.00000	0.00000	0.00032
162	0.99998	0.00000	0.00000	0.00000	0.00002	0.00000
163	0.00000	0.99997	0.00000	0.00000	0.00000	0.00003
164	0.00000	1.00000	0.00000	0.00000	0.00000	0.00000
165	0.00000	0.97260	0.00000	0.00055	0.00000	0.02685
166	0.99968	0.00000	0.00000	0.00000	0.00032	0.00000
167	0.99993	0.00000	0.00000	0.00000	0.00007	0.00000
168	0.99998	0.00000	0.00000	0.00000	0.00002	0.00000
169	0.00000	1.00000	0.00000	0.00000	0.00000	0.00000
170	0.00000	0.99973	0.00000	0.00000	0.00000	0.00027
171	0.00000	0.99999	0.00000	0.00000	0.00000	0.00001
172	0.00000	0.99972	0.00000	0.00000	0.00000	0.00028
173	0.99636	0.00000	0.00000	0.00000	0.00364	0.00000
174	0.00000	1.00000	0.00000	0.00000	0.00000	0.00000
175	0.00000	0.99999	0.00000	0.00000	0.00000	0.00001
176	0.00000	1.00000	0.00000	0.00000	0.00000	0.00000
177	0.00000	0.99887	0.00000	0.00000	0.00000	0.00113
178	1.00000	0.00000	0.00000	0.00000	0.00000	0.00000
179	1.00000	0.00000	0.00000	0.00000	0.00000	0.00000
180	0.00000	0.99996	0.00000	0.00000	0.00000	0.00004
181	0.00000	1.00000	0.00000	0.00000	0.00000	0.00000
182	0.99972	0.00000	0.00000	0.00000	0.00028	0.00000
183	0.00000	0.99922	0.00000	0.00000	0.00000	0.00078
184	0.00000	0.66254	0.00000	0.00001	0.00000	0.33746
185	0.00000	0.99995	0.00000	0.00000	0.00000	0.00005
186	1.00000	0.00000	0.00000	0.00000	0.00000	0.00000
187	0.00000	0.99953	0.00000	0.00000	0.00000	0.00047
188	0.00000	0.99979	0.00000	0.00000	0.00000	0.00021
189	0.00000	0.99999	0.00000	0.00000	0.00000	0.00001
190	0.00000	0.99970	0.00000	0.00000	0.00000	0.00030
191	0.99994	0.00000	0.00000	0.00000	0.00006	0.00000
192	0.99951	0.00000	0.00000	0.00000	0.00049	0.00000
193	0.99992	0.00000	0.00000	0.00000	0.00008	0.00000
194	0.00000	1.00000	0.00000	0.00000	0.00000	0.00000
195	0.00000	0.99987	0.00000	0.00000	0.00000	0.00013
196	0.00000	0.99998	0.00000	0.00000	0.00000	0.00002
197	0.00000	0.23402	0.00000	0.40233	0.00000	0.36365
198	0.00000	1.00000	0.00000	0.00000	0.00000	0.00000
199	0.00000	0.99999	0.00000	0.00000	0.00000	0.00001
200	0.00000	0.00000	0.98852	0.00577	0.00000	0.00571
201	0.00000	1.00000	0.00000	0.00000	0.00000	0.00000
202	0.00000	1.00000	0.00000	0.00000	0.00000	0.00000
203	0.00000	0.90867	0.00000	0.00593	0.00000	0.08540
204	0.00000	1.00000	0.00000	0.00000	0.00000	0.00000
205	0.00000	1.00000	0.00000	0.00000	0.00000	0.00000
206	0.00000	0.99999	0.00000	0.00000	0.00000	0.00001
207	0.00000	1.00000	0.00000	0.00000	0.00000	0.00000
208	0.00000	1.00000	0.00000	0.00000	0.00000	0.00000
209	0.00000	1.00000	0.00000	0.00000	0.00000	0.00000
210	0.00000	0.99991	0.00000	0.00000	0.00000	0.00009
211	0.00000	0.02617	0.00000	0.00024	0.00000	0.97359
212	0.00000	1.00000	0.00000	0.00000	0.00000	0.00000
213	0.99988	0.00000	0.00000	0.00000	0.00012	0.00000
214	0.99995	0.00000	0.00000	0.00000	0.00005	0.00000
215	0.00000	0.99993	0.00000	0.00000	0.00000	0.00007
216	0.00000	0.99999	0.00000	0.00000	0.00000	0.00001
217	0.00000	1.00000	0.00000	0.00000	0.00000	0.00000
218	0.00000	1.00000	0.00000	0.00000	0.00000	0.00000
219	0.00000	1.00000	0.00000	0.00000	0.00000	0.00000
220	0.00000	0.83490	0.00026	0.01883	0.00002	0.14598
221	0.00000	1.00000	0.00000	0.00000	0.00000	0.00000
222	0.00000	1.00000	0.00000	0.00000	0.00000	0.00000
223	0.00000	0.99300	0.00000	0.00003	0.00000	0.00697
224	0.00000	1.00000	0.00000	0.00000	0.00000	0.00000
225	0.00000	1.00000	0.00000	0.00000	0.00000	0.00000
226	0.99999	0.00000	0.00000	0.00000	0.00001	0.00000
227	0.00000	0.99992	0.00000	0.00000	0.00000	0.00008
228	0.00000	0.99994	0.00000	0.00000	0.00000	0.00006
229	0.33695	0.00001	0.00226	0.31031	0.34867	0.00180
230	0.00000	0.99997	0.00000	0.00000	0.00000	0.00003
231	0.00000	1.00000	0.00000	0.00000	0.00000	0.00000
232	0.00000	0.99997	0.00000	0.00000	0.00000	0.00003
233	0.99993	0.00000	0.00000	0.00000	0.00007	0.00000
234	0.00000	0.99986	0.00000	0.00000	0.00000	0.00014
235	0.00000	0.99793	0.00000	0.00000	0.00000	0.00207
236	0.00000	0.99998	0.00000	0.00000	0.00000	0.00002
237	0.00000	0.99999	0.00000	0.00000	0.00000	0.00001
238	0.00000	0.99998	0.00000	0.00000	0.00000	0.00002
239	1.00000	0.00000	0.00000	0.00000	0.00000	0.00000
240	0.99999	0.00000	0.00000	0.00000	0.00001	0.00000
241	0.99999	0.00000	0.00000	0.00000	0.00001	0.00000
242	1.00000	0.00000	0.00000	0.00000	0.00000	0.00000
243	0.00000	0.99984	0.00000	0.00000	0.00000	0.00016
244	0.99995	0.00000	0.00000	0.00000	0.00005	0.00000
245	0.99999	0.00000	0.00000	0.00000	0.00001	0.00000
246	0.00000	0.99998	0.00000	0.00000	0.00000	0.00002
247	0.00000	0.99999	0.00000	0.00000	0.00000	0.00001
248	0.00000	0.99999	0.00000	0.00000	0.00000	0.00001
249	0.00000	1.00000	0.00000	0.00000	0.00000	0.00000
250	0.00000	1.00000	0.00000	0.00000	0.00000	0.00000
251	0.00000	1.00000	0.00000	0.00000	0.00000	0.00000
252	0.00000	1.00000	0.00000	0.00000	0.00000	0.00000
253	0.00000	0.99991	0.00000	0.00000	0.00000	0.00009
254	0.00000	0.99987	0.00000	0.00000	0.00000	0.00013
255	0.00000	0.99999	0.00000	0.00000	0.00000	0.00001
256	0.00000	0.99971	0.00000	0.00000	0.00000	0.00029
257	0.00000	0.99998	0.00000	0.00000	0.00000	0.00002
258	0.00000	0.99998	0.00000	0.00000	0.00000	0.00002
259	0.00000	0.99998	0.00000	0.00000	0.00000	0.00002
260	0.00000	0.98807	0.00000	0.00011	0.00000	0.01183
261	0.00000	1.00000	0.00000	0.00000	0.00000	0.00000
262	0.00000	0.99995	0.00000	0.00000	0.00000	0.00005
263	0.00000	0.99996	0.00000	0.00000	0.00000	0.00004
264	0.00000	1.00000	0.00000	0.00000	0.00000	0.00000
265	0.00000	0.05033	0.00000	0.74303	0.00000	0.20664
266	0.00000	0.99999	0.00000	0.00000	0.00000	0.00001
267	0.00000	0.99997	0.00000	0.00000	0.00000	0.00003
268	0.00000	0.99996	0.00000	0.00000	0.00000	0.00004
269	0.00000	0.99993	0.00000	0.00000	0.00000	0.00007
270	0.00000	0.99997	0.00000	0.00000	0.00000	0.00003
271	0.00000	1.00000	0.00000	0.00000	0.00000	0.00000
272	0.00000	0.99999	0.00000	0.00000	0.00000	0.00001
273	0.00000	0.99979	0.00000	0.00000	0.00000	0.00021
274	0.00000	0.99987	0.00000	0.00000	0.00000	0.00013
275	0.00000	1.00000	0.00000	0.00000	0.00000	0.00000
276	0.00000	0.99998	0.00000	0.00000	0.00000	0.00002
277	0.00000	0.99999	0.00000	0.00000	0.00000	0.00001
278	0.00000	1.00000	0.00000	0.00000	0.00000	0.00000
279	0.00000	1.00000	0.00000	0.00000	0.00000	0.00000
280	0.00000	0.99999	0.00000	0.00000	0.00000	0.00001
281	0.00000	0.99995	0.00000	0.00000	0.00000	0.00005
282	0.00000	1.00000	0.00000	0.00000	0.00000	0.00000
283	0.99999	0.00000	0.00000	0.00000	0.00001	0.00000
284	0.00000	0.99982	0.00000	0.00000	0.00000	0.00018
285	0.00000	0.99999	0.00000	0.00000	0.00000	0.00001
286	0.00000	0.99999	0.00000	0.00000	0.00000	0.00001
287	0.00000	1.00000	0.00000	0.00000	0.00000	0.00000
288	0.00000	1.00000	0.00000	0.00000	0.00000	0.00000
289	0.00000	0.43580	0.00000	0.00001	0.00000	0.56419
290	0.00000	0.99999	0.00000	0.00000	0.00000	0.00001
291	0.00000	1.00000	0.00000	0.00000	0.00000	0.00000
292	0.00000	0.50964	0.00000	0.00001	0.00000	0.49035
293	0.00000	0.99999	0.00000	0.00000	0.00000	0.00001
294	0.00000	0.99998	0.00000	0.00000	0.00000	0.00002
295	0.00000	0.99999	0.00000	0.00000	0.00000	0.00001
296	0.99999	0.00000	0.00000	0.00000	0.00001	0.00000
297	0.30637	0.06495	0.14100	0.16218	0.22289	0.10261
298	0.00000	1.00000	0.00000	0.00000	0.00000	0.00000
299	0.00000	0.98191	0.00000	0.00030	0.00000	0.01779
300	0.99999	0.00000	0.00000	0.00000	0.00001	0.00000
301	0.00000	0.99768	0.00000	0.00000	0.00000	0.00232
302	0.00000	0.99999	0.00000	0.00000	0.00000	0.00001
303	0.00000	0.99995	0.00000	0.00000	0.00000	0.00005
304	0.00000	1.00000	0.00000	0.00000	0.00000	0.00000
305	0.00000	1.00000	0.00000	0.00000	0.00000	0.00000
306	0.00000	0.99997	0.00000	0.00000	0.00000	0.00003
307	0.00000	0.99991	0.00000	0.00000	0.00000	0.00009
308	0.00000	1.00000	0.00000	0.00000	0.00000	0.00000
309	0.00000	1.00000	0.00000	0.00000	0.00000	0.00000
310	0.00000	1.00000	0.00000	0.00000	0.00000	0.00000
311	0.00000	1.00000	0.00000	0.00000	0.00000	0.00000
312	0.00000	0.85180	0.00000	0.01528	0.00000	0.13292
313	0.00000	1.00000	0.00000	0.00000	0.00000	0.00000
314	0.00000	0.99998	0.00000	0.00000	0.00000	0.00002
315	0.00000	1.00000	0.00000	0.00000	0.00000	0.00000
316	0.00000	0.98827	0.00000	0.00000	0.00000	0.01173
317	0.00000	0.99998	0.00000	0.00000	0.00000	0.00002
318	0.00000	0.99999	0.00000	0.00000	0.00000	0.00001
319	0.00000	1.00000	0.00000	0.00000	0.00000	0.00000
320	0.00000	0.22025	0.00000	0.00215	0.00000	0.77760
321	0.00000	0.99673	0.00000	0.00000	0.00000	0.00327
322	0.00000	0.99982	0.00000	0.00000	0.00000	0.00018
323	0.00000	1.00000	0.00000	0.00000	0.00000	0.00000
324	0.00000	0.99998	0.00000	0.00000	0.00000	0.00002
325	0.00000	1.00000	0.00000	0.00000	0.00000	0.00000
326	0.00000	0.99999	0.00000	0.00000	0.00000	0.00001
327	0.00000	0.99462	0.00000	0.00001	0.00000	0.00537
328	0.00000	1.00000	0.00000	0.00000	0.00000	0.00000
329	0.00000	1.00000	0.00000	0.00000	0.00000	0.00000
330	0.00000	0.99998	0.00000	0.00000	0.00000	0.00002
331	0.00000	0.97642	0.00000	0.00041	0.00000	0.02317
332	0.00000	1.00000	0.00000	0.00000	0.00000	0.00000
333	0.00000	0.99991	0.00000	0.00000	0.00000	0.00009
334	0.00000	0.99973	0.00000	0.00000	0.00000	0.00027
335	0.00000	0.99999	0.00000	0.00000	0.00000	0.00001
336	0.00000	1.00000	0.00000	0.00000	0.00000	0.00000
337	0.00000	0.89316	0.00000	0.00755	0.00000	0.09928
338	0.00000	0.99999	0.00000	0.00000	0.00000	0.00001
339	0.00000	1.00000	0.00000	0.00000	0.00000	0.00000
340	0.00000	1.00000	0.00000	0.00000	0.00000	0.00000
341	0.00000	0.00000	0.99961	0.00036	0.00000	0.00003
342	0.00000	0.99992	0.00000	0.00000	0.00000	0.00008
343	0.00000	0.99997	0.00000	0.00000	0.00000	0.00003
344	0.00000	0.00000	0.00000	0.00377	0.00000	0.99623
345	0.00000	0.84068	0.00000	0.00021	0.00000	0.15911
346	0.00000	0.99998	0.00000	0.00000	0.00000	0.00002
347	0.00000	0.97328	0.00000	0.00052	0.00000	0.02620
348	0.00000	0.00000	0.00000	0.00039	0.00000	0.99961
349	0.00000	0.99979	0.00000	0.00000	0.00000	0.00021
350	0.00000	0.99998	0.00000	0.00000	0.00000	0.00002
351	0.00000	1.00000	0.00000	0.00000	0.00000	0.00000
352	0.00000	0.99913	0.00000	0.00000	0.00000	0.00087
353	0.00000	0.99999	0.00000	0.00000	0.00000	0.00001
354	0.00000	0.99884	0.00000	0.00000	0.00000	0.00116
355	0.00000	0.98102	0.00000	0.00026	0.00000	0.01871
356	0.99999	0.00000	0.00000	0.00000	0.00001	0.00000
357	0.00000	1.00000	0.00000	0.00000	0.00000	0.00000
358	0.00000	0.99990	0.00000	0.00000	0.00000	0.00010
359	0.00003	0.50540	0.04650	0.13264	0.01359	0.30184
360	0.00000	0.99999	0.00000	0.00000	0.00000	0.00001
361	0.00000	0.99969	0.00000	0.00000	0.00000	0.00031
362	1.00000	0.00000	0.00000	0.00000	0.00000	0.00000
363	0.99999	0.00000	0.00000	0.00000	0.00001	0.00000
364	0.00000	0.99998	0.00000	0.00000	0.00000	0.00002
365	0.00000	0.99952	0.00000	0.00000	0.00000	0.00048
366	0.00000	0.99999	0.00000	0.00000	0.00000	0.00001
367	0.00000	1.00000	0.00000	0.00000	0.00000	0.00000
368	0.00000	0.99999	0.00000	0.00000	0.00000	0.00001
369	0.98393	0.00000	0.00000	0.00000	0.01607	0.00000
370	0.00000	1.00000	0.00000	0.00000	0.00000	0.00000
371	0.00000	0.99993	0.00000	0.00000	0.00000	0.00007
372	0.00000	0.99997	0.00000	0.00000	0.00000	0.00003
373	0.00000	1.00000	0.00000	0.00000	0.00000	0.00000
374	0.00000	0.99301	0.00000	0.00003	0.00000	0.00696
375	0.99999	0.00000	0.00000	0.00000	0.00001	0.00000
376	0.00000	0.99992	0.00000	0.00000	0.00000	0.00008
377	0.00000	0.70370	0.00049	0.05872	0.00008	0.23701
378	0.99999	0.00000	0.00000	0.00000	0.00001	0.00000
379	0.99982	0.00000	0.00000	0.00000	0.00018	0.00000
380	0.00000	0.99979	0.00000	0.00000	0.00000	0.00021
381	0.00000	0.99999	0.00000	0.00000	0.00000	0.00001
382	0.00000	1.00000	0.00000	0.00000	0.00000	0.00000
383	0.99310	0.00000	0.00000	0.00000	0.00690	0.00000
384	0.00000	0.99999	0.00000	0.00000	0.00000	0.00001
385	0.00000	1.00000	0.00000	0.00000	0.00000	0.00000
386	0.00000	0.99999	0.00000	0.00000	0.00000	0.00001
387	0.00000	1.00000	0.00000	0.00000	0.00000	0.00000
388	0.99981	0.00000	0.00000	0.00000	0.00019	0.00000
389	0.00000	0.99993	0.00000	0.00000	0.00000	0.00007
390	0.00000	1.00000	0.00000	0.00000	0.00000	0.00000
391	0.00000	0.99996	0.00000	0.00000	0.00000	0.00004
392	0.00000	0.95117	0.00000	0.00153	0.00000	0.04730
393	0.00000	0.99774	0.00000	0.00000	0.00000	0.00226
394	0.00000	0.99940	0.00000	0.00000	0.00000	0.00060
395	0.00000	1.00000	0.00000	0.00000	0.00000	0.00000
396	0.00000	1.00000	0.00000	0.00000	0.00000	0.00000
397	0.00000	0.99998	0.00000	0.00000	0.00000	0.00002
398	0.00000	1.00000	0.00000	0.00000	0.00000	0.00000
399	0.00002	0.59369	0.07008	0.07232	0.01101	0.25289
400	0.00000	1.00000	0.00000	0.00000	0.00000	0.00000
401	0.00000	0.99998	0.00000	0.00000	0.00000	0.00002
402	0.00000	0.77430	0.00010	0.03517	0.00001	0.19042
403	0.00000	1.00000	0.00000	0.00000	0.00000	0.00000
404	0.00000	1.00000	0.00000	0.00000	0.00000	0.00000
405	0.00000	0.99994	0.00000	0.00000	0.00000	0.00006
406	0.00000	1.00000	0.00000	0.00000	0.00000	0.00000
407	0.00000	0.99989	0.00000	0.00000	0.00000	0.00011
408	0.00000	1.00000	0.00000	0.00000	0.00000	0.00000
409	0.00000	0.99998	0.00000	0.00000	0.00000	0.00002
410	0.00000	0.99995	0.00000	0.00000	0.00000	0.00005
411	0.00000	1.00000	0.00000	0.00000	0.00000	0.00000
412	0.99992	0.00000	0.00000	0.00000	0.00008	0.00000
413	0.00000	0.99999	0.00000	0.00000	0.00000	0.00001
414	0.00000	0.99981	0.00000	0.00000	0.00000	0.00019
415	0.00000	0.99994	0.00000	0.00000	0.00000	0.00006
416	0.00000	0.99762	0.00000	0.00000	0.00000	0.00238
417	0.00000	0.99999	0.00000	0.00000	0.00000	0.00001
418	0.00000	0.99999	0.00000	0.00000	0.00000	0.00001
419	0.00000	0.99999	0.00000	0.00000	0.00000	0.00001
420	0.00000	1.00000	0.00000	0.00000	0.00000	0.00000
421	0.00000	0.99997	0.00000	0.00000	0.00000	0.00003
422	0.00000	1.00000	0.00000	0.00000	0.00000	0.00000
423	0.00000	0.98937	0.00000	0.00007	0.00000	0.01056
424	0.00000	0.99608	0.00000	0.00001	0.00000	0.00391
425	0.00000	0.99996	0.00000	0.00000	0.00000	0.00004
426	0.00000	1.00000	0.00000	0.00000	0.00000	0.00000
427	0.00000	0.99999	0.00000	0.00000	0.00000	0.00001
428	0.00000	1.00000	0.00000	0.00000	0.00000	0.00000
429	0.00000	0.99970	0.00000	0.00000	0.00000	0.00030
430	0.00000	1.00000	0.00000	0.00000	0.00000	0.00000
431	0.00000	0.99979	0.00000	0.00000	0.00000	0.00021
432	0.00000	1.00000	0.00000	0.00000	0.00000	0.00000
433	0.00000	0.99966	0.00000	0.00000	0.00000	0.00034
434	0.00000	1.00000	0.00000	0.00000	0.00000	0.00000
435	0.00000	0.99036	0.00000	0.00008	0.00000	0.00956
436	0.00000	0.99995	0.00000	0.00000	0.00000	0.00005
437	1.00000	0.00000	0.00000	0.00000	0.00000	0.00000
438	0.00000	0.99998	0.00000	0.00000	0.00000	0.00002
439	0.00000	1.00000	0.00000	0.00000	0.00000	0.00000
440	0.00000	0.99999	0.00000	0.00000	0.00000	0.00001
441	0.00000	0.99978	0.00000	0.00000	0.00000	0.00022
442	0.00000	0.99998	0.00000	0.00000	0.00000	0.00002
443	0.00000	0.99999	0.00000	0.00000	0.00000	0.00001
444	0.00000	1.00000	0.00000	0.00000	0.00000	0.00000
445	0.00000	0.99987	0.00000	0.00000	0.00000	0.00013
446	0.00000	0.01366	0.00000	0.00001	0.00000	0.98634
447	0.00000	0.99999	0.00000	0.00000	0.00000	0.00001
448	0.00000	1.00000	0.00000	0.00000	0.00000	0.00000
449	0.00000	0.99999	0.00000	0.00000	0.00000	0.00001
450	0.00000	1.00000	0.00000	0.00000	0.00000	0.00000
451	0.00000	0.99985	0.00000	0.00000	0.00000	0.00015
452	0.00000	1.00000	0.00000	0.00000	0.00000	0.00000
453	0.00000	0.84050	0.00004	0.01764	0.00000	0.14181
454	0.00000	0.99999	0.00000	0.00000	0.00000	0.00001
455	0.00000	0.99998	0.00000	0.00000	0.00000	0.00002
456	0.00000	0.99975	0.00000	0.00000	0.00000	0.00025
457	0.00000	0.99999	0.00000	0.00000	0.00000	0.00001
458	0.00000	0.99998	0.00000	0.00000	0.00000	0.00002
459	0.00000	1.00000	0.00000	0.00000	0.00000	0.00000
460	0.00000	0.99999	0.00000	0.00000	0.00000	0.00001
461	0.99708	0.00000	0.00000	0.00000	0.00292	0.00000
462	0.00000	1.00000	0.00000	0.00000	0.00000	0.00000
463	0.00000	1.00000	0.00000	0.00000	0.00000	0.00000
464	0.00000	0.73675	0.00009	0.05751	0.00003	0.20562
465	0.99998	0.00000	0.00000	0.00000	0.00002	0.00000
466	0.00000	0.99999	0.00000	0.00000	0.00000	0.00001
467	0.00000	0.99998	0.00000	0.00000	0.00000	0.00002
468	0.00000	0.98983	0.00000	0.00006	0.00000	0.01011
469	0.00000	1.00000	0.00000	0.00000	0.00000	0.00000
470	0.00000	0.99999	0.00000	0.00000	0.00000	0.00001
471	0.00000	0.99996	0.00000	0.00000	0.00000	0.00004
472	0.00000	0.99999	0.00000	0.00000	0.00000	0.00001
473	0.00000	0.99975	0.00000	0.00000	0.00000	0.00025
474	0.00000	0.99997	0.00000	0.00000	0.00000	0.00003
475	0.00000	0.69911	0.00008	0.06068	0.00001	0.24012
476	0.00000	1.00000	0.00000	0.00000	0.00000	0.00000
477	0.00000	1.00000	0.00000	0.00000	0.00000	0.00000
478	0.00000	0.99999	0.00000	0.00000	0.00000	0.00001
479	0.00000	1.00000	0.00000	0.00000	0.00000	0.00000
480	0.00000	0.99915	0.00000	0.00000	0.00000	0.00085
481	0.00000	0.99999	0.00000	0.00000	0.00000	0.00001
482	0.00000	0.99999	0.00000	0.00000	0.00000	0.00001
483	0.00000	0.99999	0.00000	0.00000	0.00000	0.00001
484	0.00000	0.99998	0.00000	0.00000	0.00000	0.00002
485	0.00000	0.99999	0.00000	0.00000	0.00000	0.00001
486	0.00000	1.00000	0.00000	0.00000	0.00000	0.00000
487	0.00000	0.99958	0.00000	0.00000	0.00000	0.00042
488	0.00000	0.99999	0.00000	0.00000	0.00000	0.00001
489	0.00000	1.00000	0.00000	0.00000	0.00000	0.00000
490	0.00000	0.99997	0.00000	0.00000	0.00000	0.00003
491	0.00000	0.99993	0.00000	0.00000	0.00000	0.00007
492	0.00000	0.99999	0.00000	0.00000	0.00000	0.00001
493	0.00000	0.99956	0.00000	0.00000	0.00000	0.00044
494	0.00000	0.99999	0.00000	0.00000	0.00000	0.00001
495	0.00000	0.93552	0.00000	0.00319	0.00000	0.06129
496	0.00000	0.99992	0.00000	0.00000	0.00000	0.00008
497	0.00000	1.00000	0.00000	0.00000	0.00000	0.00000
498	0.00000	1.00000	0.00000	0.00000	0.00000	0.00000
499	0.00000	1.00000	0.00000	0.00000	0.00000	0.00000
500	0.00000	0.99998	0.00000	0.00000	0.00000	0.00002
501	0.00000	0.00439	0.00015	0.92498	0.00133	0.06915
502	0.00000	0.87386	0.00000	0.00000	0.00000	0.12614
503	0.00000	0.89441	0.00000	0.00788	0.00000	0.09771
504	0.00000	0.99992	0.00000	0.00000	0.00000	0.00008
505	0.00000	0.99998	0.00000	0.00000	0.00000	0.00002
506	0.00000	0.99963	0.00000	0.00000	0.00000	0.00037
507	0.99925	0.00000	0.00000	0.00000	0.00075	0.00000
508	0.99999	0.00000	0.00000	0.00000	0.00001	0.00000
509	0.00000	0.95148	0.00000	0.00004	0.00000	0.04848
510	0.00000	0.99999	0.00000	0.00000	0.00000	0.00001
511	0.00000	1.00000	0.00000	0.00000	0.00000	0.00000
512	0.00000	0.99999	0.00000	0.00000	0.00000	0.00001
513	0.00000	0.99999	0.00000	0.00000	0.00000	0.00001
514	0.96308	0.00000	0.00000	0.00000	0.03692	0.00000
515	0.00000	0.99995	0.00000	0.00000	0.00000	0.00005
516	0.99998	0.00000	0.00000	0.00000	0.00002	0.00000
517	0.00000	0.99207	0.00000	0.00005	0.00000	0.00788
518	0.00000	0.99999	0.00000	0.00000	0.00000	0.00001
519	0.99998	0.00000	0.00000	0.00000	0.00002	0.00000
520	0.00000	0.99896	0.00000	0.00000	0.00000	0.00104
521	0.00000	1.00000	0.00000	0.00000	0.00000	0.00000
522	0.00000	0.99999	0.00000	0.00000	0.00000	0.00001
523	0.00000	1.00000	0.00000	0.00000	0.00000	0.00000
524	0.00000	1.00000	0.00000	0.00000	0.00000	0.00000
525	0.00000	1.00000	0.00000	0.00000	0.00000	0.00000
526	0.00000	0.99993	0.00000	0.00000	0.00000	0.00007
527	0.00000	0.99978	0.00000	0.00000	0.00000	0.00022
528	0.00000	1.00000	0.00000	0.00000	0.00000	0.00000
529	0.00000	0.98561	0.00000	0.00017	0.00000	0.01423
530	0.00000	0.84259	0.00002	0.01719	0.00000	0.14021
531	0.00000	1.00000	0.00000	0.00000	0.00000	0.00000
532	0.00000	0.99854	0.00000	0.00000	0.00000	0.00146
533	0.00000	1.00000	0.00000	0.00000	0.00000	0.00000
534	1.00000	0.00000	0.00000	0.00000	0.00000	0.00000
535	0.00000	1.00000	0.00000	0.00000	0.00000	0.00000
536	0.00000	1.00000	0.00000	0.00000	0.00000	0.00000
537	0.00000	1.00000	0.00000	0.00000	0.00000	0.00000
538	0.99999	0.00000	0.00000	0.00000	0.00001	0.00000
539	0.00000	0.64016	0.00000	0.10004	0.00000	0.25980
540	0.00000	1.00000	0.00000	0.00000	0.00000	0.00000
541	0.99114	0.00000	0.00000	0.00005	0.00882	0.00000
542	1.00000	0.00000	0.00000	0.00000	0.00000	0.00000
543	0.99999	0.00000	0.00000	0.00000	0.00001	0.00000
544	0.00000	0.99901	0.00000	0.00000	0.00000	0.00099
545	0.00000	0.99550	0.00000	0.00000	0.00000	0.00450
546	0.00000	1.00000	0.00000	0.00000	0.00000	0.00000
547	0.00000	0.99998	0.00000	0.00000	0.00000	0.00002
548	0.00000	1.00000	0.00000	0.00000	0.00000	0.00000
549	0.86031	0.00000	0.00000	0.00052	0.13916	0.00000
550	0.00000	0.99975	0.00000	0.00000	0.00000	0.00025
551	0.00000	0.99998	0.00000	0.00000	0.00000	0.00002
552	0.99998	0.00000	0.00000	0.00000	0.00002	0.00000
553	0.00000	1.00000	0.00000	0.00000	0.00000	0.00000
554	0.00000	1.00000	0.00000	0.00000	0.00000	0.00000
555	0.00000	1.00000	0.00000	0.00000	0.00000	0.00000
556	0.00000	1.00000	0.00000	0.00000	0.00000	0.00000
557	0.00000	0.00000	0.95776	0.00133	0.00000	0.04091
558	0.00000	0.99998	0.00000	0.00000	0.00000	0.00002
559	0.00000	1.00000	0.00000	0.00000	0.00000	0.00000
560	0.99659	0.00000	0.00000	0.00000	0.00341	0.00000
561	0.99988	0.00000	0.00000	0.00000	0.00012	0.00000
562	1.00000	0.00000	0.00000	0.00000	0.00000	0.00000
563	0.99991	0.00000	0.00000	0.00000	0.00009	0.00000
564	0.00000	0.99998	0.00000	0.00000	0.00000	0.00002
565	0.00000	1.00000	0.00000	0.00000	0.00000	0.00000
566	1.00000	0.00000	0.00000	0.00000	0.00000	0.00000
567	0.00000	0.99998	0.00000	0.00000	0.00000	0.00002
568	0.80301	0.00000	0.00001	0.03336	0.16362	0.00000
569	0.99997	0.00000	0.00000	0.00000	0.00003	0.00000
570	0.00000	1.00000	0.00000	0.00000	0.00000	0.00000
571	0.00000	0.99983	0.00000	0.00000	0.00000	0.00017
572	0.00000	1.00000	0.00000	0.00000	0.00000	0.00000
573	0.00000	0.99997	0.00000	0.00000	0.00000	0.00003
574	0.00000	0.99940	0.00000	0.00000	0.00000	0.00060
575	0.00000	0.98942	0.00000	0.00000	0.00000	0.01058
576	0.00000	0.00000	0.00000	0.00487	0.99513	0.00000
577	0.00000	0.99999	0.00000	0.00000	0.00000	0.00001
578	1.00000	0.00000	0.00000	0.00000	0.00000	0.00000
579	0.00000	0.99998	0.00000	0.00000	0.00000	0.00002
580	0.00000	0.98253	0.00000	0.00001	0.00000	0.01746
581	0.00000	0.99065	0.00000	0.00009	0.00000	0.00926
582	0.00000	0.99976	0.00000	0.00000	0.00000	0.00024
583	0.00000	0.99993	0.00000	0.00000	0.00000	0.00007
584	0.00000	0.94794	0.00000	0.00196	0.00000	0.05010
585	0.00000	0.99977	0.00000	0.00000	0.00000	0.00023
586	0.00000	0.85744	0.00000	0.00000	0.00000	0.14256
587	0.00000	1.00000	0.00000	0.00000	0.00000	0.00000
588	0.00000	1.00000	0.00000	0.00000	0.00000	0.00000
589	0.00000	0.99999	0.00000	0.00000	0.00000	0.00001
590	0.00000	1.00000	0.00000	0.00000	0.00000	0.00000
591	0.00000	1.00000	0.00000	0.00000	0.00000	0.00000
592	0.00000	0.99025	0.00000	0.00006	0.00000	0.00969
593	0.00000	0.99951	0.00000	0.00000	0.00000	0.00049
594	0.00000	1.00000	0.00000	0.00000	0.00000	0.00000
595	0.00000	0.99999	0.00000	0.00000	0.00000	0.00001
596	0.00000	1.00000	0.00000	0.00000	0.00000	0.00000
597	0.00000	0.00510	0.00003	0.02418	0.00000	0.97068
598	0.00000	0.99999	0.00000	0.00000	0.00000	0.00001
599	0.00000	0.99833	0.00000	0.00000	0.00000	0.00167
600	0.00000	0.98322	0.00000	0.00008	0.00000	0.01670
601	0.00000	0.99999	0.00000	0.00000	0.00000	0.00001
602	0.00000	0.21937	0.00005	0.15288	0.00000	0.62770
603	0.99996	0.00000	0.00000	0.00000	0.00004	0.00000
604	0.95615	0.00000	0.00000	0.00186	0.04199	0.00000
605	0.00000	1.00000	0.00000	0.00000	0.00000	0.00000
606	0.00000	0.99423	0.00000	0.00002	0.00000	0.00575
607	0.00000	0.99999	0.00000	0.00000	0.00000	0.00001
608	0.00000	1.00000	0.00000	0.00000	0.00000	0.00000
609	0.00000	0.99999	0.00000	0.00000	0.00000	0.00001
610	0.00000	0.99998	0.00000	0.00000	0.00000	0.00002
611	0.06300	0.00000	0.00000	0.00043	0.93657	0.00000
612	0.00000	1.00000	0.00000	0.00000	0.00000	0.00000
613	0.00000	0.99997	0.00000	0.00000	0.00000	0.00003
614	0.00000	0.99999	0.00000	0.00000	0.00000	0.00001
615	0.00000	0.99682	0.00000	0.00001	0.00000	0.00318
616	0.00000	0.99995	0.00000	0.00000	0.00000	0.00005
617	0.00000	0.99999	0.00000	0.00000	0.00000	0.00001
618	0.00000	0.99999	0.00000	0.00000	0.00000	0.00001
619	0.00000	0.99993	0.00000	0.00000	0.00000	0.00007
620	0.00000	0.99561	0.00000	0.00001	0.00000	0.00438
621	0.00000	1.00000	0.00000	0.00000	0.00000	0.00000
622	0.00000	1.00000	0.00000	0.00000	0.00000	0.00000
623	0.00000	0.99974	0.00000	0.00000	0.00000	0.00026
624	0.00000	1.00000	0.00000	0.00000	0.00000	0.00000
625	0.00000	0.98460	0.00000	0.00000	0.00000	0.01540
626	0.00000	0.99997	0.00000	0.00000	0.00000	0.00003
627	0.00000	0.90978	0.00017	0.00576	0.00001	0.08429
628	0.00000	0.99999	0.00000	0.00000	0.00000	0.00001
629	0.00000	0.99999	0.00000	0.00000	0.00000	0.00001
630	0.00000	0.99998	0.00000	0.00000	0.00000	0.00002
631	0.00000	0.99999	0.00000	0.00000	0.00000	0.00001
632	0.00000	1.00000	0.00000	0.00000	0.00000	0.00000
633	0.99997	0.00000	0.00000	0.00000	0.00003	0.00000
634	0.00000	0.99970	0.00000	0.00000	0.00000	0.00030
635	0.00000	1.00000	0.00000	0.00000	0.00000	0.00000
636	0.00000	0.99995	0.00000	0.00000	0.00000	0.00005
637	0.00000	0.98555	0.00000	0.00015	0.00000	0.01429
638	0.00000	0.99412	0.00000	0.00003	0.00000	0.00585
639	0.00000	1.00000	0.00000	0.00000	0.00000	0.00000
640	0.00000	0.99993	0.00000	0.00000	0.00000	0.00007
641	0.00000	1.00000	0.00000	0.00000	0.00000	0.00000
642	0.00000	1.00000	0.00000	0.00000	0.00000	0.00000
643	0.00000	0.98951	0.00000	0.00004	0.00000	0.01045
644	0.00000	0.99999	0.00000	0.00000	0.00000	0.00001
645	0.00000	0.00114	0.00000	0.00001	0.00000	0.99885
646	0.00000	0.99998	0.00000	0.00000	0.00000	0.00002
647	0.00000	0.93002	0.00000	0.00000	0.00000	0.06998
648	0.00000	0.99874	0.00000	0.00000	0.00000	0.00126
649	0.00000	1.00000	0.00000	0.00000	0.00000	0.00000
650	0.00000	0.99739	0.00000	0.00000	0.00000	0.00261
651	1.00000	0.00000	0.00000	0.00000	0.00000	0.00000
652	0.00000	0.99992	0.00000	0.00000	0.00000	0.00008
653	0.00000	1.00000	0.00000	0.00000	0.00000	0.00000
654	0.92479	0.00000	0.00000	0.00537	0.06984	0.00000
655	0.00000	0.53145	0.00000	0.00795	0.00000	0.46060
656	0.00000	0.99979	0.00000	0.00000	0.00000	0.00021
657	0.00000	0.99866	0.00000	0.00000	0.00000	0.00134
658	0.00000	0.99998	0.00000	0.00000	0.00000	0.00002
659	0.00000	1.00000	0.00000	0.00000	0.00000	0.00000
660	0.69606	0.00000	0.00046	0.07505	0.22828	0.00015
661	0.00000	0.99926	0.00000	0.00000	0.00000	0.00074
662	0.00000	0.99993	0.00000	0.00000	0.00000	0.00007
663	0.00000	1.00000	0.00000	0.00000	0.00000	0.00000
664	0.00000	0.98417	0.00000	0.00018	0.00000	0.01565
665	0.99998	0.00000	0.00000	0.00000	0.00002	0.00000
666	0.00000	0.96246	0.00000	0.00093	0.00000	0.03661
667	1.00000	0.00000	0.00000	0.00000	0.00000	0.00000
668	0.99998	0.00000	0.00000	0.00000	0.00002	0.00000
669	0.99363	0.00000	0.00000	0.00001	0.00636	0.00000
670	0.99994	0.00000	0.00000	0.00000	0.00006	0.00000
671	0.99972	0.00000	0.00000	0.00000	0.00028	0.00000
672	0.00000	0.99715	0.00000	0.00000	0.00000	0.00285
673	0.00000	0.99999	0.00000	0.00000	0.00000	0.00001
674	0.00000	1.00000	0.00000	0.00000	0.00000	0.00000
675	0.00000	0.83471	0.00000	0.02398	0.00000	0.14130
676	0.00000	0.99986	0.00000	0.00000	0.00000	0.00014
677	0.00000	0.99835	0.00000	0.00000	0.00000	0.00165
678	0.00000	0.99997	0.00000	0.00000	0.00000	0.00003
679	0.98550	0.00000	0.00000	0.00000	0.01450	0.00000
680	0.00000	0.99999	0.00000	0.00000	0.00000	0.00001
681	0.00000	1.00000	0.00000	0.00000	0.00000	0.00000
682	0.00000	0.99999	0.00000	0.00000	0.00000	0.00001
683	0.00000	1.00000	0.00000	0.00000	0.00000	0.00000
684	0.00000	1.00000	0.00000	0.00000	0.00000	0.00000
685	0.00000	0.99977	0.00000	0.00000	0.00000	0.00023
686	0.00000	0.99999	0.00000	0.00000	0.00000	0.00001
687	0.00000	0.99999	0.00000	0.00000	0.00000	0.00001
688	0.00000	0.99997	0.00000	0.00000	0.00000	0.00003
689	0.00000	0.99999	0.00000	0.00000	0.00000	0.00001
690	0.00000	1.00000	0.00000	0.00000	0.00000	0.00000
691	0.00000	0.99999	0.00000	0.00000	0.00000	0.00001
692	0.00000	0.99906	0.00000	0.00000	0.00000	0.00094
693	0.00000	0.95869	0.00000	0.00000	0.00000	0.04131
694	0.00000	0.99948	0.00000	0.00000	0.00000	0.00052
695	0.00000	0.80307	0.00001	0.02517	0.00000	0.17175
696	0.00000	0.99987	0.00000	0.00000	0.00000	0.00013
697	0.00000	0.99999	0.00000	0.00000	0.00000	0.00001
698	0.00000	0.99856	0.00000	0.00000	0.00000	0.00144
699	0.00000	0.89017	0.00000	0.00593	0.00000	0.10390
700	0.00000	0.96641	0.00000	0.00000	0.00000	0.03358
701	0.00000	0.99999	0.00000	0.00000	0.00000	0.00001
702	0.99999	0.00000	0.00000	0.00000	0.00001	0.00000
703	0.99999	0.00000	0.00000	0.00000	0.00001	0.00000
704	0.99998	0.00000	0.00000	0.00000	0.00002	0.00000
705	0.00002	0.56868	0.00194	0.14311	0.00098	0.28527
706	0.93987	0.00000	0.00000	0.00297	0.05716	0.00000
707	0.00000	0.99676	0.00000	0.00000	0.00000	0.00324
708	0.00000	0.99997	0.00000	0.00000	0.00000	0.00003
709	0.99982	0.00000	0.00000	0.00000	0.00018	0.00000
710	0.00000	0.99959	0.00000	0.00000	0.00000	0.00041
711	0.00000	0.99993	0.00000	0.00000	0.00000	0.00007
712	0.00000	0.99999	0.00000	0.00000	0.00000	0.00001
713	0.00000	0.99982	0.00000	0.00000	0.00000	0.00018
714	0.00000	0.99999	0.00000	0.00000	0.00000	0.00001
715	0.00000	0.99893	0.00000	0.00000	0.00000	0.00107
716	0.99772	0.00000	0.00000	0.00000	0.00228	0.00000
717	0.00000	0.98996	0.00000	0.00008	0.00000	0.00996
718	0.00000	1.00000	0.00000	0.00000	0.00000	0.00000
719	0.00000	1.00000	0.00000	0.00000	0.00000	0.00000
720	1.00000	0.00000	0.00000	0.00000	0.00000	0.00000
721	0.00000	0.99983	0.00000	0.00000	0.00000	0.00017
722	0.00000	0.99998	0.00000	0.00000	0.00000	0.00002
723	0.00000	0.99999	0.00000	0.00000	0.00000	0.00001
724	0.00000	0.99982	0.00000	0.00000	0.00000	0.00018
725	0.00000	0.99999	0.00000	0.00000	0.00000	0.00001
726	0.00000	0.51130	0.00001	0.04415	0.00000	0.44455
727	0.00000	0.85249	0.00008	0.01513	0.00001	0.13230
728	0.00000	0.99999	0.00000	0.00000	0.00000	0.00001
729	0.00000	0.99999	0.00000	0.00000	0.00000	0.00001
730	0.00000	0.98512	0.00000	0.00016	0.00000	0.01472
731	0.00000	1.00000	0.00000	0.00000	0.00000	0.00000
732	0.00000	0.99960	0.00000	0.00000	0.00000	0.00040
733	0.00000	0.99989	0.00000	0.00000	0.00000	0.00011
734	0.99991	0.00000	0.00000	0.00000	0.00009	0.00000
735	0.00000	0.99944	0.00000	0.00000	0.00000	0.00056
736	0.00000	0.99953	0.00000	0.00000	0.00000	0.00047
737	0.00000	0.99993	0.00000	0.00000	0.00000	0.00007
738	0.00000	0.98528	0.00000	0.00010	0.00000	0.01462
739	0.00000	0.99999	0.00000	0.00000	0.00000	0.00001
740	0.99998	0.00000	0.00000	0.00000	0.00002	0.00000
741	0.00000	0.99169	0.00000	0.00005	0.00000	0.00826
742	0.00000	0.99998	0.00000	0.00000	0.00000	0.00002
743	0.99997	0.00000	0.00000	0.00000	0.00003	0.00000
744	0.00000	1.00000	0.00000	0.00000	0.00000	0.00000
745	0.00000	1.00000	0.00000	0.00000	0.00000	0.00000
746	0.00000	1.00000	0.00000	0.00000	0.00000	0.00000
747	0.99997	0.00000	0.00000	0.00000	0.00003	0.00000
748	0.00000	0.99999	0.00000	0.00000	0.00000	0.00001
749	0.00000	1.00000	0.00000	0.00000	0.00000	0.00000
750	0.00000	0.99995	0.00000	0.00000	0.00000	0.00005
751	0.00000	1.00000	0.00000	0.00000	0.00000	0.00000
752	0.00034	0.39413	0.14384	0.13954	0.04871	0.27343
753	0.00000	0.99999	0.00000	0.00000	0.00000	0.00001
754	0.00000	1.00000	0.00000	0.00000	0.00000	0.00000
755	0.00000	1.00000	0.00000	0.00000	0.00000	0.00000
756	0.00000	0.99996	0.00000	0.00000	0.00000	0.00004
757	0.00000	0.99976	0.00000	0.00000	0.00000	0.00024
758	0.00000	0.99994	0.00000	0.00000	0.00000	0.00006
759	0.00000	0.98690	0.00000	0.00013	0.00000	0.01297
760	0.00000	0.99859	0.00000	0.00000	0.00000	0.00141
761	0.99917	0.00000	0.00000	0.00000	0.00083	0.00000
762	0.99999	0.00000	0.00000	0.00000	0.00001	0.00000
763	0.00000	0.99241	0.00000	0.00000	0.00000	0.00759
764	0.00000	1.00000	0.00000	0.00000	0.00000	0.00000
765	0.00000	0.99999	0.00000	0.00000	0.00000	0.00001
766	0.00000	1.00000	0.00000	0.00000	0.00000	0.00000
767	0.00000	0.99936	0.00000	0.00000	0.00000	0.00064
768	0.00000	1.00000	0.00000	0.00000	0.00000	0.00000
769	0.00000	1.00000	0.00000	0.00000	0.00000	0.00000
770	0.00000	0.99339	0.00000	0.00002	0.00000	0.00659
771	0.00000	0.99497	0.00000	0.00001	0.00000	0.00502
772	0.00000	0.99998	0.00000	0.00000	0.00000	0.00002
773	0.00000	0.99999	0.00000	0.00000	0.00000	0.00001
774	0.00000	0.99972	0.00000	0.00000	0.00000	0.00028
775	0.00000	0.99990	0.00000	0.00000	0.00000	0.00010
776	0.00000	0.81878	0.00000	0.00003	0.00000	0.18120
777	0.00000	0.99993	0.00000	0.00000	0.00000	0.00007
778	0.00000	1.00000	0.00000	0.00000	0.00000	0.00000
