999901_sweeps	1.000/0.000/0.000/0.000	0.000/0.000/0.000/1.000	0.000/0.500/0.500/0.000	0.250/0.250/0.250/0.250	0.500/0.250/0.250/0.000	0.000/0.250/0.250/0.500
1	0.00000	0.99998	0.00000	0.00000	0.00000	0.00002
2	0.00000	0.99999	0.00000	0.00000	0.00000	0.00001
3	0.00000	0.99995	0.00000	0.00000	0.00000	0.00005
4	0.00000	0.99470	0.00000	0.00003	0.00000	0.00527
5	0.00000	1.00000	0.00000	0.00000	0.00000	0.00000
6	0.00000	0.99961	0.00000	0.00000	0.00000	0.00039
7	0.00000	1.00000	0.00000	0.00000	0.00000	0.00000
8	0.00000	0.99992	0.00000	0.00000	0.00000	0.00008
9	0.00000	1.00000	0.00000	0.00000	0.00000	0.00000
10	0.00000	0.00000	0.00000	0.00280	0.99720	0.00000
11	0.99998	0.00000	0.00000	0.00000	0.00002	0.00000
12	0.00000	0.95537	0.00000	0.00163	0.00000	0.04300
13	0.00000	0.99997	0.00000	0.00000	0.00000	0.00003
14	0.00000	0.99967	0.00000	0.00000	0.00000	0.00033
15	0.00000	0.99999	0.00000	0.00000	0.00000	0.00001
16	0.00000	0.88486	0.00000	0.01057	0.00000	0.10457
17	0.99948	0.00000	0.00000	0.00000	0.00052	0.00000
18	0.77387	0.00000	0.00016	0.04356	0.18237	0.00004
19	0.00000	0.91366	0.00000	0.00469	0.00000	0.08165
20	0.99998	0.00000	0.00000	0.00000	0.00002	0.00000
21	0.00377	0.04190	0.01127	0.72261	0.04732	0.17313
22	0.00000	0.99785	0.00000	0.00000	0.00000	0.00215
23	0.99718	0.00000	0.00000	0.00001	0.00281	0.00000
24	0.99984	0.00000	0.00000	0.00000	0.00016	0.00000
25	0.99999	0.00000	0.00000	0.00000	0.00001	0.00000
26	0.00000	0.99998	0.00000	0.00000	0.00000	0.00002
27	0.00000	1.00000	0.00000	0.00000	0.00000	0.00000
28	0.00000	1.00000	0.00000	0.00000	0.00000	0.00000
29	0.00000	0.99998	0.00000	0.00000	0.00000	0.00002
30	0.99995	0.00000	0.00000	0.00000	0.00005	0.00000
31	0.99999	0.00000	0.00000	0.00000	0.00001	0.00000
32	0.00000	0.00237	0.00001	0.95311	0.00011	0.04441
33	0.99933	0.00000	0.00000	0.00000	0.00067	0.00000
34	0.00000	0.05925	0.00000	0.74319	0.00000	0.19756
35	0.00000	0.88725	0.00000	0.00355	0.00000	0.10920
36	0.00000	0.99938	0.00000	0.00000	0.00000	0.00062
37	0.99995	0.00000	0.00000	0.00000	0.00005	0.00000
38	1.00000	0.00000	0.00000	0.00000	0.00000	0.00000
39	0.00000	0.99991	0.00000	0.00000	0.00000	0.00009
40	0.00000	0.99996	0.00000	0.00000	0.00000	0.00004
41	0.00000	0.99998	0.00000	0.00000	0.00000	0.00002
42	0.00000	0.99999	0.00000	0.00000	0.00000	0.00001
43	0.91147	0.00000	0.00000	0.00000	0.08853	0.00000
44	0.00000	0.99982	0.00000	0.00000	0.00000	0.00018
45	0.99993	0.00000	0.00000	0.00000	0.00007	0.00000
46	0.00000	0.98671	0.00000	0.00000	0.00000	0.01329
47	0.00000	0.99925	0.00000	0.00000	0.00000	0.00075
48	1.00000	0.00000	0.00000	0.00000	0.00000	0.00000
49	0.99993	0.00000	0.00000	0.00000	0.00007	0.00000
50	0.00000	0.99400	0.00000	0.00003	0.00000	0.00597
51	0.00000	0.99999	0.00000	0.00000	0.00000	0.00001
52	0.00000	0.99998	0.00000	0.00000	0.00000	0.00002
53	0.62496	0.00000	0.00000	0.00042	0.37461	0.00000
54	0.00000	0.99998	0.00000	0.00000	0.00000	0.00002
55	0.00000	0.99998	0.00000	0.00000	0.00000	0.00002
56	0.00742	0.00000	0.00000	0.93024	0.06234	0.00000
57	0.00000	0.99992	0.00000	0.00000	0.00000	0.00008
58	0.00000	0.99996	0.00000	0.00000	0.00000	0.00004
59	0.00000	0.99969	0.00000	0.00000	0.00000	0.00031
60	0.00000	0.99995	0.00000	0.00000	0.00000	0.00005
61	0.00000	1.00000	0.00000	0.00000	0.00000	0.00000
62	0.00000	0.99992	0.00000	0.00000	0.00000	0.00008
63	0.00000	0.99997	0.00000	0.00000	0.00000	0.00003
64	0.00000	0.99999	0.00000	0.00000	0.00000	0.00001
65	0.00000	0.99989	0.00000	0.00000	0.00000	0.00011
66	0.99995	0.00000	0.00000	0.00000	0.00005	0.00000
67	0.00000	0.99996	0.00000	0.00000	0.00000	0.00004
68	0.00000	0.99988	0.00000	0.00000	0.00000	0.00012
69	0.00000	0.87780	0.00001	0.01355	0.00000	0.10863
70	0.00000	0.99940	0.00000	0.00000	0.00000	0.00060
71	0.00000	0.99988	0.00000	0.00000	0.00000	0.00012
72	0.00000	0.99989	0.00000	0.00000	0.00000	0.00011
73	0.00000	0.99612	0.00000	0.00000	0.00000	0.00388
74	0.00000	0.99920	0.00000	0.00000	0.00000	0.00080
75	0.00000	0.99994	0.00000	0.00000	0.00000	0.00006
76	0.00000	0.99994	0.00000	0.00000	0.00000	0.00006
77	0.99999	0.00000	0.00000	0.00000	0.00001	0.00000
78	0.99975	0.00000	0.00000	0.00000	0.00025	0.00000
79	0.99982	0.00000	0.00000	0.00000	0.00018	0.00000
80	0.00000	0.86807	0.00000	0.00293	0.00000	0.12900
81	0.00000	0.99983	0.00000	0.00000	0.00000	0.00017
82	0.68428	0.00000	0.00043	0.08057	0.23457	0.00015
83	0.99989	0.00000	0.00000	0.00000	0.00011	0.00000
84	0.00000	0.99998	0.00000	0.00000	0.00000	0.00002
85	1.00000	0.00000	0.00000	0.00000	0.00000	0.00000
86	0.99998	0.00000	0.00000	0.00000	0.00002	0.00000
87	0.00000	0.99998	0.00000	0.00000	0.00000	0.00002
88	0.99998	0.00000	0.00000	0.00000	0.00002	0.00000
89	0.00000	0.99985	0.00000	0.00000	0.00000	0.00015
90	0.00000	0.99999	0.00000	0.00000	0.00000	0.00001
91	0.98803	0.00000	0.00000	0.00014	0.01184	0.00000
92	0.00000	0.00000	0.00101	0.00406	0.00000	0.99494
93	0.00000	1.00000	0.00000	0.00000	0.00000	0.00000
94	0.93860	0.00000	0.00000	0.00631	0.05510	0.00000
95	0.00000	0.99999	0.00000	0.00000	0.00000	0.00001
96	0.00000	0.99810	0.00000	0.00000	0.00000	0.00190
97	0.99995	0.00000	0.00000	0.00000	0.00005	0.00000
98	0.00000	0.99987	0.00000	0.00000	0.00000	0.00013
99	0.00002	0.74680	0.00287	0.05229	0.00077	0.19725
100	0.00000	0.99998	0.00000	0.00000	0.00000	0.00002
101	0.00000	0.99995	0.00000	0.00000	0.00000	0.00005
102	0.00000	0.99993	0.00000	0.00000	0.00000	0.00007
103	0.00000	0.99998	0.00000	0.00000	0.00000	0.00002
104	0.00000	0.99996	0.00000	0.00000	0.00000	0.00004
105	0.00000	0.94731	0.00000	0.00264	0.00000	0.05005
106	0.00000	1.00000	0.00000	0.00000	0.00000	0.00000
107	0.00000	0.99983	0.00000	0.00000	0.00000	0.00017
108	0.99997	0.00000	0.00000	0.00000	0.00003	0.00000
109	0.00000	0.99996	0.00000	0.00000	0.00000	0.00004
110	0.00000	0.99998	0.00000	0.00000	0.00000	0.00002
111	0.00000	1.00000	0.00000	0.00000	0.00000	0.00000
112	0.06537	0.00000	0.00000	0.00096	0.93366	0.00000
113	0.99761	0.00000	0.00000	0.00000	0.00239	0.00000
114	0.00000	0.99999	0.00000	0.00000	0.00000	0.00001
115	0.00000	0.99999	0.00000	0.00000	0.00000	0.00001
116	0.62914	0.00000	0.00000	0.00002	0.37084	0.00000
117	0.00000	0.99922	0.00000	0.00000	0.00000	0.00078
118	0.99999	0.00000	0.00000	0.00000	0.00001	0.00000
119	1.00000	0.00000	0.00000	0.00000	0.00000	0.00000
120	0.00000	0.99994	0.00000	0.00000	0.00000	0.00006
121	0.00000	0.99998	0.00000	0.00000	0.00000	0.00002
122	0.00000	0.99710	0.00000	0.00000	0.00000	0.00290
123	0.54638	0.00174	0.03057	0.13491	0.27115	0.01525
124	0.00000	0.99974	0.00000	0.00000	0.00000	0.00026
125	0.00000	0.99992	0.00000	0.00000	0.00000	0.00008
126	0.00000	0.99995	0.00000	0.00000	0.00000	0.00005
127	0.00000	1.00000	0.00000	0.00000	0.00000	0.00000
128	0.00000	0.99941	0.00000	0.00000	0.00000	0.00059
129	0.00000	0.99743	0.00000	0.00001	0.00000	0.00256
130	0.00000	0.99900	0.00000	0.00000	0.00000	0.00100
131	0.99011	0.00000	0.00000	0.00000	0.00989	0.00000
132	0.00000	0.99880	0.00000	0.00000	0.00000	0.00120
133	0.00000	0.99999	0.00000	0.00000	0.00000	0.00001
134	0.00000	0.99999	0.00000	0.00000	0.00000	0.00001
135	0.00000	1.00000	0.00000	0.00000	0.00000	0.00000
136	0.00000	1.00000	0.00000	0.00000	0.00000	0.00000
137	0.00000	0.99981	0.00000	0.00000	0.00000	0.00019
138	0.99997	0.00000	0.00000	0.00000	0.00003	0.00000
139	0.99998	0.00000	0.00000	0.00000	0.00002	0.00000
140	0.99996	0.00000	0.00000	0.00000	0.00004	0.00000
141	0.01776	0.00000	0.00000	0.66305	0.31919	0.00000
142	0.99773	0.00000	0.00000	0.00000	0.00227	0.00000
143	0.00000	0.99999	0.00000	0.00000	0.00000	0.00001
144	0.99998	0.00000	0.00000	0.00000	0.00002	0.00000
145	1.00000	0.00000	0.00000	0.00000	0.00000	0.00000
146	1.00000	0.00000	0.00000	0.00000	0.00000	0.00000
147	0.99997	0.00000	0.00000	0.00000	0.00003	0.00000
148	1.00000	0.00000	0.00000	0.00000	0.00000	0.00000
149	0.99998	0.00000	0.00000	0.00000	0.00002	0.00000
150	0.99990	0.00000	0.00000	0.00000	0.00010	0.00000
151	0.00000	0.99982	0.00000	0.00000	0.00000	0.00018
152	0.02704	0.42115	0.10516	0.14148	0.06145	0.24371
153	0.00000	0.99724	0.00000	0.00000	0.00000	0.00276
154	0.00000	0.99124	0.00000	0.00000	0.00000	0.00876
155	0.00000	0.99841	0.00000	0.00000	0.00000	0.00159
156	0.00000	0.99989	0.00000	0.00000	0.00000	0.00011
157	0.00000	0.99998	0.00000	0.00000	0.00000	0.00002
158	0.00000	0.99999	0.00000	0.00000	0.00000	0.00001
159	0.00000	0.99984	0.00000	0.00000	0.00000	0.00016
160	0.00000	0.99969	0.00000	0.00000	0.00000	0.00031
161	0.00000	1.00000	0.00000	0.00000	0.00000	0.00000
162	0.99933	0.00000	0.00000	0.00000	0.00067	0.00000
163	0.00000	0.99986	0.00000	0.00000	0.00000	0.00014
164	0.00000	0.99997	0.00000	0.00000	0.00000	0.00003
165	0.00000	0.74851	0.00018	0.05279	0.00005	0.19848
166	0.99974	0.00000	0.00000	0.00000	0.00026	0.00000
167	1.00000	0.00000	0.00000	0.00000	0.00000	0.00000
168	0.99747	0.00000	0.00000	0.00000	0.00252	0.00000
169	0.00000	0.99983	0.00000	0.00000	0.00000	0.00017
170	0.00000	0.99599	0.00000	0.00001	0.00000	0.00400
171	0.00000	0.99697	0.00000	0.00000	0.00000	0.00303
172	0.00000	0.99965	0.00000	0.00000	0.00000	0.00035
173	0.99996	0.00000	0.00000	0.00000	0.00004	0.00000
174	0.00000	0.99996	0.00000	0.00000	0.00000	0.00004
175	0.00000	0.99532	0.00000	0.00000	0.00000	0.00468
176	0.00000	0.99999	0.00000	0.00000	0.00000	0.00001
177	0.00000	1.00000	0.00000	0.00000	0.00000	0.00000
178	0.99998	0.00000	0.00000	0.00000	0.00002	0.00000
179	0.99999	0.00000	0.00000	0.00000	0.00001	0.00000
180	0.00000	0.99999	0.00000	0.00000	0.00000	0.00001
181	0.00000	0.99102	0.00000	0.00000	0.00000	0.00898
182	0.99938	0.00000	0.00000	0.00000	0.00062	0.00000
183	0.00000	0.93770	0.00000	0.00000	0.00000	0.06230
184	0.00000	0.87990	0.00000	0.00000	0.00000	0.12009
185	0.00000	0.99995	0.00000	0.00000	0.00000	0.00005
186	0.99997	0.00000	0.00000	0.00000	0.00003	0.00000
187	0.00000	0.94552	0.00000	0.00010	0.00000	0.05438
188	0.00000	0.99994	0.00000	0.00000	0.00000	0.00006
189	0.00000	0.99993	0.00000	0.00000	0.00000	0.00007
190	0.00000	0.75041	0.00000	0.02366	0.00000	0.22593
191	0.99998	0.00000	0.00000	0.00000	0.00002	0.00000
192	1.00000	0.00000	0.00000	0.00000	0.00000	0.00000
193	0.99996	0.00000	0.00000	0.00000	0.00004	0.00000
194	0.00000	0.99998	0.00000	0.00000	0.00000	0.00002
195	0.00000	0.99993	0.00000	0.00000	0.00000	0.00007
196	0.00000	0.99994	0.00000	0.00000	0.00000	0.00006
197	0.00000	0.99879	0.00000	0.00000	0.00000	0.00121
198	0.00000	0.99961	0.00000	0.00000	0.00000	0.00039
199	0.00000	0.99994	0.00000	0.00000	0.00000	0.00006
200	0.00000	0.00000	0.99981	0.00011	0.00000	0.00008
201	0.00000	0.99997	0.00000	0.00000	0.00000	0.00003
202	0.00000	0.99999	0.00000	0.00000	0.00000	0.00001
203	0.00000	0.98023	0.00000	0.00038	0.00000	0.01939
204	0.00000	0.99994	0.00000	0.00000	0.00000	0.00006
205	0.00000	0.99958	0.00000	0.00000	0.00000	0.00042
206	0.00000	1.00000	0.00000	0.00000	0.00000	0.00000
207	0.00000	1.00000	0.00000	0.00000	0.00000	0.00000
208	0.00000	1.00000	0.00000	0.00000	0.00000	0.00000
209	0.00000	0.99692	0.00000	0.00000	0.00000	0.00308
210	0.00000	0.99999	0.00000	0.00000	0.00000	0.00001
211	0.00000	0.00135	0.00000	0.00005	0.00000	0.99861
212	0.00000	1.00000	0.00000	0.00000	0.00000	0.00000
213	0.98181	0.00000	0.00000	0.00000	0.01819	0.00000
214	0.99996	0.00000	0.00000	0.00000	0.00004	0.00000
215	0.00000	0.99987	0.00000	0.00000	0.00000	0.00013
216	0.00000	0.99982	0.00000	0.00000	0.00000	0.00018
217	0.00000	0.99997	0.00000	0.00000	0.00000	0.00003
218	0.00000	0.99997	0.00000	0.00000	0.00000	0.00003
219	0.00000	0.97248	0.00000	0.00000	0.00000	0.02752
220	0.00004	0.66291	0.00447	0.08869	0.00165	0.24224
221	0.00000	0.99997	0.00000	0.00000	0.00000	0.00003
222	0.00000	0.99999	0.00000	0.00000	0.00000	0.00001
223	0.00000	0.98819	0.00000	0.00014	0.00000	0.01167
224	0.00000	0.99989	0.00000	0.00000	0.00000	0.00011
225	0.00000	0.99994	0.00000	0.00000	0.00000	0.00006
226	0.99989	0.00000	0.00000	0.00000	0.00011	0.00000
227	0.00000	0.99990	0.00000	0.00000	0.00000	0.00010
228	0.00000	0.99660	0.00000	0.00001	0.00000	0.00340
229	0.94323	0.00000	0.00000	0.00307	0.05370	0.00000
230	0.00000	1.00000	0.00000	0.00000	0.00000	0.00000
231	0.00000	1.00000	0.00000	0.00000	0.00000	0.00000
232	0.00000	0.98750	0.00000	0.00002	0.00000	0.01247
233	0.99999	0.00000	0.00000	0.00000	0.00001	0.00000
234	0.00000	0.99847	0.00000	0.00000	0.00000	0.00153
235	0.00000	0.99999	0.00000	0.00000	0.00000	0.00001
236	0.00000	0.99997	0.00000	0.00000	0.00000	0.00003
237	0.00000	0.99949	0.00000	0.00000	0.00000	0.00051
238	0.00000	0.99997	0.00000	0.00000	0.00000	0.00003
239	1.00000	0.00000	0.00000	0.00000	0.00000	0.00000
240	1.00000	0.00000	0.00000	0.00000	0.00000	0.00000
241	1.00000	0.00000	0.00000	0.00000	0.00000	0.00000
242	0.99998	0.00000	0.00000	0.00000	0.00002	0.00000
243	0.00000	0.99999	0.00000	0.00000	0.00000	0.00001
244	1.00000	0.00000	0.00000	0.00000	0.00000	0.00000
245	0.99532	0.00000	0.00000	0.00000	0.00468	0.00000
246	0.00000	0.99998	0.00000	0.00000	0.00000	0.00002
247	0.00000	1.00000	0.00000	0.00000	0.00000	0.00000
248	0.00000	0.99993	0.00000	0.00000	0.00000	0.00007
249	0.00000	0.98874	0.00000	0.00000	0.00000	0.01126
250	0.00000	1.00000	0.00000	0.00000	0.00000	0.00000
251	0.00000	0.99996	0.00000	0.00000	0.00000	0.00004
252	0.00000	0.99999	0.00000	0.00000	0.00000	0.00001
253	0.00000	0.99998	0.00000	0.00000	0.00000	0.00002
254	0.00000	0.99984	0.00000	0.00000	0.00000	0.00016
255	0.00000	0.99992	0.00000	0.00000	0.00000	0.00008
256	0.00000	0.99880	0.00000	0.00000	0.00000	0.00120
257	0.00000	0.99999	0.00000	0.00000	0.00000	0.00001
258	0.00000	1.00000	0.00000	0.00000	0.00000	0.00000
259	0.00000	0.99999	0.00000	0.00000	0.00000	0.00001
260	0.00000	0.49786	0.00000	0.19440	0.00000	0.30773
261	0.00000	1.00000	0.00000	0.00000	0.00000	0.00000
262	0.00000	0.99998	0.00000	0.00000	0.00000	0.00002
263	0.00000	0.99990	0.00000	0.00000	0.00000	0.00010
264	0.00000	0.99996	0.00000	0.00000	0.00000	0.00004
265	0.00000	0.00000	0.00000	0.99749	0.00235	0.00016
266	0.00000	0.99999	0.00000	0.00000	0.00000	0.00001
267	0.00000	0.99253	0.00000	0.00000	0.00000	0.00747
268	0.00000	1.00000	0.00000	0.00000	0.00000	0.00000
269	0.00000	0.99997	0.00000	0.00000	0.00000	0.00003
270	0.00000	0.99999	0.00000	0.00000	0.00000	0.00001
271	0.00000	1.00000	0.00000	0.00000	0.00000	0.00000
272	0.00000	0.99998	0.00000	0.00000	0.00000	0.00002
273	0.00000	0.99997	0.00000	0.00000	0.00000	0.00003
274	0.00000	0.99994	0.00000	0.00000	0.00000	0.00006
275	0.00000	0.99999	0.00000	0.00000	0.00000	0.00001
276	0.00000	0.99999	0.00000	0.00000	0.00000	0.00001
277	0.00000	0.99887	0.00000	0.00000	0.00000	0.00113
278	0.00000	0.99998	0.00000	0.00000	0.00000	0.00002
279	0.00000	0.99999	0.00000	0.00000	0.00000	0.00001
280	0.00000	0.99896	0.00000	0.00000	0.00000	0.00104
281	0.00000	0.99999	0.00000	0.00000	0.00000	0.00001
282	0.00000	0.99983	0.00000	0.00000	0.00000	0.00017
283	1.00000	0.00000	0.00000	0.00000	0.00000	0.00000
284	0.00000	0.99947	0.00000	0.00000	0.00000	0.00053
285	0.00000	0.99982	0.00000	0.00000	0.00000	0.00018
286	0.00000	0.99996	0.00000	0.00000	0.00000	0.00004
287	0.00000	0.99999	0.00000	0.00000	0.00000	0.00001
288	0.00000	0.99999	0.00000	0.00000	0.00000	0.00001
289	0.00000	0.99999	0.00000	0.00000	0.00000	0.00001
290	0.00000	0.99998	0.00000	0.00000	0.00000	0.00002
291	0.00000	1.00000	0.00000	0.00000	0.00000	0.00000
292	0.00000	0.78796	0.00000	0.00002	0.00000	0.21202
293	0.00000	0.99996	0.00000	0.00000	0.00000	0.00004
294	0.00000	0.99998	0.00000	0.00000	0.00000	0.00002
295	0.00000	0.99999	0.00000	0.00000	0.00000	0.00001
296	0.99990	0.00000	0.00000	0.00000	0.00010	0.00000
297	0.00000	1.00000	0.00000	0.00000	0.00000	0.00000
298	0.00000	0.95326	0.00000	0.00211	0.00000	0.04463
299	0.99693	0.00000	0.00000	0.00000	0.00307	0.00000
300	0.00000	0.99993	0.00000	0.00000	0.00000	0.00007
301	0.00000	0.99982	0.00000	0.00000	0.00000	0.00018
302	0.00000	0.99991	0.00000	0.00000	0.00000	0.00009
303	0.00000	0.99997	0.00000	0.00000	0.00000	0.00003
304	0.00000	0.99760	0.00000	0.00000	0.00000	0.00240
305	0.00000	0.99995	0.00000	0.00000	0.00000	0.00005
306	0.00000	0.99970	0.00000	0.00000	0.00000	0.00030
307	0.00000	1.00000	0.00000	0.00000	0.00000	0.00000
308	0.00000	0.99998	0.00000	0.00000	0.00000	0.00002
309	0.00000	1.00000	0.00000	0.00000	0.00000	0.00000
310	0.00000	0.99995	0.00000	0.00000	0.00000	0.00005
311	0.00000	0.95988	0.00000	0.00164	0.00000	0.03847
312	0.00000	0.99971	0.00000	0.00000	0.00000	0.00029
313	0.00000	0.99996	0.00000	0.00000	0.00000	0.00004
314	0.00000	0.99998	0.00000	0.00000	0.00000	0.00002
315	0.00000	0.99229	0.00000	0.00000	0.00000	0.00771
316	0.00000	0.99996	0.00000	0.00000	0.00000	0.00004
317	0.00000	1.00000	0.00000	0.00000	0.00000	0.00000
318	0.00000	0.99999	0.00000	0.00000	0.00000	0.00001
319	0.00000	0.95407	0.00000	0.00023	0.00000	0.04570
320	0.00000	0.99997	0.00000	0.00000	0.00000	0.00003
321	0.00000	0.99988	0.00000	0.00000	0.00000	0.00012
322	0.00000	0.99997	0.00000	0.00000	0.00000	0.00003
323	0.00000	0.99898	0.00000	0.00000	0.00000	0.00102
324	0.00000	0.99994	0.00000	0.00000	0.00000	0.00006
325	0.00000	0.99357	0.00000	0.00000	0.00000	0.00642
326	0.00000	0.97032	0.00000	0.00083	0.00000	0.02885
327	0.00000	0.99997	0.00000	0.00000	0.00000	0.00003
328	0.00000	0.99998	0.00000	0.00000	0.00000	0.00002
329	0.00000	0.99998	0.00000	0.00000	0.00000	0.00002
330	0.00000	0.97807	0.00000	0.00047	0.00000	0.02146
331	0.00000	0.99997	0.00000	0.00000	0.00000	0.00003
332	0.00000	0.99998	0.00000	0.00000	0.00000	0.00002
333	0.00000	0.99961	0.00000	0.00000	0.00000	0.00039
334	0.00000	0.99997	0.00000	0.00000	0.00000	0.00003
335	0.00000	0.99998	0.00000	0.00000	0.00000	0.00002
336	0.00000	0.70826	0.00063	0.06940	0.00020	0.22151
337	0.00000	0.99987	0.00000	0.00000	0.00000	0.00013
338	0.00000	0.99982	0.00000	0.00000	0.00000	0.00018
339	0.00000	0.99996	0.00000	0.00000	0.00000	0.00004
340	0.00000	0.00000	0.99975	0.00005	0.00000	0.00020
341	0.00000	0.99999	0.00000	0.00000	0.00000	0.00001
342	0.00000	1.00000	0.00000	0.00000	0.00000	0.00000
343	0.00000	0.00000	0.00000	0.00065	0.00000	0.99935
344	0.00000	0.99997	0.00000	0.00000	0.00000	0.00003
345	0.00000	1.00000	0.00000	0.00000	0.00000	0.00000
346	0.00000	0.94172	0.00000	0.00266	0.00000	0.05561
347	0.00000	0.00002	0.00000	0.00046	0.00000	0.99953
348	0.00000	0.99990	0.00000	0.00000	0.00000	0.00010
349	0.00000	0.99991	0.00000	0.00000	0.00000	0.00009
350	0.00000	1.00000	0.00000	0.00000	0.00000	0.00000
351	0.00000	0.99281	0.00000	0.00003	0.00000	0.00715
352	0.00000	0.99989	0.00000	0.00000	0.00000	0.00011
353	0.00000	0.99879	0.00000	0.00000	0.00000	0.00121
354	0.00000	0.87342	0.00002	0.01443	0.00000	0.11213
355	1.00000	0.00000	0.00000	0.00000	0.00000	0.00000
356	0.00000	0.99996	0.00000	0.00000	0.00000	0.00004
357	0.00000	0.99974	0.00000	0.00000	0.00000	0.00026
358	0.12719	0.21017	0.16319	0.16676	0.14556	0.18713
359	0.00000	0.99968	0.00000	0.00000	0.00000	0.00032
360	0.00000	0.99376	0.00000	0.00001	0.00000	0.00624
361	0.99989	0.00000	0.00000	0.00000	0.00011	0.00000
362	1.00000	0.00000	0.00000	0.00000	0.00000	0.00000
363	0.00000	0.99998	0.00000	0.00000	0.00000	0.00002
364	0.00000	0.99991	0.00000	0.00000	0.00000	0.00009
365	0.00000	0.99997	0.00000	0.00000	0.00000	0.00003
366	0.00000	0.99998	0.00000	0.00000	0.00000	0.00002
367	0.00000	1.00000	0.00000	0.00000	0.00000	0.00000
368	1.00000	0.00000	0.00000	0.00000	0.00000	0.00000
369	0.00000	0.99994	0.00000	0.00000	0.00000	0.00006
370	0.00000	1.00000	0.00000	0.00000	0.00000	0.00000
371	0.00000	0.99976	0.00000	0.00000	0.00000	0.00024
372	0.00000	1.00000	0.00000	0.00000	0.00000	0.00000
373	0.00000	0.95069	0.00000	0.00233	0.00000	0.04698
374	0.99992	0.00000	0.00000	0.00000	0.00008	0.00000
375	0.00000	0.99997	0.00000	0.00000	0.00000	0.00003
376	0.00025	0.51148	0.00999	0.17407	0.00585	0.29836
377	1.00000	0.00000	0.00000	0.00000	0.00000	0.00000
378	0.99728	0.00000	0.00000	0.00001	0.00272	0.00000
379	0.00000	0.99528	0.00000	0.00000	0.00000	0.00472
380	0.00000	0.99948	0.00000	0.00000	0.00000	0.00052
381	0.00000	0.99932	0.00000	0.00000	0.00000	0.00068
382	0.99964	0.00000	0.00000	0.00000	0.00036	0.00000
383	0.00000	0.99997	0.00000	0.00000	0.00000	0.00003
384	0.00000	1.00000	0.00000	0.00000	0.00000	0.00000
385	0.00000	0.99896	0.00000	0.00000	0.00000	0.00104
386	0.00000	1.00000	0.00000	0.00000	0.00000	0.00000
387	0.99496	0.00000	0.00000	0.00003	0.00501	0.00000
388	0.00000	0.99999	0.00000	0.00000	0.00000	0.00001
389	0.00000	0.99998	0.00000	0.00000	0.00000	0.00002
390	0.00000	1.00000	0.00000	0.00000	0.00000	0.00000
391	0.00000	0.98907	0.00000	0.00010	0.00000	0.01084
392	0.00000	0.00160	0.00000	0.97866	0.00000	0.01974
393	0.00000	0.99963	0.00000	0.00000	0.00000	0.00037
394	0.00000	0.99998	0.00000	0.00000	0.00000	0.00002
395	0.00000	0.99992	0.00000	0.00000	0.00000	0.00008
396	0.00000	0.99941	0.00000	0.00000	0.00000	0.00059
397	0.00000	0.99995	0.00000	0.00000	0.00000	0.00005
398	0.27955	0.08175	0.15102	0.16094	0.21207	0.11467
399	0.00000	0.99985	0.00000	0.00000	0.00000	0.00015
400	0.00000	1.00000	0.00000	0.00000	0.00000	0.00000
401	0.00012	0.58958	0.00836	0.12289	0.00357	0.27549
402	0.00000	0.99997	0.00000	0.00000	0.00000	0.00003
403	0.00000	0.99996	0.00000	0.00000	0.00000	0.00004
404	0.00000	0.99997	0.00000	0.00000	0.00000	0.00003
405	0.00000	0.99677	0.00000	0.00000	0.00000	0.00323
406	0.00000	0.99990	0.00000	0.00000	0.00000	0.00010
407	0.00000	0.99991	0.00000	0.00000	0.00000	0.00009
408	0.00000	1.00000	0.00000	0.00000	0.00000	0.00000
409	0.00000	0.99971	0.00000	0.00000	0.00000	0.00029
410	0.00000	0.99989	0.00000	0.00000	0.00000	0.00011
411	0.99984	0.00000	0.00000	0.00000	0.00016	0.00000
412	0.00000	0.99995	0.00000	0.00000	0.00000	0.00005
413	0.00000	0.99887	0.00000	0.00000	0.00000	0.00113
414	0.00000	1.00000	0.00000	0.00000	0.00000	0.00000
415	0.00000	0.99054	0.00000	0.00008	0.00000	0.00939
416	0.00000	1.00000	0.00000	0.00000	0.00000	0.00000
417	0.00000	0.99998	0.00000	0.00000	0.00000	0.00002
418	0.00000	1.00000	0.00000	0.00000	0.00000	0.00000
419	0.00000	1.00000	0.00000	0.00000	0.00000	0.00000
420	0.00000	0.99989	0.00000	0.00000	0.00000	0.00011
421	0.00000	0.99986	0.00000	0.00000	0.00000	0.00014
422	0.00000	0.97800	0.00000	0.00038	0.00000	0.02161
423	0.00000	0.95813	0.00000	0.00127	0.00000	0.04060
424	0.00000	0.99992	0.00000	0.00000	0.00000	0.00008
425	0.00000	0.99996	0.00000	0.00000	0.00000	0.00004
426	0.00000	0.99999	0.00000	0.00000	0.00000	0.00001
427	0.00000	0.99995	0.00000	0.00000	0.00000	0.00005
428	0.00000	0.99963	0.00000	0.00000	0.00000	0.00037
429	0.00000	0.99961	0.00000	0.00000	0.00000	0.00039
430	0.00000	0.99999	0.00000	0.00000	0.00000	0.00001
431	0.00000	0.99999	0.00000	0.00000	0.00000	0.00001
432	0.00000	0.99993	0.00000	0.00000	0.00000	0.00007
433	0.00000	0.99996	0.00000	0.00000	0.00000	0.00004
434	0.00000	0.99547	0.00000	0.00002	0.00000	0.00450
435	0.00000	0.99999	0.00000	0.00000	0.00000	0.00001
436	0.99974	0.00000	0.00000	0.00000	0.00026	0.00000
437	0.00000	0.99998	0.00000	0.00000	0.00000	0.00002
438	0.00000	0.99999	0.00000	0.00000	0.00000	0.00001
439	0.00000	0.99992	0.00000	0.00000	0.00000	0.00008
440	0.00000	0.99992	0.00000	0.00000	0.00000	0.00008
441	0.00000	0.99999	0.00000	0.00000	0.00000	0.00001
442	0.00000	0.99961	0.00000	0.00000	0.00000	0.00039
443	0.00000	0.99986	0.00000	0.00000	0.00000	0.00014
444	0.00000	1.00000	0.00000	0.00000	0.00000	0.00000
445	0.00000	0.98160	0.00000	0.00000	0.00000	0.01840
446	0.00000	0.99991	0.00000	0.00000	0.00000	0.00009
447	0.00000	0.99665	0.00000	0.00000	0.00000	0.00335
448	0.00000	0.99992	0.00000	0.00000	0.00000	0.00008
449	0.00000	0.99999	0.00000	0.00000	0.00000	0.00001
450	0.00000	0.99998	0.00000	0.00000	0.00000	0.00002
451	0.00000	1.00000	0.00000	0.00000	0.00000	0.00000
452	0.00000	0.97119	0.00000	0.00075	0.00000	0.02806
453	0.00000	0.99923	0.00000	0.00000	0.00000	0.00077
454	0.00000	1.00000	0.00000	0.00000	0.00000	0.00000
455	0.00000	0.98132	0.00000	0.00036	0.00000	0.01832
456	0.00000	1.00000	0.00000	0.00000	0.00000	0.00000
457	0.00000	0.99994	0.00000	0.00000	0.00000	0.00006
458	0.00000	0.99999	0.00000	0.00000	0.00000	0.00001
459	0.00000	0.99999	0.00000	0.00000	0.00000	0.00001
460	0.99998	0.00000	0.00000	0.00000	0.00002	0.00000
461	0.00000	0.99980	0.00000	0.00000	0.00000	0.00020
462	0.00000	0.99745	0.00000	0.00000	0.00000	0.00255
463	0.00047	0.53102	0.01442	0.15681	0.00780	0.28948
464	0.99962	0.00000	0.00000	0.00000	0.00038	0.00000
465	0.00000	0.99933	0.00000	0.00000	0.00000	0.00067
466	0.00000	1.00000	0.00000	0.00000	0.00000	0.00000
467	0.00000	0.94985	0.00000	0.00229	0.00000	0.04786
468	0.00000	1.00000	0.00000	0.00000	0.00000	0.00000
469	0.00000	1.00000	0.00000	0.00000	0.00000	0.00000
470	0.00000	0.99693	0.00000	0.00001	0.00000	0.00307
471	0.00000	0.99984	0.00000	0.00000	0.00000	0.00016
472	0.00000	0.99849	0.00000	0.00000	0.00000	0.00151
473	0.00000	0.99854	0.00000	0.00000	0.00000	0.00146
474	0.22112	0.11995	0.16258	0.16490	0.19087	0.14058
475	0.00000	0.99979	0.00000	0.00000	0.00000	0.00021
476	0.00000	1.00000	0.00000	0.00000	0.00000	0.00000
477	0.00000	0.99999	0.00000	0.00000	0.00000	0.00001
478	0.00000	0.99586	0.00000	0.00000	0.00000	0.00414
479	0.00000	0.99710	0.00000	0.00000	0.00000	0.00289
480	0.00000	0.99999	0.00000	0.00000	0.00000	0.00001
481	0.00000	1.00000	0.00000	0.00000	0.00000	0.00000
482	0.00000	0.99993	0.00000	0.00000	0.00000	0.00007
483	0.00000	0.99999	0.00000	0.00000	0.00000	0.00001
484	0.00000	0.99997	0.00000	0.00000	0.00000	0.00003
485	0.00000	0.99999	0.00000	0.00000	0.00000	0.00001
486	0.00000	0.99991	0.00000	0.00000	0.00000	0.00009
487	0.00000	0.99991	0.00000	0.00000	0.00000	0.00009
488	0.00000	1.00000	0.00000	0.00000	0.00000	0.00000
489	0.00000	0.99984	0.00000	0.00000	0.00000	0.00016
490	0.00000	0.99827	0.00000	0.00000	0.00000	0.00173
491	0.00000	1.00000	0.00000	0.00000	0.00000	0.00000
492	0.00000	0.99185	0.00000	0.00001	0.00000	0.00814
493	0.00000	0.99999	0.00000	0.00000	0.00000	0.00001
494	0.00000	0.79241	0.00008	0.03667	0.00002	0.17082
495	0.00000	0.99989	0.00000	0.00000	0.00000	0.00011
496	0.00000	0.99974	0.00000	0.00000	0.00000	0.00026
497	0.00000	0.99999	0.00000	0.00000	0.00000	0.00001
498	0.00000	0.99999	0.00000	0.00000	0.00000	0.00001
499	0.00000	1.00000	0.00000	0.00000	0.00000	0.00000
500	0.00055	0.65400	0.00845	0.09333	0.00433	0.23933
501	0.00000	1.00000	0.00000	0.00000	0.00000	0.00000
502	0.05042	0.32022	0.12582	0.17427	0.09335	0.23591
503	0.00000	0.99985	0.00000	0.00000	0.00000	0.00015
504	0.00000	0.99999	0.00000	0.00000	0.00000	0.00001
505	0.00000	0.99998	0.00000	0.00000	0.00000	0.00002
506	0.99914	0.00000	0.00000	0.00000	0.00086	0.00000
507	1.00000	0.00000	0.00000	0.00000	0.00000	0.00000
508	0.00000	0.99959	0.00000	0.00000	0.00000	0.00041
509	0.00000	0.99995	0.00000	0.00000	0.00000	0.00005
510	0.00000	0.99994	0.00000	0.00000	0.00000	0.00006
511	0.00000	1.00000	0.00000	0.00000	0.00000	0.00000
512	0.00000	0.99989	0.00000	0.00000	0.00000	0.00011
513	0.99998	0.00000	0.00000	0.00000	0.00002	0.00000
514	0.00000	0.99851	0.00000	0.00000	0.00000	0.00149
515	0.99997	0.00000	0.00000	0.00000	0.00003	0.00000
516	0.00000	0.97933	0.00000	0.00033	0.00000	0.02033
517	0.00000	0.99756	0.00000	0.00000	0.00000	0.00243
518	1.00000	0.00000	0.00000	0.00000	0.00000	0.00000
519	0.00000	0.73944	0.00000	0.00000	0.00000	0.26056
520	0.00000	0.99997	0.00000	0.00000	0.00000	0.00003
521	0.00000	0.99970	0.00000	0.00000	0.00000	0.00030
522	0.00000	1.00000	0.00000	0.00000	0.00000	0.00000
523	0.00000	0.99874	0.00000	0.00000	0.00000	0.00126
524	0.00000	0.99999	0.00000	0.00000	0.00000	0.00001
525	0.00000	0.99861	0.00000	0.00000	0.00000	0.00139
526	0.00000	0.99803	0.00000	0.00000	0.00000	0.00197
527	0.00000	0.99999	0.00000	0.00000	0.00000	0.00001
528	0.00000	0.97890	0.00000	0.00044	0.00000	0.02066
529	0.00000	0.85289	0.00010	0.01930	0.00002	0.12769
530	0.00000	0.99999	0.00000	0.00000	0.00000	0.00001
531	0.00000	0.99799	0.00000	0.00000	0.00000	0.00201
532	0.00000	0.99611	0.00000	0.00000	0.00000	0.00389
533	0.99997	0.00000	0.00000	0.00000	0.00003	0.00000
534	0.00000	0.99999	0.00000	0.00000	0.00000	0.00001
535	0.00000	1.00000	0.00000	0.00000	0.00000	0.00000
536	0.00000	0.99947	0.00000	0.00000	0.00000	0.00053
537	0.99203	0.00000	0.00000	0.00000	0.00797	0.00000
538	0.00000	0.99265	0.00000	0.00006	0.00000	0.00729
539	0.00000	0.99769	0.00000	0.00000	0.00000	0.00231
540	0.99260	0.00000	0.00000	0.00005	0.00736	0.00000
541	1.00000	0.00000	0.00000	0.00000	0.00000	0.00000
542	0.99999	0.00000	0.00000	0.00000	0.00001	0.00000
543	0.00000	0.99977	0.00000	0.00000	0.00000	0.00023
544	0.00000	0.99998	0.00000	0.00000	0.00000	0.00002
545	0.00000	0.99833	0.00000	0.00000	0.00000	0.00167
546	0.00000	0.99984	0.00000	0.00000	0.00000	0.00016
547	0.00000	0.99999	0.00000	0.00000	0.00000	0.00001
548	0.46022	0.00000	0.00003	0.03414	0.50561	0.00000
549	0.00000	0.99551	0.00000	0.00000	0.00000	0.00449
550	0.00000	0.99998	0.00000	0.00000	0.00000	0.00002
551	1.00000	0.00000	0.00000	0.00000	0.00000	0.00000
552	0.00000	0.99988	0.00000	0.00000	0.00000	0.00012
553	0.00000	0.99886	0.00000	0.00000	0.00000	0.00114
554	0.00000	0.99990	0.00000	0.00000	0.00000	0.00010
555	0.00000	1.00000	0.00000	0.00000	0.00000	0.00000
556	0.00000	0.00000	0.99990	0.00006	0.00001	0.00003
557	0.00000	0.99997	0.00000	0.00000	0.00000	0.00003
558	0.00000	0.99986	0.00000	0.00000	0.00000	0.00014
559	0.99999	0.00000	0.00000	0.00000	0.00001	0.00000
560	0.99998	0.00000	0.00000	0.00000	0.00002	0.00000
561	0.99999	0.00000	0.00000	0.00000	0.00001	0.00000
562	0.99992	0.00000	0.00000	0.00000	0.00008	0.00000
563	0.00000	0.97268	0.00000	0.00001	0.00000	0.02731
564	0.00000	1.00000	0.00000	0.00000	0.00000	0.00000
565	1.00000	0.00000	0.00000	0.00000	0.00000	0.00000
566	0.00000	0.99943	0.00000	0.00000	0.00000	0.00057
567	0.58077	0.00001	0.00190	0.13570	0.28070	0.00092
568	0.99950	0.00000	0.00000	0.00000	0.00050	0.00000
569	0.00000	0.99998	0.00000	0.00000	0.00000	0.00002
570	0.00000	1.00000	0.00000	0.00000	0.00000	0.00000
571	0.00000	0.99263	0.00000	0.00000	0.00000	0.00737
572	0.00000	1.00000	0.00000	0.00000	0.00000	0.00000
573	0.00000	0.94176	0.00000	0.00001	0.00000	0.05823
574	0.00000	0.99956	0.00000	0.00000	0.00000	0.00044
575	0.00000	0.00000	0.00000	0.04048	0.95952	0.00000
576	0.00000	0.99998	0.00000	0.00000	0.00000	0.00002
577	0.99997	0.00000	0.00000	0.00000	0.00003	0.00000
578	0.00000	0.99999	0.00000	0.00000	0.00000	0.00001
579	0.00000	0.99841	0.00000	0.00000	0.00000	0.00159
580	0.00000	0.99381	0.00000	0.00004	0.00000	0.00615
581	0.00000	0.99968	0.00000	0.00000	0.00000	0.00032
582	0.00000	0.99982	0.00000	0.00000	0.00000	0.00018
583	0.00000	0.98017	0.00000	0.00039	0.00000	0.01945
584	0.00000	0.99997	0.00000	0.00000	0.00000	0.00003
585	0.00000	0.99806	0.00000	0.00000	0.00000	0.00194
586	0.00000	0.99999	0.00000	0.00000	0.00000	0.00001
587	0.00000	0.99994	0.00000	0.00000	0.00000	0.00006
588	0.00000	0.99980	0.00000	0.00000	0.00000	0.00020
589	0.00000	0.99999	0.00000	0.00000	0.00000	0.00001
590	0.00000	0.99911	0.00000	0.00000	0.00000	0.00089
591	0.00000	0.97659	0.00000	0.00044	0.00000	0.02297
592	0.00000	0.94647	0.00000	0.00275	0.00000	0.05078
593	0.00000	0.99996	0.00000	0.00000	0.00000	0.00004
594	0.00000	0.99971	0.00000	0.00000	0.00000	0.00029
595	0.00000	0.99997	0.00000	0.00000	0.00000	0.00003
596	0.00000	0.01886	0.00001	0.05572	0.00000	0.92540
597	0.00000	0.99994	0.00000	0.00000	0.00000	0.00006
598	0.00000	0.98615	0.00000	0.00017	0.00000	0.01369
599	0.00000	0.97826	0.00000	0.00035	0.00000	0.02139
600	0.00000	0.99998	0.00000	0.00000	0.00000	0.00002
601	0.00000	0.88731	0.00000	0.01155	0.00000	0.10114
602	1.00000	0.00000	0.00000	0.00000	0.00000	0.00000
603	0.87043	0.00000	0.00001	0.01485	0.11471	0.00000
604	0.00000	0.99997	0.00000	0.00000	0.00000	0.00003
605	0.00000	0.80869	0.00000	0.02121	0.00000	0.17009
606	0.00000	0.99984	0.00000	0.00000	0.00000	0.00016
607	0.00000	0.99998	0.00000	0.00000	0.00000	0.00002
608	0.00000	0.99967	0.00000	0.00000	0.00000	0.00033
609	0.00000	0.99999	0.00000	0.00000	0.00000	0.00001
610	0.99632	0.00000	0.00000	0.00000	0.00367	0.00000
611	0.00000	0.99990	0.00000	0.00000	0.00000	0.00010
612	0.00000	0.99934	0.00000	0.00000	0.00000	0.00066
613	0.00000	0.99999	0.00000	0.00000	0.00000	0.00001
614	0.00000	0.97627	0.00000	0.00056	0.00000	0.02318
615	0.00000	1.00000	0.00000	0.00000	0.00000	0.00000
616	0.00000	0.99994	0.00000	0.00000	0.00000	0.00006
617	0.00000	0.99999	0.00000	0.00000	0.00000	0.00001
618	0.00000	0.99999	0.00000	0.00000	0.00000	0.00001
619	0.00000	0.99993	0.00000	0.00000	0.00000	0.00007
620	0.00000	0.99997	0.00000	0.00000	0.00000	0.00003
621	0.00000	0.99999	0.00000	0.00000	0.00000	0.00001
622	0.00000	0.99867	0.00000	0.00000	0.00000	0.00133
623	0.00000	0.99999	0.00000	0.00000	0.00000	0.00001
624	0.00000	0.99950	0.00000	0.00000	0.00000	0.00050
625	0.00000	0.99998	0.00000	0.00000	0.00000	0.00002
626	0.00000	0.30631	0.00009	0.31138	0.00005	0.38216
627	0.00000	0.99997	0.00000	0.00000	0.00000	0.00003
628	0.00000	0.99996	0.00000	0.00000	0.00000	0.00004
629	0.00000	0.99999	0.00000	0.00000	0.00000	0.00001
630	0.00000	1.00000	0.00000	0.00000	0.00000	0.00000
631	0.00000	1.00000	0.00000	0.00000	0.00000	0.00000
632	1.00000	0.00000	0.00000	0.00000	0.00000	0.00000
633	0.00000	0.99988	0.00000	0.00000	0.00000	0.00012
634	0.00000	0.99998	0.00000	0.00000	0.00000	0.00002
635	0.00000	0.99864	0.00000	0.00000	0.00000	0.00136
636	0.00000	0.90856	0.00000	0.00775	0.00000	0.08369
637	0.00000	0.88868	0.00000	0.01641	0.00000	0.09492
638	0.00000	0.99985	0.00000	0.00000	0.00000	0.00015
639	0.00000	0.99998	0.00000	0.00000	0.00000	0.00002
640	0.00000	0.99988	0.00000	0.00000	0.00000	0.00012
641	0.00000	1.00000	0.00000	0.00000	0.00000	0.00000
642	0.00000	0.99884	0.00000	0.00000	0.00000	0.00116
643	0.00000	0.99873	0.00000	0.00000	0.00000	0.00127
644	0.00000	0.00001	0.00000	0.00004	0.00000	0.99994
645	0.00000	0.99993	0.00000	0.00000	0.00000	0.00007
646	0.00000	0.99999	0.00000	0.00000	0.00000	0.00001
647	0.00000	0.99832	0.00000	0.00000	0.00000	0.00168
648	0.00000	0.99989	0.00000	0.00000	0.00000	0.00011
649	0.00000	0.99998	0.00000	0.00000	0.00000	0.00002
650	0.99999	0.00000	0.00000	0.00000	0.00001	0.00000
651	0.00000	0.99996	0.00000	0.00000	0.00000	0.00004
652	0.00000	0.99999	0.00000	0.00000	0.00000	0.00001
653	0.99796	0.00000	0.00000	0.00000	0.00203	0.00000
654	0.00000	0.99999	0.00000	0.00000	0.00000	0.00001
655	0.00000	0.99998	0.00000	0.00000	0.00000	0.00002
656	0.00000	0.99999	0.00000	0.00000	0.00000	0.00001
657	0.00000	0.99993	0.00000	0.00000	0.00000	0.00007
658	0.00000	0.99999	0.00000	0.00000	0.00000	0.00001
659	0.89674	0.00000	0.00000	0.00987	0.09339	0.00000
660	0.00000	0.99812	0.00000	0.00000	0.00000	0.00188
661	0.00000	0.99991	0.00000	0.00000	0.00000	0.00009
662	0.00000	1.00000	0.00000	0.00000	0.00000	0.00000
663	0.00000	0.80775	0.00023	0.03185	0.00005	0.16013
664	0.99998	0.00000	0.00000	0.00000	0.00002	0.00000
665	0.00000	0.99500	0.00000	0.00001	0.00000	0.00499
666	0.99998	0.00000	0.00000	0.00000	0.00002	0.00000
667	0.99999	0.00000	0.00000	0.00000	0.00001	0.00000
668	0.99968	0.00000	0.00000	0.00000	0.00032	0.00000
669	0.99998	0.00000	0.00000	0.00000	0.00002	0.00000
670	0.99369	0.00000	0.00000	0.00003	0.00627	0.00000
671	0.00000	0.99996	0.00000	0.00000	0.00000	0.00004
672	0.00000	0.99997	0.00000	0.00000	0.00000	0.00003
673	0.00000	0.99999	0.00000	0.00000	0.00000	0.00001
674	0.00000	0.64750	0.00001	0.09486	0.00001	0.25762
675	0.00000	0.99952	0.00000	0.00000	0.00000	0.00048
676	0.00000	0.99985	0.00000	0.00000	0.00000	0.00015
677	0.00000	1.00000	0.00000	0.00000	0.00000	0.00000
678	0.99998	0.00000	0.00000	0.00000	0.00002	0.00000
679	0.00000	1.00000	0.00000	0.00000	0.00000	0.00000
680	0.00000	1.00000	0.00000	0.00000	0.00000	0.00000
681	0.00000	1.00000	0.00000	0.00000	0.00000	0.00000
682	0.00000	0.99992	0.00000	0.00000	0.00000	0.00008
683	0.00000	0.99912	0.00000	0.00000	0.00000	0.00088
684	0.00000	0.99834	0.00000	0.00000	0.00000	0.00166
685	0.00000	0.99999	0.00000	0.00000	0.00000	0.00001
686	0.00000	0.99976	0.00000	0.00000	0.00000	0.00024
687	0.00000	1.00000	0.00000	0.00000	0.00000	0.00000
688	0.00000	1.00000	0.00000	0.00000	0.00000	0.00000
689	0.00000	0.99981	0.00000	0.00000	0.00000	0.00019
690	0.00000	0.99996	0.00000	0.00000	0.00000	0.00004
691	0.00000	0.99997	0.00000	0.00000	0.00000	0.00003
692	0.00000	0.99979	0.00000	0.00000	0.00000	0.00021
693	0.00000	0.99849	0.00000	0.00000	0.00000	0.00151
694	0.00004	0.56034	0.00379	0.14707	0.00196	0.28680
695	0.00000	0.99999	0.00000	0.00000	0.00000	0.00001
696	0.00000	0.99997	0.00000	0.00000	0.00000	0.00003
697	0.00000	0.99879	0.00000	0.00000	0.00000	0.00121
698	0.00000	0.90303	0.00000	0.00010	0.00000	0.09687
699	0.00000	0.92887	0.00000	0.00000	0.00000	0.07113
700	0.00000	0.99901	0.00000	0.00000	0.00000	0.00099
701	1.00000	0.00000	0.00000	0.00000	0.00000	0.00000
702	0.99969	0.00000	0.00000	0.00000	0.00031	0.00000
703	0.99998	0.00000	0.00000	0.00000	0.00002	0.00000
704	0.97431	0.00000	0.00000	0.00057	0.02511	0.00000
705	0.00000	0.99993	0.00000	0.00000	0.00000	0.00007
706	0.00000	0.99950	0.00000	0.00000	0.00000	0.00050
707	0.26488	0.00000	0.00000	0.08728	0.64785	0.00000
708	0.00000	0.99999	0.00000	0.00000	0.00000	0.00001
709	0.00000	0.98184	0.00000	0.00001	0.00000	0.01814
710	0.00000	0.99966	0.00000	0.00000	0.00000	0.00034
711	0.00000	0.96542	0.00000	0.00001	0.00000	0.03458
712	0.00000	0.99342	0.00000	0.00000	0.00000	0.00658
713	0.00000	0.99980	0.00000	0.00000	0.00000	0.00020
714	0.99337	0.00000	0.00000	0.00000	0.00663	0.00000
715	0.00000	0.77562	0.00000	0.04753	0.00000	0.17685
716	0.00000	0.99938	0.00000	0.00000	0.00000	0.00062
717	0.00000	0.99999	0.00000	0.00000	0.00000	0.00001
718	1.00000	0.00000	0.00000	0.00000	0.00000	0.00000
719	0.00000	0.99998	0.00000	0.00000	0.00000	0.00002
720	0.00000	0.99999	0.00000	0.00000	0.00000	0.00001
721	0.00000	0.99996	0.00000	0.00000	0.00000	0.00004
722	0.00000	0.99966	0.00000	0.00000	0.00000	0.00034
723	0.00000	0.99996	0.00000	0.00000	0.00000	0.00004
724	0.00000	0.67870	0.00003	0.02712	0.00000	0.29415
725	0.00000	0.00110	0.00000	0.98326	0.00000	0.01564
726	0.00000	0.99993	0.00000	0.00000	0.00000	0.00007
727	0.00000	0.99999	0.00000	0.00000	0.00000	0.00001
728	0.00000	0.80019	0.00006	0.03528	0.00002	0.16445
729	0.00000	0.71793	0.00000	0.00000	0.00000	0.28207
730	0.00000	0.99999	0.00000	0.00000	0.00000	0.00001
731	0.00000	0.99984	0.00000	0.00000	0.00000	0.00016
732	0.99990	0.00000	0.00000	0.00000	0.00010	0.00000
733	0.00000	0.98609	0.00000	0.00004	0.00000	0.01387
734	0.00000	0.99919	0.00000	0.00000	0.00000	0.00081
735	0.00000	0.99999	0.00000	0.00000	0.00000	0.00001
736	0.00000	0.98063	0.00000	0.00031	0.00000	0.01906
737	0.00000	0.99999	0.00000	0.00000	0.00000	0.00001
738	0.99983	0.00000	0.00000	0.00000	0.00017	0.00000
739	0.00000	0.97698	0.00000	0.00037	0.00000	0.02265
740	0.00000	0.99999	0.00000	0.00000	0.00000	0.00001
741	0.99992	0.00000	0.00000	0.00000	0.00008	0.00000
742	0.00000	1.00000	0.00000	0.00000	0.00000	0.00000
743	0.00000	0.99987	0.00000	0.00000	0.00000	0.00013
744	0.00000	0.99978	0.00000	0.00000	0.00000	0.00022
745	1.00000	0.00000	0.00000	0.00000	0.00000	0.00000
746	0.00000	0.99998	0.00000	0.00000	0.00000	0.00002
747	0.00000	1.00000	0.00000	0.00000	0.00000	0.00000
748	0.00000	0.99998	0.00000	0.00000	0.00000	0.00002
749	0.00000	0.99995	0.00000	0.00000	0.00000	0.00005
750	0.09466	0.25629	0.15538	0.16413	0.12455	0.20500
751	0.00000	0.99989	0.00000	0.00000	0.00000	0.00011
752	0.00000	0.97233	0.00000	0.00000	0.00000	0.02767
753	0.00000	0.99998	0.00000	0.00000	0.00000	0.00002
754	0.00000	1.00000	0.00000	0.00000	0.00000	0.00000
755	0.00000	0.99953	0.00000	0.00000	0.00000	0.00047
756	0.00000	1.00000	0.00000	0.00000	0.00000	0.00000
757	0.00000	0.95759	0.00000	0.00157	0.00000	0.04084
758	0.00000	0.98494	0.00000	0.00019	0.00000	0.01488
759	0.99944	0.00000	0.00000	0.00000	0.00056	0.00000
760	0.99999	0.00000	0.00000	0.00000	0.00001	0.00000
761	0.00000	0.19434	0.00000	0.03115	0.00000	0.77451
762	0.00000	0.99999	0.00000	0.00000	0.00000	0.00001
763	0.00000	0.99867	0.00000	0.00000	0.00000	0.00133
764	0.00000	0.99999	0.00000	0.00000	0.00000	0.00001
765	0.00000	0.99999	0.00000	0.00000	0.00000	0.00001
766	0.00000	0.99990	0.00000	0.00000	0.00000	0.00010
767	0.00000	0.99999	0.00000	0.00000	0.00000	0.00001
768	0.00000	0.99891	0.00000	0.00000	0.00000	0.00109
769	0.00000	0.98320	0.00000	0.00005	0.00000	0.01675
770	0.00000	0.99768	0.00000	0.00000	0.00000	0.00232
771	0.00000	0.99999	0.00000	0.00000	0.00000	0.00001
772	0.00000	0.99281	0.00000	0.00000	0.00000	0.00719
773	0.00000	0.97314	0.00000	0.00071	0.00000	0.02616
774	0.00000	0.99665	0.00000	0.00001	0.00000	0.00334
775	0.00000	0.99993	0.00000	0.00000	0.00000	0.00007
776	0.00000	0.99997	0.00000	0.00000	0.00000	0.00003
