UponCompletionOf_1000000_sweeps
LocNumber LocName AlleleNumber AlleleName FreqInPop0 FreqInPop1 SDInPop0 SDinPop1
0	LdDocent_Contig_66_32	0	1	0.996980	0.987052	0.004254	0.003500
0	LdDocent_Contig_66_32	1	2	0.003020	0.012948	0.004254	0.003500
1	LdDocent_Contig_81251_341	0	1	0.969276	0.999502	0.011067	0.000704
1	LdDocent_Contig_81251_341	1	2	0.030724	0.000498	0.011067	0.000704
2	LdDocent_Contig_2082_46	0	1	0.998108	0.958772	0.002667	0.005853
2	LdDocent_Contig_2082_46	1	2	0.001892	0.041228	0.002667	0.005853
3	LdDocent_Contig_89109_11	0	1	0.873413	0.647606	0.021988	0.015378
3	LdDocent_Contig_89109_11	1	2	0.126587	0.352394	0.021988	0.015378
4	LdDocent_Contig_88440_85	0	2	0.997404	0.942784	0.003658	0.007195
4	LdDocent_Contig_88440_85	1	1	0.002596	0.057216	0.003658	0.007195
5	LdDocent_Contig_1529_393	0	1	0.965995	0.999557	0.011443	0.000627
5	LdDocent_Contig_1529_393	1	2	0.034005	0.000443	0.011443	0.000627
6	LdDocent_Contig_5869_45	0	1	0.008660	0.994715	0.006194	0.002241
6	LdDocent_Contig_5869_45	1	2	0.991340	0.005285	0.006194	0.002241
7	LdDocent_Contig_156_432	0	1	0.966833	0.999535	0.011203	0.000657
7	LdDocent_Contig_156_432	1	2	0.033167	0.000465	0.011203	0.000657
8	LdDocent_Contig_6226_357	0	1	0.997862	0.980688	0.003005	0.004128
8	LdDocent_Contig_6226_357	1	2	0.002138	0.019312	0.003005	0.004128
9	LdDocent_Contig_826_64	0	1	0.998119	0.956681	0.002648	0.005966
9	LdDocent_Contig_826_64	1	2	0.001881	0.043319	0.002648	0.005966
10	LdDocent_Contig_5775_134	0	1	0.997944	0.992209	0.002902	0.002662
10	LdDocent_Contig_5775_134	1	2	0.002056	0.007791	0.002902	0.002662
11	LdDocent_Contig_62295_446	0	1	0.998043	0.989933	0.002760	0.002949
11	LdDocent_Contig_62295_446	1	2	0.001957	0.010067	0.002760	0.002949
12	LdDocent_Contig_91285_26	0	1	0.997946	0.988118	0.002897	0.003338
12	LdDocent_Contig_91285_26	1	2	0.002054	0.011882	0.002897	0.003338
13	LdDocent_Contig_197_114	0	1	0.998071	0.989027	0.002724	0.003084
13	LdDocent_Contig_197_114	1	2	0.001929	0.010973	0.002724	0.003084
14	LdDocent_Contig_92674_381	0	1	0.997785	0.981329	0.003117	0.004191
14	LdDocent_Contig_92674_381	1	2	0.002215	0.018671	0.003117	0.004191
15	LdDocent_Contig_718_137	0	1	0.992151	0.986743	0.006296	0.003614
15	LdDocent_Contig_718_137	1	2	0.007849	0.013257	0.006296	0.003614
16	LdDocent_Contig_301_42	0	1	0.002087	0.996436	0.002944	0.001958
16	LdDocent_Contig_301_42	1	2	0.997913	0.003564	0.002944	0.001958
17	LdDocent_Contig_51380_365	0	1	0.997787	0.981067	0.003121	0.004244
17	LdDocent_Contig_51380_365	1	2	0.002213	0.018933	0.003121	0.004244
18	LdDocent_Contig_1949_86	0	1	0.997985	0.978517	0.002832	0.004382
18	LdDocent_Contig_1949_86	1	2	0.002015	0.021483	0.002832	0.004382
19	LdDocent_Contig_192_122	0	1	0.997901	0.787437	0.002964	0.012700
19	LdDocent_Contig_192_122	1	2	0.002099	0.212563	0.002964	0.012700
20	LdDocent_Contig_3593_327	0	1	0.997758	0.971014	0.003160	0.005092
20	LdDocent_Contig_3593_327	1	2	0.002242	0.028986	0.003160	0.005092
21	LdDocent_Contig_22442_427	0	1	0.997835	0.971667	0.003048	0.005052
21	LdDocent_Contig_22442_427	1	2	0.002165	0.028333	0.003048	0.005052
22	LdDocent_Contig_1657_34	0	1	0.969015	0.999514	0.011101	0.000688
22	LdDocent_Contig_1657_34	1	2	0.030985	0.000486	0.011101	0.000688
23	LdDocent_Contig_3848_142	0	1	0.996781	0.964106	0.004527	0.005745
23	LdDocent_Contig_3848_142	1	2	0.003219	0.035894	0.004527	0.005745
24	LdDocent_Contig_14698_433	0	1	0.996804	0.979448	0.004454	0.004304
24	LdDocent_Contig_14698_433	1	2	0.003196	0.020552	0.004454	0.004304
25	LdDocent_Contig_92684_428	0	1	0.949945	0.998496	0.014389	0.001224
25	LdDocent_Contig_92684_428	1	2	0.050055	0.001504	0.014389	0.001224
26	LdDocent_Contig_30110_37	0	1	0.952258	0.998534	0.015090	0.001196
26	LdDocent_Contig_30110_37	1	2	0.047742	0.001466	0.015090	0.001196
27	LdDocent_Contig_69005_402	0	1	0.629007	0.992717	0.033764	0.002647
27	LdDocent_Contig_69005_402	1	2	0.370993	0.007283	0.033764	0.002647
28	LdDocent_Contig_23362_351	0	1	0.997639	0.962797	0.003302	0.005672
28	LdDocent_Contig_23362_351	1	2	0.002361	0.037203	0.003302	0.005672
29	LdDocent_Contig_14643_33	0	1	0.981787	0.995694	0.008482	0.002023
29	LdDocent_Contig_14643_33	1	2	0.018213	0.004306	0.008482	0.002023
30	LdDocent_Contig_1311_419	0	1	0.997551	0.984693	0.003353	0.003655
30	LdDocent_Contig_1311_419	1	2	0.002449	0.015307	0.003353	0.003655
31	LdDocent_Contig_56012_352	0	1	0.975880	0.961428	0.010133	0.005872
31	LdDocent_Contig_56012_352	1	2	0.024120	0.038572	0.010133	0.005872
32	LdDocent_Contig_3068_143	0	1	0.998121	0.962565	0.002654	0.005561
32	LdDocent_Contig_3068_143	1	2	0.001879	0.037435	0.002654	0.005561
33	LdDocent_Contig_748_8	0	1	0.997873	0.985250	0.003002	0.003721
33	LdDocent_Contig_748_8	1	2	0.002127	0.014750	0.003002	0.003721
34	LdDocent_Contig_5102_9	0	1	0.997955	0.991358	0.002878	0.002792
34	LdDocent_Contig_5102_9	1	2	0.002045	0.008642	0.002878	0.002792
35	LdDocent_Contig_9284_72	0	1	0.997618	0.983611	0.003332	0.003899
35	LdDocent_Contig_9284_72	1	2	0.002382	0.016389	0.003332	0.003899
36	LdDocent_Contig_58844_98	0	2	0.994135	0.947009	0.004904	0.006685
36	LdDocent_Contig_58844_98	1	1	0.005865	0.052991	0.004904	0.006685
37	LdDocent_Contig_14334_415	0	1	0.997702	0.924753	0.003230	0.008269
37	LdDocent_Contig_14334_415	1	2	0.002298	0.075247	0.003230	0.008269
38	LdDocent_Contig_2337_134	0	1	0.997745	0.992070	0.003180	0.002706
38	LdDocent_Contig_2337_134	1	2	0.002255	0.007930	0.003180	0.002706
39	LdDocent_Contig_12148_78	0	1	0.993710	0.993773	0.005123	0.002434
39	LdDocent_Contig_12148_78	1	2	0.006290	0.006227	0.005123	0.002434
40	LdDocent_Contig_74392_408	0	1	0.997749	0.993312	0.003169	0.002611
40	LdDocent_Contig_74392_408	1	2	0.002251	0.006688	0.003169	0.002611
41	LdDocent_Contig_2239_446	0	1	0.997353	0.969000	0.003731	0.005122
41	LdDocent_Contig_2239_446	1	2	0.002647	0.031000	0.003731	0.005122
42	LdDocent_Contig_83889_467	0	1	0.634248	0.998679	0.029699	0.001079
42	LdDocent_Contig_83889_467	1	2	0.365752	0.001321	0.029699	0.001079
43	LdDocent_Contig_73938_438	0	1	0.997960	0.993039	0.002876	0.002531
43	LdDocent_Contig_73938_438	1	2	0.002040	0.006961	0.002876	0.002531
44	LdDocent_Contig_92358_102	0	1	0.993776	0.989360	0.005060	0.003121
44	LdDocent_Contig_92358_102	1	2	0.006224	0.010640	0.005060	0.003121
45	LdDocent_Contig_18297_138	0	1	0.997267	0.979554	0.003771	0.004487
45	LdDocent_Contig_18297_138	1	2	0.002733	0.020446	0.003771	0.004487
46	LdDocent_Contig_2200_66	0	1	0.921142	0.999501	0.017151	0.000705
46	LdDocent_Contig_2200_66	1	2	0.078858	0.000499	0.017151	0.000705
47	LdDocent_Contig_84309_371	0	1	0.997160	0.982814	0.004011	0.003961
47	LdDocent_Contig_84309_371	1	2	0.002840	0.017186	0.004011	0.003961
48	LdDocent_Contig_50102_11	0	1	0.997864	0.993170	0.003009	0.002482
48	LdDocent_Contig_50102_11	1	2	0.002136	0.006830	0.003009	0.002482
49	LdDocent_Contig_25390_51	0	1	0.016069	0.857250	0.008370	0.010501
49	LdDocent_Contig_25390_51	1	2	0.983931	0.142750	0.008370	0.010501
50	LdDocent_Contig_13628_392	0	1	0.996160	0.990431	0.004572	0.003026
50	LdDocent_Contig_13628_392	1	2	0.003840	0.009569	0.004572	0.003026
51	LdDocent_Contig_10432_143	0	1	0.859864	0.954486	0.022001	0.006163
51	LdDocent_Contig_10432_143	1	2	0.140136	0.045514	0.022001	0.006163
52	LdDocent_Contig_56005_143	0	1	0.982331	0.971781	0.021953	0.004839
52	LdDocent_Contig_56005_143	1	2	0.017669	0.028219	0.021953	0.004839
53	LdDocent_Contig_5789_136	0	1	0.827613	0.771906	0.046254	0.012530
53	LdDocent_Contig_5789_136	1	2	0.172387	0.228094	0.046254	0.012530
54	LdDocent_Contig_7481_421	0	1	0.997790	0.991870	0.003109	0.002776
54	LdDocent_Contig_7481_421	1	2	0.002210	0.008130	0.003109	0.002776
55	LdDocent_Contig_62264_478	0	1	0.961546	0.999510	0.012912	0.000692
55	LdDocent_Contig_62264_478	1	2	0.038454	0.000490	0.012912	0.000692
56	LdDocent_Contig_3213_422	0	1	0.044005	0.872955	0.013232	0.010184
56	LdDocent_Contig_3213_422	1	2	0.955995	0.127045	0.013232	0.010184
57	LdDocent_Contig_148_331	0	1	0.007479	0.978446	0.006417	0.004402
57	LdDocent_Contig_148_331	1	2	0.992521	0.021554	0.006417	0.004402
58	LdDocent_Contig_95524_427	0	1	0.995067	0.986100	0.006469	0.003546
58	LdDocent_Contig_95524_427	1	2	0.004933	0.013900	0.006469	0.003546
59	LdDocent_Contig_17450_416	0	1	0.993800	0.994025	0.005033	0.002334
59	LdDocent_Contig_17450_416	1	2	0.006200	0.005975	0.005033	0.002334
60	LdDocent_Contig_15051_388	0	1	0.997796	0.990393	0.003108	0.003101
60	LdDocent_Contig_15051_388	1	2	0.002204	0.009607	0.003108	0.003101
61	LdDocent_Contig_65895_364	0	1	0.997942	0.982939	0.002903	0.003930
61	LdDocent_Contig_65895_364	1	2	0.002058	0.017061	0.002903	0.003930
62	LdDocent_Contig_56342_434	0	1	0.992752	0.990394	0.005883	0.003102
62	LdDocent_Contig_56342_434	1	2	0.007248	0.009606	0.005883	0.003102
63	LdDocent_Contig_1447_75	0	2	0.990671	0.582163	0.005862	0.014507
63	LdDocent_Contig_1447_75	1	1	0.009329	0.417837	0.005862	0.014507
64	LdDocent_Contig_115_104	0	1	0.953455	0.998650	0.013373	0.001101
64	LdDocent_Contig_115_104	1	2	0.046545	0.001350	0.013373	0.001101
65	LdDocent_Contig_626_446	0	1	0.997403	0.989903	0.003663	0.002962
65	LdDocent_Contig_626_446	1	2	0.002597	0.010097	0.003663	0.002962
66	LdDocent_Contig_69388_420	0	1	0.997970	0.991362	0.002864	0.002787
66	LdDocent_Contig_69388_420	1	2	0.002030	0.008638	0.002864	0.002787
67	LdDocent_Contig_24441_470	0	1	0.997533	0.979857	0.003422	0.004215
67	LdDocent_Contig_24441_470	1	2	0.002467	0.020143	0.003422	0.004215
68	LdDocent_Contig_1525_64	0	1	0.998114	0.989591	0.002660	0.002925
68	LdDocent_Contig_1525_64	1	2	0.001886	0.010409	0.002660	0.002925
69	LdDocent_Contig_20157_26	0	1	0.903664	0.999528	0.019714	0.000668
69	LdDocent_Contig_20157_26	1	2	0.096336	0.000472	0.019714	0.000668
70	LdDocent_Contig_1948_436	0	1	0.989626	0.991739	0.006511	0.002822
70	LdDocent_Contig_1948_436	1	2	0.010374	0.008261	0.006511	0.002822
71	LdDocent_Contig_5896_124	0	1	0.997208	0.990604	0.003866	0.003058
71	LdDocent_Contig_5896_124	1	2	0.002792	0.009396	0.003866	0.003058
72	LdDocent_Contig_18722_40	0	1	0.997804	0.944315	0.003084	0.007021
72	LdDocent_Contig_18722_40	1	2	0.002196	0.055685	0.003084	0.007021
73	LdDocent_Contig_6327_340	0	1	0.765758	0.999536	0.026140	0.000657
73	LdDocent_Contig_6327_340	1	2	0.234242	0.000464	0.026140	0.000657
74	LdDocent_Contig_50054_360	0	1	0.962378	0.960486	0.012643	0.006006
74	LdDocent_Contig_50054_360	1	2	0.037622	0.039514	0.012643	0.006006
75	LdDocent_Contig_12191_94	0	1	0.997986	0.989733	0.002845	0.003007
75	LdDocent_Contig_12191_94	1	2	0.002014	0.010267	0.002845	0.003007
76	LdDocent_Contig_1629_400	0	1	0.948107	0.999563	0.013744	0.000617
76	LdDocent_Contig_1629_400	1	2	0.051893	0.000437	0.013744	0.000617
77	LdDocent_Contig_18829_417	0	1	0.996450	0.987801	0.004543	0.003385
77	LdDocent_Contig_18829_417	1	2	0.003550	0.012199	0.004543	0.003385
78	LdDocent_Contig_74556_12	0	1	0.997892	0.981114	0.002964	0.004235
78	LdDocent_Contig_74556_12	1	2	0.002108	0.018886	0.002964	0.004235
79	LdDocent_Contig_95857_118	0	1	0.983868	0.967828	0.008399	0.005518
79	LdDocent_Contig_95857_118	1	2	0.016132	0.032172	0.008399	0.005518
80	LdDocent_Contig_73978_457	0	1	0.997744	0.986470	0.003179	0.003528
80	LdDocent_Contig_73978_457	1	2	0.002256	0.013530	0.003179	0.003528
81	LdDocent_Contig_908_392	0	1	0.648922	0.984778	0.031064	0.003717
81	LdDocent_Contig_908_392	1	2	0.351078	0.015222	0.031064	0.003717
82	LdDocent_Contig_3715_115	0	1	0.998103	0.983606	0.002672	0.003782
82	LdDocent_Contig_3715_115	1	2	0.001897	0.016394	0.002672	0.003782
83	LdDocent_Contig_34882_446	0	1	0.997892	0.985626	0.002956	0.003521
83	LdDocent_Contig_34882_446	1	2	0.002108	0.014374	0.002956	0.003521
84	LdDocent_Contig_295_343	0	1	0.997882	0.981411	0.002983	0.004169
84	LdDocent_Contig_295_343	1	2	0.002118	0.018589	0.002983	0.004169
85	LdDocent_Contig_88403_16	0	1	0.998115	0.965495	0.002660	0.005396
85	LdDocent_Contig_88403_16	1	2	0.001885	0.034505	0.002660	0.005396
86	LdDocent_Contig_13527_24	0	1	0.997795	0.961845	0.003108	0.005812
86	LdDocent_Contig_13527_24	1	2	0.002205	0.038155	0.003108	0.005812
87	LdDocent_Contig_34839_463	0	1	0.997485	0.991878	0.003548	0.002772
87	LdDocent_Contig_34839_463	1	2	0.002515	0.008122	0.003548	0.002772
88	LdDocent_Contig_860_423	0	1	0.971091	0.999555	0.010377	0.000629
88	LdDocent_Contig_860_423	1	2	0.028909	0.000445	0.010377	0.000629
89	LdDocent_Contig_2465_75	0	1	0.997965	0.985135	0.002867	0.003630
89	LdDocent_Contig_2465_75	1	2	0.002035	0.014865	0.002867	0.003630
90	LdDocent_Contig_95782_119	0	1	0.997636	0.960517	0.003332	0.006234
90	LdDocent_Contig_95782_119	1	2	0.002364	0.039483	0.003332	0.006234
91	LdDocent_Contig_18579_377	0	1	0.968602	0.999490	0.011283	0.000720
91	LdDocent_Contig_18579_377	1	2	0.031398	0.000510	0.011283	0.000720
92	LdDocent_Contig_22935_394	0	1	0.732454	0.519193	0.034592	0.014702
92	LdDocent_Contig_22935_394	1	2	0.267546	0.480807	0.034592	0.014702
93	LdDocent_Contig_1577_413	0	1	0.994205	0.953329	0.004717	0.006234
93	LdDocent_Contig_1577_413	1	2	0.005795	0.046671	0.004717	0.006234
94	LdDocent_Contig_65678_140	0	1	0.989732	0.988410	0.006447	0.003258
94	LdDocent_Contig_65678_140	1	2	0.010268	0.011590	0.006447	0.003258
95	LdDocent_Contig_13105_145	0	1	0.993858	0.866441	0.004989	0.010304
95	LdDocent_Contig_13105_145	1	2	0.006142	0.133559	0.004989	0.010304
96	LdDocent_Contig_16527_454	0	1	0.977435	0.920745	0.009493	0.008427
96	LdDocent_Contig_16527_454	1	2	0.022565	0.079255	0.009493	0.008427
97	LdDocent_Contig_31_430	0	1	0.997909	0.969900	0.002948	0.005118
97	LdDocent_Contig_31_430	1	2	0.002091	0.030100	0.002948	0.005118
98	LdDocent_Contig_1250_115	0	1	0.954799	0.999513	0.012999	0.000689
98	LdDocent_Contig_1250_115	1	2	0.045201	0.000487	0.012999	0.000689
99	LdDocent_Contig_11442_420	0	1	0.998017	0.955077	0.002799	0.006111
99	LdDocent_Contig_11442_420	1	2	0.001983	0.044923	0.002799	0.006111
100	LdDocent_Contig_93405_379	0	1	0.990425	0.971071	0.006005	0.004935
100	LdDocent_Contig_93405_379	1	2	0.009575	0.028929	0.006005	0.004935
101	LdDocent_Contig_2763_332	0	1	0.997675	0.991394	0.003233	0.002798
101	LdDocent_Contig_2763_332	1	2	0.002325	0.008606	0.003233	0.002798
102	LdDocent_Contig_2287_379	0	1	0.019997	0.994333	0.009297	0.002406
102	LdDocent_Contig_2287_379	1	2	0.980003	0.005667	0.009297	0.002406
103	LdDocent_Contig_18290_404	0	1	0.909546	0.999560	0.017784	0.000623
103	LdDocent_Contig_18290_404	1	2	0.090454	0.000440	0.017784	0.000623
104	LdDocent_Contig_18779_421	0	1	0.997931	0.992044	0.002912	0.002712
104	LdDocent_Contig_18779_421	1	2	0.002069	0.007956	0.002912	0.002712
105	LdDocent_Contig_954_459	0	1	0.997918	0.991056	0.002935	0.002884
105	LdDocent_Contig_954_459	1	2	0.002082	0.008944	0.002935	0.002884
106	LdDocent_Contig_527_494	0	1	0.985131	0.992983	0.007869	0.002547
106	LdDocent_Contig_527_494	1	2	0.014869	0.007017	0.007869	0.002547
107	LdDocent_Contig_1312_462	0	1	0.997734	0.982303	0.003191	0.004083
107	LdDocent_Contig_1312_462	1	2	0.002266	0.017697	0.003191	0.004083
108	LdDocent_Contig_23271_45	0	1	0.997625	0.976878	0.003349	0.004629
108	LdDocent_Contig_23271_45	1	2	0.002375	0.023122	0.003349	0.004629
109	LdDocent_Contig_5879_36	0	1	0.011418	0.985051	0.007940	0.003766
109	LdDocent_Contig_5879_36	1	2	0.988582	0.014949	0.007940	0.003766
110	LdDocent_Contig_1254_90	0	1	0.997865	0.987974	0.003012	0.003381
110	LdDocent_Contig_1254_90	1	2	0.002135	0.012026	0.003012	0.003381
111	LdDocent_Contig_24307_137	0	1	0.652454	0.713737	0.029040	0.012949
111	LdDocent_Contig_24307_137	1	2	0.347546	0.286263	0.029040	0.012949
112	LdDocent_Contig_790_438	0	1	0.994150	0.988823	0.004846	0.003141
112	LdDocent_Contig_790_438	1	2	0.005850	0.011177	0.004846	0.003141
113	LdDocent_Contig_86538_360	0	1	0.966945	0.976909	0.011836	0.004607
113	LdDocent_Contig_86538_360	1	2	0.033055	0.023091	0.011836	0.004607
114	LdDocent_Contig_20798_104	0	1	0.997964	0.990289	0.002876	0.002976
114	LdDocent_Contig_20798_104	1	2	0.002036	0.009711	0.002876	0.002976
115	LdDocent_Contig_2079_417	0	1	0.997814	0.989746	0.003077	0.003146
115	LdDocent_Contig_2079_417	1	2	0.002186	0.010254	0.003077	0.003146
116	LdDocent_Contig_38139_78	0	1	0.990411	0.989690	0.006021	0.003030
116	LdDocent_Contig_38139_78	1	2	0.009589	0.010310	0.006021	0.003030
117	LdDocent_Contig_30637_429	0	1	0.984050	0.956983	0.008434	0.006304
117	LdDocent_Contig_30637_429	1	2	0.015950	0.043017	0.008434	0.006304
118	LdDocent_Contig_5307_467	0	1	0.993964	0.993088	0.004906	0.002514
118	LdDocent_Contig_5307_467	1	2	0.006036	0.006912	0.004906	0.002514
119	LdDocent_Contig_73_392	0	1	0.981809	0.596140	0.008472	0.014226
119	LdDocent_Contig_73_392	1	2	0.018191	0.403860	0.008472	0.014226
120	LdDocent_Contig_26351_351	0	1	0.867499	0.824793	0.021817	0.011865
120	LdDocent_Contig_26351_351	1	2	0.132501	0.175207	0.021817	0.011865
121	LdDocent_Contig_1756_66	0	1	0.998086	0.986023	0.002699	0.003414
121	LdDocent_Contig_1756_66	1	2	0.001914	0.013977	0.002699	0.003414
122	LdDocent_Contig_1469_52	0	1	0.997972	0.990385	0.002859	0.002952
122	LdDocent_Contig_1469_52	1	2	0.002028	0.009615	0.002859	0.002952
123	LdDocent_Contig_3819_130	0	1	0.996724	0.992310	0.004395	0.002705
123	LdDocent_Contig_3819_130	1	2	0.003276	0.007690	0.004395	0.002705
124	LdDocent_Contig_22707_96	0	2	0.006062	0.323024	0.004931	0.013831
124	LdDocent_Contig_22707_96	1	1	0.993938	0.676976	0.004931	0.013831
125	LdDocent_Contig_57974_380	0	1	0.998130	0.991939	0.002635	0.002604
125	LdDocent_Contig_57974_380	1	2	0.001870	0.008061	0.002635	0.002604
126	LdDocent_Contig_7170_403	0	1	0.969772	0.913760	0.015268	0.008398
126	LdDocent_Contig_7170_403	1	2	0.030228	0.086240	0.015268	0.008398
127	LdDocent_Contig_55987_437	0	1	0.998002	0.974441	0.002819	0.004811
127	LdDocent_Contig_55987_437	1	2	0.001998	0.025559	0.002819	0.004811
128	LdDocent_Contig_5930_404	0	1	0.997923	0.988450	0.002925	0.003247
128	LdDocent_Contig_5930_404	1	2	0.002077	0.011550	0.002925	0.003247
129	LdDocent_Contig_16537_509	0	1	0.023990	0.992212	0.011225	0.002835
129	LdDocent_Contig_16537_509	1	2	0.976010	0.007788	0.011225	0.002835
130	LdDocent_Contig_84487_489	0	1	0.892542	0.999504	0.020899	0.000701
130	LdDocent_Contig_84487_489	1	2	0.107458	0.000496	0.020899	0.000701
131	LdDocent_Contig_2983_350	0	1	0.908387	0.993112	0.019929	0.002685
131	LdDocent_Contig_2983_350	1	2	0.091613	0.006888	0.019929	0.002685
132	LdDocent_Contig_268_139	0	1	0.899312	0.999535	0.019662	0.000656
132	LdDocent_Contig_268_139	1	2	0.100688	0.000465	0.019662	0.000656
133	LdDocent_Contig_63087_64	0	1	0.997883	0.990029	0.002985	0.003058
133	LdDocent_Contig_63087_64	1	2	0.002117	0.009971	0.002985	0.003058
134	LdDocent_Contig_7959_407	0	1	0.870397	0.999534	0.021883	0.000659
134	LdDocent_Contig_7959_407	1	2	0.129603	0.000466	0.021883	0.000659
135	LdDocent_Contig_67026_370	0	1	0.311687	0.999188	0.034995	0.001249
135	LdDocent_Contig_67026_370	1	2	0.688313	0.000812	0.034995	0.001249
136	LdDocent_Contig_3685_365	0	1	0.998074	0.992678	0.002716	0.002503
136	LdDocent_Contig_3685_365	1	2	0.001926	0.007322	0.002716	0.002503
137	LdDocent_Contig_38007_408	0	1	0.997606	0.978050	0.003371	0.004683
137	LdDocent_Contig_38007_408	1	2	0.002394	0.021950	0.003371	0.004683
138	LdDocent_Contig_7999_435	0	1	0.938039	0.998495	0.015756	0.001226
138	LdDocent_Contig_7999_435	1	2	0.061961	0.001505	0.015756	0.001226
139	LdDocent_Contig_5136_422	0	1	0.984699	0.993487	0.008094	0.002545
139	LdDocent_Contig_5136_422	1	2	0.015301	0.006513	0.008094	0.002545
140	LdDocent_Contig_95152_97	0	1	0.997336	0.984898	0.003639	0.003834
140	LdDocent_Contig_95152_97	1	2	0.002664	0.015102	0.003639	0.003834
141	LdDocent_Contig_66472_350	0	1	0.924748	0.998582	0.016799	0.001156
141	LdDocent_Contig_66472_350	1	2	0.075252	0.001418	0.016799	0.001156
142	LdDocent_Contig_32724_331	0	1	0.997245	0.935654	0.003795	0.007595
142	LdDocent_Contig_32724_331	1	2	0.002755	0.064346	0.003795	0.007595
143	LdDocent_Contig_87120_461	0	1	0.997873	0.990231	0.002997	0.002996
143	LdDocent_Contig_87120_461	1	2	0.002127	0.009769	0.002997	0.002996
144	LdDocent_Contig_8487_141	0	1	0.033648	0.996386	0.012284	0.001923
144	LdDocent_Contig_8487_141	1	2	0.966352	0.003614	0.012284	0.001923
145	LdDocent_Contig_23898_425	0	1	0.993376	0.876588	0.005366	0.009935
145	LdDocent_Contig_23898_425	1	2	0.006624	0.123412	0.005366	0.009935
146	LdDocent_Contig_64816_334	0	1	0.997980	0.955871	0.002846	0.006200
146	LdDocent_Contig_64816_334	1	2	0.002020	0.044129	0.002846	0.006200
147	LdDocent_Contig_5507_409	0	1	0.981088	0.902040	0.008855	0.008917
147	LdDocent_Contig_5507_409	1	2	0.018912	0.097960	0.008855	0.008917
148	LdDocent_Contig_84158_445	0	1	0.997930	0.985442	0.002925	0.003667
148	LdDocent_Contig_84158_445	1	2	0.002070	0.014558	0.002925	0.003667
149	LdDocent_Contig_93107_422	0	1	0.997956	0.989222	0.002880	0.003308
149	LdDocent_Contig_93107_422	1	2	0.002044	0.010778	0.002880	0.003308
150	LdDocent_Contig_87255_456	0	1	0.997852	0.984923	0.003025	0.003797
150	LdDocent_Contig_87255_456	1	2	0.002148	0.015077	0.003025	0.003797
151	LdDocent_Contig_59677_483	0	1	0.997771	0.988534	0.003146	0.003361
151	LdDocent_Contig_59677_483	1	2	0.002229	0.011466	0.003146	0.003361
152	LdDocent_Contig_74479_108	0	1	0.997906	0.917897	0.002948	0.008548
152	LdDocent_Contig_74479_108	1	2	0.002094	0.082103	0.002948	0.008548
153	LdDocent_Contig_22_433	0	1	0.904603	0.999551	0.018700	0.000636
153	LdDocent_Contig_22_433	1	2	0.095397	0.000449	0.018700	0.000636
154	LdDocent_Contig_2726_40	0	1	0.998023	0.969446	0.002790	0.005192
154	LdDocent_Contig_2726_40	1	2	0.001977	0.030554	0.002790	0.005192
155	LdDocent_Contig_528_15	0	1	0.963884	0.999555	0.012911	0.000631
155	LdDocent_Contig_528_15	1	2	0.036116	0.000445	0.012911	0.000631
156	LdDocent_Contig_5304_12	0	1	0.951986	0.999542	0.017055	0.000647
156	LdDocent_Contig_5304_12	1	2	0.048014	0.000458	0.017055	0.000647
157	LdDocent_Contig_15593_87	0	1	0.993702	0.974804	0.005114	0.004831
157	LdDocent_Contig_15593_87	1	2	0.006298	0.025196	0.005114	0.004831
158	LdDocent_Contig_79592_414	0	1	0.997828	0.986739	0.003062	0.003584
158	LdDocent_Contig_79592_414	1	2	0.002172	0.013261	0.003062	0.003584
159	LdDocent_Contig_3582_360	0	1	0.990301	0.810599	0.006095	0.011291
159	LdDocent_Contig_3582_360	1	2	0.009699	0.189401	0.006095	0.011291
160	LdDocent_Contig_650_40	0	1	0.997106	0.987487	0.003906	0.003295
160	LdDocent_Contig_650_40	1	2	0.002894	0.012513	0.003906	0.003295
161	LdDocent_Contig_52503_494	0	1	0.932541	0.995687	0.017710	0.002029
161	LdDocent_Contig_52503_494	1	2	0.067459	0.004313	0.017710	0.002029
162	LdDocent_Contig_6252_341	0	1	0.997859	0.952079	0.003014	0.006714
162	LdDocent_Contig_6252_341	1	2	0.002141	0.047921	0.003014	0.006714
163	LdDocent_Contig_1263_350	0	1	0.996912	0.990807	0.004063	0.003019
163	LdDocent_Contig_1263_350	1	2	0.003088	0.009193	0.004063	0.003019
164	LdDocent_Contig_5636_331	0	1	0.997949	0.965770	0.002891	0.005561
164	LdDocent_Contig_5636_331	1	2	0.002051	0.034230	0.002891	0.005561
165	LdDocent_Contig_14368_50	0	2	0.997246	0.942714	0.003857	0.006976
165	LdDocent_Contig_14368_50	1	1	0.002754	0.057286	0.003857	0.006976
166	LdDocent_Contig_74515_487	0	1	0.997656	0.896048	0.003301	0.009673
166	LdDocent_Contig_74515_487	1	2	0.002344	0.103952	0.003301	0.009673
167	LdDocent_Contig_2423_24	0	1	0.992002	0.988005	0.011198	0.003246
167	LdDocent_Contig_2423_24	1	2	0.007998	0.011995	0.011198	0.003246
168	LdDocent_Contig_79960_434	0	1	0.561691	0.784209	0.031350	0.012451
168	LdDocent_Contig_79960_434	1	2	0.438309	0.215791	0.031350	0.012451
169	LdDocent_Contig_90525_37	0	1	0.993808	0.987453	0.005026	0.003393
169	LdDocent_Contig_90525_37	1	2	0.006192	0.012547	0.005026	0.003393
170	LdDocent_Contig_6898_461	0	1	0.988838	0.738509	0.006975	0.012949
170	LdDocent_Contig_6898_461	1	2	0.011162	0.261491	0.006975	0.012949
171	LdDocent_Contig_52407_95	0	1	0.996821	0.944820	0.004476	0.006893
171	LdDocent_Contig_52407_95	1	2	0.003179	0.055180	0.004476	0.006893
172	LdDocent_Contig_299_33	0	1	0.997843	0.991651	0.003038	0.002848
172	LdDocent_Contig_299_33	1	2	0.002157	0.008349	0.003038	0.002848
173	LdDocent_Contig_68815_372	0	1	0.994136	0.977757	0.004760	0.004349
173	LdDocent_Contig_68815_372	1	2	0.005864	0.022243	0.004760	0.004349
174	LdDocent_Contig_1306_104	0	1	0.930307	0.999539	0.016523	0.000653
174	LdDocent_Contig_1306_104	1	2	0.069693	0.000461	0.016523	0.000653
175	LdDocent_Contig_67827_401	0	1	0.997683	0.335851	0.003272	0.014496
175	LdDocent_Contig_67827_401	1	2	0.002317	0.664149	0.003272	0.014496
176	LdDocent_Contig_72680_348	0	1	0.804400	0.555958	0.028104	0.015659
176	LdDocent_Contig_72680_348	1	2	0.195600	0.444042	0.028104	0.015659
177	LdDocent_Contig_66891_104	0	1	0.998051	0.981708	0.002749	0.004212
177	LdDocent_Contig_66891_104	1	2	0.001949	0.018292	0.002749	0.004212
178	LdDocent_Contig_986_12	0	1	0.997843	0.987671	0.003038	0.003466
178	LdDocent_Contig_986_12	1	2	0.002157	0.012329	0.003038	0.003466
179	LdDocent_Contig_18_354	0	1	0.017660	0.996510	0.008334	0.001753
179	LdDocent_Contig_18_354	1	2	0.982340	0.003490	0.008334	0.001753
180	LdDocent_Contig_93412_36	0	1	0.965729	0.988621	0.015824	0.003193
180	LdDocent_Contig_93412_36	1	2	0.034271	0.011379	0.015824	0.003193
181	LdDocent_Contig_822_416	0	1	0.997763	0.925069	0.003152	0.008182
181	LdDocent_Contig_822_416	1	2	0.002237	0.074931	0.003152	0.008182
182	LdDocent_Contig_12112_370	0	1	0.919857	0.999565	0.016955	0.000615
182	LdDocent_Contig_12112_370	1	2	0.080143	0.000435	0.016955	0.000615
183	LdDocent_Contig_1961_85	0	1	0.997773	0.986804	0.003134	0.003566
183	LdDocent_Contig_1961_85	1	2	0.002227	0.013196	0.003134	0.003566
184	LdDocent_Contig_111_133	0	1	0.998037	0.860275	0.002765	0.010072
184	LdDocent_Contig_111_133	1	2	0.001963	0.139725	0.002765	0.010072
185	LdDocent_Contig_65667_417	0	1	0.942917	0.998650	0.014555	0.001102
185	LdDocent_Contig_65667_417	1	2	0.057083	0.001350	0.014555	0.001102
186	LdDocent_Contig_85011_486	0	1	0.840400	0.999567	0.023879	0.000611
186	LdDocent_Contig_85011_486	1	2	0.159600	0.000433	0.023879	0.000611
187	LdDocent_Contig_7113_415	0	1	0.984245	0.995705	0.008343	0.002019
187	LdDocent_Contig_7113_415	1	2	0.015755	0.004295	0.008343	0.002019
188	LdDocent_Contig_1023_106	0	1	0.997452	0.716065	0.003584	0.014482
188	LdDocent_Contig_1023_106	1	2	0.002548	0.283935	0.003584	0.014482
189	LdDocent_Contig_1983_105	0	1	0.997801	0.987216	0.003097	0.003593
189	LdDocent_Contig_1983_105	1	2	0.002199	0.012784	0.003097	0.003593
190	LdDocent_Contig_1869_438	0	1	0.015427	0.998542	0.008160	0.001190
190	LdDocent_Contig_1869_438	1	2	0.984573	0.001458	0.008160	0.001190
191	LdDocent_Contig_142_112	0	1	0.997394	0.985210	0.003563	0.003640
191	LdDocent_Contig_142_112	1	2	0.002606	0.014790	0.003563	0.003640
192	LdDocent_Contig_1399_88	0	1	0.966898	0.999548	0.011138	0.000638
192	LdDocent_Contig_1399_88	1	2	0.033102	0.000452	0.011138	0.000638
193	LdDocent_Contig_905_57	0	1	0.013852	0.920280	0.007499	0.007961
193	LdDocent_Contig_905_57	1	2	0.986148	0.079720	0.007499	0.007961
194	LdDocent_Contig_84104_422	0	1	0.997725	0.990585	0.003205	0.003036
194	LdDocent_Contig_84104_422	1	2	0.002275	0.009415	0.003205	0.003036
195	LdDocent_Contig_59418_335	0	1	0.994330	0.987015	0.004614	0.003280
195	LdDocent_Contig_59418_335	1	2	0.005670	0.012985	0.004614	0.003280
196	LdDocent_Contig_1960_27	0	1	0.398421	0.997688	0.042889	0.001490
196	LdDocent_Contig_1960_27	1	2	0.601579	0.002312	0.042889	0.001490
197	LdDocent_Contig_38846_389	0	1	0.997439	0.962762	0.003551	0.005562
197	LdDocent_Contig_38846_389	1	2	0.002561	0.037238	0.003551	0.005562
198	LdDocent_Contig_1982_35	0	1	0.747133	0.998731	0.027446	0.001043
198	LdDocent_Contig_1982_35	1	2	0.252867	0.001269	0.027446	0.001043
199	LdDocent_Contig_61074_386	0	1	0.012770	0.991356	0.007432	0.002922
199	LdDocent_Contig_61074_386	1	2	0.987230	0.008644	0.007432	0.002922
