UponCompletionOf_1000000_sweeps
LocNumber LocName AlleleNumber AlleleName FreqInPop0 FreqInPop1 SDInPop0 SDinPop1
0	LdDocent_Contig_61224_56	0	1	0.993094	0.966943	0.005634	0.005614
0	LdDocent_Contig_61224_56	1	2	0.006906	0.033057	0.005634	0.005614
1	LdDocent_Contig_8033_379	0	1	0.997917	0.988315	0.002935	0.003285
1	LdDocent_Contig_8033_379	1	2	0.002083	0.011685	0.002935	0.003285
2	LdDocent_Contig_2200_66	0	1	0.921665	0.999394	0.017123	0.000824
2	LdDocent_Contig_2200_66	1	2	0.078335	0.000606	0.017123	0.000824
3	LdDocent_Contig_23_398	0	1	0.997763	0.907918	0.003146	0.008839
3	LdDocent_Contig_23_398	1	2	0.002237	0.092082	0.003146	0.008839
4	LdDocent_Contig_1407_483	0	1	0.997768	0.962715	0.003083	0.005435
4	LdDocent_Contig_1407_483	1	2	0.002232	0.037285	0.003083	0.005435
5	LdDocent_Contig_64816_334	0	1	0.997972	0.955907	0.002861	0.006188
5	LdDocent_Contig_64816_334	1	2	0.002028	0.044093	0.002861	0.006188
6	LdDocent_Contig_16062_439	0	1	0.998123	0.989418	0.002646	0.002978
6	LdDocent_Contig_16062_439	1	2	0.001877	0.010582	0.002646	0.002978
7	LdDocent_Contig_8446_432	0	1	0.997854	0.992816	0.003026	0.002612
7	LdDocent_Contig_8446_432	1	2	0.002146	0.007184	0.003026	0.002612
8	LdDocent_Contig_1328_36	0	1	0.998062	0.991562	0.002732	0.002725
8	LdDocent_Contig_1328_36	1	2	0.001938	0.008438	0.002732	0.002725
9	LdDocent_Contig_88403_16	0	1	0.998138	0.965401	0.002624	0.005402
9	LdDocent_Contig_88403_16	1	2	0.001862	0.034599	0.002624	0.005402
10	LdDocent_Contig_935_140	0	1	0.989895	0.587873	0.006612	0.014983
10	LdDocent_Contig_935_140	1	2	0.010105	0.412127	0.006612	0.014983
11	LdDocent_Contig_2239_446	0	1	0.997340	0.969022	0.003749	0.005121
11	LdDocent_Contig_2239_446	1	2	0.002660	0.030978	0.003749	0.005121
12	LdDocent_Contig_1905_55	0	1	0.997623	0.993269	0.003349	0.002631
12	LdDocent_Contig_1905_55	1	2	0.002377	0.006731	0.003349	0.002631
13	LdDocent_Contig_73978_457	0	1	0.997726	0.986505	0.003205	0.003515
13	LdDocent_Contig_73978_457	1	2	0.002274	0.013495	0.003205	0.003515
14	LdDocent_Contig_73919_465	0	1	0.997776	0.993203	0.003137	0.002471
14	LdDocent_Contig_73919_465	1	2	0.002224	0.006797	0.003137	0.002471
15	LdDocent_Contig_3159_380	0	1	0.997786	0.987916	0.003123	0.003539
15	LdDocent_Contig_3159_380	1	2	0.002214	0.012084	0.003123	0.003539
16	LdDocent_Contig_7115_489	0	1	0.997747	0.984428	0.003171	0.003924
16	LdDocent_Contig_7115_489	1	2	0.002253	0.015572	0.003171	0.003924
17	LdDocent_Contig_82354_396	0	1	0.993876	0.976468	0.004982	0.004697
17	LdDocent_Contig_82354_396	1	2	0.006124	0.023532	0.004982	0.004697
18	LdDocent_Contig_2291_448	0	1	0.898738	0.999536	0.025164	0.000656
18	LdDocent_Contig_2291_448	1	2	0.101262	0.000464	0.025164	0.000656
19	LdDocent_Contig_93071_136	0	1	0.858949	0.999532	0.023288	0.000660
19	LdDocent_Contig_93071_136	1	2	0.141051	0.000468	0.023288	0.000660
20	LdDocent_Contig_2786_363	0	1	0.945240	0.927525	0.019912	0.007681
20	LdDocent_Contig_2786_363	1	2	0.054760	0.072475	0.019912	0.007681
21	LdDocent_Contig_9214_428	0	1	0.992119	0.756784	0.006402	0.013294
21	LdDocent_Contig_9214_428	1	2	0.007881	0.243216	0.006402	0.013294
22	LdDocent_Contig_388_399	0	1	0.333142	0.356332	0.052465	0.014085
22	LdDocent_Contig_388_399	1	2	0.666858	0.643668	0.052465	0.014085
23	LdDocent_Contig_83832_428	0	1	0.932975	0.970707	0.016881	0.005189
23	LdDocent_Contig_83832_428	1	2	0.067025	0.029293	0.016881	0.005189
24	LdDocent_Contig_22599_407	0	1	0.964381	0.999537	0.011964	0.000655
24	LdDocent_Contig_22599_407	1	2	0.035619	0.000463	0.011964	0.000655
25	LdDocent_Contig_94884_44	0	1	0.994020	0.988193	0.004852	0.003195
25	LdDocent_Contig_94884_44	1	2	0.005980	0.011807	0.004852	0.003195
26	LdDocent_Contig_56_82	0	1	0.998108	0.986106	0.002666	0.003399
26	LdDocent_Contig_56_82	1	2	0.001892	0.013894	0.002666	0.003399
27	LdDocent_Contig_91295_443	0	1	0.939321	0.998460	0.016605	0.001255
27	LdDocent_Contig_91295_443	1	2	0.060679	0.001540	0.016605	0.001255
28	LdDocent_Contig_683_19	0	1	0.998076	0.990702	0.002712	0.002853
28	LdDocent_Contig_683_19	1	2	0.001924	0.009298	0.002712	0.002853
29	LdDocent_Contig_55695_22	0	1	0.967432	0.999519	0.011669	0.000681
29	LdDocent_Contig_55695_22	1	2	0.032568	0.000481	0.011669	0.000681
30	LdDocent_Contig_30221_20	0	1	0.997847	0.991889	0.003035	0.002772
30	LdDocent_Contig_30221_20	1	2	0.002153	0.008111	0.003035	0.002772
31	LdDocent_Contig_65678_140	0	1	0.989455	0.988468	0.006632	0.003261
31	LdDocent_Contig_65678_140	1	2	0.010545	0.011532	0.006632	0.003261
32	LdDocent_Contig_73591_371	0	1	0.283458	0.984643	0.031260	0.003696
32	LdDocent_Contig_73591_371	1	2	0.716542	0.015357	0.031260	0.003696
33	LdDocent_Contig_6917_113	0	1	0.919385	0.999528	0.017965	0.000666
33	LdDocent_Contig_6917_113	1	2	0.080615	0.000472	0.017965	0.000666
34	LdDocent_Contig_898_130	0	1	0.998084	0.990033	0.002698	0.002923
34	LdDocent_Contig_898_130	1	2	0.001916	0.009967	0.002698	0.002923
35	LdDocent_Contig_81466_125	0	1	0.997579	0.984628	0.003389	0.003764
35	LdDocent_Contig_81466_125	1	2	0.002421	0.015372	0.003389	0.003764
36	LdDocent_Contig_11498_456	0	1	0.997682	0.991235	0.003263	0.002990
36	LdDocent_Contig_11498_456	1	2	0.002318	0.008765	0.003263	0.002990
37	LdDocent_Contig_62264_478	0	1	0.961377	0.999511	0.012976	0.000691
37	LdDocent_Contig_62264_478	1	2	0.038623	0.000489	0.012976	0.000691
38	LdDocent_Contig_182_378	0	1	0.872764	0.999511	0.022254	0.000690
38	LdDocent_Contig_182_378	1	2	0.127236	0.000489	0.022254	0.000690
39	LdDocent_Contig_93275_493	0	1	0.996135	0.987559	0.005094	0.003573
39	LdDocent_Contig_93275_493	1	2	0.003865	0.012441	0.005094	0.003573
40	LdDocent_Contig_35892_62	0	1	0.997778	0.986561	0.003132	0.003628
40	LdDocent_Contig_35892_62	1	2	0.002222	0.013439	0.003132	0.003628
41	LdDocent_Contig_323_126	0	1	0.693687	0.999548	0.029219	0.000638
41	LdDocent_Contig_323_126	1	2	0.306313	0.000452	0.029219	0.000638
42	LdDocent_Contig_56486_405	0	1	0.399800	0.994778	0.031698	0.002301
42	LdDocent_Contig_56486_405	1	2	0.600200	0.005222	0.031698	0.002301
43	LdDocent_Contig_200_339	0	1	0.998094	0.983387	0.002683	0.003730
43	LdDocent_Contig_200_339	1	2	0.001906	0.016613	0.002683	0.003730
44	LdDocent_Contig_1067_382	0	1	0.898460	0.998621	0.019034	0.001124
44	LdDocent_Contig_1067_382	1	2	0.101540	0.001379	0.019034	0.001124
45	LdDocent_Contig_870_53	0	1	0.997738	0.887682	0.003184	0.009718
45	LdDocent_Contig_870_53	1	2	0.002262	0.112318	0.003184	0.009718
46	LdDocent_Contig_63087_64	0	1	0.997844	0.990075	0.003042	0.003044
46	LdDocent_Contig_63087_64	1	2	0.002156	0.009925	0.003042	0.003044
47	LdDocent_Contig_311_397	0	1	0.997618	0.980656	0.003355	0.004128
47	LdDocent_Contig_311_397	1	2	0.002382	0.019344	0.003355	0.004128
48	LdDocent_Contig_1050_136	0	1	0.998098	0.991047	0.002683	0.002750
48	LdDocent_Contig_1050_136	1	2	0.001902	0.008953	0.002683	0.002750
49	LdDocent_Contig_51647_124	0	1	0.998027	0.992603	0.002785	0.002526
49	LdDocent_Contig_51647_124	1	2	0.001973	0.007397	0.002785	0.002526
50	LdDocent_Contig_14731_131	0	1	0.997795	0.954295	0.003100	0.006408
50	LdDocent_Contig_14731_131	1	2	0.002205	0.045705	0.003100	0.006408
51	LdDocent_Contig_2519_114	0	1	0.027006	0.998020	0.010590	0.001399
51	LdDocent_Contig_2519_114	1	2	0.972994	0.001980	0.010590	0.001399
52	LdDocent_Contig_2918_449	0	1	0.997831	0.970215	0.003066	0.005307
52	LdDocent_Contig_2918_449	1	2	0.002169	0.029785	0.003066	0.005307
53	LdDocent_Contig_27899_8	0	1	0.933207	0.943148	0.016771	0.007128
53	LdDocent_Contig_27899_8	1	2	0.066793	0.056852	0.016771	0.007128
54	LdDocent_Contig_2064_430	0	1	0.317113	0.997795	0.029013	0.001428
54	LdDocent_Contig_2064_430	1	2	0.682887	0.002205	0.029013	0.001428
55	LdDocent_Contig_73_392	0	1	0.981884	0.596695	0.008499	0.014210
55	LdDocent_Contig_73_392	1	2	0.018116	0.403305	0.008499	0.014210
56	LdDocent_Contig_3296_373	0	1	0.997755	0.900416	0.003161	0.009202
56	LdDocent_Contig_3296_373	1	2	0.002245	0.099584	0.003161	0.009202
57	LdDocent_Contig_1657_34	0	1	0.969080	0.999513	0.011089	0.000688
57	LdDocent_Contig_1657_34	1	2	0.030920	0.000487	0.011089	0.000688
58	LdDocent_Contig_12501_435	0	1	0.946935	0.992815	0.032403	0.002455
58	LdDocent_Contig_12501_435	1	2	0.053065	0.007185	0.032403	0.002455
59	LdDocent_Contig_25896_441	0	1	0.887268	0.999508	0.021882	0.000695
59	LdDocent_Contig_25896_441	1	2	0.112732	0.000492	0.021882	0.000695
60	LdDocent_Contig_29135_480	0	1	0.997934	0.924807	0.002910	0.007830
60	LdDocent_Contig_29135_480	1	2	0.002066	0.075193	0.002910	0.007830
61	LdDocent_Contig_16107_139	0	1	0.997571	0.962412	0.003401	0.006114
61	LdDocent_Contig_16107_139	1	2	0.002429	0.037588	0.003401	0.006114
62	LdDocent_Contig_64774_370	0	2	0.126186	0.183000	0.021813	0.011823
62	LdDocent_Contig_64774_370	1	1	0.873814	0.817000	0.021813	0.011823
63	LdDocent_Contig_81533_58	0	1	0.997350	0.988121	0.003572	0.003247
63	LdDocent_Contig_81533_58	1	2	0.002650	0.011879	0.003572	0.003247
64	LdDocent_Contig_797_407	0	1	0.997513	0.947581	0.003424	0.006676
64	LdDocent_Contig_797_407	1	2	0.002487	0.052419	0.003424	0.006676
65	LdDocent_Contig_2363_121	0	1	0.840015	0.996696	0.023926	0.001765
65	LdDocent_Contig_2363_121	1	2	0.159985	0.003304	0.023926	0.001765
66	LdDocent_Contig_26350_349	0	1	0.407704	0.462657	0.031652	0.015513
66	LdDocent_Contig_26350_349	1	2	0.592296	0.537343	0.031652	0.015513
67	LdDocent_Contig_23284_87	0	1	0.979532	0.068541	0.009525	0.007884
67	LdDocent_Contig_23284_87	1	2	0.020468	0.931459	0.009525	0.007884
68	LdDocent_Contig_3867_9	0	1	0.997870	0.967666	0.003005	0.005416
68	LdDocent_Contig_3867_9	1	2	0.002130	0.032334	0.003005	0.005416
69	LdDocent_Contig_650_40	0	1	0.997061	0.987523	0.003952	0.003285
69	LdDocent_Contig_650_40	1	2	0.002939	0.012477	0.003952	0.003285
70	LdDocent_Contig_6137_407	0	1	0.931617	0.988166	0.035077	0.003202
70	LdDocent_Contig_6137_407	1	2	0.068383	0.011834	0.035077	0.003202
71	LdDocent_Contig_18650_24	0	1	0.997776	0.993325	0.003142	0.002613
71	LdDocent_Contig_18650_24	1	2	0.002224	0.006675	0.003142	0.002613
72	LdDocent_Contig_1787_380	0	1	0.850891	0.999575	0.021878	0.000601
72	LdDocent_Contig_1787_380	1	2	0.149109	0.000425	0.021878	0.000601
73	LdDocent_Contig_50600_49	0	1	0.900421	0.998783	0.018679	0.001075
73	LdDocent_Contig_50600_49	1	2	0.099579	0.001217	0.018679	0.001075
74	LdDocent_Contig_13740_312	0	1	0.997982	0.977245	0.002846	0.004454
74	LdDocent_Contig_13740_312	1	2	0.002018	0.022755	0.002846	0.004454
75	LdDocent_Contig_62739_33	0	1	0.916276	0.996457	0.018674	0.001891
75	LdDocent_Contig_62739_33	1	2	0.083724	0.003543	0.018674	0.001891
76	LdDocent_Contig_83756_395	0	1	0.990239	0.994370	0.006126	0.002206
76	LdDocent_Contig_83756_395	1	2	0.009761	0.005630	0.006126	0.002206
77	LdDocent_Contig_14227_467	0	1	0.966418	0.998709	0.011317	0.001053
77	LdDocent_Contig_14227_467	1	2	0.033582	0.001291	0.011317	0.001053
78	LdDocent_Contig_52714_9	0	1	0.994275	0.990838	0.004647	0.002815
78	LdDocent_Contig_52714_9	1	2	0.005725	0.009162	0.004647	0.002815
79	LdDocent_Contig_1589_34	0	1	0.997620	0.985983	0.003352	0.003534
79	LdDocent_Contig_1589_34	1	2	0.002380	0.014017	0.003352	0.003534
80	LdDocent_Contig_13428_103	0	1	0.976868	0.993489	0.009737	0.002545
80	LdDocent_Contig_13428_103	1	2	0.023132	0.006511	0.009737	0.002545
81	LdDocent_Contig_75509_60	0	1	0.997981	0.982140	0.002843	0.003911
81	LdDocent_Contig_75509_60	1	2	0.002019	0.017860	0.002843	0.003911
82	LdDocent_Contig_3016_389	0	1	0.977555	0.993349	0.017987	0.002419
82	LdDocent_Contig_3016_389	1	2	0.022445	0.006651	0.017987	0.002419
83	LdDocent_Contig_19332_430	0	1	0.942532	0.999595	0.020339	0.000573
83	LdDocent_Contig_19332_430	1	2	0.057468	0.000405	0.020339	0.000573
84	LdDocent_Contig_1743_497	0	1	0.997746	0.985556	0.003176	0.003765
84	LdDocent_Contig_1743_497	1	2	0.002254	0.014444	0.003176	0.003765
85	LdDocent_Contig_6145_343	0	1	0.989856	0.988570	0.006373	0.003209
85	LdDocent_Contig_6145_343	1	2	0.010144	0.011430	0.006373	0.003209
86	LdDocent_Contig_55008_490	0	1	0.987176	0.981335	0.008035	0.004295
86	LdDocent_Contig_55008_490	1	2	0.012824	0.018665	0.008035	0.004295
87	LdDocent_Contig_8958_53	0	1	0.997770	0.977759	0.003141	0.004633
87	LdDocent_Contig_8958_53	1	2	0.002230	0.022241	0.003141	0.004633
88	LdDocent_Contig_9177_452	0	1	0.997668	0.988035	0.003291	0.003502
88	LdDocent_Contig_9177_452	1	2	0.002332	0.011965	0.003291	0.003502
89	LdDocent_Contig_29501_373	0	1	0.997973	0.992937	0.002859	0.002567
89	LdDocent_Contig_29501_373	1	2	0.002027	0.007063	0.002859	0.002567
90	LdDocent_Contig_66458_63	0	1	0.997869	0.990859	0.003004	0.002954
90	LdDocent_Contig_66458_63	1	2	0.002131	0.009141	0.003004	0.002954
91	LdDocent_Contig_81828_436	0	1	0.997692	0.991534	0.003252	0.002890
91	LdDocent_Contig_81828_436	1	2	0.002308	0.008466	0.003252	0.002890
92	LdDocent_Contig_37885_42	0	1	0.993836	0.939877	0.005094	0.007206
92	LdDocent_Contig_37885_42	1	2	0.006164	0.060123	0.005094	0.007206
93	LdDocent_Contig_65369_74	0	2	0.997964	0.500833	0.002872	0.014968
93	LdDocent_Contig_65369_74	1	1	0.002036	0.499167	0.002872	0.014968
94	LdDocent_Contig_8151_404	0	1	0.997729	0.992497	0.003199	0.002728
94	LdDocent_Contig_8151_404	1	2	0.002271	0.007503	0.003199	0.002728
95	LdDocent_Contig_94840_462	0	1	0.997947	0.846842	0.002898	0.010496
95	LdDocent_Contig_94840_462	1	2	0.002053	0.153158	0.002898	0.010496
96	LdDocent_Contig_93_22	0	1	0.997653	0.924181	0.003305	0.007977
96	LdDocent_Contig_93_22	1	2	0.002347	0.075819	0.003305	0.007977
97	LdDocent_Contig_142_112	0	1	0.997461	0.985203	0.003494	0.003633
97	LdDocent_Contig_142_112	1	2	0.002539	0.014797	0.003494	0.003633
98	LdDocent_Contig_1544_499	0	1	0.997952	0.985030	0.002894	0.003654
98	LdDocent_Contig_1544_499	1	2	0.002048	0.014970	0.002894	0.003654
99	LdDocent_Contig_912_44	0	1	0.949657	0.999507	0.014459	0.000696
99	LdDocent_Contig_912_44	1	2	0.050343	0.000493	0.014459	0.000696
100	LdDocent_Contig_220_377	0	1	0.993591	0.982257	0.005168	0.004004
100	LdDocent_Contig_220_377	1	2	0.006409	0.017743	0.005168	0.004004
101	LdDocent_Contig_15609_391	0	1	0.885267	0.999509	0.021377	0.000694
101	LdDocent_Contig_15609_391	1	2	0.114733	0.000491	0.021377	0.000694
102	LdDocent_Contig_67329_467	0	1	0.997729	0.979935	0.003202	0.004387
102	LdDocent_Contig_67329_467	1	2	0.002271	0.020065	0.003202	0.004387
103	LdDocent_Contig_74432_382	0	1	0.997470	0.896179	0.003517	0.009311
103	LdDocent_Contig_74432_382	1	2	0.002530	0.103821	0.003517	0.009311
104	LdDocent_Contig_6056_54	0	1	0.997646	0.988398	0.003316	0.003260
104	LdDocent_Contig_6056_54	1	2	0.002354	0.011602	0.003316	0.003260
105	LdDocent_Contig_3756_476	0	1	0.029156	0.978233	0.011944	0.004476
105	LdDocent_Contig_3756_476	1	2	0.970844	0.021767	0.011944	0.004476
106	LdDocent_Contig_5314_377	0	1	0.997897	0.992923	0.002964	0.002574
106	LdDocent_Contig_5314_377	1	2	0.002103	0.007077	0.002964	0.002574
107	LdDocent_Contig_80193_479	0	1	0.997921	0.980968	0.002935	0.004065
107	LdDocent_Contig_80193_479	1	2	0.002079	0.019032	0.002935	0.004065
108	LdDocent_Contig_1648_467	0	1	0.993121	0.987767	0.005655	0.003437
108	LdDocent_Contig_1648_467	1	2	0.006879	0.012233	0.005655	0.003437
109	LdDocent_Contig_68153_66	0	2	0.574422	0.388460	0.032719	0.014998
109	LdDocent_Contig_68153_66	1	1	0.425578	0.611540	0.032719	0.014998
110	LdDocent_Contig_37048_15	0	1	0.672390	0.913206	0.030475	0.008606
110	LdDocent_Contig_37048_15	1	2	0.327610	0.086794	0.030475	0.008606
111	LdDocent_Contig_96131_349	0	1	0.983587	0.986269	0.008581	0.003630
111	LdDocent_Contig_96131_349	1	2	0.016413	0.013731	0.008581	0.003630
112	LdDocent_Contig_6752_358	0	1	0.997627	0.987159	0.003343	0.003475
112	LdDocent_Contig_6752_358	1	2	0.002373	0.012841	0.003343	0.003475
113	LdDocent_Contig_72722_48	0	1	0.857537	0.998608	0.024312	0.001133
113	LdDocent_Contig_72722_48	1	2	0.142463	0.001392	0.024312	0.001133
114	LdDocent_Contig_87120_461	0	1	0.997856	0.990249	0.003020	0.002994
114	LdDocent_Contig_87120_461	1	2	0.002144	0.009751	0.003020	0.002994
115	LdDocent_Contig_60726_107	0	1	0.998050	0.984418	0.002753	0.003697
115	LdDocent_Contig_60726_107	1	2	0.001950	0.015582	0.002753	0.003697
116	LdDocent_Contig_290_116	0	1	0.989711	0.792357	0.006455	0.012354
116	LdDocent_Contig_290_116	1	2	0.010289	0.207643	0.006455	0.012354
117	LdDocent_Contig_65052_13	0	1	0.993915	0.979336	0.004975	0.004311
117	LdDocent_Contig_65052_13	1	2	0.006085	0.020664	0.004975	0.004311
118	LdDocent_Contig_34273_350	0	1	0.942851	0.973581	0.014980	0.004963
118	LdDocent_Contig_34273_350	1	2	0.057149	0.026419	0.014980	0.004963
119	LdDocent_Contig_81434_14	0	1	0.997903	0.970953	0.002958	0.005185
119	LdDocent_Contig_81434_14	1	2	0.002097	0.029047	0.002958	0.005185
120	LdDocent_Contig_24317_315	0	1	0.993073	0.758617	0.005624	0.013694
120	LdDocent_Contig_24317_315	1	2	0.006927	0.241383	0.005624	0.013694
121	LdDocent_Contig_11404_44	0	1	0.997736	0.827717	0.003196	0.011989
121	LdDocent_Contig_11404_44	1	2	0.002264	0.172283	0.003196	0.011989
122	LdDocent_Contig_1563_72	0	1	0.997964	0.983211	0.002873	0.003978
122	LdDocent_Contig_1563_72	1	2	0.002036	0.016789	0.002873	0.003978
123	LdDocent_Contig_86410_87	0	1	0.997870	0.985144	0.002997	0.003870
123	LdDocent_Contig_86410_87	1	2	0.002130	0.014856	0.002997	0.003870
124	LdDocent_Contig_93107_422	0	1	0.997941	0.989233	0.002903	0.003303
124	LdDocent_Contig_93107_422	1	2	0.002059	0.010767	0.002903	0.003303
125	LdDocent_Contig_56012_352	0	1	0.975533	0.961538	0.010275	0.005846
125	LdDocent_Contig_56012_352	1	2	0.024467	0.038462	0.010275	0.005846
126	LdDocent_Contig_26396_434	0	1	0.997864	0.935305	0.003006	0.007390
126	LdDocent_Contig_26396_434	1	2	0.002136	0.064695	0.003006	0.007390
127	LdDocent_Contig_19601_408	0	1	0.997448	0.944878	0.003583	0.007126
127	LdDocent_Contig_19601_408	1	2	0.002552	0.055122	0.003583	0.007126
128	LdDocent_Contig_62356_87	0	1	0.997114	0.989511	0.003848	0.003122
128	LdDocent_Contig_62356_87	1	2	0.002886	0.010489	0.003848	0.003122
129	LdDocent_Contig_24629_85	0	1	0.997710	0.959726	0.003228	0.006047
129	LdDocent_Contig_24629_85	1	2	0.002290	0.040274	0.003228	0.006047
130	LdDocent_Contig_569_458	0	2	0.002329	0.189891	0.003280	0.012180
130	LdDocent_Contig_569_458	1	1	0.997671	0.810109	0.003280	0.012180
131	LdDocent_Contig_84487_489	0	1	0.891258	0.999504	0.021152	0.000701
131	LdDocent_Contig_84487_489	1	2	0.108742	0.000496	0.021152	0.000701
132	LdDocent_Contig_1475_425	0	1	0.996987	0.986290	0.004032	0.003626
132	LdDocent_Contig_1475_425	1	2	0.003013	0.013710	0.004032	0.003626
133	LdDocent_Contig_55488_107	0	1	0.997910	0.993124	0.002946	0.002501
133	LdDocent_Contig_55488_107	1	2	0.002090	0.006876	0.002946	0.002501
134	LdDocent_Contig_14368_50	0	2	0.997201	0.942815	0.003922	0.006974
134	LdDocent_Contig_14368_50	1	1	0.002799	0.057185	0.003922	0.006974
135	LdDocent_Contig_60842_48	0	1	0.998036	0.975909	0.002771	0.004538
135	LdDocent_Contig_60842_48	1	2	0.001964	0.024091	0.002771	0.004538
136	LdDocent_Contig_53301_366	0	2	0.006927	0.334143	0.005625	0.014361
136	LdDocent_Contig_53301_366	1	1	0.993073	0.665857	0.005625	0.014361
137	LdDocent_Contig_15237_23	0	1	0.997495	0.949651	0.003531	0.006526
137	LdDocent_Contig_15237_23	1	2	0.002505	0.050349	0.003531	0.006526
138	LdDocent_Contig_1961_85	0	1	0.997773	0.986808	0.003144	0.003561
138	LdDocent_Contig_1961_85	1	2	0.002227	0.013192	0.003144	0.003561
139	LdDocent_Contig_7258_69	0	1	0.998098	0.986958	0.002689	0.003400
139	LdDocent_Contig_7258_69	1	2	0.001902	0.013042	0.002689	0.003400
140	LdDocent_Contig_88057_115	0	1	0.998023	0.993298	0.002791	0.002438
140	LdDocent_Contig_88057_115	1	2	0.001977	0.006702	0.002791	0.002438
141	LdDocent_Contig_1852_85	0	1	0.951742	0.999507	0.013870	0.000697
141	LdDocent_Contig_1852_85	1	2	0.048258	0.000493	0.013870	0.000697
142	LdDocent_Contig_594_22	0	1	0.997682	0.987896	0.003225	0.003289
142	LdDocent_Contig_594_22	1	2	0.002318	0.012104	0.003225	0.003289
143	LdDocent_Contig_30110_37	0	1	0.952186	0.998537	0.015114	0.001197
143	LdDocent_Contig_30110_37	1	2	0.047814	0.001463	0.015114	0.001197
144	LdDocent_Contig_58804_430	0	1	0.997477	0.985890	0.003553	0.003678
144	LdDocent_Contig_58804_430	1	2	0.002523	0.014110	0.003553	0.003678
145	LdDocent_Contig_5187_138	0	1	0.997909	0.980847	0.002948	0.004085
145	LdDocent_Contig_5187_138	1	2	0.002091	0.019153	0.002948	0.004085
146	LdDocent_Contig_202_400	0	1	0.997886	0.983979	0.002982	0.003907
146	LdDocent_Contig_202_400	1	2	0.002114	0.016021	0.002982	0.003907
147	LdDocent_Contig_72884_89	0	1	0.934126	0.998663	0.015657	0.001091
147	LdDocent_Contig_72884_89	1	2	0.065874	0.001337	0.015657	0.001091
148	LdDocent_Contig_90078_108	0	1	0.992218	0.954552	0.006041	0.006175
148	LdDocent_Contig_90078_108	1	2	0.007782	0.045448	0.006041	0.006175
149	LdDocent_Contig_24534_432	0	1	0.984578	0.991806	0.008149	0.002796
149	LdDocent_Contig_24534_432	1	2	0.015422	0.008194	0.008149	0.002796
150	LdDocent_Contig_5099_92	0	1	0.776419	0.997746	0.026247	0.001483
150	LdDocent_Contig_5099_92	1	2	0.223581	0.002254	0.026247	0.001483
151	LdDocent_Contig_72640_425	0	2	0.684793	0.366949	0.030707	0.015411
151	LdDocent_Contig_72640_425	1	1	0.315207	0.633051	0.030707	0.015411
152	LdDocent_Contig_61302_456	0	1	0.865830	0.997706	0.021912	0.001535
152	LdDocent_Contig_61302_456	1	2	0.134170	0.002294	0.021912	0.001535
153	LdDocent_Contig_5947_310	0	1	0.098194	0.727392	0.022811	0.013239
153	LdDocent_Contig_5947_310	1	2	0.901806	0.272608	0.022811	0.013239
154	LdDocent_Contig_80646_404	0	1	0.993190	0.988543	0.005538	0.003355
154	LdDocent_Contig_80646_404	1	2	0.006810	0.011457	0.005538	0.003355
155	LdDocent_Contig_2258_368	0	1	0.997752	0.987815	0.003174	0.003422
155	LdDocent_Contig_2258_368	1	2	0.002248	0.012185	0.003174	0.003422
156	LdDocent_Contig_1976_371	0	1	0.283919	0.389649	0.046118	0.014507
156	LdDocent_Contig_1976_371	1	2	0.716081	0.610351	0.046118	0.014507
157	LdDocent_Contig_671_38	0	1	0.002373	0.988318	0.003311	0.003367
157	LdDocent_Contig_671_38	1	2	0.997627	0.011682	0.003311	0.003367
158	LdDocent_Contig_81251_341	0	1	0.969172	0.999501	0.011099	0.000704
158	LdDocent_Contig_81251_341	1	2	0.030828	0.000499	0.011099	0.000704
159	LdDocent_Contig_67427_465	0	1	0.997908	0.976161	0.002952	0.004663
159	LdDocent_Contig_67427_465	1	2	0.002092	0.023839	0.002952	0.004663
160	LdDocent_Contig_552_409	0	2	0.993990	0.478626	0.005666	0.014981
160	LdDocent_Contig_552_409	1	1	0.006010	0.521374	0.005666	0.014981
161	LdDocent_Contig_91725_95	0	1	0.997874	0.940563	0.002996	0.007239
161	LdDocent_Contig_91725_95	1	2	0.002126	0.059437	0.002996	0.007239
162	LdDocent_Contig_52519_420	0	1	0.964301	0.999528	0.012001	0.000667
162	LdDocent_Contig_52519_420	1	2	0.035699	0.000472	0.012001	0.000667
163	LdDocent_Contig_723_69	0	1	0.957337	0.999507	0.013534	0.000696
163	LdDocent_Contig_723_69	1	2	0.042663	0.000493	0.013534	0.000696
164	LdDocent_Contig_84958_16	0	1	0.997634	0.987483	0.003330	0.003514
164	LdDocent_Contig_84958_16	1	2	0.002366	0.012517	0.003330	0.003514
165	LdDocent_Contig_905_57	0	1	0.010089	0.920382	0.006415	0.007989
165	LdDocent_Contig_905_57	1	2	0.989911	0.079618	0.006415	0.007989
166	LdDocent_Contig_667_404	0	1	0.998002	0.991838	0.002820	0.002785
166	LdDocent_Contig_667_404	1	2	0.001998	0.008162	0.002820	0.002785
167	LdDocent_Contig_512_462	0	1	0.997298	0.991130	0.003618	0.002769
167	LdDocent_Contig_512_462	1	2	0.002702	0.008870	0.003618	0.002769
168	LdDocent_Contig_87626_440	0	1	0.933017	0.984146	0.016953	0.003992
168	LdDocent_Contig_87626_440	1	2	0.066983	0.015854	0.016953	0.003992
169	LdDocent_Contig_1061_366	0	1	0.833078	0.999501	0.024506	0.000705
169	LdDocent_Contig_1061_366	1	2	0.166922	0.000499	0.024506	0.000705
170	LdDocent_Contig_32966_385	0	1	0.997775	0.976906	0.003124	0.004524
170	LdDocent_Contig_32966_385	1	2	0.002225	0.023094	0.003124	0.004524
171	LdDocent_Contig_3168_53	0	1	0.215479	0.778948	0.025267	0.012221
171	LdDocent_Contig_3168_53	1	2	0.784521	0.221052	0.025267	0.012221
172	LdDocent_Contig_20956_37	0	1	0.998125	0.960380	0.002644	0.005818
172	LdDocent_Contig_20956_37	1	2	0.001875	0.039620	0.002644	0.005818
173	LdDocent_Contig_6190_463	0	1	0.997544	0.992476	0.003454	0.002566
173	LdDocent_Contig_6190_463	1	2	0.002456	0.007524	0.003454	0.002566
174	LdDocent_Contig_84367_434	0	1	0.992946	0.993224	0.005726	0.002650
174	LdDocent_Contig_84367_434	1	2	0.007054	0.006776	0.005726	0.002650
175	LdDocent_Contig_531_334	0	1	0.998034	0.992129	0.002769	0.002685
175	LdDocent_Contig_531_334	1	2	0.001966	0.007871	0.002769	0.002685
176	LdDocent_Contig_570_56	0	1	0.997958	0.982882	0.002878	0.003838
176	LdDocent_Contig_570_56	1	2	0.002042	0.017118	0.002878	0.003838
177	LdDocent_Contig_9812_52	0	1	0.994002	0.989873	0.004875	0.002972
177	LdDocent_Contig_9812_52	1	2	0.005998	0.010127	0.004875	0.002972
178	LdDocent_Contig_2326_368	0	1	0.997490	0.946114	0.003484	0.006737
178	LdDocent_Contig_2326_368	1	2	0.002510	0.053886	0.003484	0.006737
179	LdDocent_Contig_29041_10	0	1	0.879193	0.932173	0.021599	0.007587
179	LdDocent_Contig_29041_10	1	2	0.120807	0.067827	0.021599	0.007587
180	LdDocent_Contig_85011_486	0	1	0.838410	0.999568	0.024163	0.000610
180	LdDocent_Contig_85011_486	1	2	0.161590	0.000432	0.024163	0.000610
181	LdDocent_Contig_55861_143	0	1	0.997642	0.983592	0.003259	0.003800
181	LdDocent_Contig_55861_143	1	2	0.002358	0.016408	0.003259	0.003800
182	LdDocent_Contig_1514_84	0	1	0.947562	0.999533	0.013874	0.000660
182	LdDocent_Contig_1514_84	1	2	0.052438	0.000467	0.013874	0.000660
183	LdDocent_Contig_13789_391	0	1	0.952617	0.977412	0.014003	0.004499
183	LdDocent_Contig_13789_391	1	2	0.047383	0.022588	0.014003	0.004499
184	LdDocent_Contig_1350_53	0	1	0.957512	0.999569	0.012825	0.000610
184	LdDocent_Contig_1350_53	1	2	0.042488	0.000431	0.012825	0.000610
185	LdDocent_Contig_1724_19	0	1	0.997886	0.983322	0.002978	0.003848
185	LdDocent_Contig_1724_19	1	2	0.002114	0.016678	0.002978	0.003848
186	LdDocent_Contig_825_85	0	1	0.002280	0.353238	0.003213	0.014847
186	LdDocent_Contig_825_85	1	2	0.997720	0.646762	0.003213	0.014847
187	LdDocent_Contig_1312_462	0	1	0.997750	0.982328	0.003168	0.004077
187	LdDocent_Contig_1312_462	1	2	0.002250	0.017672	0.003168	0.004077
188	LdDocent_Contig_1949_86	0	1	0.997982	0.978523	0.002843	0.004379
188	LdDocent_Contig_1949_86	1	2	0.002018	0.021477	0.002843	0.004379
189	LdDocent_Contig_1972_409	0	1	0.005955	0.994869	0.004848	0.002181
189	LdDocent_Contig_1972_409	1	2	0.994045	0.005131	0.004848	0.002181
190	LdDocent_Contig_5593_130	0	1	0.993485	0.976473	0.005285	0.004697
190	LdDocent_Contig_5593_130	1	2	0.006515	0.023527	0.005285	0.004697
191	LdDocent_Contig_6048_73	0	1	0.997968	0.993034	0.002870	0.002536
191	LdDocent_Contig_6048_73	1	2	0.002032	0.006966	0.002870	0.002536
192	LdDocent_Contig_96151_9	0	1	0.997892	0.967410	0.002974	0.005236
192	LdDocent_Contig_96151_9	1	2	0.002108	0.032590	0.002974	0.005236
193	LdDocent_Contig_9871_137	0	1	0.997763	0.984585	0.003128	0.003670
193	LdDocent_Contig_9871_137	1	2	0.002237	0.015415	0.003128	0.003670
194	LdDocent_Contig_36665_42	0	1	0.965976	0.999509	0.011495	0.000691
194	LdDocent_Contig_36665_42	1	2	0.034024	0.000491	0.011495	0.000691
195	LdDocent_Contig_34118_98	0	1	0.998015	0.976814	0.002799	0.004537
195	LdDocent_Contig_34118_98	1	2	0.001985	0.023186	0.002799	0.004537
196	LdDocent_Contig_12899_65	0	1	0.997990	0.514361	0.002838	0.014757
196	LdDocent_Contig_12899_65	1	2	0.002010	0.485639	0.002838	0.014757
197	LdDocent_Contig_65895_364	0	1	0.997941	0.982960	0.002904	0.003924
197	LdDocent_Contig_65895_364	1	2	0.002059	0.017040	0.002904	0.003924
198	LdDocent_Contig_75463_414	0	1	0.997873	0.993274	0.002998	0.002445
198	LdDocent_Contig_75463_414	1	2	0.002127	0.006726	0.002998	0.002445
199	LdDocent_Contig_32_429	0	1	0.990135	0.972544	0.006215	0.004903
199	LdDocent_Contig_32_429	1	2	0.009865	0.027456	0.006215	0.004903
