999901_sweeps	1.000/0.000/0.000/0.000	0.000/0.000/0.000/1.000	0.000/0.500/0.500/0.000	0.250/0.250/0.250/0.250	0.500/0.250/0.250/0.000	0.000/0.250/0.250/0.500
1	0.00000	0.99988	0.00000	0.00000	0.00000	0.00012
2	0.00000	1.00000	0.00000	0.00000	0.00000	0.00000
3	0.00000	1.00000	0.00000	0.00000	0.00000	0.00000
4	0.00000	0.98255	0.00000	0.00030	0.00000	0.01715
5	0.00000	1.00000	0.00000	0.00000	0.00000	0.00000
6	0.00000	0.99998	0.00000	0.00000	0.00000	0.00002
7	0.00000	0.99996	0.00000	0.00000	0.00000	0.00004
8	0.00000	0.99999	0.00000	0.00000	0.00000	0.00001
9	0.00000	0.99934	0.00000	0.00000	0.00000	0.00066
10	0.00000	0.00000	0.00000	0.00049	0.99951	0.00000
11	1.00000	0.00000	0.00000	0.00000	0.00000	0.00000
12	0.00000	0.98569	0.00000	0.00020	0.00000	0.01411
13	0.00000	1.00000	0.00000	0.00000	0.00000	0.00000
14	0.00000	0.99999	0.00000	0.00000	0.00000	0.00001
15	0.00000	1.00000	0.00000	0.00000	0.00000	0.00000
16	0.00000	0.99715	0.00000	0.00002	0.00000	0.00284
17	1.00000	0.00000	0.00000	0.00000	0.00000	0.00000
18	0.75047	0.00000	0.00000	0.01264	0.23689	0.00000
19	0.00000	0.85334	0.00001	0.01166	0.00000	0.13499
20	1.00000	0.00000	0.00000	0.00000	0.00000	0.00000
21	0.00000	0.00000	0.00000	0.99944	0.00027	0.00030
22	0.00000	0.99039	0.00000	0.00002	0.00000	0.00959
23	0.99998	0.00000	0.00000	0.00000	0.00002	0.00000
24	1.00000	0.00000	0.00000	0.00000	0.00000	0.00000
25	1.00000	0.00000	0.00000	0.00000	0.00000	0.00000
26	0.00000	1.00000	0.00000	0.00000	0.00000	0.00000
27	0.00000	1.00000	0.00000	0.00000	0.00000	0.00000
28	0.00000	0.99995	0.00000	0.00000	0.00000	0.00005
29	0.00000	1.00000	0.00000	0.00000	0.00000	0.00000
30	0.99623	0.00000	0.00000	0.00000	0.00377	0.00000
31	1.00000	0.00000	0.00000	0.00000	0.00000	0.00000
32	0.00000	0.80923	0.00059	0.02660	0.00007	0.16351
33	0.99954	0.00000	0.00000	0.00000	0.00046	0.00000
34	0.00034	0.66133	0.00834	0.08768	0.00360	0.23869
35	0.00000	0.99593	0.00000	0.00001	0.00000	0.00406
36	0.00000	1.00000	0.00000	0.00000	0.00000	0.00000
37	1.00000	0.00000	0.00000	0.00000	0.00000	0.00000
38	1.00000	0.00000	0.00000	0.00000	0.00000	0.00000
39	0.00000	1.00000	0.00000	0.00000	0.00000	0.00000
40	0.00000	1.00000	0.00000	0.00000	0.00000	0.00000
41	0.00000	1.00000	0.00000	0.00000	0.00000	0.00000
42	0.00000	1.00000	0.00000	0.00000	0.00000	0.00000
43	0.00081	0.00000	0.00000	0.00004	0.99916	0.00000
44	0.00000	0.99998	0.00000	0.00000	0.00000	0.00002
45	1.00000	0.00000	0.00000	0.00000	0.00000	0.00000
46	0.00000	0.86108	0.00000	0.00000	0.00000	0.13892
47	0.00000	1.00000	0.00000	0.00000	0.00000	0.00000
48	0.99992	0.00000	0.00000	0.00000	0.00008	0.00000
49	0.99892	0.00000	0.00000	0.00000	0.00108	0.00000
50	0.00000	0.99813	0.00000	0.00000	0.00000	0.00187
51	0.00000	1.00000	0.00000	0.00000	0.00000	0.00000
52	0.00000	1.00000	0.00000	0.00000	0.00000	0.00000
53	0.31157	0.00000	0.00000	0.00426	0.68417	0.00000
54	0.00000	1.00000	0.00000	0.00000	0.00000	0.00000
55	0.00000	1.00000	0.00000	0.00000	0.00000	0.00000
56	0.98332	0.00000	0.00000	0.00023	0.01645	0.00000
57	0.00000	1.00000	0.00000	0.00000	0.00000	0.00000
58	0.00000	1.00000	0.00000	0.00000	0.00000	0.00000
59	0.00000	0.99992	0.00000	0.00000	0.00000	0.00008
60	0.00000	0.99999	0.00000	0.00000	0.00000	0.00001
61	0.00000	1.00000	0.00000	0.00000	0.00000	0.00000
62	0.00000	0.99958	0.00000	0.00000	0.00000	0.00042
63	0.00000	1.00000	0.00000	0.00000	0.00000	0.00000
64	0.00000	1.00000	0.00000	0.00000	0.00000	0.00000
65	0.00000	0.99999	0.00000	0.00000	0.00000	0.00001
66	0.99999	0.00000	0.00000	0.00000	0.00001	0.00000
67	0.00000	1.00000	0.00000	0.00000	0.00000	0.00000
68	0.00000	1.00000	0.00000	0.00000	0.00000	0.00000
69	0.00000	0.96905	0.00000	0.00094	0.00000	0.03000
70	0.00000	0.99987	0.00000	0.00000	0.00000	0.00013
71	0.00000	1.00000	0.00000	0.00000	0.00000	0.00000
72	0.00000	1.00000	0.00000	0.00000	0.00000	0.00000
73	0.00000	0.99997	0.00000	0.00000	0.00000	0.00003
74	0.00000	1.00000	0.00000	0.00000	0.00000	0.00000
75	0.00000	0.99987	0.00000	0.00000	0.00000	0.00013
76	0.00000	1.00000	0.00000	0.00000	0.00000	0.00000
77	1.00000	0.00000	0.00000	0.00000	0.00000	0.00000
78	0.99999	0.00000	0.00000	0.00000	0.00001	0.00000
79	0.99999	0.00000	0.00000	0.00000	0.00001	0.00000
80	0.00000	0.96413	0.00000	0.00116	0.00000	0.03470
81	0.00000	1.00000	0.00000	0.00000	0.00000	0.00000
82	0.73969	0.00000	0.00002	0.05638	0.20391	0.00000
83	0.99999	0.00000	0.00000	0.00000	0.00001	0.00000
84	0.00000	1.00000	0.00000	0.00000	0.00000	0.00000
85	1.00000	0.00000	0.00000	0.00000	0.00000	0.00000
86	0.80980	0.00000	0.00000	0.00000	0.19020	0.00000
87	0.00000	1.00000	0.00000	0.00000	0.00000	0.00000
88	1.00000	0.00000	0.00000	0.00000	0.00000	0.00000
89	0.00000	0.99997	0.00000	0.00000	0.00000	0.00003
90	0.00000	1.00000	0.00000	0.00000	0.00000	0.00000
91	0.98399	0.00000	0.00000	0.00026	0.01575	0.00000
92	0.00000	0.00000	0.00000	0.01995	0.00000	0.98004
93	0.00000	0.99999	0.00000	0.00000	0.00000	0.00001
94	0.99309	0.00000	0.00000	0.00002	0.00689	0.00000
95	0.00000	1.00000	0.00000	0.00000	0.00000	0.00000
96	0.00000	0.55051	0.00000	0.00094	0.00000	0.44855
97	0.99999	0.00000	0.00000	0.00000	0.00001	0.00000
98	0.00000	0.99706	0.00000	0.00000	0.00000	0.00293
99	0.05163	0.30151	0.12310	0.18812	0.09806	0.23757
100	0.00000	1.00000	0.00000	0.00000	0.00000	0.00000
101	0.00000	1.00000	0.00000	0.00000	0.00000	0.00000
102	0.00000	1.00000	0.00000	0.00000	0.00000	0.00000
103	0.00000	1.00000	0.00000	0.00000	0.00000	0.00000
104	0.00000	0.99999	0.00000	0.00000	0.00000	0.00001
105	0.00000	0.99729	0.00000	0.00001	0.00000	0.00270
106	0.00000	1.00000	0.00000	0.00000	0.00000	0.00000
107	0.00000	0.99999	0.00000	0.00000	0.00000	0.00001
108	0.99997	0.00000	0.00000	0.00000	0.00003	0.00000
109	0.00000	1.00000	0.00000	0.00000	0.00000	0.00000
110	0.00000	1.00000	0.00000	0.00000	0.00000	0.00000
111	0.00000	1.00000	0.00000	0.00000	0.00000	0.00000
112	0.99999	0.00000	0.00000	0.00000	0.00001	0.00000
113	0.82148	0.00000	0.00000	0.00079	0.17773	0.00000
114	0.00000	1.00000	0.00000	0.00000	0.00000	0.00000
115	0.00000	1.00000	0.00000	0.00000	0.00000	0.00000
116	0.09745	0.00000	0.00000	0.00001	0.90254	0.00000
117	0.00000	1.00000	0.00000	0.00000	0.00000	0.00000
118	1.00000	0.00000	0.00000	0.00000	0.00000	0.00000
119	1.00000	0.00000	0.00000	0.00000	0.00000	0.00000
120	0.00000	1.00000	0.00000	0.00000	0.00000	0.00000
121	0.00000	1.00000	0.00000	0.00000	0.00000	0.00000
122	0.00000	1.00000	0.00000	0.00000	0.00000	0.00000
123	0.00090	0.54926	0.02131	0.14043	0.01087	0.27722
124	0.00000	0.99998	0.00000	0.00000	0.00000	0.00002
125	0.00000	0.99999	0.00000	0.00000	0.00000	0.00001
126	0.00000	1.00000	0.00000	0.00000	0.00000	0.00000
127	0.00000	1.00000	0.00000	0.00000	0.00000	0.00000
128	0.00000	0.99996	0.00000	0.00000	0.00000	0.00004
129	0.00000	0.99903	0.00000	0.00000	0.00000	0.00097
130	0.00000	0.99995	0.00000	0.00000	0.00000	0.00005
131	0.99999	0.00000	0.00000	0.00000	0.00001	0.00000
132	0.00000	1.00000	0.00000	0.00000	0.00000	0.00000
133	0.00000	0.99999	0.00000	0.00000	0.00000	0.00001
134	0.00000	1.00000	0.00000	0.00000	0.00000	0.00000
135	0.00000	1.00000	0.00000	0.00000	0.00000	0.00000
136	0.00000	1.00000	0.00000	0.00000	0.00000	0.00000
137	0.00000	1.00000	0.00000	0.00000	0.00000	0.00000
138	0.99992	0.00000	0.00000	0.00000	0.00008	0.00000
139	0.99984	0.00000	0.00000	0.00000	0.00016	0.00000
140	1.00000	0.00000	0.00000	0.00000	0.00000	0.00000
141	0.99847	0.00000	0.00000	0.00000	0.00153	0.00000
142	0.99998	0.00000	0.00000	0.00000	0.00002	0.00000
143	0.00000	0.99997	0.00000	0.00000	0.00000	0.00003
144	0.99958	0.00000	0.00000	0.00000	0.00042	0.00000
145	1.00000	0.00000	0.00000	0.00000	0.00000	0.00000
146	1.00000	0.00000	0.00000	0.00000	0.00000	0.00000
147	1.00000	0.00000	0.00000	0.00000	0.00000	0.00000
148	1.00000	0.00000	0.00000	0.00000	0.00000	0.00000
149	1.00000	0.00000	0.00000	0.00000	0.00000	0.00000
150	0.99999	0.00000	0.00000	0.00000	0.00001	0.00000
151	0.00000	0.99896	0.00000	0.00000	0.00000	0.00104
152	0.11064	0.21533	0.15384	0.18128	0.14141	0.19750
153	0.00000	0.99991	0.00000	0.00000	0.00000	0.00009
154	0.00000	0.99998	0.00000	0.00000	0.00000	0.00002
155	0.00000	0.99996	0.00000	0.00000	0.00000	0.00004
156	0.00000	1.00000	0.00000	0.00000	0.00000	0.00000
157	0.00000	1.00000	0.00000	0.00000	0.00000	0.00000
158	0.00000	1.00000	0.00000	0.00000	0.00000	0.00000
159	0.00000	1.00000	0.00000	0.00000	0.00000	0.00000
160	0.00000	0.99996	0.00000	0.00000	0.00000	0.00004
161	0.00000	1.00000	0.00000	0.00000	0.00000	0.00000
162	0.99998	0.00000	0.00000	0.00000	0.00002	0.00000
163	0.00000	1.00000	0.00000	0.00000	0.00000	0.00000
164	0.00000	1.00000	0.00000	0.00000	0.00000	0.00000
165	0.00000	0.80209	0.00001	0.03340	0.00000	0.16449
166	1.00000	0.00000	0.00000	0.00000	0.00000	0.00000
167	1.00000	0.00000	0.00000	0.00000	0.00000	0.00000
168	0.99997	0.00000	0.00000	0.00000	0.00003	0.00000
169	0.00000	1.00000	0.00000	0.00000	0.00000	0.00000
170	0.00000	0.99997	0.00000	0.00000	0.00000	0.00003
171	0.00000	1.00000	0.00000	0.00000	0.00000	0.00000
172	0.00000	1.00000	0.00000	0.00000	0.00000	0.00000
173	1.00000	0.00000	0.00000	0.00000	0.00000	0.00000
174	0.00000	1.00000	0.00000	0.00000	0.00000	0.00000
175	0.00000	1.00000	0.00000	0.00000	0.00000	0.00000
176	0.00000	1.00000	0.00000	0.00000	0.00000	0.00000
177	0.00000	0.99999	0.00000	0.00000	0.00000	0.00001
178	1.00000	0.00000	0.00000	0.00000	0.00000	0.00000
179	1.00000	0.00000	0.00000	0.00000	0.00000	0.00000
180	0.00000	1.00000	0.00000	0.00000	0.00000	0.00000
181	0.00000	1.00000	0.00000	0.00000	0.00000	0.00000
182	0.99320	0.00000	0.00000	0.00003	0.00677	0.00000
183	0.00000	0.99999	0.00000	0.00000	0.00000	0.00001
184	0.00000	0.99412	0.00000	0.00000	0.00000	0.00588
185	0.00000	0.99804	0.00000	0.00000	0.00000	0.00196
186	0.99993	0.00000	0.00000	0.00000	0.00007	0.00000
187	0.00000	1.00000	0.00000	0.00000	0.00000	0.00000
188	0.00000	1.00000	0.00000	0.00000	0.00000	0.00000
189	0.00000	0.99795	0.00000	0.00000	0.00000	0.00205
190	0.00000	0.99832	0.00000	0.00000	0.00000	0.00168
191	0.99997	0.00000	0.00000	0.00000	0.00003	0.00000
192	1.00000	0.00000	0.00000	0.00000	0.00000	0.00000
193	0.86965	0.00000	0.00000	0.00000	0.13035	0.00000
194	0.00000	0.99999	0.00000	0.00000	0.00000	0.00001
195	0.00000	0.99999	0.00000	0.00000	0.00000	0.00001
196	0.00000	0.99999	0.00000	0.00000	0.00000	0.00001
197	0.00000	0.93811	0.00000	0.00429	0.00000	0.05760
198	0.00000	1.00000	0.00000	0.00000	0.00000	0.00000
199	0.00000	0.99997	0.00000	0.00000	0.00000	0.00003
200	0.00000	0.00000	0.98322	0.00297	0.00000	0.01381
201	0.00000	0.99998	0.00000	0.00000	0.00000	0.00002
202	0.00000	1.00000	0.00000	0.00000	0.00000	0.00000
203	0.00000	0.90351	0.00000	0.00764	0.00000	0.08885
204	0.00000	1.00000	0.00000	0.00000	0.00000	0.00000
205	0.00000	1.00000	0.00000	0.00000	0.00000	0.00000
206	0.00000	0.99992	0.00000	0.00000	0.00000	0.00008
207	0.00000	1.00000	0.00000	0.00000	0.00000	0.00000
208	0.00000	1.00000	0.00000	0.00000	0.00000	0.00000
209	0.00000	1.00000	0.00000	0.00000	0.00000	0.00000
210	0.00000	0.99990	0.00000	0.00000	0.00000	0.00010
211	0.00000	0.00177	0.00000	0.00000	0.00000	0.99823
212	0.00000	0.99999	0.00000	0.00000	0.00000	0.00001
213	0.99998	0.00000	0.00000	0.00000	0.00002	0.00000
214	0.99984	0.00000	0.00000	0.00000	0.00016	0.00000
215	0.00000	0.99999	0.00000	0.00000	0.00000	0.00001
216	0.00000	1.00000	0.00000	0.00000	0.00000	0.00000
217	0.00000	1.00000	0.00000	0.00000	0.00000	0.00000
218	0.00000	1.00000	0.00000	0.00000	0.00000	0.00000
219	0.00000	0.99994	0.00000	0.00000	0.00000	0.00006
220	0.00000	0.92780	0.00000	0.00500	0.00000	0.06720
221	0.00000	1.00000	0.00000	0.00000	0.00000	0.00000
222	0.00000	1.00000	0.00000	0.00000	0.00000	0.00000
223	0.00000	0.98946	0.00000	0.00010	0.00000	0.01044
224	0.00000	1.00000	0.00000	0.00000	0.00000	0.00000
225	0.00000	1.00000	0.00000	0.00000	0.00000	0.00000
226	1.00000	0.00000	0.00000	0.00000	0.00000	0.00000
227	0.00000	1.00000	0.00000	0.00000	0.00000	0.00000
228	0.00000	0.99994	0.00000	0.00000	0.00000	0.00006
229	0.72098	0.00000	0.00073	0.06385	0.21422	0.00022
230	0.00000	1.00000	0.00000	0.00000	0.00000	0.00000
231	0.00000	1.00000	0.00000	0.00000	0.00000	0.00000
232	0.00000	0.99992	0.00000	0.00000	0.00000	0.00008
233	1.00000	0.00000	0.00000	0.00000	0.00000	0.00000
234	0.00000	0.99982	0.00000	0.00000	0.00000	0.00018
235	0.00000	1.00000	0.00000	0.00000	0.00000	0.00000
236	0.00000	1.00000	0.00000	0.00000	0.00000	0.00000
237	0.00000	0.99999	0.00000	0.00000	0.00000	0.00001
238	0.00000	1.00000	0.00000	0.00000	0.00000	0.00000
239	0.99996	0.00000	0.00000	0.00000	0.00004	0.00000
240	1.00000	0.00000	0.00000	0.00000	0.00000	0.00000
241	1.00000	0.00000	0.00000	0.00000	0.00000	0.00000
242	1.00000	0.00000	0.00000	0.00000	0.00000	0.00000
243	0.00000	1.00000	0.00000	0.00000	0.00000	0.00000
244	0.99939	0.00000	0.00000	0.00000	0.00061	0.00000
245	1.00000	0.00000	0.00000	0.00000	0.00000	0.00000
246	0.00000	0.99999	0.00000	0.00000	0.00000	0.00001
247	0.00000	1.00000	0.00000	0.00000	0.00000	0.00000
248	0.00000	0.94758	0.00000	0.00000	0.00000	0.05242
249	0.00000	0.99998	0.00000	0.00000	0.00000	0.00002
250	0.00000	1.00000	0.00000	0.00000	0.00000	0.00000
251	0.00000	1.00000	0.00000	0.00000	0.00000	0.00000
252	0.00000	1.00000	0.00000	0.00000	0.00000	0.00000
253	0.00000	1.00000	0.00000	0.00000	0.00000	0.00000
254	0.00000	1.00000	0.00000	0.00000	0.00000	0.00000
255	0.00000	1.00000	0.00000	0.00000	0.00000	0.00000
256	0.00000	0.99886	0.00000	0.00000	0.00000	0.00114
257	0.00000	0.99999	0.00000	0.00000	0.00000	0.00001
258	0.00000	1.00000	0.00000	0.00000	0.00000	0.00000
259	0.00000	1.00000	0.00000	0.00000	0.00000	0.00000
260	0.00000	0.99811	0.00000	0.00000	0.00000	0.00189
261	0.00000	1.00000	0.00000	0.00000	0.00000	0.00000
262	0.00000	1.00000	0.00000	0.00000	0.00000	0.00000
263	0.00000	1.00000	0.00000	0.00000	0.00000	0.00000
264	0.00000	1.00000	0.00000	0.00000	0.00000	0.00000
265	0.00000	0.00000	0.00000	0.99830	0.00136	0.00033
266	0.00000	1.00000	0.00000	0.00000	0.00000	0.00000
267	0.00000	1.00000	0.00000	0.00000	0.00000	0.00000
268	0.00000	1.00000	0.00000	0.00000	0.00000	0.00000
269	0.00000	0.99999	0.00000	0.00000	0.00000	0.00001
270	0.00000	1.00000	0.00000	0.00000	0.00000	0.00000
271	0.00000	1.00000	0.00000	0.00000	0.00000	0.00000
272	0.00000	1.00000	0.00000	0.00000	0.00000	0.00000
273	0.00000	1.00000	0.00000	0.00000	0.00000	0.00000
274	0.00000	0.99995	0.00000	0.00000	0.00000	0.00005
275	0.00000	1.00000	0.00000	0.00000	0.00000	0.00000
276	0.00000	0.99999	0.00000	0.00000	0.00000	0.00001
277	0.00000	1.00000	0.00000	0.00000	0.00000	0.00000
278	0.00000	1.00000	0.00000	0.00000	0.00000	0.00000
279	0.00000	0.99998	0.00000	0.00000	0.00000	0.00002
280	0.00000	1.00000	0.00000	0.00000	0.00000	0.00000
281	0.00000	0.99956	0.00000	0.00000	0.00000	0.00044
282	0.00000	1.00000	0.00000	0.00000	0.00000	0.00000
283	1.00000	0.00000	0.00000	0.00000	0.00000	0.00000
284	0.00000	0.99979	0.00000	0.00000	0.00000	0.00021
285	0.00000	1.00000	0.00000	0.00000	0.00000	0.00000
286	0.00000	1.00000	0.00000	0.00000	0.00000	0.00000
287	0.00000	1.00000	0.00000	0.00000	0.00000	0.00000
288	0.00000	1.00000	0.00000	0.00000	0.00000	0.00000
289	0.00000	1.00000	0.00000	0.00000	0.00000	0.00000
290	0.00000	1.00000	0.00000	0.00000	0.00000	0.00000
291	0.00000	1.00000	0.00000	0.00000	0.00000	0.00000
292	0.00000	0.98497	0.00000	0.00000	0.00000	0.01502
293	0.00000	0.99982	0.00000	0.00000	0.00000	0.00018
294	0.00000	1.00000	0.00000	0.00000	0.00000	0.00000
295	0.00000	1.00000	0.00000	0.00000	0.00000	0.00000
296	1.00000	0.00000	0.00000	0.00000	0.00000	0.00000
297	0.00000	1.00000	0.00000	0.00000	0.00000	0.00000
298	0.00000	0.99964	0.00000	0.00000	0.00000	0.00036
299	0.99999	0.00000	0.00000	0.00000	0.00001	0.00000
300	0.00000	0.99999	0.00000	0.00000	0.00000	0.00001
301	0.00000	1.00000	0.00000	0.00000	0.00000	0.00000
302	0.00000	1.00000	0.00000	0.00000	0.00000	0.00000
303	0.00000	1.00000	0.00000	0.00000	0.00000	0.00000
304	0.00000	0.99986	0.00000	0.00000	0.00000	0.00014
305	0.00000	1.00000	0.00000	0.00000	0.00000	0.00000
306	0.00000	0.99972	0.00000	0.00000	0.00000	0.00028
307	0.00000	1.00000	0.00000	0.00000	0.00000	0.00000
308	0.00000	1.00000	0.00000	0.00000	0.00000	0.00000
309	0.00000	1.00000	0.00000	0.00000	0.00000	0.00000
310	0.00000	0.99999	0.00000	0.00000	0.00000	0.00001
311	0.04627	0.32810	0.11436	0.18153	0.08978	0.23997
312	0.00000	1.00000	0.00000	0.00000	0.00000	0.00000
313	0.00000	1.00000	0.00000	0.00000	0.00000	0.00000
314	0.00000	1.00000	0.00000	0.00000	0.00000	0.00000
315	0.00000	0.85104	0.00000	0.00000	0.00000	0.14896
316	0.00000	1.00000	0.00000	0.00000	0.00000	0.00000
317	0.00000	0.99999	0.00000	0.00000	0.00000	0.00001
318	0.00000	1.00000	0.00000	0.00000	0.00000	0.00000
319	0.00000	0.09593	0.00000	0.00145	0.00000	0.90262
320	0.00000	1.00000	0.00000	0.00000	0.00000	0.00000
321	0.00000	0.99997	0.00000	0.00000	0.00000	0.00003
322	0.00000	1.00000	0.00000	0.00000	0.00000	0.00000
323	0.00000	0.99990	0.00000	0.00000	0.00000	0.00010
324	0.00000	1.00000	0.00000	0.00000	0.00000	0.00000
325	0.00000	0.99999	0.00000	0.00000	0.00000	0.00001
326	0.00000	0.97362	0.00000	0.00044	0.00000	0.02594
327	0.00000	1.00000	0.00000	0.00000	0.00000	0.00000
328	0.00000	1.00000	0.00000	0.00000	0.00000	0.00000
329	0.00000	0.99999	0.00000	0.00000	0.00000	0.00001
330	0.00000	0.99565	0.00000	0.00002	0.00000	0.00434
331	0.00000	1.00000	0.00000	0.00000	0.00000	0.00000
332	0.00000	1.00000	0.00000	0.00000	0.00000	0.00000
333	0.00000	0.99996	0.00000	0.00000	0.00000	0.00004
334	0.00000	0.99978	0.00000	0.00000	0.00000	0.00022
335	0.00000	0.99999	0.00000	0.00000	0.00000	0.00001
336	0.05226	0.30855	0.12585	0.18072	0.09682	0.23580
337	0.00000	1.00000	0.00000	0.00000	0.00000	0.00000
338	0.00000	1.00000	0.00000	0.00000	0.00000	0.00000
339	0.00000	1.00000	0.00000	0.00000	0.00000	0.00000
340	0.00000	0.00000	0.99982	0.00011	0.00000	0.00007
341	0.00000	1.00000	0.00000	0.00000	0.00000	0.00000
342	0.00000	1.00000	0.00000	0.00000	0.00000	0.00000
343	0.00000	0.00000	0.00000	0.00002	0.00000	0.99998
344	0.00000	0.99791	0.00000	0.00000	0.00000	0.00209
345	0.00000	1.00000	0.00000	0.00000	0.00000	0.00000
346	0.00000	0.78261	0.00007	0.04036	0.00002	0.17694
347	0.00000	0.00000	0.00000	0.00003	0.00000	0.99997
348	0.00000	0.99999	0.00000	0.00000	0.00000	0.00001
349	0.00000	1.00000	0.00000	0.00000	0.00000	0.00000
350	0.00000	1.00000	0.00000	0.00000	0.00000	0.00000
351	0.00000	0.86389	0.00000	0.00808	0.00000	0.12803
352	0.00000	1.00000	0.00000	0.00000	0.00000	0.00000
353	0.00000	0.95983	0.00000	0.00124	0.00000	0.03894
354	0.00000	0.88474	0.00000	0.01207	0.00000	0.10318
355	1.00000	0.00000	0.00000	0.00000	0.00000	0.00000
356	0.00000	1.00000	0.00000	0.00000	0.00000	0.00000
357	0.00000	0.99999	0.00000	0.00000	0.00000	0.00001
358	0.00000	0.74008	0.00081	0.05582	0.00022	0.20307
359	0.00000	1.00000	0.00000	0.00000	0.00000	0.00000
360	0.00000	0.99997	0.00000	0.00000	0.00000	0.00003
361	0.99999	0.00000	0.00000	0.00000	0.00001	0.00000
362	1.00000	0.00000	0.00000	0.00000	0.00000	0.00000
363	0.00000	1.00000	0.00000	0.00000	0.00000	0.00000
364	0.00000	0.99971	0.00000	0.00000	0.00000	0.00029
365	0.00000	0.99997	0.00000	0.00000	0.00000	0.00003
366	0.00000	1.00000	0.00000	0.00000	0.00000	0.00000
367	0.00000	1.00000	0.00000	0.00000	0.00000	0.00000
368	1.00000	0.00000	0.00000	0.00000	0.00000	0.00000
369	0.00000	0.99997	0.00000	0.00000	0.00000	0.00003
370	0.00000	1.00000	0.00000	0.00000	0.00000	0.00000
371	0.00000	0.99999	0.00000	0.00000	0.00000	0.00001
372	0.00000	0.99998	0.00000	0.00000	0.00000	0.00002
373	0.00000	0.39609	0.00028	0.27442	0.00023	0.32897
374	1.00000	0.00000	0.00000	0.00000	0.00000	0.00000
375	0.00000	0.99916	0.00000	0.00000	0.00000	0.00084
376	0.00200	0.64186	0.02016	0.08947	0.00886	0.23766
377	0.99998	0.00000	0.00000	0.00000	0.00002	0.00000
378	0.99922	0.00000	0.00000	0.00000	0.00078	0.00000
379	0.00000	1.00000	0.00000	0.00000	0.00000	0.00000
380	0.00000	1.00000	0.00000	0.00000	0.00000	0.00000
381	0.00000	1.00000	0.00000	0.00000	0.00000	0.00000
382	0.99421	0.00000	0.00000	0.00000	0.00579	0.00000
383	0.00000	1.00000	0.00000	0.00000	0.00000	0.00000
384	0.00000	1.00000	0.00000	0.00000	0.00000	0.00000
385	0.00000	1.00000	0.00000	0.00000	0.00000	0.00000
386	0.00000	1.00000	0.00000	0.00000	0.00000	0.00000
387	0.99811	0.00000	0.00000	0.00000	0.00188	0.00000
388	0.00000	1.00000	0.00000	0.00000	0.00000	0.00000
389	0.00000	1.00000	0.00000	0.00000	0.00000	0.00000
390	0.00000	1.00000	0.00000	0.00000	0.00000	0.00000
391	0.00000	0.90883	0.00000	0.00781	0.00000	0.08336
392	0.00000	0.21520	0.00000	0.05959	0.00000	0.72520
393	0.00000	0.99979	0.00000	0.00000	0.00000	0.00021
394	0.00000	1.00000	0.00000	0.00000	0.00000	0.00000
395	0.00000	1.00000	0.00000	0.00000	0.00000	0.00000
396	0.00000	1.00000	0.00000	0.00000	0.00000	0.00000
397	0.00000	1.00000	0.00000	0.00000	0.00000	0.00000
398	0.00000	0.80522	0.00136	0.03226	0.00027	0.16089
399	0.00000	0.99998	0.00000	0.00000	0.00000	0.00002
400	0.00000	1.00000	0.00000	0.00000	0.00000	0.00000
401	0.00000	0.74349	0.00046	0.05467	0.00013	0.20126
402	0.00000	1.00000	0.00000	0.00000	0.00000	0.00000
403	0.00000	1.00000	0.00000	0.00000	0.00000	0.00000
404	0.00000	0.99994	0.00000	0.00000	0.00000	0.00006
405	0.00000	1.00000	0.00000	0.00000	0.00000	0.00000
406	0.00000	1.00000	0.00000	0.00000	0.00000	0.00000
407	0.00000	1.00000	0.00000	0.00000	0.00000	0.00000
408	0.00000	1.00000	0.00000	0.00000	0.00000	0.00000
409	0.00000	1.00000	0.00000	0.00000	0.00000	0.00000
410	0.00000	1.00000	0.00000	0.00000	0.00000	0.00000
411	1.00000	0.00000	0.00000	0.00000	0.00000	0.00000
412	0.00000	1.00000	0.00000	0.00000	0.00000	0.00000
413	0.00000	0.99994	0.00000	0.00000	0.00000	0.00006
414	0.00000	0.99997	0.00000	0.00000	0.00000	0.00003
415	0.00000	0.99783	0.00000	0.00000	0.00000	0.00217
416	0.00000	0.99985	0.00000	0.00000	0.00000	0.00015
417	0.00000	1.00000	0.00000	0.00000	0.00000	0.00000
418	0.00000	1.00000	0.00000	0.00000	0.00000	0.00000
419	0.00000	1.00000	0.00000	0.00000	0.00000	0.00000
420	0.00000	1.00000	0.00000	0.00000	0.00000	0.00000
421	0.00000	1.00000	0.00000	0.00000	0.00000	0.00000
422	0.00000	0.99897	0.00000	0.00000	0.00000	0.00103
423	0.00000	0.99027	0.00000	0.00008	0.00000	0.00965
424	0.00000	1.00000	0.00000	0.00000	0.00000	0.00000
425	0.00000	0.99993	0.00000	0.00000	0.00000	0.00007
426	0.00000	1.00000	0.00000	0.00000	0.00000	0.00000
427	0.00000	0.99998	0.00000	0.00000	0.00000	0.00002
428	0.00000	0.99999	0.00000	0.00000	0.00000	0.00001
429	0.00000	1.00000	0.00000	0.00000	0.00000	0.00000
430	0.00000	1.00000	0.00000	0.00000	0.00000	0.00000
431	0.00000	0.99999	0.00000	0.00000	0.00000	0.00001
432	0.00000	0.99992	0.00000	0.00000	0.00000	0.00008
433	0.00000	1.00000	0.00000	0.00000	0.00000	0.00000
434	0.00000	0.99713	0.00000	0.00001	0.00000	0.00286
435	0.00000	1.00000	0.00000	0.00000	0.00000	0.00000
436	1.00000	0.00000	0.00000	0.00000	0.00000	0.00000
437	0.00000	1.00000	0.00000	0.00000	0.00000	0.00000
438	0.00000	1.00000	0.00000	0.00000	0.00000	0.00000
439	0.00000	0.99981	0.00000	0.00000	0.00000	0.00019
440	0.00000	0.92567	0.00000	0.00002	0.00000	0.07431
441	0.00000	1.00000	0.00000	0.00000	0.00000	0.00000
442	0.00000	0.99999	0.00000	0.00000	0.00000	0.00001
443	0.00000	1.00000	0.00000	0.00000	0.00000	0.00000
444	0.00000	1.00000	0.00000	0.00000	0.00000	0.00000
445	0.00000	0.99967	0.00000	0.00000	0.00000	0.00033
446	0.00000	1.00000	0.00000	0.00000	0.00000	0.00000
447	0.00000	0.99998	0.00000	0.00000	0.00000	0.00002
448	0.00000	1.00000	0.00000	0.00000	0.00000	0.00000
449	0.00000	1.00000	0.00000	0.00000	0.00000	0.00000
450	0.00000	0.99993	0.00000	0.00000	0.00000	0.00007
451	0.00000	0.99999	0.00000	0.00000	0.00000	0.00001
452	0.10011	0.24183	0.15504	0.17005	0.13032	0.20265
453	0.00000	1.00000	0.00000	0.00000	0.00000	0.00000
454	0.00000	1.00000	0.00000	0.00000	0.00000	0.00000
455	0.00000	0.99601	0.00000	0.00002	0.00000	0.00398
456	0.00000	1.00000	0.00000	0.00000	0.00000	0.00000
457	0.00000	0.99996	0.00000	0.00000	0.00000	0.00004
458	0.00000	1.00000	0.00000	0.00000	0.00000	0.00000
459	0.00000	1.00000	0.00000	0.00000	0.00000	0.00000
460	1.00000	0.00000	0.00000	0.00000	0.00000	0.00000
461	0.00000	1.00000	0.00000	0.00000	0.00000	0.00000
462	0.00000	1.00000	0.00000	0.00000	0.00000	0.00000
463	0.00008	0.59678	0.00615	0.12322	0.00281	0.27095
464	1.00000	0.00000	0.00000	0.00000	0.00000	0.00000
465	0.00000	0.99999	0.00000	0.00000	0.00000	0.00001
466	0.00000	1.00000	0.00000	0.00000	0.00000	0.00000
467	0.00000	0.90803	0.00000	0.00790	0.00000	0.08407
468	0.00000	1.00000	0.00000	0.00000	0.00000	0.00000
469	0.00000	1.00000	0.00000	0.00000	0.00000	0.00000
470	0.00000	0.99988	0.00000	0.00000	0.00000	0.00012
471	0.00000	1.00000	0.00000	0.00000	0.00000	0.00000
472	0.00000	0.99999	0.00000	0.00000	0.00000	0.00001
473	0.00000	1.00000	0.00000	0.00000	0.00000	0.00000
474	0.00000	0.81518	0.00002	0.02959	0.00000	0.15521
475	0.00000	1.00000	0.00000	0.00000	0.00000	0.00000
476	0.00000	0.99999	0.00000	0.00000	0.00000	0.00001
477	0.00000	0.99996	0.00000	0.00000	0.00000	0.00004
478	0.00000	1.00000	0.00000	0.00000	0.00000	0.00000
479	0.00000	0.99045	0.00000	0.00009	0.00000	0.00946
480	0.00000	1.00000	0.00000	0.00000	0.00000	0.00000
481	0.00000	1.00000	0.00000	0.00000	0.00000	0.00000
482	0.00000	1.00000	0.00000	0.00000	0.00000	0.00000
483	0.00000	1.00000	0.00000	0.00000	0.00000	0.00000
484	0.00000	1.00000	0.00000	0.00000	0.00000	0.00000
485	0.00000	1.00000	0.00000	0.00000	0.00000	0.00000
486	0.00000	1.00000	0.00000	0.00000	0.00000	0.00000
487	0.00000	1.00000	0.00000	0.00000	0.00000	0.00000
488	0.00000	1.00000	0.00000	0.00000	0.00000	0.00000
489	0.00000	1.00000	0.00000	0.00000	0.00000	0.00000
490	0.00000	1.00000	0.00000	0.00000	0.00000	0.00000
491	0.00000	0.99999	0.00000	0.00000	0.00000	0.00001
492	0.00000	0.99998	0.00000	0.00000	0.00000	0.00002
493	0.00000	0.99999	0.00000	0.00000	0.00000	0.00001
494	0.00000	0.97162	0.00000	0.00075	0.00000	0.02763
495	0.00000	0.99999	0.00000	0.00000	0.00000	0.00001
496	0.00000	1.00000	0.00000	0.00000	0.00000	0.00000
497	0.00000	1.00000	0.00000	0.00000	0.00000	0.00000
498	0.00000	1.00000	0.00000	0.00000	0.00000	0.00000
499	0.00000	0.99999	0.00000	0.00000	0.00000	0.00001
500	0.00000	0.84099	0.00012	0.02327	0.00003	0.13560
501	0.00000	1.00000	0.00000	0.00000	0.00000	0.00000
502	0.00000	0.91556	0.00001	0.00679	0.00000	0.07764
503	0.00000	1.00000	0.00000	0.00000	0.00000	0.00000
504	0.00000	1.00000	0.00000	0.00000	0.00000	0.00000
505	0.00000	0.99999	0.00000	0.00000	0.00000	0.00001
506	0.99999	0.00000	0.00000	0.00000	0.00001	0.00000
507	1.00000	0.00000	0.00000	0.00000	0.00000	0.00000
508	0.00000	0.99948	0.00000	0.00000	0.00000	0.00052
509	0.00000	0.99999	0.00000	0.00000	0.00000	0.00001
510	0.00000	1.00000	0.00000	0.00000	0.00000	0.00000
511	0.00000	1.00000	0.00000	0.00000	0.00000	0.00000
512	0.00000	1.00000	0.00000	0.00000	0.00000	0.00000
513	0.55974	0.00000	0.00000	0.00000	0.44026	0.00000
514	0.00000	0.99995	0.00000	0.00000	0.00000	0.00005
515	1.00000	0.00000	0.00000	0.00000	0.00000	0.00000
516	0.00000	0.99481	0.00000	0.00002	0.00000	0.00517
517	0.00000	1.00000	0.00000	0.00000	0.00000	0.00000
518	1.00000	0.00000	0.00000	0.00000	0.00000	0.00000
519	0.00000	0.99996	0.00000	0.00000	0.00000	0.00004
520	0.00000	1.00000	0.00000	0.00000	0.00000	0.00000
521	0.00000	1.00000	0.00000	0.00000	0.00000	0.00000
522	0.00000	1.00000	0.00000	0.00000	0.00000	0.00000
523	0.00000	1.00000	0.00000	0.00000	0.00000	0.00000
524	0.00000	1.00000	0.00000	0.00000	0.00000	0.00000
525	0.00000	1.00000	0.00000	0.00000	0.00000	0.00000
526	0.00000	1.00000	0.00000	0.00000	0.00000	0.00000
527	0.00000	1.00000	0.00000	0.00000	0.00000	0.00000
528	0.00000	0.98419	0.00000	0.00028	0.00000	0.01553
529	0.01470	0.48316	0.08356	0.12751	0.04312	0.24796
530	0.00000	1.00000	0.00000	0.00000	0.00000	0.00000
531	0.00000	1.00000	0.00000	0.00000	0.00000	0.00000
532	0.00000	0.99996	0.00000	0.00000	0.00000	0.00004
533	1.00000	0.00000	0.00000	0.00000	0.00000	0.00000
534	0.00000	1.00000	0.00000	0.00000	0.00000	0.00000
535	0.00000	1.00000	0.00000	0.00000	0.00000	0.00000
536	0.00000	0.99996	0.00000	0.00000	0.00000	0.00004
537	1.00000	0.00000	0.00000	0.00000	0.00000	0.00000
538	0.00000	0.40701	0.00000	0.28152	0.00000	0.31147
539	0.00000	1.00000	0.00000	0.00000	0.00000	0.00000
540	0.99544	0.00000	0.00000	0.00002	0.00454	0.00000
541	1.00000	0.00000	0.00000	0.00000	0.00000	0.00000
542	0.99969	0.00000	0.00000	0.00000	0.00031	0.00000
543	0.00000	0.99979	0.00000	0.00000	0.00000	0.00021
544	0.00000	1.00000	0.00000	0.00000	0.00000	0.00000
545	0.00000	1.00000	0.00000	0.00000	0.00000	0.00000
546	0.00000	0.99999	0.00000	0.00000	0.00000	0.00001
547	0.00000	0.99986	0.00000	0.00000	0.00000	0.00014
548	0.99744	0.00000	0.00000	0.00001	0.00255	0.00000
549	0.00000	1.00000	0.00000	0.00000	0.00000	0.00000
550	0.00000	1.00000	0.00000	0.00000	0.00000	0.00000
551	1.00000	0.00000	0.00000	0.00000	0.00000	0.00000
552	0.00000	1.00000	0.00000	0.00000	0.00000	0.00000
553	0.00000	1.00000	0.00000	0.00000	0.00000	0.00000
554	0.00000	1.00000	0.00000	0.00000	0.00000	0.00000
555	0.00000	1.00000	0.00000	0.00000	0.00000	0.00000
556	0.00000	0.00000	0.99997	0.00001	0.00000	0.00002
557	0.00000	0.99999	0.00000	0.00000	0.00000	0.00001
558	0.00000	1.00000	0.00000	0.00000	0.00000	0.00000
559	1.00000	0.00000	0.00000	0.00000	0.00000	0.00000
560	1.00000	0.00000	0.00000	0.00000	0.00000	0.00000
561	1.00000	0.00000	0.00000	0.00000	0.00000	0.00000
562	0.99998	0.00000	0.00000	0.00000	0.00002	0.00000
563	0.00000	1.00000	0.00000	0.00000	0.00000	0.00000
564	0.00000	1.00000	0.00000	0.00000	0.00000	0.00000
565	0.99998	0.00000	0.00000	0.00000	0.00002	0.00000
566	0.00000	1.00000	0.00000	0.00000	0.00000	0.00000
567	0.25549	0.09695	0.15695	0.16203	0.20335	0.12523
568	1.00000	0.00000	0.00000	0.00000	0.00000	0.00000
569	0.00000	1.00000	0.00000	0.00000	0.00000	0.00000
570	0.00000	1.00000	0.00000	0.00000	0.00000	0.00000
571	0.00000	0.99999	0.00000	0.00000	0.00000	0.00001
572	0.00000	0.99997	0.00000	0.00000	0.00000	0.00003
573	0.00000	0.99999	0.00000	0.00000	0.00000	0.00001
574	0.00000	0.99910	0.00000	0.00000	0.00000	0.00090
575	0.00000	0.00000	0.00436	0.01858	0.97706	0.00000
576	0.00000	0.99999	0.00000	0.00000	0.00000	0.00001
577	1.00000	0.00000	0.00000	0.00000	0.00000	0.00000
578	0.00000	1.00000	0.00000	0.00000	0.00000	0.00000
579	0.00000	0.99999	0.00000	0.00000	0.00000	0.00001
580	0.00000	0.97146	0.00000	0.00071	0.00000	0.02783
581	0.00000	0.99995	0.00000	0.00000	0.00000	0.00005
582	0.00000	0.99998	0.00000	0.00000	0.00000	0.00002
583	0.00000	0.98376	0.00000	0.00026	0.00000	0.01598
584	0.00000	1.00000	0.00000	0.00000	0.00000	0.00000
585	0.00000	1.00000	0.00000	0.00000	0.00000	0.00000
586	0.00000	1.00000	0.00000	0.00000	0.00000	0.00000
587	0.00000	1.00000	0.00000	0.00000	0.00000	0.00000
588	0.00000	0.99998	0.00000	0.00000	0.00000	0.00002
589	0.00000	1.00000	0.00000	0.00000	0.00000	0.00000
590	0.00000	1.00000	0.00000	0.00000	0.00000	0.00000
591	0.00000	0.99507	0.00000	0.00002	0.00000	0.00490
592	0.00000	0.99696	0.00000	0.00001	0.00000	0.00303
593	0.00000	1.00000	0.00000	0.00000	0.00000	0.00000
594	0.00000	1.00000	0.00000	0.00000	0.00000	0.00000
595	0.00000	1.00000	0.00000	0.00000	0.00000	0.00000
596	0.00000	0.00113	0.00000	0.15809	0.00000	0.84078
597	0.00000	0.99999	0.00000	0.00000	0.00000	0.00001
598	0.00000	0.47844	0.00000	0.00761	0.00000	0.51395
599	0.00000	0.97886	0.00000	0.00001	0.00000	0.02113
600	0.00000	1.00000	0.00000	0.00000	0.00000	0.00000
601	0.00000	0.84236	0.00018	0.01973	0.00002	0.13771
602	0.99933	0.00000	0.00000	0.00000	0.00067	0.00000
603	0.96870	0.00000	0.00000	0.00095	0.03034	0.00000
604	0.00000	0.99997	0.00000	0.00000	0.00000	0.00003
605	0.00000	0.98048	0.00000	0.00038	0.00000	0.01914
606	0.00000	1.00000	0.00000	0.00000	0.00000	0.00000
607	0.00000	1.00000	0.00000	0.00000	0.00000	0.00000
608	0.00000	1.00000	0.00000	0.00000	0.00000	0.00000
609	0.00000	0.99996	0.00000	0.00000	0.00000	0.00004
610	0.65291	0.00000	0.00000	0.00000	0.34709	0.00000
611	0.00000	1.00000	0.00000	0.00000	0.00000	0.00000
612	0.00000	0.99998	0.00000	0.00000	0.00000	0.00002
613	0.00000	1.00000	0.00000	0.00000	0.00000	0.00000
614	0.00000	0.99874	0.00000	0.00000	0.00000	0.00126
615	0.00000	1.00000	0.00000	0.00000	0.00000	0.00000
616	0.00000	1.00000	0.00000	0.00000	0.00000	0.00000
617	0.00000	1.00000	0.00000	0.00000	0.00000	0.00000
618	0.00000	0.99998	0.00000	0.00000	0.00000	0.00002
619	0.00000	0.99546	0.00000	0.00002	0.00000	0.00453
620	0.00000	1.00000	0.00000	0.00000	0.00000	0.00000
621	0.00000	1.00000	0.00000	0.00000	0.00000	0.00000
622	0.00000	0.99965	0.00000	0.00000	0.00000	0.00035
623	0.00000	1.00000	0.00000	0.00000	0.00000	0.00000
624	0.00000	1.00000	0.00000	0.00000	0.00000	0.00000
625	0.00000	1.00000	0.00000	0.00000	0.00000	0.00000
626	0.00000	0.80390	0.00031	0.03269	0.00006	0.16305
627	0.00000	1.00000	0.00000	0.00000	0.00000	0.00000
628	0.00000	0.99998	0.00000	0.00000	0.00000	0.00002
629	0.00000	1.00000	0.00000	0.00000	0.00000	0.00000
630	0.00000	1.00000	0.00000	0.00000	0.00000	0.00000
631	0.00000	1.00000	0.00000	0.00000	0.00000	0.00000
632	1.00000	0.00000	0.00000	0.00000	0.00000	0.00000
633	0.00000	1.00000	0.00000	0.00000	0.00000	0.00000
634	0.00000	1.00000	0.00000	0.00000	0.00000	0.00000
635	0.00000	1.00000	0.00000	0.00000	0.00000	0.00000
636	0.00000	0.87120	0.00000	0.01518	0.00000	0.11362
637	0.00000	0.99839	0.00000	0.00000	0.00000	0.00161
638	0.00000	0.99999	0.00000	0.00000	0.00000	0.00001
639	0.00000	0.99995	0.00000	0.00000	0.00000	0.00005
640	0.00000	1.00000	0.00000	0.00000	0.00000	0.00000
641	0.00000	1.00000	0.00000	0.00000	0.00000	0.00000
642	0.00000	0.99979	0.00000	0.00000	0.00000	0.00021
643	0.00000	1.00000	0.00000	0.00000	0.00000	0.00000
644	0.00000	0.24715	0.00000	0.00000	0.00000	0.75285
645	0.00000	1.00000	0.00000	0.00000	0.00000	0.00000
646	0.00000	0.99531	0.00000	0.00000	0.00000	0.00469
647	0.00000	1.00000	0.00000	0.00000	0.00000	0.00000
648	0.00000	1.00000	0.00000	0.00000	0.00000	0.00000
649	0.00000	0.99991	0.00000	0.00000	0.00000	0.00009
650	1.00000	0.00000	0.00000	0.00000	0.00000	0.00000
651	0.00000	1.00000	0.00000	0.00000	0.00000	0.00000
652	0.00000	1.00000	0.00000	0.00000	0.00000	0.00000
653	0.99492	0.00000	0.00000	0.00007	0.00501	0.00000
654	0.00000	0.96874	0.00000	0.00002	0.00000	0.03125
655	0.00000	0.99998	0.00000	0.00000	0.00000	0.00002
656	0.00000	0.99424	0.00000	0.00000	0.00000	0.00576
657	0.00000	0.99998	0.00000	0.00000	0.00000	0.00002
658	0.00000	1.00000	0.00000	0.00000	0.00000	0.00000
659	0.97857	0.00000	0.00000	0.00045	0.02098	0.00000
660	0.00000	0.99961	0.00000	0.00000	0.00000	0.00039
661	0.00000	0.99952	0.00000	0.00000	0.00000	0.00048
662	0.00000	1.00000	0.00000	0.00000	0.00000	0.00000
663	0.00000	0.94179	0.00001	0.00318	0.00000	0.05501
664	0.99999	0.00000	0.00000	0.00000	0.00001	0.00000
665	0.00000	0.97729	0.00000	0.00008	0.00000	0.02263
666	1.00000	0.00000	0.00000	0.00000	0.00000	0.00000
667	1.00000	0.00000	0.00000	0.00000	0.00000	0.00000
668	1.00000	0.00000	0.00000	0.00000	0.00000	0.00000
669	0.99998	0.00000	0.00000	0.00000	0.00002	0.00000
670	0.99957	0.00000	0.00000	0.00000	0.00043	0.00000
671	0.00000	1.00000	0.00000	0.00000	0.00000	0.00000
672	0.00000	0.99998	0.00000	0.00000	0.00000	0.00002
673	0.00000	0.99999	0.00000	0.00000	0.00000	0.00001
674	0.00000	0.86919	0.00023	0.01585	0.00005	0.11468
675	0.00000	0.99996	0.00000	0.00000	0.00000	0.00004
676	0.00000	0.99250	0.00000	0.00002	0.00000	0.00747
677	0.00000	1.00000	0.00000	0.00000	0.00000	0.00000
678	0.99217	0.00000	0.00000	0.00000	0.00783	0.00000
679	0.00000	1.00000	0.00000	0.00000	0.00000	0.00000
680	0.00000	1.00000	0.00000	0.00000	0.00000	0.00000
681	0.00000	1.00000	0.00000	0.00000	0.00000	0.00000
682	0.00000	1.00000	0.00000	0.00000	0.00000	0.00000
683	0.00000	0.99998	0.00000	0.00000	0.00000	0.00002
684	0.00000	0.99983	0.00000	0.00000	0.00000	0.00017
685	0.00000	1.00000	0.00000	0.00000	0.00000	0.00000
686	0.00000	0.99999	0.00000	0.00000	0.00000	0.00001
687	0.00000	1.00000	0.00000	0.00000	0.00000	0.00000
688	0.00000	0.99969	0.00000	0.00000	0.00000	0.00031
689	0.00000	1.00000	0.00000	0.00000	0.00000	0.00000
690	0.00000	1.00000	0.00000	0.00000	0.00000	0.00000
691	0.00000	0.99999	0.00000	0.00000	0.00000	0.00001
692	0.00000	1.00000	0.00000	0.00000	0.00000	0.00000
693	0.00000	0.99999	0.00000	0.00000	0.00000	0.00001
694	0.00000	0.54345	0.00051	0.16071	0.00028	0.29504
695	0.00000	1.00000	0.00000	0.00000	0.00000	0.00000
696	0.00000	1.00000	0.00000	0.00000	0.00000	0.00000
697	0.00000	0.99973	0.00000	0.00000	0.00000	0.00027
698	0.00000	0.99997	0.00000	0.00000	0.00000	0.00003
699	0.00000	1.00000	0.00000	0.00000	0.00000	0.00000
700	0.00000	1.00000	0.00000	0.00000	0.00000	0.00000
701	1.00000	0.00000	0.00000	0.00000	0.00000	0.00000
702	0.99999	0.00000	0.00000	0.00000	0.00001	0.00000
703	1.00000	0.00000	0.00000	0.00000	0.00000	0.00000
704	0.98611	0.00000	0.00000	0.00019	0.01370	0.00000
705	0.00000	0.92522	0.00000	0.00000	0.00000	0.07478
706	0.00000	0.99581	0.00000	0.00001	0.00000	0.00417
707	0.99955	0.00000	0.00000	0.00000	0.00045	0.00000
708	0.00000	0.99998	0.00000	0.00000	0.00000	0.00002
709	0.00000	0.99999	0.00000	0.00000	0.00000	0.00001
710	0.00000	1.00000	0.00000	0.00000	0.00000	0.00000
711	0.00000	0.99983	0.00000	0.00000	0.00000	0.00017
712	0.00000	1.00000	0.00000	0.00000	0.00000	0.00000
713	0.00000	0.99999	0.00000	0.00000	0.00000	0.00001
714	1.00000	0.00000	0.00000	0.00000	0.00000	0.00000
715	0.00000	0.83198	0.00003	0.02448	0.00000	0.14351
716	0.00000	0.99999	0.00000	0.00000	0.00000	0.00001
717	0.00000	1.00000	0.00000	0.00000	0.00000	0.00000
718	1.00000	0.00000	0.00000	0.00000	0.00000	0.00000
719	0.00000	0.99999	0.00000	0.00000	0.00000	0.00001
720	0.00000	0.99981	0.00000	0.00000	0.00000	0.00019
721	0.00000	0.99999	0.00000	0.00000	0.00000	0.00001
722	0.00000	0.99999	0.00000	0.00000	0.00000	0.00001
723	0.00000	1.00000	0.00000	0.00000	0.00000	0.00000
724	0.00000	0.97015	0.00000	0.00090	0.00000	0.02894
725	0.00000	0.02370	0.00002	0.85219	0.00015	0.12394
726	0.00000	1.00000	0.00000	0.00000	0.00000	0.00000
727	0.00000	1.00000	0.00000	0.00000	0.00000	0.00000
728	0.00000	0.82966	0.00014	0.02540	0.00003	0.14478
729	0.00000	1.00000	0.00000	0.00000	0.00000	0.00000
730	0.00000	1.00000	0.00000	0.00000	0.00000	0.00000
731	0.00000	0.99996	0.00000	0.00000	0.00000	0.00004
732	0.95614	0.00000	0.00000	0.00000	0.04386	0.00000
733	0.00000	0.99933	0.00000	0.00000	0.00000	0.00067
734	0.00000	1.00000	0.00000	0.00000	0.00000	0.00000
735	0.00000	1.00000	0.00000	0.00000	0.00000	0.00000
736	0.00000	0.91412	0.00000	0.00478	0.00000	0.08110
737	0.00000	1.00000	0.00000	0.00000	0.00000	0.00000
738	0.99997	0.00000	0.00000	0.00000	0.00003	0.00000
739	0.00000	0.99573	0.00000	0.00002	0.00000	0.00425
740	0.00000	0.99993	0.00000	0.00000	0.00000	0.00007
741	0.99998	0.00000	0.00000	0.00000	0.00002	0.00000
742	0.00000	1.00000	0.00000	0.00000	0.00000	0.00000
743	0.00000	1.00000	0.00000	0.00000	0.00000	0.00000
744	0.00000	1.00000	0.00000	0.00000	0.00000	0.00000
745	1.00000	0.00000	0.00000	0.00000	0.00000	0.00000
746	0.00000	0.99999	0.00000	0.00000	0.00000	0.00001
747	0.00000	1.00000	0.00000	0.00000	0.00000	0.00000
748	0.00000	1.00000	0.00000	0.00000	0.00000	0.00000
749	0.00000	1.00000	0.00000	0.00000	0.00000	0.00000
750	0.48613	0.00005	0.00435	0.19721	0.30949	0.00278
751	0.00000	0.99999	0.00000	0.00000	0.00000	0.00001
752	0.00000	1.00000	0.00000	0.00000	0.00000	0.00000
753	0.00000	1.00000	0.00000	0.00000	0.00000	0.00000
754	0.00000	0.99999	0.00000	0.00000	0.00000	0.00001
755	0.00000	0.99993	0.00000	0.00000	0.00000	0.00007
756	0.00000	1.00000	0.00000	0.00000	0.00000	0.00000
757	0.00000	0.89528	0.00001	0.01007	0.00000	0.09464
758	0.00000	0.99865	0.00000	0.00000	0.00000	0.00134
759	0.99999	0.00000	0.00000	0.00000	0.00001	0.00000
760	1.00000	0.00000	0.00000	0.00000	0.00000	0.00000
761	0.00000	0.00462	0.00000	0.06934	0.00000	0.92603
762	0.00000	1.00000	0.00000	0.00000	0.00000	0.00000
763	0.00000	1.00000	0.00000	0.00000	0.00000	0.00000
764	0.00000	1.00000	0.00000	0.00000	0.00000	0.00000
765	0.00000	0.99999	0.00000	0.00000	0.00000	0.00001
766	0.00000	1.00000	0.00000	0.00000	0.00000	0.00000
767	0.00000	0.99999	0.00000	0.00000	0.00000	0.00001
768	0.00000	0.99510	0.00000	0.00000	0.00000	0.00490
769	0.00000	0.99931	0.00000	0.00000	0.00000	0.00069
770	0.00000	1.00000	0.00000	0.00000	0.00000	0.00000
771	0.00000	0.99999	0.00000	0.00000	0.00000	0.00001
772	0.00000	1.00000	0.00000	0.00000	0.00000	0.00000
773	0.00000	0.99845	0.00000	0.00000	0.00000	0.00154
774	0.00000	0.71544	0.00000	0.00060	0.00000	0.28396
775	0.00000	0.99997	0.00000	0.00000	0.00000	0.00003
776	0.00000	1.00000	0.00000	0.00000	0.00000	0.00000
