UponCompletionOf_1000000_sweeps
LocNumber LocName AlleleNumber AlleleName FreqInPop0 FreqInPop1 SDInPop0 SDinPop1
0	LdDocent_Contig_51338_419	0	1	0.997905	0.892811	0.002950	0.009255
0	LdDocent_Contig_51338_419	1	2	0.002095	0.107189	0.002950	0.009255
1	LdDocent_Contig_672_99	0	1	0.943582	0.999557	0.014393	0.000625
1	LdDocent_Contig_672_99	1	2	0.056418	0.000443	0.014393	0.000625
2	LdDocent_Contig_73919_465	0	1	0.997772	0.993202	0.003140	0.002470
2	LdDocent_Contig_73919_465	1	2	0.002228	0.006798	0.003140	0.002470
3	LdDocent_Contig_29388_323	0	1	0.882952	0.995621	0.021356	0.002061
3	LdDocent_Contig_29388_323	1	2	0.117048	0.004379	0.021356	0.002061
4	LdDocent_Contig_664_128	0	1	0.310259	0.989803	0.030540	0.003134
4	LdDocent_Contig_664_128	1	2	0.689741	0.010197	0.030540	0.003134
5	LdDocent_Contig_6920_137	0	1	0.997634	0.993282	0.003279	0.002471
5	LdDocent_Contig_6920_137	1	2	0.002366	0.006718	0.003279	0.002471
6	LdDocent_Contig_5961_352	0	1	0.010683	0.997482	0.006707	0.001613
6	LdDocent_Contig_5961_352	1	2	0.989317	0.002518	0.006707	0.001613
7	LdDocent_Contig_1338_35	0	1	0.998001	0.993260	0.002823	0.002451
7	LdDocent_Contig_1338_35	1	2	0.001999	0.006740	0.002823	0.002451
8	LdDocent_Contig_161_8	0	1	0.997831	0.976684	0.003051	0.004556
8	LdDocent_Contig_161_8	1	2	0.002169	0.023316	0.003051	0.004556
9	LdDocent_Contig_59794_426	0	1	0.991453	0.993592	0.006697	0.002604
9	LdDocent_Contig_59794_426	1	2	0.008547	0.006408	0.006697	0.002604
10	LdDocent_Contig_5314_377	0	1	0.997909	0.992920	0.002949	0.002575
10	LdDocent_Contig_5314_377	1	2	0.002091	0.007080	0.002949	0.002575
11	LdDocent_Contig_913_80	0	1	0.953979	0.998522	0.013827	0.001208
11	LdDocent_Contig_913_80	1	2	0.046021	0.001478	0.013827	0.001208
12	LdDocent_Contig_1447_75	0	2	0.990603	0.582933	0.005902	0.014503
12	LdDocent_Contig_1447_75	1	1	0.009397	0.417067	0.005902	0.014503
13	LdDocent_Contig_14495_139	0	1	0.871971	0.999482	0.021996	0.000733
13	LdDocent_Contig_14495_139	1	2	0.128029	0.000518	0.021996	0.000733
14	LdDocent_Contig_83889_467	0	1	0.636329	0.998681	0.029621	0.001075
14	LdDocent_Contig_83889_467	1	2	0.363671	0.001319	0.029621	0.001075
15	LdDocent_Contig_1583_367	0	1	0.975019	0.981229	0.020755	0.004007
15	LdDocent_Contig_1583_367	1	2	0.024981	0.018771	0.020755	0.004007
16	LdDocent_Contig_67026_370	0	1	0.317665	0.996073	0.035344	0.002159
16	LdDocent_Contig_67026_370	1	2	0.682335	0.003927	0.035344	0.002159
17	LdDocent_Contig_292_140	0	1	0.993621	0.874352	0.005411	0.010163
17	LdDocent_Contig_292_140	1	2	0.006379	0.125648	0.005411	0.010163
18	LdDocent_Contig_23362_351	0	1	0.997740	0.962767	0.003166	0.005684
18	LdDocent_Contig_23362_351	1	2	0.002260	0.037233	0.003166	0.005684
19	LdDocent_Contig_96151_9	0	1	0.997900	0.967367	0.002962	0.005239
19	LdDocent_Contig_96151_9	1	2	0.002100	0.032633	0.002962	0.005239
20	LdDocent_Contig_5593_130	0	1	0.993476	0.976490	0.005300	0.004694
20	LdDocent_Contig_5593_130	1	2	0.006524	0.023510	0.005300	0.004694
21	LdDocent_Contig_7175_297	0	1	0.816336	0.999576	0.027422	0.000599
21	LdDocent_Contig_7175_297	1	2	0.183664	0.000424	0.027422	0.000599
22	LdDocent_Contig_132_427	0	1	0.023319	0.997495	0.009802	0.001579
22	LdDocent_Contig_132_427	1	2	0.976681	0.002505	0.009802	0.001579
23	LdDocent_Contig_84956_118	0	1	0.972852	0.998654	0.010487	0.001098
23	LdDocent_Contig_84956_118	1	2	0.027148	0.001346	0.010487	0.001098
24	LdDocent_Contig_1427_377	0	1	0.997904	0.960305	0.002943	0.005972
24	LdDocent_Contig_1427_377	1	2	0.002096	0.039695	0.002943	0.005972
25	LdDocent_Contig_7411_142	0	1	0.010496	0.997791	0.006794	0.001470
25	LdDocent_Contig_7411_142	1	2	0.989504	0.002209	0.006794	0.001470
26	LdDocent_Contig_17717_436	0	1	0.997782	0.948238	0.003126	0.006889
26	LdDocent_Contig_17717_436	1	2	0.002218	0.051762	0.003126	0.006889
27	LdDocent_Contig_242_431	0	1	0.087689	0.975687	0.018425	0.004697
27	LdDocent_Contig_242_431	1	2	0.912311	0.024313	0.018425	0.004697
28	LdDocent_Contig_6898_461	0	1	0.988993	0.738935	0.006883	0.012912
28	LdDocent_Contig_6898_461	1	2	0.011007	0.261065	0.006883	0.012912
29	LdDocent_Contig_1011_519	0	1	0.596937	0.999519	0.034131	0.000680
29	LdDocent_Contig_1011_519	1	2	0.403063	0.000481	0.034131	0.000680
30	LdDocent_Contig_1158_113	0	1	0.997925	0.922788	0.002921	0.007800
30	LdDocent_Contig_1158_113	1	2	0.002075	0.077212	0.002921	0.007800
31	LdDocent_Contig_900_445	0	1	0.013459	0.996588	0.008100	0.001813
31	LdDocent_Contig_900_445	1	2	0.986541	0.003412	0.008100	0.001813
32	LdDocent_Contig_1905_55	0	1	0.997634	0.993262	0.003334	0.002629
32	LdDocent_Contig_1905_55	1	2	0.002366	0.006738	0.003334	0.002629
33	LdDocent_Contig_158_365	0	1	0.967026	0.999513	0.011153	0.000685
33	LdDocent_Contig_158_365	1	2	0.032974	0.000487	0.011153	0.000685
34	LdDocent_Contig_38007_408	0	1	0.997583	0.978094	0.003404	0.004677
34	LdDocent_Contig_38007_408	1	2	0.002417	0.021906	0.003404	0.004677
35	LdDocent_Contig_84179_359	0	1	0.964582	0.999534	0.011910	0.000659
35	LdDocent_Contig_84179_359	1	2	0.035418	0.000466	0.011910	0.000659
36	LdDocent_Contig_1993_364	0	1	0.911382	0.999550	0.017804	0.000635
36	LdDocent_Contig_1993_364	1	2	0.088618	0.000450	0.017804	0.000635
37	LdDocent_Contig_5644_464	0	1	0.989003	0.994262	0.015302	0.002242
37	LdDocent_Contig_5644_464	1	2	0.010997	0.005738	0.015302	0.002242
38	LdDocent_Contig_6076_371	0	2	0.998024	0.973968	0.002787	0.004727
38	LdDocent_Contig_6076_371	1	1	0.001976	0.026032	0.002787	0.004727
39	LdDocent_Contig_2099_104	0	1	0.072476	0.997750	0.018269	0.001426
39	LdDocent_Contig_2099_104	1	2	0.927524	0.002250	0.018269	0.001426
40	LdDocent_Contig_83735_31	0	1	0.818640	0.996610	0.025459	0.001805
40	LdDocent_Contig_83735_31	1	2	0.181360	0.003390	0.025459	0.001805
41	LdDocent_Contig_570_56	0	1	0.997950	0.982882	0.002887	0.003840
41	LdDocent_Contig_570_56	1	2	0.002050	0.017118	0.002887	0.003840
42	LdDocent_Contig_1589_34	0	1	0.997622	0.985986	0.003351	0.003534
42	LdDocent_Contig_1589_34	1	2	0.002378	0.014014	0.003351	0.003534
43	LdDocent_Contig_261_140	0	1	0.992556	0.785859	0.006046	0.012968
43	LdDocent_Contig_261_140	1	2	0.007444	0.214141	0.006046	0.012968
44	LdDocent_Contig_2017_52	0	1	0.050662	0.993724	0.013987	0.002340
44	LdDocent_Contig_2017_52	1	2	0.949338	0.006276	0.013987	0.002340
45	LdDocent_Contig_384_321	0	1	0.973422	0.998515	0.010341	0.001209
45	LdDocent_Contig_384_321	1	2	0.026578	0.001485	0.010341	0.001209
46	LdDocent_Contig_879_336	0	1	0.006309	0.997440	0.005178	0.001607
46	LdDocent_Contig_879_336	1	2	0.993691	0.002560	0.005178	0.001607
47	LdDocent_Contig_199_70	0	1	0.943615	0.999414	0.015010	0.000798
47	LdDocent_Contig_199_70	1	2	0.056385	0.000586	0.015010	0.000798
48	LdDocent_Contig_67607_430	0	1	0.997689	0.979098	0.003199	0.004281
48	LdDocent_Contig_67607_430	1	2	0.002311	0.020902	0.003199	0.004281
49	LdDocent_Contig_35591_488	0	1	0.997950	0.977167	0.002894	0.004658
49	LdDocent_Contig_35591_488	1	2	0.002050	0.022833	0.002894	0.004658
50	LdDocent_Contig_6145_343	0	1	0.989867	0.988567	0.006372	0.003213
50	LdDocent_Contig_6145_343	1	2	0.010133	0.011433	0.006372	0.003213
51	LdDocent_Contig_81533_58	0	1	0.997352	0.988120	0.003573	0.003247
51	LdDocent_Contig_81533_58	1	2	0.002648	0.011880	0.003573	0.003247
52	LdDocent_Contig_5930_404	0	1	0.997910	0.988456	0.002944	0.003244
52	LdDocent_Contig_5930_404	1	2	0.002090	0.011544	0.002944	0.003244
53	LdDocent_Contig_85_72	0	1	0.006520	0.995719	0.005353	0.002015
53	LdDocent_Contig_85_72	1	2	0.993480	0.004281	0.005353	0.002015
54	LdDocent_Contig_65678_140	0	1	0.989719	0.988419	0.006450	0.003259
54	LdDocent_Contig_65678_140	1	2	0.010281	0.011581	0.006450	0.003259
55	LdDocent_Contig_352_434	0	1	0.893123	0.996641	0.020441	0.001793
55	LdDocent_Contig_352_434	1	2	0.106877	0.003359	0.020441	0.001793
56	LdDocent_Contig_14643_33	0	1	0.981706	0.995698	0.008528	0.002022
56	LdDocent_Contig_14643_33	1	2	0.018294	0.004302	0.008528	0.002022
57	LdDocent_Contig_30110_37	0	1	0.952194	0.998533	0.015118	0.001204
57	LdDocent_Contig_30110_37	1	2	0.047806	0.001467	0.015118	0.001204
58	LdDocent_Contig_528_15	0	1	0.963322	0.999557	0.013111	0.000627
58	LdDocent_Contig_528_15	1	2	0.036678	0.000443	0.013111	0.000627
59	LdDocent_Contig_714_530	0	1	0.988668	0.993509	0.007107	0.002532
59	LdDocent_Contig_714_530	1	2	0.011332	0.006491	0.007107	0.002532
60	LdDocent_Contig_7536_444	0	1	0.997821	0.966319	0.003077	0.005715
60	LdDocent_Contig_7536_444	1	2	0.002179	0.033681	0.003077	0.005715
61	LdDocent_Contig_2075_487	0	1	0.997703	0.993232	0.003241	0.002644
61	LdDocent_Contig_2075_487	1	2	0.002297	0.006768	0.003241	0.002644
62	LdDocent_Contig_830_125	0	1	0.997924	0.504208	0.002928	0.014951
62	LdDocent_Contig_830_125	1	2	0.002076	0.495792	0.002928	0.014951
63	LdDocent_Contig_63366_27	0	1	0.990339	0.944174	0.006752	0.007033
63	LdDocent_Contig_63366_27	1	2	0.009661	0.055826	0.006752	0.007033
64	LdDocent_Contig_69005_402	0	1	0.622546	0.992726	0.034119	0.002646
64	LdDocent_Contig_69005_402	1	2	0.377454	0.007274	0.034119	0.002646
65	LdDocent_Contig_650_40	0	1	0.997075	0.987523	0.003933	0.003289
65	LdDocent_Contig_650_40	1	2	0.002925	0.012477	0.003933	0.003289
66	LdDocent_Contig_891_456	0	1	0.997997	0.992661	0.002822	0.002669
66	LdDocent_Contig_891_456	1	2	0.002003	0.007339	0.002822	0.002669
67	LdDocent_Contig_12505_264	0	1	0.997922	0.991686	0.002926	0.002842
67	LdDocent_Contig_12505_264	1	2	0.002078	0.008314	0.002926	0.002842
68	LdDocent_Contig_1284_68	0	1	0.998012	0.990984	0.002801	0.002908
68	LdDocent_Contig_1284_68	1	2	0.001988	0.009016	0.002801	0.002908
69	LdDocent_Contig_88645_448	0	1	0.977009	0.997511	0.009660	0.001571
69	LdDocent_Contig_88645_448	1	2	0.022991	0.002489	0.009660	0.001571
70	LdDocent_Contig_14813_337	0	1	0.997856	0.974936	0.003022	0.005001
70	LdDocent_Contig_14813_337	1	2	0.002144	0.025064	0.003022	0.005001
71	LdDocent_Contig_1050_136	0	1	0.998096	0.991052	0.002679	0.002750
71	LdDocent_Contig_1050_136	1	2	0.001904	0.008948	0.002679	0.002750
72	LdDocent_Contig_83599_135	0	1	0.997713	0.984957	0.003207	0.003682
72	LdDocent_Contig_83599_135	1	2	0.002287	0.015043	0.003207	0.003682
73	LdDocent_Contig_65986_50	0	1	0.997898	0.991292	0.002962	0.002971
73	LdDocent_Contig_65986_50	1	2	0.002102	0.008708	0.002962	0.002971
74	LdDocent_Contig_3715_115	0	1	0.998094	0.983629	0.002689	0.003770
74	LdDocent_Contig_3715_115	1	2	0.001906	0.016371	0.002689	0.003770
75	LdDocent_Contig_73978_457	0	1	0.997742	0.986488	0.003185	0.003517
75	LdDocent_Contig_73978_457	1	2	0.002258	0.013512	0.003185	0.003517
76	LdDocent_Contig_1040_425	0	1	0.987889	0.994372	0.016854	0.002201
76	LdDocent_Contig_1040_425	1	2	0.012111	0.005628	0.016854	0.002201
77	LdDocent_Contig_72760_460	0	1	0.971138	0.873381	0.011104	0.010820
77	LdDocent_Contig_72760_460	1	2	0.028862	0.126619	0.011104	0.010820
78	LdDocent_Contig_13985_367	0	1	0.997927	0.893899	0.002918	0.009331
78	LdDocent_Contig_13985_367	1	2	0.002073	0.106101	0.002918	0.009331
79	LdDocent_Contig_52123_371	0	1	0.997903	0.989245	0.002953	0.003154
79	LdDocent_Contig_52123_371	1	2	0.002097	0.010755	0.002953	0.003154
80	LdDocent_Contig_53669_84	0	1	0.462334	0.569822	0.031204	0.014781
80	LdDocent_Contig_53669_84	1	2	0.537666	0.430178	0.031204	0.014781
81	LdDocent_Contig_32736_374	0	1	0.997673	0.985190	0.003284	0.003859
81	LdDocent_Contig_32736_374	1	2	0.002327	0.014810	0.003284	0.003859
82	LdDocent_Contig_1331_460	0	1	0.013865	0.996803	0.007558	0.001707
82	LdDocent_Contig_1331_460	1	2	0.986135	0.003197	0.007558	0.001707
83	LdDocent_Contig_13628_392	0	1	0.995993	0.990480	0.004697	0.003019
83	LdDocent_Contig_13628_392	1	2	0.004007	0.009520	0.004697	0.003019
84	LdDocent_Contig_23284_87	0	1	0.981447	0.068435	0.009304	0.007874
84	LdDocent_Contig_23284_87	1	2	0.018553	0.931565	0.009304	0.007874
85	LdDocent_Contig_58621_49	0	1	0.931401	0.999524	0.016282	0.000672
85	LdDocent_Contig_58621_49	1	2	0.068599	0.000476	0.016282	0.000672
86	LdDocent_Contig_5815_452	0	1	0.989417	0.909944	0.006638	0.008697
86	LdDocent_Contig_5815_452	1	2	0.010583	0.090056	0.006638	0.008697
87	LdDocent_Contig_13900_389	0	1	0.997685	0.948756	0.003265	0.006825
87	LdDocent_Contig_13900_389	1	2	0.002315	0.051244	0.003265	0.006825
88	LdDocent_Contig_32944_425	0	1	0.997755	0.991515	0.003161	0.002895
88	LdDocent_Contig_32944_425	1	2	0.002245	0.008485	0.003161	0.002895
89	LdDocent_Contig_19747_367	0	1	0.997912	0.985247	0.002946	0.003603
89	LdDocent_Contig_19747_367	1	2	0.002088	0.014753	0.002946	0.003603
90	LdDocent_Contig_31766_49	0	2	0.006134	0.698561	0.005092	0.013467
90	LdDocent_Contig_31766_49	1	1	0.993866	0.301439	0.005092	0.013467
91	LdDocent_Contig_93081_398	0	1	0.997671	0.988515	0.003274	0.003372
91	LdDocent_Contig_93081_398	1	2	0.002329	0.011485	0.003274	0.003372
92	LdDocent_Contig_92684_428	0	1	0.949901	0.998484	0.014440	0.001243
92	LdDocent_Contig_92684_428	1	2	0.050099	0.001516	0.014440	0.001243
93	LdDocent_Contig_295_343	0	1	0.997871	0.981418	0.003000	0.004173
93	LdDocent_Contig_295_343	1	2	0.002129	0.018582	0.003000	0.004173
94	LdDocent_Contig_69888_361	0	1	0.989082	0.857895	0.006845	0.010912
94	LdDocent_Contig_69888_361	1	2	0.010918	0.142105	0.006845	0.010912
95	LdDocent_Contig_503_92	0	1	0.916931	0.999545	0.017994	0.000645
95	LdDocent_Contig_503_92	1	2	0.083069	0.000455	0.017994	0.000645
96	LdDocent_Contig_22010_387	0	1	0.997747	0.992535	0.003165	0.002713
96	LdDocent_Contig_22010_387	1	2	0.002253	0.007465	0.003165	0.002713
97	LdDocent_Contig_71485_135	0	1	0.997828	0.990890	0.003062	0.002941
97	LdDocent_Contig_71485_135	1	2	0.002172	0.009110	0.003062	0.002941
98	LdDocent_Contig_90285_342	0	1	0.997908	0.945380	0.002945	0.006936
98	LdDocent_Contig_90285_342	1	2	0.002092	0.054620	0.002945	0.006936
99	LdDocent_Contig_53_131	0	1	0.998010	0.992270	0.002809	0.002642
99	LdDocent_Contig_53_131	1	2	0.001990	0.007730	0.002809	0.002642
100	LdDocent_Contig_7979_42	0	1	0.960167	0.999530	0.012638	0.000666
100	LdDocent_Contig_7979_42	1	2	0.039833	0.000470	0.012638	0.000666
101	LdDocent_Contig_22599_407	0	1	0.964441	0.999538	0.011935	0.000652
101	LdDocent_Contig_22599_407	1	2	0.035559	0.000462	0.011935	0.000652
102	LdDocent_Contig_20798_104	0	1	0.997959	0.990313	0.002881	0.002974
102	LdDocent_Contig_20798_104	1	2	0.002041	0.009687	0.002881	0.002974
103	LdDocent_Contig_7547_16	0	1	0.991027	0.798341	0.006434	0.011995
103	LdDocent_Contig_7547_16	1	2	0.008973	0.201659	0.006434	0.011995
104	LdDocent_Contig_63433_418	0	1	0.013404	0.989409	0.007845	0.003250
104	LdDocent_Contig_63433_418	1	2	0.986596	0.010591	0.007845	0.003250
105	LdDocent_Contig_2705_470	0	2	0.993713	0.201849	0.005139	0.012261
105	LdDocent_Contig_2705_470	1	1	0.006287	0.798151	0.005139	0.012261
106	LdDocent_Contig_79960_434	0	1	0.560552	0.784030	0.031473	0.012435
106	LdDocent_Contig_79960_434	1	2	0.439448	0.215970	0.031473	0.012435
107	LdDocent_Contig_6152_64	0	1	0.997901	0.790020	0.002963	0.012240
107	LdDocent_Contig_6152_64	1	2	0.002099	0.209980	0.002963	0.012240
108	LdDocent_Contig_8911_456	0	1	0.992737	0.990935	0.005885	0.002923
108	LdDocent_Contig_8911_456	1	2	0.007263	0.009065	0.005885	0.002923
109	LdDocent_Contig_10276_140	0	1	0.997866	0.968115	0.003006	0.005418
109	LdDocent_Contig_10276_140	1	2	0.002134	0.031885	0.003006	0.005418
110	LdDocent_Contig_86410_87	0	1	0.997867	0.985133	0.003007	0.003869
110	LdDocent_Contig_86410_87	1	2	0.002133	0.014867	0.003007	0.003869
111	LdDocent_Contig_13105_145	0	1	0.993851	0.866583	0.004991	0.010290
111	LdDocent_Contig_13105_145	1	2	0.006149	0.133417	0.004991	0.010290
112	LdDocent_Contig_14334_415	0	1	0.997709	0.924734	0.003225	0.008271
112	LdDocent_Contig_14334_415	1	2	0.002291	0.075266	0.003225	0.008271
113	LdDocent_Contig_5579_24	0	1	0.998035	0.983698	0.002772	0.003760
113	LdDocent_Contig_5579_24	1	2	0.001965	0.016302	0.002772	0.003760
114	LdDocent_Contig_58540_87	0	1	0.997883	0.992856	0.002988	0.002599
114	LdDocent_Contig_58540_87	1	2	0.002117	0.007144	0.002988	0.002599
115	LdDocent_Contig_3666_58	0	1	0.882633	0.998502	0.021359	0.001221
115	LdDocent_Contig_3666_58	1	2	0.117367	0.001498	0.021359	0.001221
116	LdDocent_Contig_1438_37	0	1	0.998048	0.992492	0.002749	0.002563
116	LdDocent_Contig_1438_37	1	2	0.001952	0.007508	0.002749	0.002563
117	LdDocent_Contig_1655_128	0	1	0.993255	0.796606	0.005470	0.012818
117	LdDocent_Contig_1655_128	1	2	0.006745	0.203394	0.005470	0.012818
118	LdDocent_Contig_22_433	0	1	0.904173	0.999551	0.018772	0.000635
118	LdDocent_Contig_22_433	1	2	0.095827	0.000449	0.018772	0.000635
119	LdDocent_Contig_95004_457	0	1	0.997764	0.918141	0.003148	0.008686
119	LdDocent_Contig_95004_457	1	2	0.002236	0.081859	0.003148	0.008686
120	LdDocent_Contig_16527_454	0	1	0.977314	0.920850	0.009544	0.008415
120	LdDocent_Contig_16527_454	1	2	0.022686	0.079150	0.009544	0.008415
121	LdDocent_Contig_29138_390	0	1	0.997648	0.964064	0.003313	0.005756
121	LdDocent_Contig_29138_390	1	2	0.002352	0.035936	0.003313	0.005756
122	LdDocent_Contig_71732_419	0	1	0.997705	0.947817	0.003219	0.006767
122	LdDocent_Contig_71732_419	1	2	0.002295	0.052183	0.003219	0.006767
123	LdDocent_Contig_2054_505	0	1	0.997293	0.981853	0.003741	0.004199
123	LdDocent_Contig_2054_505	1	2	0.002707	0.018147	0.003741	0.004199
124	LdDocent_Contig_1545_443	0	1	0.997969	0.969024	0.002859	0.005191
124	LdDocent_Contig_1545_443	1	2	0.002031	0.030976	0.002859	0.005191
125	LdDocent_Contig_2619_424	0	1	0.886805	0.771054	0.036504	0.012415
125	LdDocent_Contig_2619_424	1	2	0.113195	0.228946	0.036504	0.012415
126	LdDocent_Contig_94840_462	0	1	0.997969	0.846772	0.002855	0.010499
126	LdDocent_Contig_94840_462	1	2	0.002031	0.153228	0.002855	0.010499
127	LdDocent_Contig_723_69	0	1	0.957433	0.999508	0.013501	0.000695
127	LdDocent_Contig_723_69	1	2	0.042567	0.000492	0.013501	0.000695
128	LdDocent_Contig_2616_388	0	1	0.998178	0.978808	0.002575	0.004069
128	LdDocent_Contig_2616_388	1	2	0.001822	0.021192	0.002575	0.004069
129	LdDocent_Contig_3220_368	0	1	0.958199	0.999384	0.013419	0.000837
129	LdDocent_Contig_3220_368	1	2	0.041801	0.000616	0.013419	0.000837
130	LdDocent_Contig_65043_38	0	1	0.997926	0.992809	0.002929	0.002615
130	LdDocent_Contig_65043_38	1	2	0.002074	0.007191	0.002929	0.002615
131	LdDocent_Contig_24277_98	0	1	0.965283	0.996782	0.011286	0.001704
131	LdDocent_Contig_24277_98	1	2	0.034717	0.003218	0.011286	0.001704
132	LdDocent_Contig_92640_436	0	1	0.955791	0.997869	0.012716	0.001347
132	LdDocent_Contig_92640_436	1	2	0.044209	0.002131	0.012716	0.001347
133	LdDocent_Contig_1027_402	0	1	0.998060	0.981484	0.002729	0.003958
133	LdDocent_Contig_1027_402	1	2	0.001940	0.018516	0.002729	0.003958
134	LdDocent_Contig_68650_396	0	1	0.997838	0.991582	0.003051	0.002876
134	LdDocent_Contig_68650_396	1	2	0.002162	0.008418	0.003051	0.002876
135	LdDocent_Contig_912_44	0	1	0.949806	0.999502	0.014413	0.000703
135	LdDocent_Contig_912_44	1	2	0.050194	0.000498	0.014413	0.000703
136	LdDocent_Contig_26350_349	0	1	0.406482	0.462990	0.031601	0.015544
136	LdDocent_Contig_26350_349	1	2	0.593518	0.537010	0.031601	0.015544
137	LdDocent_Contig_19045_63	0	1	0.993230	0.991142	0.005517	0.002859
137	LdDocent_Contig_19045_63	1	2	0.006770	0.008858	0.005517	0.002859
138	LdDocent_Contig_37048_15	0	1	0.670682	0.913506	0.030503	0.008571
138	LdDocent_Contig_37048_15	1	2	0.329318	0.086494	0.030503	0.008571
139	LdDocent_Contig_1216_455	0	1	0.998069	0.988870	0.002723	0.003132
139	LdDocent_Contig_1216_455	1	2	0.001931	0.011130	0.002723	0.003132
140	LdDocent_Contig_364_8	0	1	0.998111	0.988545	0.002661	0.003102
140	LdDocent_Contig_364_8	1	2	0.001889	0.011455	0.002661	0.003102
141	LdDocent_Contig_66831_458	0	1	0.997736	0.934694	0.003194	0.007805
141	LdDocent_Contig_66831_458	1	2	0.002264	0.065306	0.003194	0.007805
142	LdDocent_Contig_12377_140	0	1	0.997906	0.816209	0.002943	0.011832
142	LdDocent_Contig_12377_140	1	2	0.002094	0.183791	0.002943	0.011832
143	LdDocent_Contig_7739_7	0	1	0.997712	0.992569	0.003218	0.002697
143	LdDocent_Contig_7739_7	1	2	0.002288	0.007431	0.003218	0.002697
144	LdDocent_Contig_855_103	0	1	0.997847	0.986767	0.003037	0.003452
144	LdDocent_Contig_855_103	1	2	0.002153	0.013233	0.003037	0.003452
145	LdDocent_Contig_2527_386	0	1	0.898199	0.999563	0.019092	0.000617
145	LdDocent_Contig_2527_386	1	2	0.101801	0.000437	0.019092	0.000617
146	LdDocent_Contig_74577_57	0	1	0.998124	0.992656	0.002651	0.002506
146	LdDocent_Contig_74577_57	1	2	0.001876	0.007344	0.002651	0.002506
147	LdDocent_Contig_92771_73	0	1	0.951769	0.999505	0.015239	0.000700
147	LdDocent_Contig_92771_73	1	2	0.048231	0.000495	0.015239	0.000700
148	LdDocent_Contig_30350_410	0	1	0.997888	0.989760	0.002980	0.003143
148	LdDocent_Contig_30350_410	1	2	0.002112	0.010240	0.002980	0.003143
149	LdDocent_Contig_14381_322	0	1	0.993769	0.946022	0.005062	0.006698
149	LdDocent_Contig_14381_322	1	2	0.006231	0.053978	0.005062	0.006698
150	LdDocent_Contig_1251_33	0	1	0.464131	0.999576	0.035937	0.000600
150	LdDocent_Contig_1251_33	1	2	0.535869	0.000424	0.035937	0.000600
151	LdDocent_Contig_15643_369	0	1	0.997934	0.993044	0.002919	0.002528
151	LdDocent_Contig_15643_369	1	2	0.002066	0.006956	0.002919	0.002528
152	LdDocent_Contig_513_363	0	1	0.997983	0.986998	0.002845	0.003521
152	LdDocent_Contig_513_363	1	2	0.002017	0.013002	0.002845	0.003521
153	LdDocent_Contig_20128_26	0	1	0.996518	0.984092	0.004341	0.003961
153	LdDocent_Contig_20128_26	1	2	0.003482	0.015908	0.004341	0.003961
154	LdDocent_Contig_8505_368	0	1	0.018381	0.988718	0.009227	0.003313
154	LdDocent_Contig_8505_368	1	2	0.981619	0.011282	0.009227	0.003313
155	LdDocent_Contig_3461_11	0	1	0.993825	0.972868	0.005010	0.004926
155	LdDocent_Contig_3461_11	1	2	0.006175	0.027132	0.005010	0.004926
156	LdDocent_Contig_52714_9	0	1	0.994279	0.990843	0.004646	0.002813
156	LdDocent_Contig_52714_9	1	2	0.005721	0.009157	0.004646	0.002813
157	LdDocent_Contig_6451_52	0	1	0.963316	0.998504	0.012328	0.001222
157	LdDocent_Contig_6451_52	1	2	0.036684	0.001496	0.012328	0.001222
158	LdDocent_Contig_268_139	0	1	0.898562	0.999535	0.019801	0.000655
158	LdDocent_Contig_268_139	1	2	0.101438	0.000465	0.019801	0.000655
159	LdDocent_Contig_83028_26	0	1	0.005593	0.993996	0.004961	0.002351
159	LdDocent_Contig_83028_26	1	2	0.994407	0.006004	0.004961	0.002351
160	LdDocent_Contig_24538_94	0	1	0.998085	0.990860	0.002702	0.002806
160	LdDocent_Contig_24538_94	1	2	0.001915	0.009140	0.002702	0.002806
161	LdDocent_Contig_1657_34	0	1	0.969083	0.999513	0.011093	0.000687
161	LdDocent_Contig_1657_34	1	2	0.030917	0.000487	0.011093	0.000687
162	LdDocent_Contig_156_432	0	1	0.966738	0.999534	0.011238	0.000659
162	LdDocent_Contig_156_432	1	2	0.033262	0.000466	0.011238	0.000659
163	LdDocent_Contig_7192_363	0	1	0.997163	0.962673	0.003996	0.005896
163	LdDocent_Contig_7192_363	1	2	0.002837	0.037327	0.003996	0.005896
164	LdDocent_Contig_221_86	0	1	0.997804	0.973583	0.003063	0.004722
164	LdDocent_Contig_221_86	1	2	0.002196	0.026417	0.003063	0.004722
165	LdDocent_Contig_2763_332	0	1	0.997665	0.991405	0.003247	0.002795
165	LdDocent_Contig_2763_332	1	2	0.002335	0.008595	0.003247	0.002795
166	LdDocent_Contig_89454_464	0	1	0.997616	0.874721	0.003359	0.010402
166	LdDocent_Contig_89454_464	1	2	0.002384	0.125279	0.003359	0.010402
167	LdDocent_Contig_845_83	0	1	0.961189	0.999509	0.012322	0.000694
167	LdDocent_Contig_845_83	1	2	0.038811	0.000491	0.012322	0.000694
168	LdDocent_Contig_66870_127	0	1	0.997873	0.979704	0.003006	0.004433
168	LdDocent_Contig_66870_127	1	2	0.002127	0.020296	0.003006	0.004433
169	LdDocent_Contig_34882_446	0	1	0.997888	0.985636	0.002963	0.003518
169	LdDocent_Contig_34882_446	1	2	0.002112	0.014364	0.002963	0.003518
170	LdDocent_Contig_2064_430	0	1	0.321618	0.996015	0.029191	0.001923
170	LdDocent_Contig_2064_430	1	2	0.678382	0.003985	0.029191	0.001923
171	LdDocent_Contig_233_435	0	1	0.997856	0.889099	0.003020	0.009767
171	LdDocent_Contig_233_435	1	2	0.002144	0.110901	0.003020	0.009767
172	LdDocent_Contig_6059_390	0	1	0.992368	0.992543	0.006185	0.002712
172	LdDocent_Contig_6059_390	1	2	0.007632	0.007457	0.006185	0.002712
173	LdDocent_Contig_50054_360	0	1	0.962019	0.960552	0.012754	0.006008
173	LdDocent_Contig_50054_360	1	2	0.037981	0.039448	0.012754	0.006008
174	LdDocent_Contig_1378_140	0	1	0.997820	0.993223	0.003069	0.002465
174	LdDocent_Contig_1378_140	1	2	0.002180	0.006777	0.003069	0.002465
175	LdDocent_Contig_1067_382	0	1	0.898379	0.998619	0.019053	0.001125
175	LdDocent_Contig_1067_382	1	2	0.101621	0.001381	0.019053	0.001125
176	LdDocent_Contig_31740_120	0	1	0.695276	0.999462	0.028736	0.000740
176	LdDocent_Contig_31740_120	1	2	0.304724	0.000538	0.028736	0.000740
177	LdDocent_Contig_68384_345	0	2	0.954359	0.933177	0.017233	0.007615
177	LdDocent_Contig_68384_345	1	1	0.045641	0.066823	0.017233	0.007615
178	LdDocent_Contig_91112_94	0	2	0.002147	0.008114	0.003025	0.002768
178	LdDocent_Contig_91112_94	1	1	0.997853	0.991886	0.003025	0.002768
179	LdDocent_Contig_3685_365	0	1	0.998070	0.992680	0.002722	0.002497
179	LdDocent_Contig_3685_365	1	2	0.001930	0.007320	0.002722	0.002497
180	LdDocent_Contig_29337_450	0	1	0.997888	0.977997	0.002969	0.004690
180	LdDocent_Contig_29337_450	1	2	0.002112	0.022003	0.002969	0.004690
181	LdDocent_Contig_7276_503	0	1	0.997838	0.993104	0.003048	0.002507
181	LdDocent_Contig_7276_503	1	2	0.002162	0.006896	0.003048	0.002507
182	LdDocent_Contig_12538_19	0	1	0.996927	0.989782	0.004073	0.003188
182	LdDocent_Contig_12538_19	1	2	0.003073	0.010218	0.004073	0.003188
183	LdDocent_Contig_7458_48	0	2	0.992454	0.961041	0.006007	0.005976
183	LdDocent_Contig_7458_48	1	1	0.007546	0.038959	0.006007	0.005976
184	LdDocent_Contig_35538_380	0	1	0.958057	0.999507	0.013297	0.000698
184	LdDocent_Contig_35538_380	1	2	0.041943	0.000493	0.013297	0.000698
185	LdDocent_Contig_62356_87	0	1	0.997117	0.989500	0.003849	0.003121
185	LdDocent_Contig_62356_87	1	2	0.002883	0.010500	0.003849	0.003121
186	LdDocent_Contig_2082_46	0	1	0.998112	0.958737	0.002660	0.005865
186	LdDocent_Contig_2082_46	1	2	0.001888	0.041263	0.002660	0.005865
187	LdDocent_Contig_5789_136	0	1	0.824119	0.772188	0.047549	0.012533
187	LdDocent_Contig_5789_136	1	2	0.175881	0.227812	0.047549	0.012533
188	LdDocent_Contig_296_143	0	1	0.968796	0.999530	0.011203	0.000666
188	LdDocent_Contig_296_143	1	2	0.031204	0.000470	0.011203	0.000666
189	LdDocent_Contig_258_495	0	1	0.078857	0.996971	0.017188	0.001617
189	LdDocent_Contig_258_495	1	2	0.921143	0.003029	0.017188	0.001617
190	LdDocent_Contig_53755_135	0	1	0.993523	0.992190	0.005258	0.002665
190	LdDocent_Contig_53755_135	1	2	0.006477	0.007810	0.005258	0.002665
191	LdDocent_Contig_236_21	0	1	0.998007	0.982292	0.002809	0.003970
191	LdDocent_Contig_236_21	1	2	0.001993	0.017708	0.002809	0.003970
192	LdDocent_Contig_91731_367	0	1	0.997994	0.978085	0.002823	0.004381
192	LdDocent_Contig_91731_367	1	2	0.002006	0.021915	0.002823	0.004381
193	LdDocent_Contig_6156_336	0	1	0.997853	0.965816	0.003027	0.005492
193	LdDocent_Contig_6156_336	1	2	0.002147	0.034184	0.003027	0.005492
194	LdDocent_Contig_14107_449	0	1	0.997844	0.987666	0.003042	0.003465
194	LdDocent_Contig_14107_449	1	2	0.002156	0.012334	0.003042	0.003465
195	LdDocent_Contig_36993_35	0	1	0.998080	0.988004	0.002708	0.003248
195	LdDocent_Contig_36993_35	1	2	0.001920	0.011996	0.002708	0.003248
196	LdDocent_Contig_5360_85	0	1	0.997712	0.979338	0.003171	0.004231
196	LdDocent_Contig_5360_85	1	2	0.002288	0.020662	0.003171	0.004231
197	LdDocent_Contig_56630_399	0	1	0.997819	0.868922	0.003073	0.010293
197	LdDocent_Contig_56630_399	1	2	0.002181	0.131078	0.003073	0.010293
198	LdDocent_Contig_83921_462	0	1	0.989409	0.994889	0.006644	0.002171
198	LdDocent_Contig_83921_462	1	2	0.010591	0.005111	0.006644	0.002171
199	LdDocent_Contig_7764_464	0	1	0.960759	0.550164	0.014018	0.015196
199	LdDocent_Contig_7764_464	1	2	0.039241	0.449836	0.014018	0.015196
