File	FilterID	FilterOrder	NumInd	NumContigs	NumMonorphicContigs	NumSNPContigs	NumInsContigs	NumDelContigs	NumSNPs	NumIns	NumDel	NumMissingGeno	NumGenoLess10X	NumGeno10-19X	NumGeno20-49X	NumGeno50-99X	NumGeno100-999X	NumGenoGreater999X
MiSeq_A.10.1.Fltr01.1.recode.vcf	1	recode	778	22217		22196	10166	10980	802505	14376	15715	327312021	111156923	40647194	57985484	43823256	67729351	1357769
MiSeq_A.10.1.Fltr02.2.recode.vcf	2	recode	778	22196		22196	0	0	802220	0	0	312162940	107140113	39265103	56102900	42453685	65688353	1314066
MiSeq_A.10.1.Fltr03.3.recode.vcf	3	recode	778	22194		22194	0	0	801770	0	0	312037338	107080595	39243491	56071288	42427444	65614800	1302104
MiSeq_A.10.1.Fltr04.4.recode.vcf	4	recode	778	14992		14992	0	0	585044	0	0	174305611	89269228	35067200	51560240	40055103	63614974	1291876
MiSeq_A.10.1.Fltr14.5.recode.vcf	5	recode	778	14992		14992	0	0	585044	0	0	263574839	0	35067200	51560240	40055103	63614974	1291876
MiSeq_A.10.1.Fltr07.6.vcf	6	vcf	778	14992		14992	0	0	584925	0	0	263505228	0	35061416	51553558	40050741	63608998	1291709
MiSeq_A.10.1.Fltr05.7.recode.vcf	7	recode	778	5013		5013	0	0	209351	0	0	61108682	0	14484217	24868382	21912263	39613549	887985
MiSeq_A.10.1.Fltr16.8.recode.vcf	8	recode	617	5013		5013	0	0	209351	0	0	29144514	0	13518736	24450407	21713290	39457150	885470
MiSeq_A.10.1.Fltr17.9.recode.vcf	9	recode	617	5011		5011	0	0	209278	0	0	29121572	0	13510021	24443087	21710539	39454761	884546
MiSeq_A.10.1.Fltr15.10.recode.vcf	10	recode	617	5011		5011	0	0	209278	0	0	29121572	0	13510021	24443087	21710539	39454761	884546
MiSeq_A.10.1.Fltr06.11.vcf	11	vcf	617	4995		4995	0	0	177200	0	0	24488130	0	11423601	20716859	18480718	33569975	653117
MiSeq_A.10.1.Fltr09.12.vcf	12	vcf	617	4995		4995	0	0	176462	0	0	24370246	0	11377644	20634405	18407122	33438180	649457
MiSeq_A.10.1.Fltr08.13.vcf	13	vcf	617	4993		4993	0	0	176362	0	0	24354845	0	11368975	20621463	18396197	33424623	649251
MiSeq_A.10.1.Fltr10.14.vcf	14	vcf	617	4985		4985	0	0	175747	0	0	24255292	0	11333221	20555699	18334867	33309774	647046
MiSeq_A.10.1.Fltr13.15.recode.vcf	15	recode	617	4879		4879	0	0	171657	0	0	23997941	0	11229459	20308852	18043278	31822205	510634
MiSeq_A.10.1.Fltr05.16.recode.vcf	16	recode	617	3473		3473	0	0	124833	0	0	14183807	0	7796080	15158706	14131696	25357711	393961
MiSeq_A.10.1.Fltr16.17.recode.vcf	17	recode	516	3473		3473	0	0	124833	0	0	6864135	0	5391131	13323215	13555764	24892076	387507
MiSeq_A.10.1.Fltr07.18.vcf	18	vcf	516	3472		3472	0	0	123344	0	0	6783090	0	5331890	13177141	13401518	24570824	381041
MiSeq_A.10.1.Fltr041.19.vcf	19	vcf	516	3376		3376	0	0	121506	0	0	6632411	0	5204225	12944256	13249947	24300328	365929
MiSeq_A.10.1.Fltr32.20.vcf	20	vcf	516	3376		3376	0	0	121506	0	0	6632411	0	5204225	12944256	13249947	24300328	365929
MiSeq_A.10.1.Fltr18.21.HWE.recode.vcf	21	HWE	516	3372		3372	0	0	104625	0	0	5562044	0	4474074	11113576	11399535	21116902	320369
MiSeq_A.10.1.Fltr21.22.MostInformativeSNP.vcf	22	MostInformativeSNP	516	3372		3372	0	0	3372	0	0	195024	0	149393	358173	360658	666160	10544
