UponCompletionOf_1000000_sweeps
LocNumber LocName AlleleNumber AlleleName FreqInPop0 FreqInPop1 SDInPop0 SDinPop1
0	LdDocent_Contig_77480_115	0	1	0.997823	0.946366	0.003056	0.006998
0	LdDocent_Contig_77480_115	1	2	0.002177	0.053634	0.003056	0.006998
1	LdDocent_Contig_1762_432	0	1	0.997769	0.983761	0.003148	0.003961
1	LdDocent_Contig_1762_432	1	2	0.002231	0.016239	0.003148	0.003961
2	LdDocent_Contig_52407_95	0	1	0.996901	0.944837	0.004349	0.006886
2	LdDocent_Contig_52407_95	1	2	0.003099	0.055163	0.004349	0.006886
3	LdDocent_Contig_19963_437	0	1	0.989299	0.993745	0.006718	0.002458
3	LdDocent_Contig_19963_437	1	2	0.010701	0.006255	0.006718	0.002458
4	LdDocent_Contig_95959_313	0	1	0.989339	0.975750	0.006677	0.004677
4	LdDocent_Contig_95959_313	1	2	0.010661	0.024250	0.006677	0.004677
5	LdDocent_Contig_29138_390	0	1	0.997659	0.964023	0.003299	0.005764
5	LdDocent_Contig_29138_390	1	2	0.002341	0.035977	0.003299	0.005764
6	LdDocent_Contig_1491_123	0	1	0.958438	0.997551	0.013940	0.001572
6	LdDocent_Contig_1491_123	1	2	0.041562	0.002449	0.013940	0.001572
7	LdDocent_Contig_60398_404	0	1	0.392975	0.790994	0.030200	0.012522
7	LdDocent_Contig_60398_404	1	2	0.607025	0.209006	0.030200	0.012522
8	LdDocent_Contig_1135_355	0	1	0.727181	0.590939	0.043973	0.014297
8	LdDocent_Contig_1135_355	1	2	0.272819	0.409061	0.043973	0.014297
9	LdDocent_Contig_93_22	0	1	0.997665	0.924106	0.003288	0.007988
9	LdDocent_Contig_93_22	1	2	0.002335	0.075894	0.003288	0.007988
10	LdDocent_Contig_12_130	0	1	0.458451	0.996432	0.029910	0.002051
10	LdDocent_Contig_12_130	1	2	0.541549	0.003568	0.029910	0.002051
11	LdDocent_Contig_14107_449	0	1	0.997860	0.987646	0.003019	0.003468
11	LdDocent_Contig_14107_449	1	2	0.002140	0.012354	0.003019	0.003468
12	LdDocent_Contig_60897_12	0	1	0.997231	0.992000	0.003822	0.002761
12	LdDocent_Contig_60897_12	1	2	0.002769	0.008000	0.003822	0.002761
13	LdDocent_Contig_5625_436	0	1	0.949416	0.999564	0.013397	0.000617
13	LdDocent_Contig_5625_436	1	2	0.050584	0.000436	0.013397	0.000617
14	LdDocent_Contig_351_95	0	1	0.986422	0.913224	0.007205	0.008439
14	LdDocent_Contig_351_95	1	2	0.013578	0.086776	0.007205	0.008439
15	LdDocent_Contig_59577_144	0	1	0.889804	0.998576	0.020567	0.001160
15	LdDocent_Contig_59577_144	1	2	0.110196	0.001424	0.020567	0.001160
16	LdDocent_Contig_87643_124	0	1	0.998103	0.991194	0.002670	0.002707
16	LdDocent_Contig_87643_124	1	2	0.001897	0.008806	0.002670	0.002707
17	LdDocent_Contig_270_430	0	1	0.997526	0.992420	0.003477	0.002775
17	LdDocent_Contig_270_430	1	2	0.002474	0.007580	0.003477	0.002775
18	LdDocent_Contig_2059_130	0	1	0.997838	0.992624	0.003046	0.002680
18	LdDocent_Contig_2059_130	1	2	0.002162	0.007376	0.003046	0.002680
19	LdDocent_Contig_1444_463	0	1	0.997087	0.991760	0.004026	0.002688
19	LdDocent_Contig_1444_463	1	2	0.002913	0.008240	0.004026	0.002688
20	LdDocent_Contig_38475_385	0	1	0.854887	0.995895	0.022262	0.001929
20	LdDocent_Contig_38475_385	1	2	0.145113	0.004105	0.022262	0.001929
21	LdDocent_Contig_2596_459	0	1	0.200248	0.949361	0.026941	0.006824
21	LdDocent_Contig_2596_459	1	2	0.799752	0.050639	0.026941	0.006824
22	LdDocent_Contig_15643_369	0	1	0.997808	0.993058	0.003077	0.002534
22	LdDocent_Contig_15643_369	1	2	0.002192	0.006942	0.003077	0.002534
23	LdDocent_Contig_3892_445	0	1	0.997393	0.979818	0.003586	0.004339
23	LdDocent_Contig_3892_445	1	2	0.002607	0.020182	0.003586	0.004339
24	LdDocent_Contig_13040_148	0	1	0.943684	0.999549	0.014345	0.000638
24	LdDocent_Contig_13040_148	1	2	0.056316	0.000451	0.014345	0.000638
25	LdDocent_Contig_50533_301	0	1	0.951555	0.996819	0.013404	0.001696
25	LdDocent_Contig_50533_301	1	2	0.048445	0.003181	0.013404	0.001696
26	LdDocent_Contig_18552_139	0	1	0.998108	0.906368	0.002670	0.008513
26	LdDocent_Contig_18552_139	1	2	0.001892	0.093632	0.002670	0.008513
27	LdDocent_Contig_1392_480	0	1	0.997934	0.889543	0.002918	0.009729
27	LdDocent_Contig_1392_480	1	2	0.002066	0.110457	0.002918	0.009729
28	LdDocent_Contig_2743_110	0	1	0.952397	0.999532	0.013684	0.000663
28	LdDocent_Contig_2743_110	1	2	0.047603	0.000468	0.013684	0.000663
29	LdDocent_Contig_913_80	0	1	0.954365	0.998521	0.013747	0.001207
29	LdDocent_Contig_913_80	1	2	0.045635	0.001479	0.013747	0.001207
30	LdDocent_Contig_2286_103	0	1	0.997954	0.886604	0.002883	0.009933
30	LdDocent_Contig_2286_103	1	2	0.002046	0.113396	0.002883	0.009933
31	LdDocent_Contig_2270_79	0	1	0.997361	0.959809	0.003695	0.006269
31	LdDocent_Contig_2270_79	1	2	0.002639	0.040191	0.003695	0.006269
32	LdDocent_Contig_29609_376	0	1	0.997822	0.988901	0.003065	0.003251
32	LdDocent_Contig_29609_376	1	2	0.002178	0.011099	0.003065	0.003251
33	LdDocent_Contig_73591_371	0	1	0.281512	0.986096	0.031165	0.003518
33	LdDocent_Contig_73591_371	1	2	0.718488	0.013904	0.031165	0.003518
34	LdDocent_Contig_6471_364	0	1	0.855808	0.983004	0.023338	0.004128
34	LdDocent_Contig_6471_364	1	2	0.144192	0.016996	0.023338	0.004128
35	LdDocent_Contig_1573_343	0	1	0.993389	0.946041	0.005375	0.007046
35	LdDocent_Contig_1573_343	1	2	0.006611	0.053959	0.005375	0.007046
36	LdDocent_Contig_318_421	0	1	0.997465	0.983696	0.003484	0.003782
36	LdDocent_Contig_318_421	1	2	0.002535	0.016304	0.003484	0.003782
37	LdDocent_Contig_12687_339	0	1	0.997684	0.888221	0.003241	0.009810
37	LdDocent_Contig_12687_339	1	2	0.002316	0.111779	0.003241	0.009810
38	LdDocent_Contig_14686_355	0	1	0.997594	0.979199	0.003392	0.004340
38	LdDocent_Contig_14686_355	1	2	0.002406	0.020801	0.003392	0.004340
39	LdDocent_Contig_14334_415	0	1	0.997684	0.924595	0.003255	0.008291
39	LdDocent_Contig_14334_415	1	2	0.002316	0.075405	0.003255	0.008291
40	LdDocent_Contig_96823_339	0	1	0.996799	0.962685	0.004288	0.006003
40	LdDocent_Contig_96823_339	1	2	0.003201	0.037315	0.004288	0.006003
41	LdDocent_Contig_693_381	0	1	0.997588	0.982400	0.003385	0.004063
41	LdDocent_Contig_693_381	1	2	0.002412	0.017600	0.003385	0.004063
42	LdDocent_Contig_2450_30	0	1	0.997543	0.982839	0.003427	0.004083
42	LdDocent_Contig_2450_30	1	2	0.002457	0.017161	0.003427	0.004083
43	LdDocent_Contig_6748_453	0	1	0.997893	0.991962	0.002968	0.002744
43	LdDocent_Contig_6748_453	1	2	0.002107	0.008038	0.002968	0.002744
44	LdDocent_Contig_6522_393	0	1	0.441401	0.910079	0.033471	0.008687
44	LdDocent_Contig_6522_393	1	2	0.558599	0.089921	0.033471	0.008687
45	LdDocent_Contig_2987_461	0	1	0.901324	0.999472	0.020201	0.000746
45	LdDocent_Contig_2987_461	1	2	0.098676	0.000528	0.020201	0.000746
46	LdDocent_Contig_23681_58	0	1	0.997945	0.990671	0.002898	0.003014
46	LdDocent_Contig_23681_58	1	2	0.002055	0.009329	0.002898	0.003014
47	LdDocent_Contig_13621_496	0	1	0.996149	0.992173	0.005411	0.002668
47	LdDocent_Contig_13621_496	1	2	0.003851	0.007827	0.005411	0.002668
48	LdDocent_Contig_6765_47	0	1	0.998034	0.990145	0.002770	0.002891
48	LdDocent_Contig_6765_47	1	2	0.001966	0.009855	0.002770	0.002891
49	LdDocent_Contig_22239_72	0	2	0.529529	0.704956	0.032046	0.013836
49	LdDocent_Contig_22239_72	1	1	0.470471	0.295044	0.032046	0.013836
50	LdDocent_Contig_1364_415	0	2	0.992686	0.740359	0.005942	0.014044
50	LdDocent_Contig_1364_415	1	1	0.007314	0.259641	0.005942	0.014044
51	LdDocent_Contig_34179_10	0	1	0.997976	0.983707	0.002855	0.003862
51	LdDocent_Contig_34179_10	1	2	0.002024	0.016293	0.002855	0.003862
52	LdDocent_Contig_63087_64	0	1	0.997881	0.990033	0.002983	0.003058
52	LdDocent_Contig_63087_64	1	2	0.002119	0.009967	0.002983	0.003058
53	LdDocent_Contig_52714_9	0	1	0.994303	0.990825	0.004627	0.002813
53	LdDocent_Contig_52714_9	1	2	0.005697	0.009175	0.004627	0.002813
54	LdDocent_Contig_30158_257	0	1	0.997932	0.961214	0.002918	0.006201
54	LdDocent_Contig_30158_257	1	2	0.002068	0.038786	0.002918	0.006201
55	LdDocent_Contig_14520_40	0	1	0.748372	0.998973	0.027716	0.001083
55	LdDocent_Contig_14520_40	1	2	0.251628	0.001027	0.027716	0.001083
56	LdDocent_Contig_20190_448	0	1	0.997102	0.991489	0.003822	0.002803
56	LdDocent_Contig_20190_448	1	2	0.002898	0.008511	0.003822	0.002803
57	LdDocent_Contig_668_73	0	1	0.975468	0.981734	0.009493	0.003903
57	LdDocent_Contig_668_73	1	2	0.024532	0.018266	0.009493	0.003903
58	LdDocent_Contig_75463_414	0	1	0.997918	0.993248	0.002934	0.002455
58	LdDocent_Contig_75463_414	1	2	0.002082	0.006752	0.002934	0.002455
59	LdDocent_Contig_31766_49	0	2	0.009274	0.698853	0.006342	0.013483
59	LdDocent_Contig_31766_49	1	1	0.990726	0.301147	0.006342	0.013483
60	LdDocent_Contig_26883_329	0	1	0.998099	0.898191	0.002682	0.008925
60	LdDocent_Contig_26883_329	1	2	0.001901	0.101809	0.002682	0.008925
61	LdDocent_Contig_616_332	0	1	0.997822	0.973968	0.003035	0.004662
61	LdDocent_Contig_616_332	1	2	0.002178	0.026032	0.003035	0.004662
62	LdDocent_Contig_90078_108	0	1	0.992308	0.954452	0.005976	0.006184
62	LdDocent_Contig_90078_108	1	2	0.007692	0.045548	0.005976	0.006184
63	LdDocent_Contig_3848_142	0	1	0.996821	0.964036	0.004467	0.005760
63	LdDocent_Contig_3848_142	1	2	0.003179	0.035964	0.004467	0.005760
64	LdDocent_Contig_69295_349	0	1	0.997731	0.983729	0.003198	0.003853
64	LdDocent_Contig_69295_349	1	2	0.002269	0.016271	0.003198	0.003853
65	LdDocent_Contig_5672_442	0	1	0.997820	0.992177	0.003071	0.002673
65	LdDocent_Contig_5672_442	1	2	0.002180	0.007823	0.003071	0.002673
66	LdDocent_Contig_74460_38	0	1	0.997837	0.964416	0.003053	0.005704
66	LdDocent_Contig_74460_38	1	2	0.002163	0.035584	0.003053	0.005704
67	LdDocent_Contig_1378_140	0	1	0.997838	0.993213	0.003045	0.002470
67	LdDocent_Contig_1378_140	1	2	0.002162	0.006787	0.003045	0.002470
68	LdDocent_Contig_1603_13	0	1	0.993611	0.834116	0.005370	0.010778
68	LdDocent_Contig_1603_13	1	2	0.006389	0.165884	0.005370	0.010778
69	LdDocent_Contig_91295_443	0	1	0.939217	0.998533	0.016629	0.001256
69	LdDocent_Contig_91295_443	1	2	0.060783	0.001467	0.016629	0.001256
70	LdDocent_Contig_12538_19	0	1	0.996953	0.989766	0.004046	0.003197
70	LdDocent_Contig_12538_19	1	2	0.003047	0.010234	0.004046	0.003197
71	LdDocent_Contig_3899_397	0	1	0.997922	0.980347	0.002926	0.004294
71	LdDocent_Contig_3899_397	1	2	0.002078	0.019653	0.002926	0.004294
72	LdDocent_Contig_52636_363	0	1	0.997807	0.988830	0.003093	0.003276
72	LdDocent_Contig_52636_363	1	2	0.002193	0.011170	0.003093	0.003276
73	LdDocent_Contig_1962_36	0	1	0.997738	0.988487	0.003189	0.003369
73	LdDocent_Contig_1962_36	1	2	0.002262	0.011513	0.003189	0.003369
74	LdDocent_Contig_66057_9	0	1	0.993306	0.992193	0.005328	0.002728
74	LdDocent_Contig_66057_9	1	2	0.006694	0.007807	0.005328	0.002728
75	LdDocent_Contig_19747_367	0	1	0.997945	0.985205	0.002898	0.003615
75	LdDocent_Contig_19747_367	1	2	0.002055	0.014795	0.002898	0.003615
76	LdDocent_Contig_729_126	0	1	0.998100	0.987275	0.002675	0.003320
76	LdDocent_Contig_729_126	1	2	0.001900	0.012725	0.002675	0.003320
77	LdDocent_Contig_75288_327	0	1	0.021779	0.996236	0.009484	0.001894
77	LdDocent_Contig_75288_327	1	2	0.978221	0.003764	0.009484	0.001894
78	LdDocent_Contig_2750_91	0	1	0.997945	0.991362	0.002895	0.002788
78	LdDocent_Contig_2750_91	1	2	0.002055	0.008638	0.002895	0.002788
79	LdDocent_Contig_14707_509	0	1	0.964095	0.938736	0.012045	0.007668
79	LdDocent_Contig_14707_509	1	2	0.035905	0.061264	0.012045	0.007668
80	LdDocent_Contig_5114_355	0	1	0.848253	0.997404	0.024486	0.001641
80	LdDocent_Contig_5114_355	1	2	0.151747	0.002596	0.024486	0.001641
81	LdDocent_Contig_132_427	0	1	0.022485	0.996821	0.009940	0.001758
81	LdDocent_Contig_132_427	1	2	0.977515	0.003179	0.009940	0.001758
82	LdDocent_Contig_1546_110	0	1	0.997952	0.960537	0.002874	0.005740
82	LdDocent_Contig_1546_110	1	2	0.002048	0.039463	0.002874	0.005740
83	LdDocent_Contig_1350_53	0	1	0.958061	0.999566	0.012661	0.000612
83	LdDocent_Contig_1350_53	1	2	0.041939	0.000434	0.012661	0.000612
84	LdDocent_Contig_29423_18	0	1	0.997615	0.993419	0.003289	0.002421
84	LdDocent_Contig_29423_18	1	2	0.002385	0.006581	0.003289	0.002421
85	LdDocent_Contig_27_441	0	1	0.057489	0.998757	0.015165	0.001043
85	LdDocent_Contig_27_441	1	2	0.942511	0.001243	0.015165	0.001043
86	LdDocent_Contig_12112_370	0	1	0.920354	0.999564	0.016863	0.000617
86	LdDocent_Contig_12112_370	1	2	0.079646	0.000436	0.016863	0.000617
87	LdDocent_Contig_1575_412	0	1	0.964394	0.998451	0.012741	0.001265
87	LdDocent_Contig_1575_412	1	2	0.035606	0.001549	0.012741	0.001265
88	LdDocent_Contig_855_103	0	1	0.997868	0.986744	0.003002	0.003456
88	LdDocent_Contig_855_103	1	2	0.002132	0.013256	0.003002	0.003456
89	LdDocent_Contig_56926_348	0	1	0.998060	0.987425	0.002733	0.003400
89	LdDocent_Contig_56926_348	1	2	0.001940	0.012575	0.002733	0.003400
90	LdDocent_Contig_85847_414	0	1	0.997822	0.991638	0.003071	0.002851
90	LdDocent_Contig_85847_414	1	2	0.002178	0.008362	0.003071	0.002851
91	LdDocent_Contig_22935_394	0	1	0.737340	0.518556	0.034456	0.014713
91	LdDocent_Contig_22935_394	1	2	0.262660	0.481444	0.034456	0.014713
92	LdDocent_Contig_1577_413	0	1	0.994091	0.953321	0.004797	0.006232
92	LdDocent_Contig_1577_413	1	2	0.005909	0.046679	0.004797	0.006232
93	LdDocent_Contig_5947_310	0	1	0.098106	0.727694	0.022947	0.013244
93	LdDocent_Contig_5947_310	1	2	0.901894	0.272306	0.022947	0.013244
94	LdDocent_Contig_38164_51	0	1	0.962917	0.999530	0.011851	0.000663
94	LdDocent_Contig_38164_51	1	2	0.037083	0.000470	0.011851	0.000663
95	LdDocent_Contig_68888_83	0	1	0.942208	0.999531	0.018179	0.000662
95	LdDocent_Contig_68888_83	1	2	0.057792	0.000469	0.018179	0.000662
96	LdDocent_Contig_839_379	0	1	0.997875	0.989142	0.002998	0.003183
96	LdDocent_Contig_839_379	1	2	0.002125	0.010858	0.002998	0.003183
97	LdDocent_Contig_88673_390	0	1	0.997898	0.991407	0.002956	0.002933
97	LdDocent_Contig_88673_390	1	2	0.002102	0.008593	0.002956	0.002933
98	LdDocent_Contig_2763_332	0	1	0.997689	0.991382	0.003213	0.002808
98	LdDocent_Contig_2763_332	1	2	0.002311	0.008618	0.003213	0.002808
99	LdDocent_Contig_380_31	0	1	0.997774	0.987583	0.003140	0.003489
99	LdDocent_Contig_380_31	1	2	0.002226	0.012417	0.003140	0.003489
100	LdDocent_Contig_111_133	0	1	0.998011	0.860048	0.002803	0.010088
100	LdDocent_Contig_111_133	1	2	0.001989	0.139952	0.002803	0.010088
101	LdDocent_Contig_14500_389	0	1	0.984053	0.960864	0.008448	0.006020
101	LdDocent_Contig_14500_389	1	2	0.015947	0.039136	0.008448	0.006020
102	LdDocent_Contig_16527_454	0	1	0.976402	0.920973	0.009866	0.008423
102	LdDocent_Contig_16527_454	1	2	0.023598	0.079027	0.009866	0.008423
103	LdDocent_Contig_12148_78	0	1	0.993747	0.993762	0.005078	0.002436
103	LdDocent_Contig_12148_78	1	2	0.006253	0.006238	0.005078	0.002436
104	LdDocent_Contig_13056_449	0	1	0.997975	0.988810	0.002863	0.003146
104	LdDocent_Contig_13056_449	1	2	0.002025	0.011190	0.002863	0.003146
105	LdDocent_Contig_6220_132	0	1	0.997872	0.880890	0.003004	0.010129
105	LdDocent_Contig_6220_132	1	2	0.002128	0.119110	0.003004	0.010129
106	LdDocent_Contig_74556_12	0	1	0.997885	0.981126	0.002982	0.004231
106	LdDocent_Contig_74556_12	1	2	0.002115	0.018874	0.002982	0.004231
107	LdDocent_Contig_67361_402	0	1	0.997555	0.987716	0.003445	0.003451
107	LdDocent_Contig_67361_402	1	2	0.002445	0.012284	0.003445	0.003451
108	LdDocent_Contig_67854_95	0	1	0.998080	0.987982	0.002707	0.003247
108	LdDocent_Contig_67854_95	1	2	0.001920	0.012018	0.002707	0.003247
109	LdDocent_Contig_7333_112	0	1	0.997782	0.991335	0.003124	0.002958
109	LdDocent_Contig_7333_112	1	2	0.002218	0.008665	0.003124	0.002958
110	LdDocent_Contig_67629_426	0	1	0.997982	0.992232	0.002842	0.002651
110	LdDocent_Contig_67629_426	1	2	0.002018	0.007768	0.002842	0.002651
111	LdDocent_Contig_5507_409	0	1	0.983899	0.901347	0.008695	0.008965
111	LdDocent_Contig_5507_409	1	2	0.016101	0.098653	0.008695	0.008965
112	LdDocent_Contig_57511_116	0	1	0.965842	0.999553	0.011509	0.000631
112	LdDocent_Contig_57511_116	1	2	0.034158	0.000447	0.011509	0.000631
113	LdDocent_Contig_16259_442	0	1	0.997473	0.944730	0.003555	0.007086
113	LdDocent_Contig_16259_442	1	2	0.002527	0.055270	0.003555	0.007086
114	LdDocent_Contig_23271_45	0	1	0.988889	0.978808	0.007352	0.004485
114	LdDocent_Contig_23271_45	1	2	0.011111	0.021192	0.007352	0.004485
115	LdDocent_Contig_3155_425	0	1	0.865968	0.998659	0.021275	0.001094
115	LdDocent_Contig_3155_425	1	2	0.134032	0.001341	0.021275	0.001094
116	LdDocent_Contig_95524_427	0	1	0.995190	0.986070	0.006336	0.003556
116	LdDocent_Contig_95524_427	1	2	0.004810	0.013930	0.006336	0.003556
117	LdDocent_Contig_626_446	0	1	0.997386	0.989906	0.003689	0.002958
117	LdDocent_Contig_626_446	1	2	0.002614	0.010094	0.003689	0.002958
118	LdDocent_Contig_29872_47	0	1	0.988563	0.973179	0.007188	0.004873
118	LdDocent_Contig_29872_47	1	2	0.011437	0.026821	0.007188	0.004873
119	LdDocent_Contig_3213_422	0	1	0.044060	0.872973	0.013257	0.010203
119	LdDocent_Contig_3213_422	1	2	0.955940	0.127027	0.013257	0.010203
120	LdDocent_Contig_6034_478	0	1	0.992186	0.827946	0.006329	0.011654
120	LdDocent_Contig_6034_478	1	2	0.007814	0.172054	0.006329	0.011654
121	LdDocent_Contig_186_79	0	1	0.947651	0.998674	0.013861	0.001081
121	LdDocent_Contig_186_79	1	2	0.052349	0.001326	0.013861	0.001081
122	LdDocent_Contig_69388_420	0	1	0.997985	0.991352	0.002843	0.002795
122	LdDocent_Contig_69388_420	1	2	0.002015	0.008648	0.002843	0.002795
123	LdDocent_Contig_81251_341	0	1	0.969442	0.999500	0.011009	0.000706
123	LdDocent_Contig_81251_341	1	2	0.030558	0.000500	0.011009	0.000706
124	LdDocent_Contig_2055_16	0	1	0.993107	0.973984	0.005609	0.004986
124	LdDocent_Contig_2055_16	1	2	0.006893	0.026016	0.005609	0.004986
125	LdDocent_Contig_81434_14	0	1	0.997918	0.970902	0.002934	0.005190
125	LdDocent_Contig_81434_14	1	2	0.002082	0.029098	0.002934	0.005190
126	LdDocent_Contig_1216_455	0	1	0.998071	0.988852	0.002722	0.003137
126	LdDocent_Contig_1216_455	1	2	0.001929	0.011148	0.002722	0.003137
127	LdDocent_Contig_27899_8	0	1	0.932846	0.943257	0.016813	0.007158
127	LdDocent_Contig_27899_8	1	2	0.067154	0.056743	0.016813	0.007158
128	LdDocent_Contig_94_344	0	1	0.998095	0.991188	0.002688	0.002704
128	LdDocent_Contig_94_344	1	2	0.001905	0.008812	0.002688	0.002704
129	LdDocent_Contig_7999_435	0	1	0.938185	0.998496	0.015718	0.001226
129	LdDocent_Contig_7999_435	1	2	0.061815	0.001504	0.015718	0.001226
130	LdDocent_Contig_6838_318	0	1	0.998058	0.975882	0.002732	0.004463
130	LdDocent_Contig_6838_318	1	2	0.001942	0.024118	0.002732	0.004463
131	LdDocent_Contig_25390_51	0	1	0.018510	0.857568	0.008727	0.010493
131	LdDocent_Contig_25390_51	1	2	0.981490	0.142432	0.008727	0.010493
132	LdDocent_Contig_6886_108	0	1	0.997720	0.987376	0.003211	0.003545
132	LdDocent_Contig_6886_108	1	2	0.002280	0.012624	0.003211	0.003545
133	LdDocent_Contig_85159_67	0	1	0.997109	0.992173	0.004064	0.002671
133	LdDocent_Contig_85159_67	1	2	0.002891	0.007827	0.004064	0.002671
134	LdDocent_Contig_84104_422	0	1	0.997725	0.990579	0.003201	0.003040
134	LdDocent_Contig_84104_422	1	2	0.002275	0.009421	0.003201	0.003040
135	LdDocent_Contig_189_138	0	1	0.014203	0.999481	0.007516	0.000733
135	LdDocent_Contig_189_138	1	2	0.985797	0.000519	0.007516	0.000733
136	LdDocent_Contig_18650_24	0	1	0.997838	0.993304	0.003046	0.002616
136	LdDocent_Contig_18650_24	1	2	0.002162	0.006696	0.003046	0.002616
137	LdDocent_Contig_30350_410	0	1	0.997616	0.989808	0.003317	0.003145
137	LdDocent_Contig_30350_410	1	2	0.002384	0.010192	0.003317	0.003145
138	LdDocent_Contig_2220_13	0	1	0.997368	0.979483	0.003703	0.004492
138	LdDocent_Contig_2220_13	1	2	0.002632	0.020517	0.003703	0.004492
139	LdDocent_Contig_32525_33	0	1	0.997127	0.982579	0.003939	0.004153
139	LdDocent_Contig_32525_33	1	2	0.002873	0.017421	0.003939	0.004153
140	LdDocent_Contig_600_364	0	1	0.997827	0.992782	0.003056	0.002625
140	LdDocent_Contig_600_364	1	2	0.002173	0.007218	0.003056	0.002625
141	LdDocent_Contig_95990_58	0	1	0.979525	0.980271	0.009531	0.004420
141	LdDocent_Contig_95990_58	1	2	0.020475	0.019729	0.009531	0.004420
142	LdDocent_Contig_93991_134	0	1	0.997684	0.962697	0.003240	0.005696
142	LdDocent_Contig_93991_134	1	2	0.002316	0.037303	0.003240	0.005696
143	LdDocent_Contig_194_40	0	1	0.998015	0.974983	0.002801	0.004706
143	LdDocent_Contig_194_40	1	2	0.001985	0.025017	0.002801	0.004706
144	LdDocent_Contig_34609_429	0	1	0.997684	0.987961	0.003260	0.003386
144	LdDocent_Contig_34609_429	1	2	0.002316	0.012039	0.003260	0.003386
145	LdDocent_Contig_1513_76	0	1	0.997837	0.989871	0.003055	0.003110
145	LdDocent_Contig_1513_76	1	2	0.002163	0.010129	0.003055	0.003110
146	LdDocent_Contig_7457_431	0	1	0.997877	0.988616	0.002992	0.003339
146	LdDocent_Contig_7457_431	1	2	0.002123	0.011384	0.002992	0.003339
147	LdDocent_Contig_32861_397	0	1	0.967632	0.995966	0.012465	0.001896
147	LdDocent_Contig_32861_397	1	2	0.032368	0.004034	0.012465	0.001896
148	LdDocent_Contig_12655_420	0	1	0.997665	0.933430	0.003286	0.007672
148	LdDocent_Contig_12655_420	1	2	0.002335	0.066570	0.003286	0.007672
149	LdDocent_Contig_67026_370	0	1	0.319546	0.996152	0.035505	0.002140
149	LdDocent_Contig_67026_370	1	2	0.680454	0.003848	0.035505	0.002140
150	LdDocent_Contig_92_51	0	1	0.010169	0.996375	0.006389	0.001910
150	LdDocent_Contig_92_51	1	2	0.989831	0.003625	0.006389	0.001910
151	LdDocent_Contig_60726_107	0	1	0.998065	0.984381	0.002727	0.003705
151	LdDocent_Contig_60726_107	1	2	0.001935	0.015619	0.002727	0.003705
152	LdDocent_Contig_1418_406	0	1	0.997754	0.992726	0.003161	0.002645
152	LdDocent_Contig_1418_406	1	2	0.002246	0.007274	0.003161	0.002645
153	LdDocent_Contig_59418_335	0	1	0.994377	0.987001	0.004578	0.003278
153	LdDocent_Contig_59418_335	1	2	0.005623	0.012999	0.004578	0.003278
154	LdDocent_Contig_50906_460	0	1	0.997991	0.992161	0.002830	0.002674
154	LdDocent_Contig_50906_460	1	2	0.002009	0.007839	0.002830	0.002674
155	LdDocent_Contig_5362_82	0	1	0.997499	0.950828	0.003432	0.006633
155	LdDocent_Contig_5362_82	1	2	0.002501	0.049172	0.003432	0.006633
156	LdDocent_Contig_90525_37	0	1	0.993826	0.987440	0.005028	0.003399
156	LdDocent_Contig_90525_37	1	2	0.006174	0.012560	0.005028	0.003399
157	LdDocent_Contig_66759_112	0	1	0.997398	0.982937	0.003670	0.004041
157	LdDocent_Contig_66759_112	1	2	0.002602	0.017063	0.003670	0.004041
158	LdDocent_Contig_1790_39	0	1	0.013905	0.991425	0.007529	0.002962
158	LdDocent_Contig_1790_39	1	2	0.986095	0.008575	0.007529	0.002962
159	LdDocent_Contig_7306_383	0	1	0.977247	0.970081	0.013716	0.005141
159	LdDocent_Contig_7306_383	1	2	0.022753	0.029919	0.013716	0.005141
160	LdDocent_Contig_244_402	0	1	0.997980	0.989588	0.002850	0.003051
160	LdDocent_Contig_244_402	1	2	0.002020	0.010412	0.002850	0.003051
161	LdDocent_Contig_19991_347	0	1	0.968611	0.996787	0.011248	0.001714
161	LdDocent_Contig_19991_347	1	2	0.031389	0.003213	0.011248	0.001714
162	LdDocent_Contig_6262_459	0	1	0.977660	0.980517	0.017918	0.004069
162	LdDocent_Contig_6262_459	1	2	0.022340	0.019483	0.017918	0.004069
163	LdDocent_Contig_13782_327	0	1	0.989381	0.917635	0.006697	0.008217
163	LdDocent_Contig_13782_327	1	2	0.010619	0.082365	0.006697	0.008217
164	LdDocent_Contig_85639_426	0	1	0.997869	0.983851	0.003001	0.003827
164	LdDocent_Contig_85639_426	1	2	0.002131	0.016149	0.003001	0.003827
165	LdDocent_Contig_5091_48	0	1	0.997922	0.986744	0.002926	0.003453
165	LdDocent_Contig_5091_48	1	2	0.002078	0.013256	0.002926	0.003453
166	LdDocent_Contig_55987_437	0	1	0.998013	0.974406	0.002803	0.004818
166	LdDocent_Contig_55987_437	1	2	0.001987	0.025594	0.002803	0.004818
167	LdDocent_Contig_667_404	0	1	0.998043	0.991812	0.002761	0.002799
167	LdDocent_Contig_667_404	1	2	0.001957	0.008188	0.002761	0.002799
168	LdDocent_Contig_85002_61	0	1	0.009842	0.997755	0.006211	0.001441
168	LdDocent_Contig_85002_61	1	2	0.990158	0.002245	0.006211	0.001441
169	LdDocent_Contig_95200_92	0	1	0.997860	0.988146	0.003015	0.003327
169	LdDocent_Contig_95200_92	1	2	0.002140	0.011854	0.003015	0.003327
170	LdDocent_Contig_25896_441	0	1	0.888083	0.999508	0.021731	0.000695
170	LdDocent_Contig_25896_441	1	2	0.111917	0.000492	0.021731	0.000695
171	LdDocent_Contig_832_383	0	1	0.993163	0.944878	0.005517	0.006903
171	LdDocent_Contig_832_383	1	2	0.006837	0.055122	0.005517	0.006903
172	LdDocent_Contig_31849_33	0	1	0.953472	0.905278	0.014029	0.009254
172	LdDocent_Contig_31849_33	1	2	0.046528	0.094722	0.014029	0.009254
173	LdDocent_Contig_1771_43	0	1	0.997424	0.981710	0.003629	0.004099
173	LdDocent_Contig_1771_43	1	2	0.002576	0.018290	0.003629	0.004099
174	LdDocent_Contig_3035_346	0	1	0.945783	0.999542	0.014331	0.000648
174	LdDocent_Contig_3035_346	1	2	0.054217	0.000458	0.014331	0.000648
175	LdDocent_Contig_928_73	0	1	0.005604	0.993581	0.005539	0.002569
175	LdDocent_Contig_928_73	1	2	0.994396	0.006419	0.005539	0.002569
176	LdDocent_Contig_83061_73	0	1	0.997623	0.982752	0.003330	0.003979
176	LdDocent_Contig_83061_73	1	2	0.002377	0.017248	0.003330	0.003979
177	LdDocent_Contig_88698_108	0	1	0.994325	0.994277	0.004615	0.002238
177	LdDocent_Contig_88698_108	1	2	0.005675	0.005723	0.004615	0.002238
178	LdDocent_Contig_3296_373	0	1	0.997727	0.900240	0.003199	0.009213
178	LdDocent_Contig_3296_373	1	2	0.002273	0.099760	0.003199	0.009213
179	LdDocent_Contig_870_53	0	1	0.997748	0.887519	0.003171	0.009741
179	LdDocent_Contig_870_53	1	2	0.002252	0.112481	0.003171	0.009741
180	LdDocent_Contig_579_453	0	1	0.878532	0.999548	0.020272	0.000638
180	LdDocent_Contig_579_453	1	2	0.121468	0.000452	0.020272	0.000638
181	LdDocent_Contig_2305_392	0	1	0.002397	0.594959	0.003379	0.015676
181	LdDocent_Contig_2305_392	1	2	0.997603	0.405041	0.003379	0.015676
182	LdDocent_Contig_7536_444	0	1	0.997840	0.966257	0.003046	0.005731
182	LdDocent_Contig_7536_444	1	2	0.002160	0.033743	0.003046	0.005731
183	LdDocent_Contig_10199_293	0	1	0.997651	0.989722	0.003300	0.003159
183	LdDocent_Contig_10199_293	1	2	0.002349	0.010278	0.003300	0.003159
184	LdDocent_Contig_1040_425	0	1	0.988977	0.994353	0.015389	0.002206
184	LdDocent_Contig_1040_425	1	2	0.011023	0.005647	0.015389	0.002206
185	LdDocent_Contig_18579_377	0	1	0.968643	0.999486	0.011248	0.000724
185	LdDocent_Contig_18579_377	1	2	0.031357	0.000514	0.011248	0.000724
186	LdDocent_Contig_12842_432	0	1	0.988275	0.980709	0.007352	0.004215
186	LdDocent_Contig_12842_432	1	2	0.011725	0.019291	0.007352	0.004215
187	LdDocent_Contig_23413_464	0	1	0.061204	0.995973	0.016175	0.001896
187	LdDocent_Contig_23413_464	1	2	0.938796	0.004027	0.016175	0.001896
188	LdDocent_Contig_7564_403	0	1	0.993311	0.975871	0.005427	0.004923
188	LdDocent_Contig_7564_403	1	2	0.006689	0.024129	0.005427	0.004923
189	LdDocent_Contig_513_363	0	1	0.998001	0.986967	0.002823	0.003522
189	LdDocent_Contig_513_363	1	2	0.001999	0.013033	0.002823	0.003522
190	LdDocent_Contig_2739_120	0	1	0.998049	0.969632	0.002748	0.005026
190	LdDocent_Contig_2739_120	1	2	0.001951	0.030368	0.002748	0.005026
191	LdDocent_Contig_530_20	0	1	0.997506	0.942865	0.003505	0.007451
191	LdDocent_Contig_530_20	1	2	0.002494	0.057135	0.003505	0.007451
192	LdDocent_Contig_1449_38	0	1	0.998077	0.849971	0.002712	0.010843
192	LdDocent_Contig_1449_38	1	2	0.001923	0.150029	0.002712	0.010843
193	LdDocent_Contig_91731_367	0	1	0.998020	0.978022	0.002792	0.004388
193	LdDocent_Contig_91731_367	1	2	0.001980	0.021978	0.002792	0.004388
194	LdDocent_Contig_2519_114	0	1	0.030711	0.997883	0.011049	0.001347
194	LdDocent_Contig_2519_114	1	2	0.969289	0.002117	0.011049	0.001347
195	LdDocent_Contig_699_378	0	1	0.998046	0.992387	0.002756	0.002596
195	LdDocent_Contig_699_378	1	2	0.001954	0.007613	0.002756	0.002596
196	LdDocent_Contig_6647_39	0	1	0.954948	0.999507	0.014275	0.000697
196	LdDocent_Contig_6647_39	1	2	0.045052	0.000493	0.014275	0.000697
197	LdDocent_Contig_29501_373	0	1	0.997986	0.992927	0.002844	0.002573
197	LdDocent_Contig_29501_373	1	2	0.002014	0.007073	0.002844	0.002573
198	LdDocent_Contig_63069_410	0	1	0.993109	0.993334	0.005594	0.002603
198	LdDocent_Contig_63069_410	1	2	0.006891	0.006666	0.005594	0.002603
199	LdDocent_Contig_3687_307	0	1	0.997768	0.966927	0.003143	0.005459
199	LdDocent_Contig_3687_307	1	2	0.002232	0.033073	0.003143	0.005459
