999901_sweeps	1.000/0.000/0.000/0.000	0.000/0.000/0.000/1.000	0.000/0.500/0.500/0.000	0.250/0.250/0.250/0.250	0.500/0.250/0.250/0.000	0.000/0.250/0.250/0.500
1	0.00000	0.99081	0.00000	0.00002	0.00000	0.00917
2	0.00000	0.99987	0.00000	0.00000	0.00000	0.00013
3	0.00000	0.99995	0.00000	0.00000	0.00000	0.00005
4	0.00000	0.76782	0.00017	0.03976	0.00003	0.19221
5	0.00000	0.99987	0.00000	0.00000	0.00000	0.00013
6	0.00000	0.99794	0.00000	0.00000	0.00000	0.00206
7	0.00000	0.87873	0.00000	0.00012	0.00000	0.12115
8	0.00000	0.99880	0.00000	0.00000	0.00000	0.00120
9	0.00000	0.99972	0.00000	0.00000	0.00000	0.00028
10	0.34838	0.00000	0.00000	0.00331	0.64831	0.00000
11	0.99993	0.00000	0.00000	0.00000	0.00007	0.00000
12	0.00000	0.36144	0.00003	0.08015	0.00000	0.55838
13	0.00000	0.99972	0.00000	0.00000	0.00000	0.00028
14	0.00000	0.99958	0.00000	0.00000	0.00000	0.00042
15	0.00000	0.99440	0.00000	0.00002	0.00000	0.00558
16	0.00000	0.99093	0.00000	0.00007	0.00000	0.00900
17	0.99985	0.00000	0.00000	0.00000	0.00015	0.00000
18	0.74816	0.00000	0.00012	0.04200	0.20971	0.00002
19	0.00000	0.69568	0.00102	0.07535	0.00035	0.22759
20	0.99947	0.00000	0.00000	0.00000	0.00053	0.00000
21	0.00000	0.81136	0.00007	0.02706	0.00001	0.16151
22	0.00000	0.99707	0.00000	0.00001	0.00000	0.00292
23	0.98869	0.00000	0.00000	0.00007	0.01123	0.00000
24	0.95331	0.00000	0.00000	0.00015	0.04654	0.00000
25	0.99751	0.00000	0.00000	0.00000	0.00249	0.00000
26	0.00000	0.99976	0.00000	0.00000	0.00000	0.00024
27	0.00000	0.99986	0.00000	0.00000	0.00000	0.00014
28	0.00000	0.95375	0.00000	0.00007	0.00000	0.04618
29	0.00000	0.99972	0.00000	0.00000	0.00000	0.00028
30	0.99784	0.00000	0.00000	0.00000	0.00216	0.00000
31	0.99860	0.00000	0.00000	0.00000	0.00140	0.00000
32	0.00000	0.96144	0.00000	0.00145	0.00000	0.03710
33	0.99698	0.00000	0.00000	0.00000	0.00301	0.00000
34	0.00117	0.03913	0.01458	0.58369	0.01741	0.34403
35	0.00966	0.45194	0.06271	0.16668	0.03971	0.26930
36	0.00000	0.99926	0.00000	0.00000	0.00000	0.00074
37	0.99951	0.00000	0.00000	0.00000	0.00049	0.00000
38	0.99987	0.00000	0.00000	0.00000	0.00013	0.00000
39	0.00000	0.99365	0.00000	0.00000	0.00000	0.00635
40	0.00000	0.99986	0.00000	0.00000	0.00000	0.00014
41	0.00000	0.99955	0.00000	0.00000	0.00000	0.00045
42	0.00000	0.99811	0.00000	0.00000	0.00000	0.00189
43	0.90533	0.00000	0.00000	0.00002	0.09465	0.00000
44	0.00000	0.95110	0.00000	0.00002	0.00000	0.04888
45	0.99998	0.00000	0.00000	0.00000	0.00002	0.00000
46	0.00000	0.99987	0.00000	0.00000	0.00000	0.00013
47	0.00000	0.99813	0.00000	0.00000	0.00000	0.00187
48	0.57614	0.00000	0.00000	0.00063	0.42323	0.00000
49	0.99877	0.00000	0.00000	0.00000	0.00123	0.00000
50	0.00000	0.99501	0.00000	0.00002	0.00000	0.00497
51	0.00000	0.99895	0.00000	0.00000	0.00000	0.00105
52	0.00000	0.99895	0.00000	0.00000	0.00000	0.00105
53	0.20999	0.00000	0.00000	0.04130	0.74871	0.00000
54	0.00000	0.99592	0.00000	0.00000	0.00000	0.00408
55	0.00000	0.99753	0.00000	0.00000	0.00000	0.00247
56	0.05056	0.00000	0.04102	0.64658	0.24413	0.01770
57	0.00000	0.99993	0.00000	0.00000	0.00000	0.00007
58	0.00000	0.98986	0.00000	0.00000	0.00000	0.01014
59	0.00000	0.85928	0.00001	0.01583	0.00000	0.12488
60	0.00000	0.99923	0.00000	0.00000	0.00000	0.00077
61	0.00000	0.99985	0.00000	0.00000	0.00000	0.00015
62	0.00000	0.97609	0.00000	0.00008	0.00000	0.02384
63	0.00000	0.99975	0.00000	0.00000	0.00000	0.00025
64	0.00000	0.99316	0.00000	0.00000	0.00000	0.00684
65	0.00000	0.99752	0.00000	0.00000	0.00000	0.00248
66	0.99999	0.00000	0.00000	0.00000	0.00001	0.00000
67	0.00000	0.99993	0.00000	0.00000	0.00000	0.00007
68	0.00000	0.99883	0.00000	0.00000	0.00000	0.00117
69	0.00000	0.70227	0.00001	0.01563	0.00000	0.28208
70	0.00000	0.92501	0.00000	0.00370	0.00000	0.07129
71	0.00000	0.99965	0.00000	0.00000	0.00000	0.00035
72	0.00000	0.99991	0.00000	0.00000	0.00000	0.00009
73	0.00000	0.99821	0.00000	0.00000	0.00000	0.00179
74	0.00000	0.99983	0.00000	0.00000	0.00000	0.00017
75	0.00000	0.99262	0.00000	0.00000	0.00000	0.00737
76	0.00000	0.99996	0.00000	0.00000	0.00000	0.00004
77	0.99981	0.00000	0.00000	0.00000	0.00019	0.00000
78	0.98808	0.00000	0.00000	0.00004	0.01188	0.00000
79	0.98081	0.00000	0.00000	0.00017	0.01902	0.00000
80	0.00000	0.61741	0.00000	0.09972	0.00000	0.28286
81	0.00000	0.93754	0.00000	0.00003	0.00000	0.06243
82	0.08322	0.25908	0.14117	0.18066	0.12040	0.21548
83	0.99929	0.00000	0.00000	0.00000	0.00071	0.00000
84	0.00000	0.99404	0.00000	0.00000	0.00000	0.00595
85	0.99993	0.00000	0.00000	0.00000	0.00007	0.00000
86	0.98394	0.00000	0.00000	0.00000	0.01605	0.00000
87	0.00000	0.99964	0.00000	0.00000	0.00000	0.00036
88	0.99768	0.00000	0.00000	0.00000	0.00232	0.00000
89	0.00000	0.99133	0.00000	0.00004	0.00000	0.00863
90	0.00000	0.99988	0.00000	0.00000	0.00000	0.00012
91	0.97559	0.00000	0.00000	0.00058	0.02383	0.00000
92	0.00000	0.00000	0.01795	0.16739	0.00000	0.81466
93	0.00000	0.99954	0.00000	0.00000	0.00000	0.00046
94	0.81839	0.00000	0.00000	0.01679	0.16482	0.00000
95	0.00000	0.99983	0.00000	0.00000	0.00000	0.00017
96	0.00000	0.98684	0.00000	0.00003	0.00000	0.01314
97	0.98815	0.00000	0.00000	0.00006	0.01179	0.00000
98	0.00000	0.99950	0.00000	0.00000	0.00000	0.00050
99	0.00111	0.63594	0.04937	0.07255	0.01267	0.22836
100	0.00000	0.99960	0.00000	0.00000	0.00000	0.00040
101	0.00000	0.99969	0.00000	0.00000	0.00000	0.00031
102	0.00000	0.99405	0.00000	0.00002	0.00000	0.00593
103	0.00000	0.99996	0.00000	0.00000	0.00000	0.00004
104	0.00000	0.98447	0.00000	0.00002	0.00000	0.01551
105	0.00455	0.12179	0.12574	0.26695	0.04761	0.43336
106	0.00000	0.99743	0.00000	0.00000	0.00000	0.00257
107	0.00000	0.99983	0.00000	0.00000	0.00000	0.00017
108	0.99412	0.00000	0.00000	0.00001	0.00587	0.00000
109	0.00000	1.00000	0.00000	0.00000	0.00000	0.00000
110	0.00000	0.99538	0.00000	0.00000	0.00000	0.00462
111	0.00000	0.99711	0.00000	0.00000	0.00000	0.00289
112	0.97938	0.00000	0.00000	0.00008	0.02054	0.00000
113	0.98891	0.00000	0.00000	0.00003	0.01106	0.00000
114	0.00000	0.99792	0.00000	0.00000	0.00000	0.00208
115	0.00000	0.99905	0.00000	0.00000	0.00000	0.00095
116	0.92100	0.00000	0.00000	0.00083	0.07817	0.00000
117	0.00000	0.99964	0.00000	0.00000	0.00000	0.00036
118	0.99952	0.00000	0.00000	0.00000	0.00048	0.00000
119	0.99991	0.00000	0.00000	0.00000	0.00009	0.00000
120	0.00000	0.99962	0.00000	0.00000	0.00000	0.00038
121	0.00000	0.99993	0.00000	0.00000	0.00000	0.00007
122	0.00000	0.99966	0.00000	0.00000	0.00000	0.00034
123	0.08973	0.08400	0.19829	0.23986	0.23278	0.15533
124	0.00000	0.98347	0.00000	0.00025	0.00000	0.01628
125	0.00000	0.99799	0.00000	0.00000	0.00000	0.00201
126	0.00000	0.99994	0.00000	0.00000	0.00000	0.00006
127	0.00000	0.99757	0.00000	0.00000	0.00000	0.00243
128	0.00000	0.98718	0.00000	0.00004	0.00000	0.01278
129	0.00000	0.99790	0.00000	0.00000	0.00000	0.00210
130	0.00000	0.91930	0.00000	0.00017	0.00000	0.08054
131	0.99979	0.00000	0.00000	0.00000	0.00021	0.00000
132	0.00000	0.99983	0.00000	0.00000	0.00000	0.00017
133	0.00000	0.99990	0.00000	0.00000	0.00000	0.00010
134	0.00000	0.97832	0.00000	0.00007	0.00000	0.02161
135	0.00000	0.99981	0.00000	0.00000	0.00000	0.00019
136	0.00000	0.99983	0.00000	0.00000	0.00000	0.00017
137	0.00000	0.99957	0.00000	0.00000	0.00000	0.00043
138	0.99735	0.00000	0.00000	0.00001	0.00265	0.00000
139	0.88854	0.00000	0.00000	0.00037	0.11109	0.00000
140	0.99967	0.00000	0.00000	0.00000	0.00033	0.00000
141	0.74622	0.00000	0.00000	0.01668	0.23710	0.00000
142	0.96347	0.00000	0.00000	0.00011	0.03642	0.00000
143	0.00000	0.99853	0.00000	0.00000	0.00000	0.00147
144	0.78935	0.00000	0.00000	0.00051	0.21014	0.00000
145	0.99583	0.00000	0.00000	0.00000	0.00417	0.00000
146	0.99668	0.00000	0.00000	0.00000	0.00332	0.00000
147	0.99972	0.00000	0.00000	0.00000	0.00028	0.00000
148	0.99939	0.00000	0.00000	0.00000	0.00061	0.00000
149	0.99729	0.00000	0.00000	0.00000	0.00271	0.00000
150	0.99938	0.00000	0.00000	0.00000	0.00062	0.00000
151	0.00000	0.94579	0.00000	0.00110	0.00000	0.05311
152	0.00000	0.71812	0.00173	0.05960	0.00038	0.22017
153	0.00000	0.99319	0.00000	0.00003	0.00000	0.00678
154	0.00000	0.99893	0.00000	0.00000	0.00000	0.00107
155	0.00000	0.91771	0.00000	0.00388	0.00000	0.07841
156	0.00000	0.99961	0.00000	0.00000	0.00000	0.00039
157	0.00000	0.99985	0.00000	0.00000	0.00000	0.00015
158	0.00000	0.99982	0.00000	0.00000	0.00000	0.00018
159	0.00000	0.99929	0.00000	0.00000	0.00000	0.00071
160	0.00000	0.99622	0.00000	0.00000	0.00000	0.00378
161	0.00000	0.99991	0.00000	0.00000	0.00000	0.00009
162	0.99999	0.00000	0.00000	0.00000	0.00001	0.00000
163	0.00000	0.99998	0.00000	0.00000	0.00000	0.00002
164	0.00000	0.99880	0.00000	0.00000	0.00000	0.00120
165	0.00000	0.77179	0.00033	0.04401	0.00008	0.18379
166	0.99657	0.00000	0.00000	0.00001	0.00343	0.00000
167	0.99827	0.00000	0.00000	0.00000	0.00173	0.00000
168	0.99666	0.00000	0.00000	0.00001	0.00334	0.00000
169	0.00000	0.99994	0.00000	0.00000	0.00000	0.00006
170	0.00000	0.94975	0.00000	0.00155	0.00000	0.04870
171	0.00000	0.99939	0.00000	0.00000	0.00000	0.00061
172	0.00000	0.97489	0.00000	0.00002	0.00000	0.02509
173	0.99599	0.00000	0.00000	0.00000	0.00400	0.00000
174	0.00000	0.99980	0.00000	0.00000	0.00000	0.00020
175	0.00000	0.99978	0.00000	0.00000	0.00000	0.00022
176	0.00000	0.99982	0.00000	0.00000	0.00000	0.00018
177	0.00000	0.99992	0.00000	0.00000	0.00000	0.00008
178	0.99997	0.00000	0.00000	0.00000	0.00003	0.00000
179	0.99857	0.00000	0.00000	0.00000	0.00143	0.00000
180	0.00000	0.98717	0.00000	0.00001	0.00000	0.01283
181	0.00000	0.99614	0.00000	0.00000	0.00000	0.00386
182	0.85371	0.00000	0.00000	0.00755	0.13874	0.00000
183	0.00000	0.99202	0.00000	0.00001	0.00000	0.00798
184	0.00000	0.99512	0.00000	0.00000	0.00000	0.00488
185	0.00000	0.99982	0.00000	0.00000	0.00000	0.00018
186	0.99814	0.00000	0.00000	0.00000	0.00186	0.00000
187	0.00000	0.99931	0.00000	0.00000	0.00000	0.00069
188	0.00000	0.99966	0.00000	0.00000	0.00000	0.00034
189	0.00000	0.99946	0.00000	0.00000	0.00000	0.00054
190	0.00000	0.99820	0.00000	0.00000	0.00000	0.00180
191	0.99910	0.00000	0.00000	0.00000	0.00090	0.00000
192	0.96640	0.00000	0.00000	0.00061	0.03300	0.00000
193	0.80314	0.00000	0.00000	0.00023	0.19664	0.00000
194	0.00000	0.99966	0.00000	0.00000	0.00000	0.00034
195	0.00000	0.99885	0.00000	0.00000	0.00000	0.00115
196	0.00000	0.99909	0.00000	0.00000	0.00000	0.00091
197	0.00000	0.99149	0.00000	0.00007	0.00000	0.00844
198	0.00000	0.99994	0.00000	0.00000	0.00000	0.00006
199	0.00000	0.99868	0.00000	0.00000	0.00000	0.00132
200	0.00000	0.00000	0.09995	0.14835	0.00000	0.75169
201	0.00000	0.99605	0.00000	0.00000	0.00000	0.00395
202	0.00000	0.99646	0.00000	0.00000	0.00000	0.00354
203	0.00000	0.94577	0.00000	0.00251	0.00000	0.05172
204	0.00000	0.99993	0.00000	0.00000	0.00000	0.00007
205	0.00000	0.99938	0.00000	0.00000	0.00000	0.00062
206	0.00000	0.99602	0.00000	0.00000	0.00000	0.00398
207	0.00000	0.99575	0.00000	0.00000	0.00000	0.00425
208	0.00000	0.99967	0.00000	0.00000	0.00000	0.00033
209	0.00000	0.99979	0.00000	0.00000	0.00000	0.00021
210	0.00000	0.99945	0.00000	0.00000	0.00000	0.00055
211	0.00000	0.96768	0.00000	0.00000	0.00000	0.03232
212	0.00000	0.99961	0.00000	0.00000	0.00000	0.00039
213	0.61300	0.00000	0.00000	0.00010	0.38690	0.00000
214	0.99796	0.00000	0.00000	0.00000	0.00204	0.00000
215	0.00000	0.99970	0.00000	0.00000	0.00000	0.00030
216	0.00000	0.99953	0.00000	0.00000	0.00000	0.00047
217	0.00000	0.99919	0.00000	0.00000	0.00000	0.00081
218	0.00000	0.99977	0.00000	0.00000	0.00000	0.00023
219	0.00000	0.99420	0.00000	0.00000	0.00000	0.00580
220	0.02791	0.17881	0.21262	0.21013	0.16224	0.20828
221	0.00000	0.99990	0.00000	0.00000	0.00000	0.00010
222	0.00000	0.99915	0.00000	0.00000	0.00000	0.00085
223	0.00000	0.99320	0.00000	0.00004	0.00000	0.00676
224	0.00000	0.99879	0.00000	0.00000	0.00000	0.00121
225	0.00000	0.99955	0.00000	0.00000	0.00000	0.00045
226	0.99030	0.00000	0.00000	0.00005	0.00965	0.00000
227	0.00000	0.99987	0.00000	0.00000	0.00000	0.00013
228	0.00000	0.98070	0.00000	0.00032	0.00000	0.01897
229	0.60778	0.00000	0.05156	0.06903	0.26641	0.00522
230	0.00000	0.99512	0.00000	0.00000	0.00000	0.00487
231	0.00000	0.99990	0.00000	0.00000	0.00000	0.00010
232	0.00000	0.92066	0.00000	0.00379	0.00000	0.07555
233	0.99765	0.00000	0.00000	0.00000	0.00234	0.00000
234	0.00000	0.98282	0.00000	0.00027	0.00000	0.01691
235	0.00000	0.99964	0.00000	0.00000	0.00000	0.00036
236	0.00000	0.99861	0.00000	0.00000	0.00000	0.00139
237	0.00000	0.99930	0.00000	0.00000	0.00000	0.00070
238	0.00000	0.99983	0.00000	0.00000	0.00000	0.00017
239	0.99977	0.00000	0.00000	0.00000	0.00023	0.00000
240	0.99994	0.00000	0.00000	0.00000	0.00006	0.00000
241	0.99870	0.00000	0.00000	0.00000	0.00130	0.00000
242	0.99878	0.00000	0.00000	0.00000	0.00122	0.00000
243	0.00000	0.99998	0.00000	0.00000	0.00000	0.00002
244	0.99983	0.00000	0.00000	0.00000	0.00017	0.00000
245	0.99620	0.00000	0.00000	0.00001	0.00379	0.00000
246	0.00000	0.99917	0.00000	0.00000	0.00000	0.00083
247	0.00000	0.99909	0.00000	0.00000	0.00000	0.00091
248	0.00000	0.93847	0.00000	0.00007	0.00000	0.06147
249	0.00000	0.99813	0.00000	0.00000	0.00000	0.00187
250	0.00000	0.99973	0.00000	0.00000	0.00000	0.00027
251	0.00000	0.99963	0.00000	0.00000	0.00000	0.00037
252	0.00000	0.99989	0.00000	0.00000	0.00000	0.00011
253	0.00000	0.99805	0.00000	0.00000	0.00000	0.00195
254	0.00000	0.99952	0.00000	0.00000	0.00000	0.00048
255	0.00000	0.99995	0.00000	0.00000	0.00000	0.00005
256	0.00000	0.97902	0.00000	0.00015	0.00000	0.02083
257	0.00000	0.99926	0.00000	0.00000	0.00000	0.00074
258	0.00000	0.99592	0.00000	0.00000	0.00000	0.00408
259	0.00000	0.99966	0.00000	0.00000	0.00000	0.00034
260	0.00000	0.89138	0.00000	0.00295	0.00000	0.10567
261	0.00000	0.99970	0.00000	0.00000	0.00000	0.00030
262	0.00000	0.99863	0.00000	0.00000	0.00000	0.00137
263	0.00000	0.99673	0.00000	0.00000	0.00000	0.00327
264	0.00000	0.99896	0.00000	0.00000	0.00000	0.00104
265	0.00021	0.50092	0.01796	0.16647	0.00796	0.30648
266	0.00000	0.99943	0.00000	0.00000	0.00000	0.00057
267	0.00000	0.99782	0.00000	0.00000	0.00000	0.00217
268	0.00000	0.99984	0.00000	0.00000	0.00000	0.00016
269	0.00000	0.92048	0.00000	0.00422	0.00000	0.07530
270	0.00000	0.99951	0.00000	0.00000	0.00000	0.00049
271	0.00000	0.99948	0.00000	0.00000	0.00000	0.00052
272	0.00000	0.99994	0.00000	0.00000	0.00000	0.00006
273	0.00000	0.99997	0.00000	0.00000	0.00000	0.00003
274	0.00000	0.93531	0.00000	0.00012	0.00000	0.06457
275	0.00000	0.99951	0.00000	0.00000	0.00000	0.00049
276	0.00000	0.99970	0.00000	0.00000	0.00000	0.00030
277	0.00000	0.99066	0.00000	0.00001	0.00000	0.00933
278	0.00000	0.99800	0.00000	0.00000	0.00000	0.00200
279	0.00000	0.99876	0.00000	0.00000	0.00000	0.00124
280	0.00000	0.99998	0.00000	0.00000	0.00000	0.00002
281	0.00000	0.99413	0.00000	0.00001	0.00000	0.00586
282	0.00000	0.99987	0.00000	0.00000	0.00000	0.00013
283	0.99923	0.00000	0.00000	0.00000	0.00077	0.00000
284	0.00000	0.92821	0.00001	0.00310	0.00000	0.06869
285	0.00000	0.99910	0.00000	0.00000	0.00000	0.00090
286	0.00000	0.99986	0.00000	0.00000	0.00000	0.00014
287	0.00000	0.99890	0.00000	0.00000	0.00000	0.00110
288	0.00000	0.99596	0.00000	0.00000	0.00000	0.00404
289	0.00000	0.99988	0.00000	0.00000	0.00000	0.00012
290	0.00000	0.99953	0.00000	0.00000	0.00000	0.00047
291	0.00000	0.99997	0.00000	0.00000	0.00000	0.00003
292	0.00000	0.89600	0.00000	0.00061	0.00000	0.10339
293	0.00000	0.99971	0.00000	0.00000	0.00000	0.00029
294	0.00000	0.99989	0.00000	0.00000	0.00000	0.00011
295	0.00000	0.99993	0.00000	0.00000	0.00000	0.00007
296	0.99977	0.00000	0.00000	0.00000	0.00023	0.00000
297	0.00000	0.99994	0.00000	0.00000	0.00000	0.00006
298	0.00000	0.90799	0.00001	0.00788	0.00000	0.08411
299	0.99605	0.00000	0.00000	0.00000	0.00394	0.00000
300	0.00000	0.99436	0.00000	0.00002	0.00000	0.00561
301	0.00000	0.99948	0.00000	0.00000	0.00000	0.00052
302	0.00000	0.99999	0.00000	0.00000	0.00000	0.00001
303	0.00000	0.99886	0.00000	0.00000	0.00000	0.00113
304	0.00000	0.99958	0.00000	0.00000	0.00000	0.00042
305	0.00000	0.99950	0.00000	0.00000	0.00000	0.00050
306	0.00000	0.94617	0.00000	0.00132	0.00000	0.05251
307	0.00000	0.99681	0.00000	0.00000	0.00000	0.00319
308	0.00000	0.99988	0.00000	0.00000	0.00000	0.00012
309	0.00000	0.99933	0.00000	0.00000	0.00000	0.00067
310	0.00000	0.99989	0.00000	0.00000	0.00000	0.00011
311	0.00000	0.98094	0.00000	0.00036	0.00000	0.01869
312	0.00000	0.99838	0.00000	0.00000	0.00000	0.00162
313	0.00000	0.99993	0.00000	0.00000	0.00000	0.00007
314	0.00000	0.99096	0.00000	0.00001	0.00000	0.00903
315	0.00000	0.00041	0.00000	0.01086	0.00000	0.98873
316	0.00000	0.99955	0.00000	0.00000	0.00000	0.00045
317	0.00000	0.99988	0.00000	0.00000	0.00000	0.00012
318	0.00000	0.99983	0.00000	0.00000	0.00000	0.00017
319	0.00000	0.99613	0.00000	0.00001	0.00000	0.00386
320	0.00000	0.99980	0.00000	0.00000	0.00000	0.00020
321	0.00000	0.99915	0.00000	0.00000	0.00000	0.00085
322	0.00000	0.99953	0.00000	0.00000	0.00000	0.00047
323	0.00000	0.99316	0.00000	0.00000	0.00000	0.00683
324	0.00000	0.99914	0.00000	0.00000	0.00000	0.00086
325	0.00000	0.99887	0.00000	0.00000	0.00000	0.00113
326	0.00000	0.91725	0.00009	0.00418	0.00000	0.07848
327	0.00000	0.99982	0.00000	0.00000	0.00000	0.00018
328	0.00000	0.99888	0.00000	0.00000	0.00000	0.00112
329	0.00000	0.99639	0.00000	0.00001	0.00000	0.00360
330	0.00542	0.23873	0.07715	0.31853	0.06558	0.29459
331	0.00000	0.99998	0.00000	0.00000	0.00000	0.00002
332	0.00000	0.97830	0.00000	0.00001	0.00000	0.02169
333	0.00000	0.99297	0.00000	0.00001	0.00000	0.00702
334	0.00000	0.99990	0.00000	0.00000	0.00000	0.00010
335	0.00000	1.00000	0.00000	0.00000	0.00000	0.00000
336	0.04075	0.27979	0.10443	0.22790	0.09555	0.25159
337	0.00000	0.99989	0.00000	0.00000	0.00000	0.00011
338	0.00000	0.99983	0.00000	0.00000	0.00000	0.00017
339	0.00000	0.99957	0.00000	0.00000	0.00000	0.00043
340	0.00000	0.00000	0.99665	0.00234	0.00086	0.00015
341	0.00000	0.99966	0.00000	0.00000	0.00000	0.00034
342	0.00000	0.99995	0.00000	0.00000	0.00000	0.00005
343	0.00000	0.00000	0.00111	0.00676	0.00000	0.99214
344	0.00000	0.62936	0.00000	0.01491	0.00000	0.35573
345	0.00000	0.99996	0.00000	0.00000	0.00000	0.00004
346	0.00000	0.84049	0.00004	0.01955	0.00000	0.13992
347	0.00000	0.56156	0.00000	0.00075	0.00000	0.43769
348	0.00000	0.98301	0.00000	0.00013	0.00000	0.01686
349	0.00000	0.99701	0.00000	0.00000	0.00000	0.00299
350	0.00000	0.99588	0.00000	0.00000	0.00000	0.00411
351	0.00000	0.98802	0.00000	0.00013	0.00000	0.01185
352	0.00000	0.99989	0.00000	0.00000	0.00000	0.00011
353	0.00000	0.98465	0.00000	0.00018	0.00000	0.01517
354	0.00092	0.57957	0.04285	0.10306	0.01373	0.25986
355	0.99995	0.00000	0.00000	0.00000	0.00005	0.00000
356	0.00000	0.99967	0.00000	0.00000	0.00000	0.00033
357	0.00000	0.99852	0.00000	0.00000	0.00000	0.00148
358	0.00000	0.73339	0.00073	0.05864	0.00021	0.20701
359	0.00000	0.99979	0.00000	0.00000	0.00000	0.00021
360	0.00000	0.96432	0.00000	0.00063	0.00000	0.03505
361	0.99685	0.00000	0.00000	0.00000	0.00315	0.00000
362	0.99966	0.00000	0.00000	0.00000	0.00034	0.00000
363	0.00000	0.99990	0.00000	0.00000	0.00000	0.00010
364	0.00000	0.97617	0.00000	0.00037	0.00000	0.02346
365	0.00000	0.99914	0.00000	0.00000	0.00000	0.00086
366	0.00000	0.99993	0.00000	0.00000	0.00000	0.00007
367	0.00000	0.99912	0.00000	0.00000	0.00000	0.00088
368	0.99978	0.00000	0.00000	0.00000	0.00022	0.00000
369	0.00000	0.99909	0.00000	0.00000	0.00000	0.00091
370	0.00000	0.99305	0.00000	0.00000	0.00000	0.00695
371	0.00000	0.99970	0.00000	0.00000	0.00000	0.00030
372	0.00000	0.99997	0.00000	0.00000	0.00000	0.00003
373	0.00000	0.88892	0.00000	0.00780	0.00000	0.10328
374	0.96669	0.00000	0.00000	0.00001	0.03329	0.00000
375	0.00000	0.65659	0.00000	0.00226	0.00000	0.34115
376	0.00380	0.50703	0.08206	0.11748	0.02992	0.25971
377	0.99753	0.00000	0.00000	0.00000	0.00247	0.00000
378	0.99789	0.00000	0.00000	0.00000	0.00211	0.00000
379	0.00000	0.99958	0.00000	0.00000	0.00000	0.00042
380	0.00000	0.99997	0.00000	0.00000	0.00000	0.00003
381	0.00000	0.99984	0.00000	0.00000	0.00000	0.00016
382	0.93779	0.00000	0.00000	0.00006	0.06215	0.00000
383	0.00000	0.99961	0.00000	0.00000	0.00000	0.00039
384	0.00000	0.99931	0.00000	0.00000	0.00000	0.00069
385	0.00000	0.99921	0.00000	0.00000	0.00000	0.00079
386	0.00000	0.99976	0.00000	0.00000	0.00000	0.00024
387	0.99074	0.00000	0.00000	0.00006	0.00920	0.00000
388	0.00000	0.99972	0.00000	0.00000	0.00000	0.00028
389	0.00000	0.99973	0.00000	0.00000	0.00000	0.00027
390	0.00000	0.98302	0.00000	0.00003	0.00000	0.01695
391	0.00001	0.78336	0.00060	0.04275	0.00023	0.17307
392	0.00000	0.74050	0.00006	0.02599	0.00000	0.23345
393	0.00000	0.99913	0.00000	0.00000	0.00000	0.00087
394	0.00000	0.99978	0.00000	0.00000	0.00000	0.00022
395	0.00000	0.99979	0.00000	0.00000	0.00000	0.00021
396	0.00000	0.99990	0.00000	0.00000	0.00000	0.00010
397	0.00000	0.99902	0.00000	0.00000	0.00000	0.00098
398	0.01639	0.07655	0.25098	0.23208	0.10060	0.32340
399	0.00000	0.99624	0.00000	0.00000	0.00000	0.00375
400	0.00000	0.99999	0.00000	0.00000	0.00000	0.00001
401	0.03175	0.17334	0.13915	0.28451	0.13511	0.23614
402	0.00000	0.99687	0.00000	0.00000	0.00000	0.00313
403	0.00000	0.99922	0.00000	0.00000	0.00000	0.00078
404	0.00000	0.99729	0.00000	0.00000	0.00000	0.00271
405	0.00000	0.99992	0.00000	0.00000	0.00000	0.00008
406	0.00000	0.99905	0.00000	0.00000	0.00000	0.00095
407	0.00000	0.99999	0.00000	0.00000	0.00000	0.00001
408	0.00000	0.99939	0.00000	0.00000	0.00000	0.00061
409	0.00000	0.99662	0.00000	0.00000	0.00000	0.00338
410	0.00000	0.99981	0.00000	0.00000	0.00000	0.00019
411	0.99942	0.00000	0.00000	0.00000	0.00058	0.00000
412	0.00000	0.99957	0.00000	0.00000	0.00000	0.00043
413	0.00000	0.99641	0.00000	0.00001	0.00000	0.00358
414	0.00000	0.99907	0.00000	0.00000	0.00000	0.00093
415	0.00000	0.74860	0.00001	0.03941	0.00000	0.21199
416	0.00000	0.99820	0.00000	0.00000	0.00000	0.00180
417	0.00000	0.99926	0.00000	0.00000	0.00000	0.00074
418	0.00000	0.98497	0.00000	0.00000	0.00000	0.01503
419	0.00000	0.99994	0.00000	0.00000	0.00000	0.00006
420	0.00000	0.99985	0.00000	0.00000	0.00000	0.00015
421	0.00000	0.99986	0.00000	0.00000	0.00000	0.00014
422	0.00000	0.99025	0.00000	0.00009	0.00000	0.00966
423	0.00000	0.93929	0.00001	0.00356	0.00000	0.05714
424	0.00000	0.99913	0.00000	0.00000	0.00000	0.00087
425	0.00000	0.99973	0.00000	0.00000	0.00000	0.00027
426	0.00000	0.99846	0.00000	0.00000	0.00000	0.00154
427	0.00000	0.99965	0.00000	0.00000	0.00000	0.00035
428	0.00000	0.99987	0.00000	0.00000	0.00000	0.00013
429	0.00000	0.99987	0.00000	0.00000	0.00000	0.00013
430	0.00000	0.99991	0.00000	0.00000	0.00000	0.00009
431	0.00000	0.99942	0.00000	0.00000	0.00000	0.00058
432	0.00000	0.99224	0.00000	0.00001	0.00000	0.00776
433	0.00000	0.99989	0.00000	0.00000	0.00000	0.00011
434	0.00000	0.95535	0.00000	0.00185	0.00000	0.04280
435	0.00000	0.99979	0.00000	0.00000	0.00000	0.00021
436	0.99818	0.00000	0.00000	0.00000	0.00182	0.00000
437	0.00000	0.99921	0.00000	0.00000	0.00000	0.00079
438	0.00000	0.99541	0.00000	0.00000	0.00000	0.00459
439	0.00000	0.99976	0.00000	0.00000	0.00000	0.00024
440	0.00000	0.99541	0.00000	0.00001	0.00000	0.00458
441	0.00000	0.99937	0.00000	0.00000	0.00000	0.00063
442	0.00000	0.99915	0.00000	0.00000	0.00000	0.00085
443	0.00000	0.99936	0.00000	0.00000	0.00000	0.00064
444	0.00000	0.96787	0.00000	0.00002	0.00000	0.03210
445	0.00000	0.19542	0.00000	0.00205	0.00000	0.80253
446	0.00000	0.99831	0.00000	0.00000	0.00000	0.00169
447	0.00000	0.99906	0.00000	0.00000	0.00000	0.00094
448	0.00000	0.99974	0.00000	0.00000	0.00000	0.00026
449	0.00000	0.99987	0.00000	0.00000	0.00000	0.00013
450	0.00000	0.99185	0.00000	0.00001	0.00000	0.00814
451	0.00000	0.99955	0.00000	0.00000	0.00000	0.00045
452	0.00002	0.38670	0.03190	0.09305	0.00283	0.48551
453	0.00000	0.99987	0.00000	0.00000	0.00000	0.00013
454	0.00000	0.99566	0.00000	0.00001	0.00000	0.00434
455	0.00000	0.99483	0.00000	0.00002	0.00000	0.00515
456	0.00000	0.99909	0.00000	0.00000	0.00000	0.00091
457	0.00000	0.99960	0.00000	0.00000	0.00000	0.00040
458	0.00000	0.99929	0.00000	0.00000	0.00000	0.00071
459	0.00000	0.99971	0.00000	0.00000	0.00000	0.00029
460	0.99986	0.00000	0.00000	0.00000	0.00014	0.00000
461	0.00000	0.99738	0.00000	0.00000	0.00000	0.00261
462	0.00000	0.99957	0.00000	0.00000	0.00000	0.00043
463	0.05197	0.20582	0.19535	0.19240	0.14269	0.21178
464	0.99945	0.00000	0.00000	0.00000	0.00055	0.00000
465	0.00000	0.99990	0.00000	0.00000	0.00000	0.00010
466	0.00000	0.98004	0.00000	0.00000	0.00000	0.01996
467	0.00000	0.98952	0.00000	0.00009	0.00000	0.01039
468	0.00000	0.99961	0.00000	0.00000	0.00000	0.00039
469	0.00000	0.99977	0.00000	0.00000	0.00000	0.00023
470	0.00000	0.99912	0.00000	0.00000	0.00000	0.00088
471	0.00000	0.99911	0.00000	0.00000	0.00000	0.00089
472	0.00000	0.86761	0.00000	0.00003	0.00000	0.13235
473	0.00000	0.99883	0.00000	0.00000	0.00000	0.00117
474	0.00001	0.67438	0.00306	0.07786	0.00080	0.24389
475	0.00000	0.99995	0.00000	0.00000	0.00000	0.00005
476	0.00000	0.99978	0.00000	0.00000	0.00000	0.00022
477	0.00000	0.99697	0.00000	0.00000	0.00000	0.00303
478	0.00000	0.99997	0.00000	0.00000	0.00000	0.00003
479	0.00000	0.99838	0.00000	0.00000	0.00000	0.00162
480	0.00000	0.99690	0.00000	0.00000	0.00000	0.00310
481	0.00000	0.99997	0.00000	0.00000	0.00000	0.00003
482	0.00000	0.99988	0.00000	0.00000	0.00000	0.00012
483	0.00000	0.99823	0.00000	0.00000	0.00000	0.00177
484	0.00000	0.99963	0.00000	0.00000	0.00000	0.00037
485	0.00000	0.99883	0.00000	0.00000	0.00000	0.00117
486	0.00000	0.99931	0.00000	0.00000	0.00000	0.00069
487	0.00000	0.99967	0.00000	0.00000	0.00000	0.00033
488	0.00000	0.99961	0.00000	0.00000	0.00000	0.00039
489	0.00000	0.99932	0.00000	0.00000	0.00000	0.00068
490	0.00000	0.99880	0.00000	0.00000	0.00000	0.00120
491	0.00000	0.99244	0.00000	0.00001	0.00000	0.00755
492	0.00000	0.64517	0.00005	0.10473	0.00002	0.25004
493	0.00000	0.99963	0.00000	0.00000	0.00000	0.00037
494	0.00000	0.02220	0.00000	0.87341	0.00004	0.10434
495	0.00000	0.99993	0.00000	0.00000	0.00000	0.00007
496	0.00000	0.99928	0.00000	0.00000	0.00000	0.00072
497	0.00000	0.99985	0.00000	0.00000	0.00000	0.00015
498	0.00000	0.99691	0.00000	0.00000	0.00000	0.00309
499	0.00000	0.99239	0.00000	0.00001	0.00000	0.00761
500	0.00000	0.95637	0.00000	0.00164	0.00000	0.04199
501	0.00000	0.87561	0.00000	0.00002	0.00000	0.12437
502	0.00915	0.29629	0.05066	0.29767	0.05168	0.29456
503	0.00000	0.99821	0.00000	0.00000	0.00000	0.00179
504	0.00000	0.99965	0.00000	0.00000	0.00000	0.00035
505	0.00000	0.99926	0.00000	0.00000	0.00000	0.00074
506	0.99466	0.00000	0.00000	0.00001	0.00533	0.00000
507	0.99881	0.00000	0.00000	0.00000	0.00119	0.00000
508	0.00000	0.99831	0.00000	0.00000	0.00000	0.00169
509	0.00000	0.99937	0.00000	0.00000	0.00000	0.00063
510	0.00000	0.99997	0.00000	0.00000	0.00000	0.00003
511	0.00000	0.99896	0.00000	0.00000	0.00000	0.00104
512	0.00000	0.92539	0.00000	0.00002	0.00000	0.07459
513	0.63715	0.00000	0.00000	0.00005	0.36280	0.00000
514	0.00000	0.99852	0.00000	0.00000	0.00000	0.00148
515	0.99982	0.00000	0.00000	0.00000	0.00018	0.00000
516	0.00000	0.97330	0.00000	0.00062	0.00000	0.02608
517	0.00000	0.99930	0.00000	0.00000	0.00000	0.00069
518	0.99935	0.00000	0.00000	0.00000	0.00065	0.00000
519	0.00000	0.99161	0.00000	0.00000	0.00000	0.00839
520	0.00000	0.99977	0.00000	0.00000	0.00000	0.00023
521	0.00000	0.99988	0.00000	0.00000	0.00000	0.00012
522	0.00000	0.99988	0.00000	0.00000	0.00000	0.00012
523	0.00000	0.99964	0.00000	0.00000	0.00000	0.00036
524	0.00000	0.99974	0.00000	0.00000	0.00000	0.00026
525	0.00000	0.99604	0.00000	0.00000	0.00000	0.00396
526	0.00000	0.99146	0.00000	0.00003	0.00000	0.00851
527	0.00000	0.99966	0.00000	0.00000	0.00000	0.00034
528	0.00000	0.96798	0.00000	0.00094	0.00000	0.03108
529	0.00208	0.58309	0.06492	0.08872	0.01920	0.24199
530	0.00000	0.99896	0.00000	0.00000	0.00000	0.00104
531	0.00000	0.99564	0.00000	0.00000	0.00000	0.00435
532	0.00000	0.99931	0.00000	0.00000	0.00000	0.00069
533	0.99950	0.00000	0.00000	0.00000	0.00050	0.00000
534	0.00000	0.99980	0.00000	0.00000	0.00000	0.00020
535	0.00000	0.99598	0.00000	0.00000	0.00000	0.00401
536	0.00000	0.99871	0.00000	0.00000	0.00000	0.00129
537	0.99968	0.00000	0.00000	0.00000	0.00032	0.00000
538	0.00000	0.95033	0.00000	0.00218	0.00000	0.04749
539	0.00000	0.99977	0.00000	0.00000	0.00000	0.00023
540	0.18567	0.00000	0.00201	0.45657	0.35440	0.00135
541	0.99859	0.00000	0.00000	0.00000	0.00140	0.00000
542	0.99957	0.00000	0.00000	0.00000	0.00043	0.00000
543	0.00000	0.96237	0.00000	0.00007	0.00000	0.03756
544	0.00000	0.76939	0.00000	0.00277	0.00000	0.22785
545	0.00000	0.99995	0.00000	0.00000	0.00000	0.00005
546	0.00000	0.97131	0.00000	0.00000	0.00000	0.02869
547	0.00000	0.99431	0.00000	0.00000	0.00000	0.00569
548	0.98006	0.00000	0.00000	0.00022	0.01972	0.00000
549	0.00000	0.99860	0.00000	0.00000	0.00000	0.00140
550	0.00000	0.91941	0.00000	0.00006	0.00000	0.08053
551	0.99971	0.00000	0.00000	0.00000	0.00029	0.00000
552	0.00000	0.99881	0.00000	0.00000	0.00000	0.00119
553	0.00000	0.99954	0.00000	0.00000	0.00000	0.00046
554	0.00000	0.99989	0.00000	0.00000	0.00000	0.00011
555	0.00000	0.99962	0.00000	0.00000	0.00000	0.00038
556	0.00000	0.00000	0.97808	0.01106	0.00004	0.01081
557	0.00000	0.99968	0.00000	0.00000	0.00000	0.00032
558	0.00000	0.99872	0.00000	0.00000	0.00000	0.00128
559	0.99981	0.00000	0.00000	0.00000	0.00019	0.00000
560	0.99986	0.00000	0.00000	0.00000	0.00014	0.00000
561	0.99899	0.00000	0.00000	0.00000	0.00101	0.00000
562	0.99995	0.00000	0.00000	0.00000	0.00005	0.00000
563	0.00000	0.99882	0.00000	0.00000	0.00000	0.00118
564	0.00000	0.99995	0.00000	0.00000	0.00000	0.00005
565	0.99997	0.00000	0.00000	0.00000	0.00003	0.00000
566	0.00000	0.99992	0.00000	0.00000	0.00000	0.00008
567	0.12335	0.19325	0.15392	0.18740	0.15187	0.19020
568	0.99822	0.00000	0.00000	0.00000	0.00178	0.00000
569	0.00000	0.99997	0.00000	0.00000	0.00000	0.00003
570	0.00000	0.99892	0.00000	0.00000	0.00000	0.00108
571	0.00000	0.99997	0.00000	0.00000	0.00000	0.00003
572	0.00000	0.99925	0.00000	0.00000	0.00000	0.00075
573	0.00000	0.56951	0.00000	0.02772	0.00000	0.40277
574	0.00000	0.56136	0.00000	0.00443	0.00000	0.43421
575	0.00002	0.00000	0.00000	0.00170	0.99828	0.00000
576	0.00000	0.99950	0.00000	0.00000	0.00000	0.00050
577	0.99969	0.00000	0.00000	0.00000	0.00031	0.00000
578	0.00000	0.99998	0.00000	0.00000	0.00000	0.00002
579	0.00000	0.04599	0.00000	0.00120	0.00000	0.95281
580	0.05428	0.28353	0.12285	0.19881	0.10341	0.23712
581	0.00000	0.97672	0.00000	0.00018	0.00000	0.02310
582	0.00000	0.97181	0.00000	0.00034	0.00000	0.02785
583	0.00000	0.88434	0.00000	0.01107	0.00000	0.10459
584	0.00000	0.91817	0.00000	0.00186	0.00000	0.07996
585	0.00000	0.99966	0.00000	0.00000	0.00000	0.00034
586	0.00000	0.99987	0.00000	0.00000	0.00000	0.00013
587	0.00000	0.99982	0.00000	0.00000	0.00000	0.00018
588	0.00000	0.99985	0.00000	0.00000	0.00000	0.00015
589	0.00000	0.99869	0.00000	0.00000	0.00000	0.00131
590	0.00000	0.99985	0.00000	0.00000	0.00000	0.00015
591	0.00001	0.84823	0.00150	0.02077	0.00031	0.12917
592	0.00000	0.90228	0.00001	0.00648	0.00000	0.09124
593	0.00000	0.99962	0.00000	0.00000	0.00000	0.00038
594	0.00000	0.99976	0.00000	0.00000	0.00000	0.00024
595	0.00000	0.99998	0.00000	0.00000	0.00000	0.00002
596	0.00000	0.94512	0.00000	0.00260	0.00000	0.05228
597	0.00000	0.99906	0.00000	0.00000	0.00000	0.00094
598	0.00000	0.97693	0.00000	0.00038	0.00000	0.02269
599	0.00000	0.32737	0.00014	0.07462	0.00000	0.59786
600	0.00000	0.99883	0.00000	0.00000	0.00000	0.00117
601	0.02641	0.09834	0.12829	0.25055	0.07432	0.42210
602	0.99868	0.00000	0.00000	0.00000	0.00132	0.00000
603	0.33154	0.00000	0.00086	0.30459	0.36250	0.00051
604	0.00000	0.99911	0.00000	0.00000	0.00000	0.00089
605	0.00000	0.63330	0.00072	0.09999	0.00022	0.26577
606	0.00000	0.99958	0.00000	0.00000	0.00000	0.00042
607	0.00000	0.99988	0.00000	0.00000	0.00000	0.00012
608	0.00000	0.99991	0.00000	0.00000	0.00000	0.00009
609	0.00000	0.99893	0.00000	0.00000	0.00000	0.00107
610	0.64735	0.00000	0.00000	0.00570	0.34695	0.00000
611	0.00000	0.89452	0.00000	0.00245	0.00000	0.10302
612	0.00000	0.99947	0.00000	0.00000	0.00000	0.00053
613	0.00000	0.99994	0.00000	0.00000	0.00000	0.00006
614	0.00000	0.95471	0.00000	0.00118	0.00000	0.04412
615	0.00000	0.99965	0.00000	0.00000	0.00000	0.00035
616	0.00000	0.99479	0.00000	0.00000	0.00000	0.00520
617	0.00000	0.99317	0.00000	0.00003	0.00000	0.00680
618	0.00000	0.99915	0.00000	0.00000	0.00000	0.00085
619	0.00000	0.80053	0.00001	0.02363	0.00000	0.17583
620	0.00000	0.99966	0.00000	0.00000	0.00000	0.00034
621	0.00000	0.99986	0.00000	0.00000	0.00000	0.00014
622	0.00000	0.90578	0.00001	0.00767	0.00000	0.08653
623	0.00000	0.99966	0.00000	0.00000	0.00000	0.00034
624	0.00000	0.99970	0.00000	0.00000	0.00000	0.00030
625	0.00000	0.99035	0.00000	0.00002	0.00000	0.00963
626	0.00000	0.88126	0.00001	0.01105	0.00000	0.10768
627	0.00000	0.99968	0.00000	0.00000	0.00000	0.00032
628	0.00000	0.99985	0.00000	0.00000	0.00000	0.00015
629	0.00000	0.99987	0.00000	0.00000	0.00000	0.00013
630	0.00000	0.99921	0.00000	0.00000	0.00000	0.00079
631	0.00000	0.99988	0.00000	0.00000	0.00000	0.00012
632	0.99580	0.00000	0.00000	0.00000	0.00419	0.00000
633	0.00000	0.99811	0.00000	0.00000	0.00000	0.00189
634	0.00000	0.99987	0.00000	0.00000	0.00000	0.00013
635	0.00000	0.99961	0.00000	0.00000	0.00000	0.00039
636	0.00003	0.57036	0.04638	0.08422	0.00690	0.29211
637	0.00000	0.99946	0.00000	0.00000	0.00000	0.00054
638	0.00000	0.99951	0.00000	0.00000	0.00000	0.00049
639	0.00000	0.99748	0.00000	0.00000	0.00000	0.00251
640	0.00000	0.99902	0.00000	0.00000	0.00000	0.00098
641	0.00000	0.99985	0.00000	0.00000	0.00000	0.00015
642	0.00000	0.99063	0.00000	0.00008	0.00000	0.00929
643	0.00000	0.99996	0.00000	0.00000	0.00000	0.00004
644	0.00000	0.00006	0.00002	0.00137	0.00000	0.99855
645	0.00000	0.97450	0.00000	0.00014	0.00000	0.02536
646	0.00000	0.99798	0.00000	0.00000	0.00000	0.00202
647	0.00000	0.99991	0.00000	0.00000	0.00000	0.00009
648	0.00000	0.99953	0.00000	0.00000	0.00000	0.00047
649	0.00000	0.95065	0.00001	0.00072	0.00000	0.04862
650	0.99973	0.00000	0.00000	0.00000	0.00027	0.00000
651	0.00000	0.99839	0.00000	0.00000	0.00000	0.00161
652	0.00000	0.99973	0.00000	0.00000	0.00000	0.00027
653	0.84054	0.00000	0.00000	0.00785	0.15161	0.00000
654	0.00000	0.99894	0.00000	0.00000	0.00000	0.00106
655	0.00000	0.99665	0.00000	0.00000	0.00000	0.00334
656	0.00000	0.99688	0.00000	0.00000	0.00000	0.00312
657	0.00000	0.99770	0.00000	0.00000	0.00000	0.00229
658	0.00000	0.99979	0.00000	0.00000	0.00000	0.00021
659	0.74552	0.00000	0.00329	0.03987	0.21096	0.00036
660	0.00000	0.96693	0.00000	0.00048	0.00000	0.03259
661	0.00000	0.99938	0.00000	0.00000	0.00000	0.00062
662	0.00000	0.99304	0.00000	0.00002	0.00000	0.00695
663	0.00000	0.75121	0.00233	0.04221	0.00031	0.20394
664	0.99935	0.00000	0.00000	0.00000	0.00065	0.00000
665	0.00000	0.97986	0.00000	0.00035	0.00000	0.01980
666	0.99915	0.00000	0.00000	0.00000	0.00085	0.00000
667	0.99306	0.00000	0.00000	0.00000	0.00694	0.00000
668	0.94633	0.00000	0.00000	0.00003	0.05364	0.00000
669	0.99895	0.00000	0.00000	0.00000	0.00105	0.00000
670	0.99702	0.00000	0.00000	0.00001	0.00298	0.00000
671	0.00000	0.99943	0.00000	0.00000	0.00000	0.00057
672	0.00000	0.99796	0.00000	0.00000	0.00000	0.00204
673	0.00000	1.00000	0.00000	0.00000	0.00000	0.00000
674	0.00004	0.75518	0.00464	0.04829	0.00121	0.19064
675	0.00000	0.99324	0.00000	0.00002	0.00000	0.00674
676	0.00000	0.88390	0.00001	0.00664	0.00000	0.10944
677	0.00000	0.99899	0.00000	0.00000	0.00000	0.00101
678	0.96423	0.00000	0.00000	0.00001	0.03576	0.00000
679	0.00000	0.99983	0.00000	0.00000	0.00000	0.00017
680	0.00000	0.98818	0.00000	0.00000	0.00000	0.01182
681	0.00000	0.99947	0.00000	0.00000	0.00000	0.00053
682	0.00000	0.99993	0.00000	0.00000	0.00000	0.00007
683	0.00000	0.99990	0.00000	0.00000	0.00000	0.00010
684	0.00000	0.96415	0.00000	0.00078	0.00000	0.03507
685	0.00000	0.99982	0.00000	0.00000	0.00000	0.00018
686	0.00000	0.99974	0.00000	0.00000	0.00000	0.00026
687	0.00000	0.99759	0.00000	0.00000	0.00000	0.00241
688	0.00000	0.99379	0.00000	0.00000	0.00000	0.00621
689	0.00000	0.99864	0.00000	0.00000	0.00000	0.00136
690	0.00000	0.99962	0.00000	0.00000	0.00000	0.00038
691	0.00000	0.99944	0.00000	0.00000	0.00000	0.00056
692	0.00000	0.99912	0.00000	0.00000	0.00000	0.00088
693	0.00000	0.99973	0.00000	0.00000	0.00000	0.00027
694	0.00001	0.82480	0.00252	0.02599	0.00045	0.14622
695	0.00000	0.99977	0.00000	0.00000	0.00000	0.00023
696	0.00000	0.99987	0.00000	0.00000	0.00000	0.00013
697	0.00000	0.00511	0.00000	0.65860	0.00000	0.33629
698	0.00000	0.06798	0.00000	0.49211	0.00000	0.43991
699	0.00000	0.99992	0.00000	0.00000	0.00000	0.00008
700	0.00000	0.99986	0.00000	0.00000	0.00000	0.00014
701	0.99991	0.00000	0.00000	0.00000	0.00009	0.00000
702	0.96591	0.00000	0.00000	0.00001	0.03408	0.00000
703	0.99564	0.00000	0.00000	0.00000	0.00436	0.00000
704	0.59852	0.00020	0.04097	0.08806	0.26267	0.00958
705	0.00000	0.99986	0.00000	0.00000	0.00000	0.00014
706	0.00000	0.85044	0.00000	0.00193	0.00000	0.14762
707	0.99210	0.00000	0.00000	0.00002	0.00789	0.00000
708	0.00000	0.99931	0.00000	0.00000	0.00000	0.00069
709	0.00000	0.97641	0.00000	0.00001	0.00000	0.02358
710	0.00000	0.99976	0.00000	0.00000	0.00000	0.00024
711	0.00000	0.99734	0.00000	0.00000	0.00000	0.00266
712	0.00000	0.99775	0.00000	0.00000	0.00000	0.00225
713	0.00000	0.99939	0.00000	0.00000	0.00000	0.00061
714	0.99522	0.00000	0.00000	0.00001	0.00477	0.00000
715	0.00002	0.60789	0.00308	0.11896	0.00137	0.26867
716	0.00000	0.99912	0.00000	0.00000	0.00000	0.00088
717	0.00000	0.99943	0.00000	0.00000	0.00000	0.00057
718	0.99972	0.00000	0.00000	0.00000	0.00028	0.00000
719	0.00000	0.99450	0.00000	0.00001	0.00000	0.00550
720	0.00000	0.99959	0.00000	0.00000	0.00000	0.00041
721	0.00000	0.99679	0.00000	0.00000	0.00000	0.00321
722	0.00000	0.99852	0.00000	0.00000	0.00000	0.00148
723	0.00000	0.99998	0.00000	0.00000	0.00000	0.00002
724	0.00001	0.24682	0.00793	0.14562	0.00112	0.59851
725	0.00020	0.41541	0.01817	0.22363	0.00935	0.33325
726	0.00000	0.99981	0.00000	0.00000	0.00000	0.00019
727	0.00000	0.99984	0.00000	0.00000	0.00000	0.00016
728	0.00000	0.87490	0.00011	0.01270	0.00001	0.11228
729	0.00000	0.99981	0.00000	0.00000	0.00000	0.00019
730	0.00000	0.99988	0.00000	0.00000	0.00000	0.00012
731	0.00000	0.99967	0.00000	0.00000	0.00000	0.00033
732	0.98045	0.00000	0.00000	0.00000	0.01955	0.00000
733	0.00000	0.99956	0.00000	0.00000	0.00000	0.00044
734	0.00000	0.99963	0.00000	0.00000	0.00000	0.00037
735	0.00000	0.99926	0.00000	0.00000	0.00000	0.00074
736	0.00000	0.90891	0.00003	0.00676	0.00000	0.08430
737	0.00000	0.99955	0.00000	0.00000	0.00000	0.00045
738	0.99981	0.00000	0.00000	0.00000	0.00019	0.00000
739	0.00005	0.74924	0.00599	0.04976	0.00155	0.19341
740	0.00000	0.99965	0.00000	0.00000	0.00000	0.00035
741	0.99697	0.00000	0.00000	0.00000	0.00303	0.00000
742	0.00000	0.99983	0.00000	0.00000	0.00000	0.00017
743	0.00000	0.85548	0.00000	0.00002	0.00000	0.14451
744	0.00000	0.99994	0.00000	0.00000	0.00000	0.00006
745	0.99909	0.00000	0.00000	0.00000	0.00091	0.00000
746	0.00000	0.99907	0.00000	0.00000	0.00000	0.00093
747	0.00000	0.99900	0.00000	0.00000	0.00000	0.00100
748	0.00000	0.98788	0.00000	0.00000	0.00000	0.01212
749	0.00000	0.99994	0.00000	0.00000	0.00000	0.00006
750	0.00208	0.58345	0.06506	0.08846	0.01918	0.24178
751	0.00000	0.99952	0.00000	0.00000	0.00000	0.00048
752	0.00000	0.99954	0.00000	0.00000	0.00000	0.00046
753	0.00000	0.99969	0.00000	0.00000	0.00000	0.00031
754	0.00000	0.99975	0.00000	0.00000	0.00000	0.00025
755	0.00000	0.99143	0.00000	0.00004	0.00000	0.00854
756	0.00000	0.99973	0.00000	0.00000	0.00000	0.00027
757	0.00000	0.50991	0.00152	0.05222	0.00009	0.43625
758	0.00000	0.98763	0.00000	0.00013	0.00000	0.01224
759	0.99666	0.00000	0.00000	0.00000	0.00334	0.00000
760	0.99923	0.00000	0.00000	0.00000	0.00077	0.00000
761	0.00000	0.00000	0.00000	0.99518	0.00000	0.00482
762	0.00000	0.99694	0.00000	0.00000	0.00000	0.00306
763	0.00000	0.99975	0.00000	0.00000	0.00000	0.00025
764	0.00000	0.99967	0.00000	0.00000	0.00000	0.00033
765	0.00000	0.99790	0.00000	0.00000	0.00000	0.00210
766	0.00000	0.99672	0.00000	0.00000	0.00000	0.00328
767	0.00000	0.99538	0.00000	0.00001	0.00000	0.00461
768	0.00000	0.99863	0.00000	0.00000	0.00000	0.00137
769	0.00000	0.99878	0.00000	0.00000	0.00000	0.00122
770	0.00000	0.99992	0.00000	0.00000	0.00000	0.00008
771	0.00000	0.97686	0.00000	0.00001	0.00000	0.02313
772	0.00000	0.99907	0.00000	0.00000	0.00000	0.00093
773	0.00000	0.98523	0.00000	0.00021	0.00000	0.01456
774	0.00000	0.91270	0.00000	0.00066	0.00000	0.08664
775	0.00000	0.93503	0.00000	0.00016	0.00000	0.06481
776	0.00000	0.99877	0.00000	0.00000	0.00000	0.00123
