50701_sweeps	1.000/0.000/0.000/0.000	0.000/0.000/0.000/1.000	0.000/0.500/0.500/0.000	0.250/0.250/0.250/0.250	0.500/0.250/0.250/0.000	0.000/0.250/0.250/0.500
1	0.00000	0.99999	0.00000	0.00000	0.00000	0.00001
2	0.00000	1.00000	0.00000	0.00000	0.00000	0.00000
3	0.00000	0.99998	0.00000	0.00000	0.00000	0.00002
4	0.00000	0.96987	0.00000	0.00062	0.00000	0.02951
5	0.00000	1.00000	0.00000	0.00000	0.00000	0.00000
6	0.00000	0.99435	0.00000	0.00003	0.00000	0.00562
7	0.00000	0.99997	0.00000	0.00000	0.00000	0.00003
8	0.00000	1.00000	0.00000	0.00000	0.00000	0.00000
9	0.00000	1.00000	0.00000	0.00000	0.00000	0.00000
10	0.00000	0.00000	0.00000	0.00059	0.99941	0.00000
11	1.00000	0.00000	0.00000	0.00000	0.00000	0.00000
12	0.00000	0.99754	0.00000	0.00001	0.00000	0.00245
13	0.00000	1.00000	0.00000	0.00000	0.00000	0.00000
14	0.00000	1.00000	0.00000	0.00000	0.00000	0.00000
15	0.00000	0.99998	0.00000	0.00000	0.00000	0.00002
16	0.00000	0.99580	0.00000	0.00002	0.00000	0.00418
17	0.99999	0.00000	0.00000	0.00000	0.00001	0.00000
18	0.76102	0.00000	0.00001	0.04799	0.19098	0.00000
19	0.00000	0.98417	0.00000	0.00017	0.00000	0.01566
20	1.00000	0.00000	0.00000	0.00000	0.00000	0.00000
21	0.00000	0.00034	0.00001	0.98376	0.00065	0.01525
22	0.00000	0.99663	0.00000	0.00001	0.00000	0.00336
23	0.99852	0.00000	0.00000	0.00000	0.00148	0.00000
24	1.00000	0.00000	0.00000	0.00000	0.00000	0.00000
25	1.00000	0.00000	0.00000	0.00000	0.00000	0.00000
26	0.00000	0.99998	0.00000	0.00000	0.00000	0.00002
27	0.00000	1.00000	0.00000	0.00000	0.00000	0.00000
28	0.00000	0.99999	0.00000	0.00000	0.00000	0.00001
29	0.00000	1.00000	0.00000	0.00000	0.00000	0.00000
30	1.00000	0.00000	0.00000	0.00000	0.00000	0.00000
31	0.99998	0.00000	0.00000	0.00000	0.00002	0.00000
32	0.00000	0.98466	0.00000	0.00023	0.00000	0.01511
33	0.99981	0.00000	0.00000	0.00000	0.00019	0.00000
34	0.00000	0.88098	0.00001	0.01299	0.00000	0.10602
35	0.00000	0.91312	0.00000	0.00706	0.00000	0.07982
36	0.00000	0.39968	0.00000	0.00004	0.00000	0.60027
37	1.00000	0.00000	0.00000	0.00000	0.00000	0.00000
38	1.00000	0.00000	0.00000	0.00000	0.00000	0.00000
39	0.00000	1.00000	0.00000	0.00000	0.00000	0.00000
40	0.00000	1.00000	0.00000	0.00000	0.00000	0.00000
41	0.00000	1.00000	0.00000	0.00000	0.00000	0.00000
42	0.00000	0.99997	0.00000	0.00000	0.00000	0.00003
43	0.99914	0.00000	0.00000	0.00000	0.00086	0.00000
44	0.00000	0.99999	0.00000	0.00000	0.00000	0.00001
45	1.00000	0.00000	0.00000	0.00000	0.00000	0.00000
46	0.00000	0.99908	0.00000	0.00000	0.00000	0.00092
47	0.00000	1.00000	0.00000	0.00000	0.00000	0.00000
48	0.99990	0.00000	0.00000	0.00000	0.00010	0.00000
49	0.99992	0.00000	0.00000	0.00000	0.00008	0.00000
50	0.00000	0.98842	0.00000	0.00009	0.00000	0.01149
51	0.00000	1.00000	0.00000	0.00000	0.00000	0.00000
52	0.00000	1.00000	0.00000	0.00000	0.00000	0.00000
53	0.98058	0.00000	0.00000	0.00001	0.01941	0.00000
54	0.00000	1.00000	0.00000	0.00000	0.00000	0.00000
55	0.00000	1.00000	0.00000	0.00000	0.00000	0.00000
56	0.98212	0.00000	0.00000	0.00022	0.01766	0.00000
57	0.00000	1.00000	0.00000	0.00000	0.00000	0.00000
58	0.00000	1.00000	0.00000	0.00000	0.00000	0.00000
59	0.00000	0.99941	0.00000	0.00000	0.00000	0.00059
60	0.00000	1.00000	0.00000	0.00000	0.00000	0.00000
61	0.00000	1.00000	0.00000	0.00000	0.00000	0.00000
62	0.00000	1.00000	0.00000	0.00000	0.00000	0.00000
63	0.00000	1.00000	0.00000	0.00000	0.00000	0.00000
64	0.00000	0.85930	0.00000	0.00000	0.00000	0.14069
65	0.00000	0.92871	0.00000	0.00001	0.00000	0.07128
66	1.00000	0.00000	0.00000	0.00000	0.00000	0.00000
67	0.00000	0.99999	0.00000	0.00000	0.00000	0.00001
68	0.00000	1.00000	0.00000	0.00000	0.00000	0.00000
69	0.00000	0.75395	0.00070	0.04737	0.00014	0.19785
70	0.00000	0.99961	0.00000	0.00000	0.00000	0.00039
71	0.00000	1.00000	0.00000	0.00000	0.00000	0.00000
72	0.00000	1.00000	0.00000	0.00000	0.00000	0.00000
73	0.00000	0.99971	0.00000	0.00000	0.00000	0.00029
74	0.00000	1.00000	0.00000	0.00000	0.00000	0.00000
75	0.00000	0.99999	0.00000	0.00000	0.00000	0.00001
76	0.00000	1.00000	0.00000	0.00000	0.00000	0.00000
77	1.00000	0.00000	0.00000	0.00000	0.00000	0.00000
78	0.99991	0.00000	0.00000	0.00000	0.00009	0.00000
79	0.99832	0.00000	0.00000	0.00000	0.00168	0.00000
80	0.00000	0.25271	0.00000	0.00550	0.00000	0.74180
81	0.00000	0.98891	0.00000	0.00009	0.00000	0.01100
82	0.34170	0.04022	0.11683	0.17401	0.24372	0.08352
83	0.99996	0.00000	0.00000	0.00000	0.00004	0.00000
84	0.00000	0.99999	0.00000	0.00000	0.00000	0.00001
85	1.00000	0.00000	0.00000	0.00000	0.00000	0.00000
86	0.99943	0.00000	0.00000	0.00000	0.00057	0.00000
87	0.00000	1.00000	0.00000	0.00000	0.00000	0.00000
88	0.99998	0.00000	0.00000	0.00000	0.00002	0.00000
89	0.00000	0.99967	0.00000	0.00000	0.00000	0.00033
90	0.00000	1.00000	0.00000	0.00000	0.00000	0.00000
91	0.90528	0.00000	0.00000	0.00519	0.08954	0.00000
92	0.00000	0.00000	0.00000	0.00074	0.00000	0.99926
93	0.00000	1.00000	0.00000	0.00000	0.00000	0.00000
94	0.99729	0.00000	0.00000	0.00001	0.00271	0.00000
95	0.00000	1.00000	0.00000	0.00000	0.00000	0.00000
96	0.00000	0.99978	0.00000	0.00000	0.00000	0.00022
97	0.99985	0.00000	0.00000	0.00000	0.00015	0.00000
98	0.00000	0.99925	0.00000	0.00000	0.00000	0.00075
99	0.00016	0.58965	0.00960	0.12270	0.00411	0.27378
100	0.00000	0.99987	0.00000	0.00000	0.00000	0.00013
101	0.00000	0.99994	0.00000	0.00000	0.00000	0.00006
102	0.00000	0.99995	0.00000	0.00000	0.00000	0.00005
103	0.00000	1.00000	0.00000	0.00000	0.00000	0.00000
104	0.00000	1.00000	0.00000	0.00000	0.00000	0.00000
105	0.00000	0.99800	0.00000	0.00000	0.00000	0.00199
106	0.00000	1.00000	0.00000	0.00000	0.00000	0.00000
107	0.00000	1.00000	0.00000	0.00000	0.00000	0.00000
108	0.99998	0.00000	0.00000	0.00000	0.00002	0.00000
109	0.00000	1.00000	0.00000	0.00000	0.00000	0.00000
110	0.00000	0.99998	0.00000	0.00000	0.00000	0.00002
111	0.00000	0.99998	0.00000	0.00000	0.00000	0.00002
112	1.00000	0.00000	0.00000	0.00000	0.00000	0.00000
113	0.99986	0.00000	0.00000	0.00000	0.00014	0.00000
114	0.00000	0.99998	0.00000	0.00000	0.00000	0.00002
115	0.00000	1.00000	0.00000	0.00000	0.00000	0.00000
116	0.00658	0.00000	0.00000	0.00017	0.99325	0.00000
117	0.00000	1.00000	0.00000	0.00000	0.00000	0.00000
118	0.99990	0.00000	0.00000	0.00000	0.00010	0.00000
119	0.99995	0.00000	0.00000	0.00000	0.00005	0.00000
120	0.00000	0.99999	0.00000	0.00000	0.00000	0.00001
121	0.00000	1.00000	0.00000	0.00000	0.00000	0.00000
122	0.00000	1.00000	0.00000	0.00000	0.00000	0.00000
123	0.00001	0.77547	0.00316	0.04146	0.00074	0.17916
124	0.00000	0.99996	0.00000	0.00000	0.00000	0.00004
125	0.00000	0.38927	0.00000	0.31366	0.00000	0.29707
126	0.00000	0.99999	0.00000	0.00000	0.00000	0.00001
127	0.00000	1.00000	0.00000	0.00000	0.00000	0.00000
128	0.00000	0.99996	0.00000	0.00000	0.00000	0.00004
129	0.00000	0.98063	0.00000	0.00026	0.00000	0.01911
130	0.00000	0.99998	0.00000	0.00000	0.00000	0.00002
131	0.99995	0.00000	0.00000	0.00000	0.00005	0.00000
132	0.00000	0.99996	0.00000	0.00000	0.00000	0.00004
133	0.00000	1.00000	0.00000	0.00000	0.00000	0.00000
134	0.00000	1.00000	0.00000	0.00000	0.00000	0.00000
135	0.00000	1.00000	0.00000	0.00000	0.00000	0.00000
136	0.00000	1.00000	0.00000	0.00000	0.00000	0.00000
137	0.00000	1.00000	0.00000	0.00000	0.00000	0.00000
138	0.99669	0.00000	0.00000	0.00000	0.00331	0.00000
139	0.99997	0.00000	0.00000	0.00000	0.00003	0.00000
140	0.99999	0.00000	0.00000	0.00000	0.00001	0.00000
141	0.53014	0.00000	0.00000	0.03743	0.43243	0.00000
142	0.99996	0.00000	0.00000	0.00000	0.00004	0.00000
143	0.00000	0.99995	0.00000	0.00000	0.00000	0.00005
144	0.99997	0.00000	0.00000	0.00000	0.00003	0.00000
145	0.99996	0.00000	0.00000	0.00000	0.00004	0.00000
146	1.00000	0.00000	0.00000	0.00000	0.00000	0.00000
147	1.00000	0.00000	0.00000	0.00000	0.00000	0.00000
148	1.00000	0.00000	0.00000	0.00000	0.00000	0.00000
149	0.99997	0.00000	0.00000	0.00000	0.00003	0.00000
150	0.99999	0.00000	0.00000	0.00000	0.00001	0.00000
151	0.00000	0.99943	0.00000	0.00000	0.00000	0.00057
152	0.11756	0.22401	0.16199	0.16503	0.13922	0.19219
153	0.00000	0.98277	0.00000	0.00020	0.00000	0.01703
154	0.00000	1.00000	0.00000	0.00000	0.00000	0.00000
155	0.00000	0.99990	0.00000	0.00000	0.00000	0.00010
156	0.00000	1.00000	0.00000	0.00000	0.00000	0.00000
157	0.00000	0.99993	0.00000	0.00000	0.00000	0.00007
158	0.00000	1.00000	0.00000	0.00000	0.00000	0.00000
159	0.00000	1.00000	0.00000	0.00000	0.00000	0.00000
160	0.00000	0.99999	0.00000	0.00000	0.00000	0.00001
161	0.00000	1.00000	0.00000	0.00000	0.00000	0.00000
162	0.99999	0.00000	0.00000	0.00000	0.00001	0.00000
163	0.00000	0.99976	0.00000	0.00000	0.00000	0.00024
164	0.00000	0.99982	0.00000	0.00000	0.00000	0.00018
165	0.00000	0.95537	0.00000	0.00122	0.00000	0.04341
166	0.99999	0.00000	0.00000	0.00000	0.00001	0.00000
167	0.99999	0.00000	0.00000	0.00000	0.00001	0.00000
168	0.99979	0.00000	0.00000	0.00000	0.00021	0.00000
169	0.00000	0.99997	0.00000	0.00000	0.00000	0.00003
170	0.00000	0.99802	0.00000	0.00000	0.00000	0.00198
171	0.00000	1.00000	0.00000	0.00000	0.00000	0.00000
172	0.00000	0.99953	0.00000	0.00000	0.00000	0.00047
173	0.99975	0.00000	0.00000	0.00000	0.00025	0.00000
174	0.00000	0.99998	0.00000	0.00000	0.00000	0.00002
175	0.00000	0.99998	0.00000	0.00000	0.00000	0.00002
176	0.00000	0.99999	0.00000	0.00000	0.00000	0.00001
177	0.00000	1.00000	0.00000	0.00000	0.00000	0.00000
178	1.00000	0.00000	0.00000	0.00000	0.00000	0.00000
179	1.00000	0.00000	0.00000	0.00000	0.00000	0.00000
180	0.00000	1.00000	0.00000	0.00000	0.00000	0.00000
181	0.00000	0.99999	0.00000	0.00000	0.00000	0.00001
182	0.98443	0.00000	0.00000	0.00030	0.01527	0.00000
183	0.00000	0.99877	0.00000	0.00000	0.00000	0.00123
184	0.00000	0.99999	0.00000	0.00000	0.00000	0.00001
185	0.00000	0.99999	0.00000	0.00000	0.00000	0.00001
186	0.99996	0.00000	0.00000	0.00000	0.00004	0.00000
187	0.00000	0.99752	0.00000	0.00000	0.00000	0.00248
188	0.00000	0.98299	0.00000	0.00000	0.00000	0.01701
189	0.00000	0.99998	0.00000	0.00000	0.00000	0.00002
190	0.00000	0.99001	0.00000	0.00002	0.00000	0.00996
191	1.00000	0.00000	0.00000	0.00000	0.00000	0.00000
192	0.99999	0.00000	0.00000	0.00000	0.00001	0.00000
193	0.80166	0.00000	0.00000	0.00001	0.19833	0.00000
194	0.00000	0.99940	0.00000	0.00000	0.00000	0.00060
195	0.00000	1.00000	0.00000	0.00000	0.00000	0.00000
196	0.00000	1.00000	0.00000	0.00000	0.00000	0.00000
197	0.00000	0.99587	0.00000	0.00002	0.00000	0.00411
198	0.00000	0.99999	0.00000	0.00000	0.00000	0.00001
199	0.00000	0.99996	0.00000	0.00000	0.00000	0.00004
200	0.00000	0.00000	0.99997	0.00001	0.00000	0.00002
201	0.00000	0.99919	0.00000	0.00000	0.00000	0.00081
202	0.00000	1.00000	0.00000	0.00000	0.00000	0.00000
203	0.00000	0.91378	0.00000	0.00690	0.00000	0.07932
204	0.00000	1.00000	0.00000	0.00000	0.00000	0.00000
205	0.00000	0.99997	0.00000	0.00000	0.00000	0.00003
206	0.00000	1.00000	0.00000	0.00000	0.00000	0.00000
207	0.00000	1.00000	0.00000	0.00000	0.00000	0.00000
208	0.00000	0.99999	0.00000	0.00000	0.00000	0.00001
209	0.00000	0.99995	0.00000	0.00000	0.00000	0.00005
210	0.00000	1.00000	0.00000	0.00000	0.00000	0.00000
211	0.00000	0.00001	0.00000	0.00004	0.00000	0.99995
212	0.00000	0.99915	0.00000	0.00000	0.00000	0.00085
213	0.99998	0.00000	0.00000	0.00000	0.00002	0.00000
214	0.99958	0.00000	0.00000	0.00000	0.00042	0.00000
215	0.00000	0.99997	0.00000	0.00000	0.00000	0.00003
216	0.00000	0.99999	0.00000	0.00000	0.00000	0.00001
217	0.00000	1.00000	0.00000	0.00000	0.00000	0.00000
218	0.00000	1.00000	0.00000	0.00000	0.00000	0.00000
219	0.00000	0.99990	0.00000	0.00000	0.00000	0.00010
220	0.00000	0.74773	0.00391	0.04675	0.00069	0.20091
221	0.00000	1.00000	0.00000	0.00000	0.00000	0.00000
222	0.00000	1.00000	0.00000	0.00000	0.00000	0.00000
223	0.00000	0.99791	0.00000	0.00000	0.00000	0.00208
224	0.00000	1.00000	0.00000	0.00000	0.00000	0.00000
225	0.00000	1.00000	0.00000	0.00000	0.00000	0.00000
226	1.00000	0.00000	0.00000	0.00000	0.00000	0.00000
227	0.00000	1.00000	0.00000	0.00000	0.00000	0.00000
228	0.00000	0.98914	0.00000	0.00007	0.00000	0.01078
229	0.82923	0.00000	0.00000	0.02552	0.14525	0.00000
230	0.00000	1.00000	0.00000	0.00000	0.00000	0.00000
231	0.00000	0.99999	0.00000	0.00000	0.00000	0.00001
232	0.00000	0.98882	0.00000	0.00009	0.00000	0.01109
233	0.99973	0.00000	0.00000	0.00000	0.00027	0.00000
234	0.00000	0.95931	0.00000	0.00165	0.00000	0.03904
235	0.00000	1.00000	0.00000	0.00000	0.00000	0.00000
236	0.00000	1.00000	0.00000	0.00000	0.00000	0.00000
237	0.00000	1.00000	0.00000	0.00000	0.00000	0.00000
238	0.00000	1.00000	0.00000	0.00000	0.00000	0.00000
239	1.00000	0.00000	0.00000	0.00000	0.00000	0.00000
240	1.00000	0.00000	0.00000	0.00000	0.00000	0.00000
241	0.99999	0.00000	0.00000	0.00000	0.00001	0.00000
242	1.00000	0.00000	0.00000	0.00000	0.00000	0.00000
243	0.00000	1.00000	0.00000	0.00000	0.00000	0.00000
244	0.99996	0.00000	0.00000	0.00000	0.00004	0.00000
245	1.00000	0.00000	0.00000	0.00000	0.00000	0.00000
246	0.00000	0.99784	0.00000	0.00000	0.00000	0.00216
247	0.00000	1.00000	0.00000	0.00000	0.00000	0.00000
248	0.00000	0.99985	0.00000	0.00000	0.00000	0.00015
249	0.00000	0.99998	0.00000	0.00000	0.00000	0.00002
250	0.00000	0.99999	0.00000	0.00000	0.00000	0.00001
251	0.00000	1.00000	0.00000	0.00000	0.00000	0.00000
252	0.00000	1.00000	0.00000	0.00000	0.00000	0.00000
253	0.00000	0.99999	0.00000	0.00000	0.00000	0.00001
254	0.00000	0.99967	0.00000	0.00000	0.00000	0.00033
255	0.00000	0.99993	0.00000	0.00000	0.00000	0.00007
256	0.00000	0.99997	0.00000	0.00000	0.00000	0.00003
257	0.00000	1.00000	0.00000	0.00000	0.00000	0.00000
258	0.00000	0.99999	0.00000	0.00000	0.00000	0.00001
259	0.00000	1.00000	0.00000	0.00000	0.00000	0.00000
260	0.00000	0.89186	0.00001	0.01069	0.00000	0.09745
261	0.00000	0.99995	0.00000	0.00000	0.00000	0.00005
262	0.00000	0.99999	0.00000	0.00000	0.00000	0.00001
263	0.00000	1.00000	0.00000	0.00000	0.00000	0.00000
264	0.00000	0.99999	0.00000	0.00000	0.00000	0.00001
265	0.00000	0.99551	0.00000	0.00002	0.00000	0.00447
266	0.00000	0.99992	0.00000	0.00000	0.00000	0.00008
267	0.00000	1.00000	0.00000	0.00000	0.00000	0.00000
268	0.00000	1.00000	0.00000	0.00000	0.00000	0.00000
269	0.00000	0.99955	0.00000	0.00000	0.00000	0.00045
270	0.00000	1.00000	0.00000	0.00000	0.00000	0.00000
271	0.00000	0.99995	0.00000	0.00000	0.00000	0.00005
272	0.00000	0.99999	0.00000	0.00000	0.00000	0.00001
273	0.00000	1.00000	0.00000	0.00000	0.00000	0.00000
274	0.00000	1.00000	0.00000	0.00000	0.00000	0.00000
275	0.00000	1.00000	0.00000	0.00000	0.00000	0.00000
276	0.00000	1.00000	0.00000	0.00000	0.00000	0.00000
277	0.00000	0.99964	0.00000	0.00000	0.00000	0.00036
278	0.00000	1.00000	0.00000	0.00000	0.00000	0.00000
279	0.00000	1.00000	0.00000	0.00000	0.00000	0.00000
280	0.00000	1.00000	0.00000	0.00000	0.00000	0.00000
281	0.00000	0.99672	0.00000	0.00001	0.00000	0.00327
282	0.00000	0.99853	0.00000	0.00000	0.00000	0.00147
283	1.00000	0.00000	0.00000	0.00000	0.00000	0.00000
284	0.00000	0.99861	0.00000	0.00000	0.00000	0.00139
285	0.00000	0.99998	0.00000	0.00000	0.00000	0.00002
286	0.00000	1.00000	0.00000	0.00000	0.00000	0.00000
287	0.00000	1.00000	0.00000	0.00000	0.00000	0.00000
288	0.00000	1.00000	0.00000	0.00000	0.00000	0.00000
289	0.00000	0.75106	0.00000	0.00000	0.00000	0.24894
290	0.00000	0.99998	0.00000	0.00000	0.00000	0.00002
291	0.00000	0.99999	0.00000	0.00000	0.00000	0.00001
292	0.00000	0.99998	0.00000	0.00000	0.00000	0.00002
293	0.00000	0.99997	0.00000	0.00000	0.00000	0.00003
294	0.00000	1.00000	0.00000	0.00000	0.00000	0.00000
295	0.00000	1.00000	0.00000	0.00000	0.00000	0.00000
296	1.00000	0.00000	0.00000	0.00000	0.00000	0.00000
297	0.00000	1.00000	0.00000	0.00000	0.00000	0.00000
298	0.00000	0.96313	0.00000	0.00139	0.00000	0.03548
299	0.99967	0.00000	0.00000	0.00000	0.00033	0.00000
300	0.00000	0.99964	0.00000	0.00000	0.00000	0.00036
301	0.00000	1.00000	0.00000	0.00000	0.00000	0.00000
302	0.00000	1.00000	0.00000	0.00000	0.00000	0.00000
303	0.00000	1.00000	0.00000	0.00000	0.00000	0.00000
304	0.00000	1.00000	0.00000	0.00000	0.00000	0.00000
305	0.00000	0.99999	0.00000	0.00000	0.00000	0.00001
306	0.00000	0.99949	0.00000	0.00000	0.00000	0.00051
307	0.00000	1.00000	0.00000	0.00000	0.00000	0.00000
308	0.00000	1.00000	0.00000	0.00000	0.00000	0.00000
309	0.00000	1.00000	0.00000	0.00000	0.00000	0.00000
310	0.00000	1.00000	0.00000	0.00000	0.00000	0.00000
311	0.00000	0.98334	0.00000	0.00025	0.00000	0.01641
312	0.00000	1.00000	0.00000	0.00000	0.00000	0.00000
313	0.00000	1.00000	0.00000	0.00000	0.00000	0.00000
314	0.00000	0.99999	0.00000	0.00000	0.00000	0.00001
315	0.00000	0.38794	0.00000	0.00000	0.00000	0.61206
316	0.00000	0.99996	0.00000	0.00000	0.00000	0.00004
317	0.00000	1.00000	0.00000	0.00000	0.00000	0.00000
318	0.00000	1.00000	0.00000	0.00000	0.00000	0.00000
319	0.00000	0.97789	0.00000	0.00000	0.00000	0.02211
320	0.00000	0.99998	0.00000	0.00000	0.00000	0.00002
321	0.00000	0.99964	0.00000	0.00000	0.00000	0.00036
322	0.00000	0.99991	0.00000	0.00000	0.00000	0.00009
323	0.00000	0.99950	0.00000	0.00000	0.00000	0.00050
324	0.00000	1.00000	0.00000	0.00000	0.00000	0.00000
325	0.00000	0.99464	0.00000	0.00000	0.00000	0.00536
326	0.00000	0.98179	0.00000	0.00030	0.00000	0.01791
327	0.00000	1.00000	0.00000	0.00000	0.00000	0.00000
328	0.00000	1.00000	0.00000	0.00000	0.00000	0.00000
329	0.00000	0.99999	0.00000	0.00000	0.00000	0.00001
330	0.00000	0.90038	0.00003	0.00912	0.00000	0.09047
331	0.00000	1.00000	0.00000	0.00000	0.00000	0.00000
332	0.00000	1.00000	0.00000	0.00000	0.00000	0.00000
333	0.00000	0.99983	0.00000	0.00000	0.00000	0.00017
334	0.00000	1.00000	0.00000	0.00000	0.00000	0.00000
335	0.00000	0.99999	0.00000	0.00000	0.00000	0.00001
336	0.00040	0.58008	0.01423	0.12715	0.00670	0.27144
337	0.00000	0.99999	0.00000	0.00000	0.00000	0.00001
338	0.00000	1.00000	0.00000	0.00000	0.00000	0.00000
339	0.00000	0.99999	0.00000	0.00000	0.00000	0.00001
340	0.00000	0.00000	0.99925	0.00009	0.00000	0.00065
341	0.00000	1.00000	0.00000	0.00000	0.00000	0.00000
342	0.00000	1.00000	0.00000	0.00000	0.00000	0.00000
343	0.00000	0.00003	0.00000	0.00006	0.00000	0.99991
344	0.00000	1.00000	0.00000	0.00000	0.00000	0.00000
345	0.00000	1.00000	0.00000	0.00000	0.00000	0.00000
346	0.00000	0.95560	0.00000	0.00188	0.00000	0.04252
347	0.00000	0.00000	0.00000	0.00328	0.00000	0.99672
348	0.00000	0.99852	0.00000	0.00000	0.00000	0.00148
349	0.00000	0.99994	0.00000	0.00000	0.00000	0.00006
350	0.00000	0.99988	0.00000	0.00000	0.00000	0.00012
351	0.00000	0.99955	0.00000	0.00000	0.00000	0.00045
352	0.00000	1.00000	0.00000	0.00000	0.00000	0.00000
353	0.00000	0.99332	0.00000	0.00003	0.00000	0.00665
354	0.00000	0.96544	0.00000	0.00116	0.00000	0.03341
355	0.99999	0.00000	0.00000	0.00000	0.00001	0.00000
356	0.00000	1.00000	0.00000	0.00000	0.00000	0.00000
357	0.00000	0.99999	0.00000	0.00000	0.00000	0.00001
358	0.00000	0.37103	0.00019	0.29735	0.00017	0.33126
359	0.00000	1.00000	0.00000	0.00000	0.00000	0.00000
360	0.00000	0.99776	0.00000	0.00000	0.00000	0.00224
361	1.00000	0.00000	0.00000	0.00000	0.00000	0.00000
362	1.00000	0.00000	0.00000	0.00000	0.00000	0.00000
363	0.00000	0.99997	0.00000	0.00000	0.00000	0.00003
364	0.00000	0.99995	0.00000	0.00000	0.00000	0.00005
365	0.00000	0.99967	0.00000	0.00000	0.00000	0.00033
366	0.00000	1.00000	0.00000	0.00000	0.00000	0.00000
367	0.00000	1.00000	0.00000	0.00000	0.00000	0.00000
368	0.99822	0.00000	0.00000	0.00000	0.00178	0.00000
369	0.00000	1.00000	0.00000	0.00000	0.00000	0.00000
370	0.00000	0.99999	0.00000	0.00000	0.00000	0.00001
371	0.00000	0.99994	0.00000	0.00000	0.00000	0.00006
372	0.00000	1.00000	0.00000	0.00000	0.00000	0.00000
373	0.00000	0.98021	0.00000	0.00039	0.00000	0.01941
374	0.99955	0.00000	0.00000	0.00000	0.00045	0.00000
375	0.00000	0.99986	0.00000	0.00000	0.00000	0.00014
376	0.00307	0.52901	0.03400	0.14202	0.01806	0.27384
377	0.99998	0.00000	0.00000	0.00000	0.00002	0.00000
378	0.99894	0.00000	0.00000	0.00000	0.00106	0.00000
379	0.00000	0.99996	0.00000	0.00000	0.00000	0.00004
380	0.00000	1.00000	0.00000	0.00000	0.00000	0.00000
381	0.00000	1.00000	0.00000	0.00000	0.00000	0.00000
382	0.96008	0.00000	0.00000	0.00014	0.03978	0.00000
383	0.00000	1.00000	0.00000	0.00000	0.00000	0.00000
384	0.00000	0.99999	0.00000	0.00000	0.00000	0.00001
385	0.00000	0.99999	0.00000	0.00000	0.00000	0.00001
386	0.00000	1.00000	0.00000	0.00000	0.00000	0.00000
387	0.99766	0.00000	0.00000	0.00001	0.00233	0.00000
388	0.00000	1.00000	0.00000	0.00000	0.00000	0.00000
389	0.00000	1.00000	0.00000	0.00000	0.00000	0.00000
390	0.00000	1.00000	0.00000	0.00000	0.00000	0.00000
391	0.00000	0.99526	0.00000	0.00002	0.00000	0.00472
392	0.00000	0.01273	0.00000	0.92149	0.00000	0.06578
393	0.00000	0.99946	0.00000	0.00000	0.00000	0.00054
394	0.00000	1.00000	0.00000	0.00000	0.00000	0.00000
395	0.00000	1.00000	0.00000	0.00000	0.00000	0.00000
396	0.00000	0.99999	0.00000	0.00000	0.00000	0.00001
397	0.00000	0.99998	0.00000	0.00000	0.00000	0.00002
398	0.10283	0.24378	0.15803	0.16485	0.13012	0.20039
399	0.00000	0.99999	0.00000	0.00000	0.00000	0.00001
400	0.00000	0.99999	0.00000	0.00000	0.00000	0.00001
401	0.00273	0.22746	0.02249	0.41143	0.03046	0.30543
402	0.00000	1.00000	0.00000	0.00000	0.00000	0.00000
403	0.00000	0.99999	0.00000	0.00000	0.00000	0.00001
404	0.00000	0.99966	0.00000	0.00000	0.00000	0.00034
405	0.00000	1.00000	0.00000	0.00000	0.00000	0.00000
406	0.00000	0.99997	0.00000	0.00000	0.00000	0.00003
407	0.00000	0.99999	0.00000	0.00000	0.00000	0.00001
408	0.00000	1.00000	0.00000	0.00000	0.00000	0.00000
409	0.00000	0.99992	0.00000	0.00000	0.00000	0.00008
410	0.00000	1.00000	0.00000	0.00000	0.00000	0.00000
411	0.99997	0.00000	0.00000	0.00000	0.00003	0.00000
412	0.00000	1.00000	0.00000	0.00000	0.00000	0.00000
413	0.00000	0.99996	0.00000	0.00000	0.00000	0.00004
414	0.00000	0.99914	0.00000	0.00000	0.00000	0.00086
415	0.00000	0.97916	0.00000	0.00047	0.00000	0.02037
416	0.00000	1.00000	0.00000	0.00000	0.00000	0.00000
417	0.00000	1.00000	0.00000	0.00000	0.00000	0.00000
418	0.00000	0.99998	0.00000	0.00000	0.00000	0.00002
419	0.00000	1.00000	0.00000	0.00000	0.00000	0.00000
420	0.00000	1.00000	0.00000	0.00000	0.00000	0.00000
421	0.00000	0.99998	0.00000	0.00000	0.00000	0.00002
422	0.00000	0.99768	0.00000	0.00001	0.00000	0.00232
423	0.00000	0.91580	0.00000	0.00481	0.00000	0.07939
424	0.00000	0.98127	0.00000	0.00000	0.00000	0.01872
425	0.00000	1.00000	0.00000	0.00000	0.00000	0.00000
426	0.00000	1.00000	0.00000	0.00000	0.00000	0.00000
427	0.00000	0.99997	0.00000	0.00000	0.00000	0.00003
428	0.00000	1.00000	0.00000	0.00000	0.00000	0.00000
429	0.00000	0.99991	0.00000	0.00000	0.00000	0.00009
430	0.00000	0.99946	0.00000	0.00000	0.00000	0.00054
431	0.00000	1.00000	0.00000	0.00000	0.00000	0.00000
432	0.00000	0.99989	0.00000	0.00000	0.00000	0.00011
433	0.00000	1.00000	0.00000	0.00000	0.00000	0.00000
434	0.00000	0.97585	0.00000	0.00057	0.00000	0.02357
435	0.00000	1.00000	0.00000	0.00000	0.00000	0.00000
436	1.00000	0.00000	0.00000	0.00000	0.00000	0.00000
437	0.00000	1.00000	0.00000	0.00000	0.00000	0.00000
438	0.00000	0.99999	0.00000	0.00000	0.00000	0.00001
439	0.00000	1.00000	0.00000	0.00000	0.00000	0.00000
440	0.00000	0.99998	0.00000	0.00000	0.00000	0.00002
441	0.00000	1.00000	0.00000	0.00000	0.00000	0.00000
442	0.00000	0.99996	0.00000	0.00000	0.00000	0.00004
443	0.00000	1.00000	0.00000	0.00000	0.00000	0.00000
444	0.00000	1.00000	0.00000	0.00000	0.00000	0.00000
445	0.00000	1.00000	0.00000	0.00000	0.00000	0.00000
446	0.00000	0.99940	0.00000	0.00000	0.00000	0.00060
447	0.00000	0.99994	0.00000	0.00000	0.00000	0.00006
448	0.00000	1.00000	0.00000	0.00000	0.00000	0.00000
449	0.00000	0.99980	0.00000	0.00000	0.00000	0.00020
450	0.00000	0.99999	0.00000	0.00000	0.00000	0.00001
451	0.00000	1.00000	0.00000	0.00000	0.00000	0.00000
452	0.00026	0.71419	0.01318	0.06067	0.00388	0.20783
453	0.00000	0.99978	0.00000	0.00000	0.00000	0.00022
454	0.00000	1.00000	0.00000	0.00000	0.00000	0.00000
455	0.00000	0.93544	0.00000	0.00396	0.00000	0.06060
456	0.00000	1.00000	0.00000	0.00000	0.00000	0.00000
457	0.00000	1.00000	0.00000	0.00000	0.00000	0.00000
458	0.00000	1.00000	0.00000	0.00000	0.00000	0.00000
459	0.00000	1.00000	0.00000	0.00000	0.00000	0.00000
460	1.00000	0.00000	0.00000	0.00000	0.00000	0.00000
461	0.00000	0.99999	0.00000	0.00000	0.00000	0.00001
462	0.00000	0.99997	0.00000	0.00000	0.00000	0.00003
463	0.00008	0.60837	0.00630	0.11642	0.00277	0.26606
464	0.99999	0.00000	0.00000	0.00000	0.00001	0.00000
465	0.00000	1.00000	0.00000	0.00000	0.00000	0.00000
466	0.00000	1.00000	0.00000	0.00000	0.00000	0.00000
467	0.00000	0.85940	0.00002	0.02010	0.00000	0.12049
468	0.00000	1.00000	0.00000	0.00000	0.00000	0.00000
469	0.00000	1.00000	0.00000	0.00000	0.00000	0.00000
470	0.00000	0.99779	0.00000	0.00000	0.00000	0.00221
471	0.00000	0.99999	0.00000	0.00000	0.00000	0.00001
472	0.00000	0.99667	0.00000	0.00000	0.00000	0.00333
473	0.00000	0.99999	0.00000	0.00000	0.00000	0.00001
474	0.00000	0.74387	0.00003	0.05460	0.00001	0.20149
475	0.00000	0.99993	0.00000	0.00000	0.00000	0.00007
476	0.00000	1.00000	0.00000	0.00000	0.00000	0.00000
477	0.00000	1.00000	0.00000	0.00000	0.00000	0.00000
478	0.00000	0.99999	0.00000	0.00000	0.00000	0.00001
479	0.00000	0.99096	0.00000	0.00003	0.00000	0.00901
480	0.00000	0.99998	0.00000	0.00000	0.00000	0.00002
481	0.00000	0.99999	0.00000	0.00000	0.00000	0.00001
482	0.00000	0.99998	0.00000	0.00000	0.00000	0.00002
483	0.00000	1.00000	0.00000	0.00000	0.00000	0.00000
484	0.00000	0.99999	0.00000	0.00000	0.00000	0.00001
485	0.00000	0.99999	0.00000	0.00000	0.00000	0.00001
486	0.00000	0.99999	0.00000	0.00000	0.00000	0.00001
487	0.00000	1.00000	0.00000	0.00000	0.00000	0.00000
488	0.00000	1.00000	0.00000	0.00000	0.00000	0.00000
489	0.00000	0.99999	0.00000	0.00000	0.00000	0.00001
490	0.00000	0.99984	0.00000	0.00000	0.00000	0.00016
491	0.00000	1.00000	0.00000	0.00000	0.00000	0.00000
492	0.00000	0.99988	0.00000	0.00000	0.00000	0.00012
493	0.00000	0.99999	0.00000	0.00000	0.00000	0.00001
494	0.00000	0.84255	0.00023	0.02182	0.00004	0.13537
495	0.00000	1.00000	0.00000	0.00000	0.00000	0.00000
496	0.00000	0.99811	0.00000	0.00000	0.00000	0.00189
497	0.00000	1.00000	0.00000	0.00000	0.00000	0.00000
498	0.00000	0.99999	0.00000	0.00000	0.00000	0.00001
499	0.00000	0.99999	0.00000	0.00000	0.00000	0.00001
500	0.05008	0.39328	0.07531	0.16680	0.06454	0.24998
501	0.00000	1.00000	0.00000	0.00000	0.00000	0.00000
502	0.00031	0.47767	0.01067	0.19748	0.00690	0.30698
503	0.00000	0.99983	0.00000	0.00000	0.00000	0.00017
504	0.00000	0.99595	0.00000	0.00000	0.00000	0.00405
505	0.00000	0.99989	0.00000	0.00000	0.00000	0.00011
506	0.99996	0.00000	0.00000	0.00000	0.00004	0.00000
507	0.99999	0.00000	0.00000	0.00000	0.00001	0.00000
508	0.00000	0.06062	0.00000	0.24532	0.00000	0.69407
509	0.00000	0.99999	0.00000	0.00000	0.00000	0.00001
510	0.00000	1.00000	0.00000	0.00000	0.00000	0.00000
511	0.00000	1.00000	0.00000	0.00000	0.00000	0.00000
512	0.00000	1.00000	0.00000	0.00000	0.00000	0.00000
513	0.99982	0.00000	0.00000	0.00000	0.00018	0.00000
514	0.00000	0.99982	0.00000	0.00000	0.00000	0.00018
515	0.99976	0.00000	0.00000	0.00000	0.00024	0.00000
516	0.00000	0.98584	0.00000	0.00020	0.00000	0.01396
517	0.00000	1.00000	0.00000	0.00000	0.00000	0.00000
518	1.00000	0.00000	0.00000	0.00000	0.00000	0.00000
519	0.00000	0.95157	0.00000	0.00000	0.00000	0.04843
520	0.00000	1.00000	0.00000	0.00000	0.00000	0.00000
521	0.00000	1.00000	0.00000	0.00000	0.00000	0.00000
522	0.00000	0.99999	0.00000	0.00000	0.00000	0.00001
523	0.00000	0.99997	0.00000	0.00000	0.00000	0.00003
524	0.00000	1.00000	0.00000	0.00000	0.00000	0.00000
525	0.00000	1.00000	0.00000	0.00000	0.00000	0.00000
526	0.00000	0.99911	0.00000	0.00000	0.00000	0.00089
527	0.00000	1.00000	0.00000	0.00000	0.00000	0.00000
528	0.00000	0.96067	0.00000	0.00150	0.00000	0.03784
529	0.00013	0.56969	0.00762	0.13826	0.00377	0.28054
530	0.00000	0.99964	0.00000	0.00000	0.00000	0.00036
531	0.00000	0.99975	0.00000	0.00000	0.00000	0.00025
532	0.00000	1.00000	0.00000	0.00000	0.00000	0.00000
533	1.00000	0.00000	0.00000	0.00000	0.00000	0.00000
534	0.00000	0.99996	0.00000	0.00000	0.00000	0.00004
535	0.00000	0.99994	0.00000	0.00000	0.00000	0.00006
536	0.00000	0.99999	0.00000	0.00000	0.00000	0.00001
537	0.99707	0.00000	0.00000	0.00000	0.00293	0.00000
538	0.00000	0.88899	0.00000	0.01274	0.00000	0.09827
539	0.00000	0.99999	0.00000	0.00000	0.00000	0.00001
540	0.97519	0.00000	0.00000	0.00053	0.02428	0.00000
541	1.00000	0.00000	0.00000	0.00000	0.00000	0.00000
542	1.00000	0.00000	0.00000	0.00000	0.00000	0.00000
543	0.00000	1.00000	0.00000	0.00000	0.00000	0.00000
544	0.00000	0.99994	0.00000	0.00000	0.00000	0.00006
545	0.00000	1.00000	0.00000	0.00000	0.00000	0.00000
546	0.00000	0.99999	0.00000	0.00000	0.00000	0.00001
547	0.00000	0.99999	0.00000	0.00000	0.00000	0.00001
548	0.99954	0.00000	0.00000	0.00000	0.00046	0.00000
549	0.00000	0.99998	0.00000	0.00000	0.00000	0.00002
550	0.00000	1.00000	0.00000	0.00000	0.00000	0.00000
551	1.00000	0.00000	0.00000	0.00000	0.00000	0.00000
552	0.00000	1.00000	0.00000	0.00000	0.00000	0.00000
553	0.00000	0.99998	0.00000	0.00000	0.00000	0.00002
554	0.00000	1.00000	0.00000	0.00000	0.00000	0.00000
555	0.00000	0.99999	0.00000	0.00000	0.00000	0.00001
556	0.00000	0.00000	0.60985	0.35238	0.00003	0.03775
557	0.00000	0.99998	0.00000	0.00000	0.00000	0.00002
558	0.00000	0.99930	0.00000	0.00000	0.00000	0.00070
559	1.00000	0.00000	0.00000	0.00000	0.00000	0.00000
560	1.00000	0.00000	0.00000	0.00000	0.00000	0.00000
561	1.00000	0.00000	0.00000	0.00000	0.00000	0.00000
562	0.99998	0.00000	0.00000	0.00000	0.00002	0.00000
563	0.00000	1.00000	0.00000	0.00000	0.00000	0.00000
564	0.00000	1.00000	0.00000	0.00000	0.00000	0.00000
565	1.00000	0.00000	0.00000	0.00000	0.00000	0.00000
566	0.00000	1.00000	0.00000	0.00000	0.00000	0.00000
567	0.21043	0.12751	0.16375	0.16597	0.18687	0.14546
568	0.99997	0.00000	0.00000	0.00000	0.00003	0.00000
569	0.00000	0.99399	0.00000	0.00000	0.00000	0.00601
570	0.00000	1.00000	0.00000	0.00000	0.00000	0.00000
571	0.00000	0.99996	0.00000	0.00000	0.00000	0.00004
572	0.00000	0.99999	0.00000	0.00000	0.00000	0.00001
573	0.00000	0.99981	0.00000	0.00000	0.00000	0.00019
574	0.00000	0.99998	0.00000	0.00000	0.00000	0.00002
575	0.00000	0.00000	0.00000	0.69905	0.30095	0.00000
576	0.00000	0.99999	0.00000	0.00000	0.00000	0.00001
577	1.00000	0.00000	0.00000	0.00000	0.00000	0.00000
578	0.00000	1.00000	0.00000	0.00000	0.00000	0.00000
579	0.00000	0.61546	0.00000	0.00000	0.00000	0.38454
580	0.00000	0.98844	0.00000	0.00013	0.00000	0.01142
581	0.00000	0.99992	0.00000	0.00000	0.00000	0.00008
582	0.00000	0.99999	0.00000	0.00000	0.00000	0.00001
583	0.00000	0.80026	0.00015	0.03425	0.00003	0.16531
584	0.00000	0.99999	0.00000	0.00000	0.00000	0.00001
585	0.00000	0.92648	0.00000	0.00000	0.00000	0.07352
586	0.00000	1.00000	0.00000	0.00000	0.00000	0.00000
587	0.00000	1.00000	0.00000	0.00000	0.00000	0.00000
588	0.00000	1.00000	0.00000	0.00000	0.00000	0.00000
589	0.00000	1.00000	0.00000	0.00000	0.00000	0.00000
590	0.00000	0.99999	0.00000	0.00000	0.00000	0.00001
591	0.00000	0.84385	0.00010	0.01970	0.00001	0.13634
592	0.00000	0.98898	0.00000	0.00012	0.00000	0.01090
593	0.00000	0.99998	0.00000	0.00000	0.00000	0.00002
594	0.00000	0.99998	0.00000	0.00000	0.00000	0.00002
595	0.00000	1.00000	0.00000	0.00000	0.00000	0.00000
596	0.00000	0.00766	0.00020	0.13721	0.00001	0.85493
597	0.00000	0.99986	0.00000	0.00000	0.00000	0.00014
598	0.00000	0.81413	0.00008	0.02995	0.00002	0.15582
599	0.00000	0.94332	0.00000	0.00112	0.00000	0.05555
600	0.00000	1.00000	0.00000	0.00000	0.00000	0.00000
601	0.00000	0.80977	0.00000	0.03182	0.00000	0.15840
602	0.99839	0.00000	0.00000	0.00000	0.00161	0.00000
603	0.98955	0.00000	0.00000	0.00011	0.01034	0.00000
604	0.00000	1.00000	0.00000	0.00000	0.00000	0.00000
605	0.00000	0.99692	0.00000	0.00001	0.00000	0.00307
606	0.00000	0.99999	0.00000	0.00000	0.00000	0.00001
607	0.00000	1.00000	0.00000	0.00000	0.00000	0.00000
608	0.00000	1.00000	0.00000	0.00000	0.00000	0.00000
609	0.00000	0.99998	0.00000	0.00000	0.00000	0.00002
610	0.98865	0.00000	0.00000	0.00000	0.01135	0.00000
611	0.00000	0.99999	0.00000	0.00000	0.00000	0.00001
612	0.00000	1.00000	0.00000	0.00000	0.00000	0.00000
613	0.00000	1.00000	0.00000	0.00000	0.00000	0.00000
614	0.00000	0.99934	0.00000	0.00000	0.00000	0.00066
615	0.00000	1.00000	0.00000	0.00000	0.00000	0.00000
616	0.00000	0.99777	0.00000	0.00000	0.00000	0.00223
617	0.00000	0.99999	0.00000	0.00000	0.00000	0.00001
618	0.00000	1.00000	0.00000	0.00000	0.00000	0.00000
619	0.00000	0.99985	0.00000	0.00000	0.00000	0.00015
620	0.00000	0.99999	0.00000	0.00000	0.00000	0.00001
621	0.00000	1.00000	0.00000	0.00000	0.00000	0.00000
622	0.00000	0.99581	0.00000	0.00001	0.00000	0.00418
623	0.00000	1.00000	0.00000	0.00000	0.00000	0.00000
624	0.00000	1.00000	0.00000	0.00000	0.00000	0.00000
625	0.00000	0.99999	0.00000	0.00000	0.00000	0.00001
626	0.00000	0.97460	0.00000	0.00066	0.00000	0.02474
627	0.00000	0.99992	0.00000	0.00000	0.00000	0.00008
628	0.00000	1.00000	0.00000	0.00000	0.00000	0.00000
629	0.00000	1.00000	0.00000	0.00000	0.00000	0.00000
630	0.00000	1.00000	0.00000	0.00000	0.00000	0.00000
631	0.00000	1.00000	0.00000	0.00000	0.00000	0.00000
632	0.99997	0.00000	0.00000	0.00000	0.00003	0.00000
633	0.00000	1.00000	0.00000	0.00000	0.00000	0.00000
634	0.00000	0.99992	0.00000	0.00000	0.00000	0.00008
635	0.00000	1.00000	0.00000	0.00000	0.00000	0.00000
636	0.00000	0.98522	0.00000	0.00022	0.00000	0.01456
637	0.00000	0.99991	0.00000	0.00000	0.00000	0.00009
638	0.00000	0.99938	0.00000	0.00000	0.00000	0.00062
639	0.00000	1.00000	0.00000	0.00000	0.00000	0.00000
640	0.00000	0.99999	0.00000	0.00000	0.00000	0.00001
641	0.00000	1.00000	0.00000	0.00000	0.00000	0.00000
642	0.00000	0.99990	0.00000	0.00000	0.00000	0.00010
643	0.00000	0.99997	0.00000	0.00000	0.00000	0.00003
644	0.00000	0.00000	0.00000	0.00016	0.00000	0.99984
645	0.00000	0.99998	0.00000	0.00000	0.00000	0.00002
646	0.00000	0.99690	0.00000	0.00000	0.00000	0.00310
647	0.00000	1.00000	0.00000	0.00000	0.00000	0.00000
648	0.00000	0.99832	0.00000	0.00000	0.00000	0.00168
649	0.00000	0.99771	0.00000	0.00000	0.00000	0.00229
650	0.99986	0.00000	0.00000	0.00000	0.00014	0.00000
651	0.00000	1.00000	0.00000	0.00000	0.00000	0.00000
652	0.00000	1.00000	0.00000	0.00000	0.00000	0.00000
653	0.96804	0.00000	0.00000	0.00086	0.03110	0.00000
654	0.00000	0.99950	0.00000	0.00000	0.00000	0.00050
655	0.00000	0.99999	0.00000	0.00000	0.00000	0.00001
656	0.00000	0.99999	0.00000	0.00000	0.00000	0.00001
657	0.00000	1.00000	0.00000	0.00000	0.00000	0.00000
658	0.00000	0.99997	0.00000	0.00000	0.00000	0.00003
659	0.86071	0.00000	0.00000	0.01730	0.12198	0.00000
660	0.00000	0.99832	0.00000	0.00000	0.00000	0.00168
661	0.00000	0.99990	0.00000	0.00000	0.00000	0.00010
662	0.00000	0.99962	0.00000	0.00000	0.00000	0.00038
663	0.00000	0.68428	0.00141	0.05929	0.00021	0.25480
664	1.00000	0.00000	0.00000	0.00000	0.00000	0.00000
665	0.00000	0.99722	0.00000	0.00001	0.00000	0.00277
666	1.00000	0.00000	0.00000	0.00000	0.00000	0.00000
667	0.99999	0.00000	0.00000	0.00000	0.00001	0.00000
668	0.99960	0.00000	0.00000	0.00000	0.00040	0.00000
669	0.99999	0.00000	0.00000	0.00000	0.00001	0.00000
670	0.99991	0.00000	0.00000	0.00000	0.00009	0.00000
671	0.00000	0.99798	0.00000	0.00000	0.00000	0.00202
672	0.00000	1.00000	0.00000	0.00000	0.00000	0.00000
673	0.00000	1.00000	0.00000	0.00000	0.00000	0.00000
674	0.00000	0.89410	0.00004	0.01110	0.00001	0.09475
675	0.00000	0.99974	0.00000	0.00000	0.00000	0.00026
676	0.00000	0.99964	0.00000	0.00000	0.00000	0.00036
677	0.00000	1.00000	0.00000	0.00000	0.00000	0.00000
678	0.99989	0.00000	0.00000	0.00000	0.00011	0.00000
679	0.00000	1.00000	0.00000	0.00000	0.00000	0.00000
680	0.00000	0.99999	0.00000	0.00000	0.00000	0.00001
681	0.00000	1.00000	0.00000	0.00000	0.00000	0.00000
682	0.00000	1.00000	0.00000	0.00000	0.00000	0.00000
683	0.00000	0.99998	0.00000	0.00000	0.00000	0.00002
684	0.00000	0.99810	0.00000	0.00000	0.00000	0.00189
685	0.00000	1.00000	0.00000	0.00000	0.00000	0.00000
686	0.00000	0.99994	0.00000	0.00000	0.00000	0.00006
687	0.00000	0.99997	0.00000	0.00000	0.00000	0.00003
688	0.00000	1.00000	0.00000	0.00000	0.00000	0.00000
689	0.00000	0.99998	0.00000	0.00000	0.00000	0.00002
690	0.00000	1.00000	0.00000	0.00000	0.00000	0.00000
691	0.00000	1.00000	0.00000	0.00000	0.00000	0.00000
692	0.00000	0.99990	0.00000	0.00000	0.00000	0.00010
693	0.00000	0.99998	0.00000	0.00000	0.00000	0.00002
694	0.00004	0.62728	0.00436	0.10729	0.00183	0.25921
695	0.00000	1.00000	0.00000	0.00000	0.00000	0.00000
696	0.00000	1.00000	0.00000	0.00000	0.00000	0.00000
697	0.00000	0.99990	0.00000	0.00000	0.00000	0.00010
698	0.00000	0.99990	0.00000	0.00000	0.00000	0.00010
699	0.00000	0.99999	0.00000	0.00000	0.00000	0.00001
700	0.00000	1.00000	0.00000	0.00000	0.00000	0.00000
701	1.00000	0.00000	0.00000	0.00000	0.00000	0.00000
702	1.00000	0.00000	0.00000	0.00000	0.00000	0.00000
703	0.99999	0.00000	0.00000	0.00000	0.00001	0.00000
704	0.95867	0.00000	0.00000	0.00155	0.03978	0.00000
705	0.00000	0.99975	0.00000	0.00000	0.00000	0.00025
706	0.00000	0.99989	0.00000	0.00000	0.00000	0.00011
707	0.99892	0.00000	0.00000	0.00000	0.00107	0.00000
708	0.00000	1.00000	0.00000	0.00000	0.00000	0.00000
709	0.00000	0.99195	0.00000	0.00000	0.00000	0.00805
710	0.00000	1.00000	0.00000	0.00000	0.00000	0.00000
711	0.00000	0.99997	0.00000	0.00000	0.00000	0.00003
712	0.00000	0.99996	0.00000	0.00000	0.00000	0.00004
713	0.00000	0.99542	0.00000	0.00000	0.00000	0.00458
714	0.99984	0.00000	0.00000	0.00000	0.00016	0.00000
715	0.00000	0.88822	0.00006	0.01161	0.00001	0.10010
716	0.00000	1.00000	0.00000	0.00000	0.00000	0.00000
717	0.00000	0.99274	0.00000	0.00000	0.00000	0.00726
718	1.00000	0.00000	0.00000	0.00000	0.00000	0.00000
719	0.00000	1.00000	0.00000	0.00000	0.00000	0.00000
720	0.00000	1.00000	0.00000	0.00000	0.00000	0.00000
721	0.00000	1.00000	0.00000	0.00000	0.00000	0.00000
722	0.00000	0.99999	0.00000	0.00000	0.00000	0.00001
723	0.00000	0.99990	0.00000	0.00000	0.00000	0.00010
724	0.00000	0.98844	0.00000	0.00012	0.00000	0.01144
725	0.00000	0.00275	0.00004	0.96416	0.00141	0.03163
726	0.00000	1.00000	0.00000	0.00000	0.00000	0.00000
727	0.00000	1.00000	0.00000	0.00000	0.00000	0.00000
728	0.00040	0.52496	0.01313	0.16236	0.00735	0.29180
729	0.00000	0.99997	0.00000	0.00000	0.00000	0.00003
730	0.00000	0.99999	0.00000	0.00000	0.00000	0.00001
731	0.00000	0.99999	0.00000	0.00000	0.00000	0.00001
732	0.99959	0.00000	0.00000	0.00000	0.00041	0.00000
733	0.00000	0.99990	0.00000	0.00000	0.00000	0.00010
734	0.00000	0.99999	0.00000	0.00000	0.00000	0.00001
735	0.00000	1.00000	0.00000	0.00000	0.00000	0.00000
736	0.00000	0.98905	0.00000	0.00012	0.00000	0.01083
737	0.00000	1.00000	0.00000	0.00000	0.00000	0.00000
738	1.00000	0.00000	0.00000	0.00000	0.00000	0.00000
739	0.00000	0.90276	0.00000	0.00874	0.00000	0.08849
740	0.00000	1.00000	0.00000	0.00000	0.00000	0.00000
741	0.99969	0.00000	0.00000	0.00000	0.00031	0.00000
742	0.00000	1.00000	0.00000	0.00000	0.00000	0.00000
743	0.00000	0.99999	0.00000	0.00000	0.00000	0.00001
744	0.00000	0.99986	0.00000	0.00000	0.00000	0.00014
745	1.00000	0.00000	0.00000	0.00000	0.00000	0.00000
746	0.00000	1.00000	0.00000	0.00000	0.00000	0.00000
747	0.00000	1.00000	0.00000	0.00000	0.00000	0.00000
748	0.00000	1.00000	0.00000	0.00000	0.00000	0.00000
749	0.00000	0.99993	0.00000	0.00000	0.00000	0.00007
750	0.00017	0.54664	0.00846	0.15201	0.00448	0.28824
751	0.00000	1.00000	0.00000	0.00000	0.00000	0.00000
752	0.00000	0.99998	0.00000	0.00000	0.00000	0.00002
753	0.00000	1.00000	0.00000	0.00000	0.00000	0.00000
754	0.00000	1.00000	0.00000	0.00000	0.00000	0.00000
755	0.00000	0.99972	0.00000	0.00000	0.00000	0.00028
756	0.00000	0.99995	0.00000	0.00000	0.00000	0.00005
757	0.00000	0.90303	0.00000	0.00729	0.00000	0.08968
758	0.00000	0.99876	0.00000	0.00000	0.00000	0.00123
759	0.83298	0.00000	0.00000	0.00000	0.16702	0.00000
760	1.00000	0.00000	0.00000	0.00000	0.00000	0.00000
761	0.00000	0.00013	0.00000	0.29481	0.00000	0.70506
762	0.00000	0.99792	0.00000	0.00000	0.00000	0.00208
763	0.00000	0.99998	0.00000	0.00000	0.00000	0.00002
764	0.00000	1.00000	0.00000	0.00000	0.00000	0.00000
765	0.00000	0.99988	0.00000	0.00000	0.00000	0.00012
766	0.00000	0.99978	0.00000	0.00000	0.00000	0.00022
767	0.00000	1.00000	0.00000	0.00000	0.00000	0.00000
768	0.00000	0.42994	0.00000	0.00609	0.00000	0.56397
769	0.00000	0.99793	0.00000	0.00000	0.00000	0.00207
770	0.00000	0.99994	0.00000	0.00000	0.00000	0.00006
771	0.00000	1.00000	0.00000	0.00000	0.00000	0.00000
772	0.00000	0.99998	0.00000	0.00000	0.00000	0.00002
773	0.00000	0.99795	0.00000	0.00000	0.00000	0.00205
774	0.00000	0.99804	0.00000	0.00000	0.00000	0.00196
775	0.00000	1.00000	0.00000	0.00000	0.00000	0.00000
776	0.00000	1.00000	0.00000	0.00000	0.00000	0.00000
