UponCompletionOf_1000000_sweeps
LocNumber LocName AlleleNumber AlleleName FreqInPop0 FreqInPop1 SDInPop0 SDinPop1
0	LdDocent_Contig_1331_460	0	1	0.014381	0.996814	0.007613	0.001708
0	LdDocent_Contig_1331_460	1	2	0.985619	0.003186	0.007613	0.001708
1	LdDocent_Contig_65678_140	0	1	0.989750	0.988409	0.006438	0.003258
1	LdDocent_Contig_65678_140	1	2	0.010250	0.011591	0.006438	0.003258
2	LdDocent_Contig_1852_85	0	1	0.951735	0.999516	0.013898	0.000685
2	LdDocent_Contig_1852_85	1	2	0.048265	0.000484	0.013898	0.000685
3	LdDocent_Contig_1289_121	0	1	0.956825	0.851974	0.017367	0.010650
3	LdDocent_Contig_1289_121	1	2	0.043175	0.148026	0.017367	0.010650
4	LdDocent_Contig_15676_383	0	1	0.997950	0.993232	0.002894	0.002464
4	LdDocent_Contig_15676_383	1	2	0.002050	0.006768	0.002894	0.002464
5	LdDocent_Contig_2521_375	0	1	0.696373	0.991289	0.029597	0.002813
5	LdDocent_Contig_2521_375	1	2	0.303627	0.008711	0.029597	0.002813
6	LdDocent_Contig_2426_50	0	2	0.997724	0.731278	0.003208	0.013578
6	LdDocent_Contig_2426_50	1	1	0.002276	0.268722	0.003208	0.013578
7	LdDocent_Contig_9882_416	0	1	0.993736	0.977771	0.005068	0.004455
7	LdDocent_Contig_9882_416	1	2	0.006264	0.022229	0.005068	0.004455
8	LdDocent_Contig_3449_452	0	1	0.997880	0.979080	0.002986	0.004359
8	LdDocent_Contig_3449_452	1	2	0.002120	0.020920	0.002986	0.004359
9	LdDocent_Contig_63079_138	0	1	0.981089	0.985379	0.008813	0.003684
9	LdDocent_Contig_63079_138	1	2	0.018911	0.014621	0.008813	0.003684
10	LdDocent_Contig_3785_53	0	1	0.997767	0.983884	0.003151	0.004062
10	LdDocent_Contig_3785_53	1	2	0.002233	0.016116	0.003151	0.004062
11	LdDocent_Contig_67620_119	0	1	0.997742	0.985307	0.003184	0.003829
11	LdDocent_Contig_67620_119	1	2	0.002258	0.014693	0.003184	0.003829
12	LdDocent_Contig_879_336	0	1	0.006418	0.997371	0.005216	0.001688
12	LdDocent_Contig_879_336	1	2	0.993582	0.002629	0.005216	0.001688
13	LdDocent_Contig_11_43	0	1	0.997770	0.941298	0.003139	0.007036
13	LdDocent_Contig_11_43	1	2	0.002230	0.058702	0.003139	0.007036
14	LdDocent_Contig_12148_78	0	1	0.993700	0.993769	0.005115	0.002432
14	LdDocent_Contig_12148_78	1	2	0.006300	0.006231	0.005115	0.002432
15	LdDocent_Contig_6224_75	0	1	0.993786	0.991045	0.005044	0.002892
15	LdDocent_Contig_6224_75	1	2	0.006214	0.008955	0.005044	0.002892
16	LdDocent_Contig_2935_20	0	1	0.997857	0.609051	0.003024	0.014803
16	LdDocent_Contig_2935_20	1	2	0.002143	0.390949	0.003024	0.014803
17	LdDocent_Contig_12505_264	0	1	0.997922	0.991685	0.002929	0.002840
17	LdDocent_Contig_12505_264	1	2	0.002078	0.008315	0.002929	0.002840
18	LdDocent_Contig_86318_504	0	1	0.860890	0.962351	0.021658	0.005726
18	LdDocent_Contig_86318_504	1	2	0.139110	0.037649	0.021658	0.005726
19	LdDocent_Contig_34198_66	0	1	0.993914	0.992295	0.004942	0.002629
19	LdDocent_Contig_34198_66	1	2	0.006086	0.007705	0.004942	0.002629
20	LdDocent_Contig_986_12	0	1	0.997850	0.987659	0.003022	0.003468
20	LdDocent_Contig_986_12	1	2	0.002150	0.012341	0.003022	0.003468
21	LdDocent_Contig_1604_17	0	1	0.966982	0.999498	0.011848	0.000710
21	LdDocent_Contig_1604_17	1	2	0.033018	0.000502	0.011848	0.000710
22	LdDocent_Contig_27243_7	0	1	0.869641	0.995321	0.020684	0.002000
22	LdDocent_Contig_27243_7	1	2	0.130359	0.004679	0.020684	0.002000
23	LdDocent_Contig_90078_108	0	1	0.992287	0.954473	0.005997	0.006183
23	LdDocent_Contig_90078_108	1	2	0.007713	0.045527	0.005997	0.006183
24	LdDocent_Contig_51180_341	0	1	0.997882	0.987253	0.002987	0.003447
24	LdDocent_Contig_51180_341	1	2	0.002118	0.012747	0.002987	0.003447
25	LdDocent_Contig_56005_143	0	1	0.983114	0.971748	0.021182	0.004845
25	LdDocent_Contig_56005_143	1	2	0.016886	0.028252	0.021182	0.004845
26	LdDocent_Contig_2571_8	0	1	0.997886	0.986234	0.002978	0.003588
26	LdDocent_Contig_2571_8	1	2	0.002114	0.013766	0.002978	0.003588
27	LdDocent_Contig_65145_333	0	1	0.027654	0.992184	0.011489	0.002805
27	LdDocent_Contig_65145_333	1	2	0.972346	0.007816	0.011489	0.002805
28	LdDocent_Contig_37469_445	0	1	0.020525	0.998671	0.010247	0.001102
28	LdDocent_Contig_37469_445	1	2	0.979475	0.001329	0.010247	0.001102
29	LdDocent_Contig_7713_355	0	1	0.969279	0.998471	0.011826	0.001246
29	LdDocent_Contig_7713_355	1	2	0.030721	0.001529	0.011826	0.001246
30	LdDocent_Contig_9480_391	0	1	0.997944	0.993204	0.002899	0.002472
30	LdDocent_Contig_9480_391	1	2	0.002056	0.006796	0.002899	0.002472
31	LdDocent_Contig_1218_82	0	1	0.997738	0.991624	0.003185	0.002856
31	LdDocent_Contig_1218_82	1	2	0.002262	0.008376	0.003185	0.002856
32	LdDocent_Contig_265_37	0	1	0.990612	0.957125	0.007247	0.006339
32	LdDocent_Contig_265_37	1	2	0.009388	0.042875	0.007247	0.006339
33	LdDocent_Contig_85639_426	0	1	0.997856	0.983867	0.003019	0.003827
33	LdDocent_Contig_85639_426	1	2	0.002144	0.016133	0.003019	0.003827
34	LdDocent_Contig_63087_64	0	1	0.997860	0.990059	0.003020	0.003052
34	LdDocent_Contig_63087_64	1	2	0.002140	0.009941	0.003020	0.003052
35	LdDocent_Contig_23105_115	0	1	0.527214	0.996669	0.033205	0.001776
35	LdDocent_Contig_23105_115	1	2	0.472786	0.003331	0.033205	0.001776
36	LdDocent_Contig_88698_108	0	1	0.990951	0.995063	0.006607	0.002204
36	LdDocent_Contig_88698_108	1	2	0.009049	0.004937	0.006607	0.002204
37	LdDocent_Contig_1900_402	0	1	0.997844	0.938614	0.003032	0.007134
37	LdDocent_Contig_1900_402	1	2	0.002156	0.061386	0.003032	0.007134
38	LdDocent_Contig_233_435	0	1	0.997862	0.889008	0.003012	0.009771
38	LdDocent_Contig_233_435	1	2	0.002138	0.110992	0.003012	0.009771
39	LdDocent_Contig_825_85	0	1	0.002283	0.353206	0.003221	0.014841
39	LdDocent_Contig_825_85	1	2	0.997717	0.646794	0.003221	0.014841
40	LdDocent_Contig_10230_500	0	1	0.996979	0.980917	0.004115	0.004311
40	LdDocent_Contig_10230_500	1	2	0.003021	0.019083	0.004115	0.004311
41	LdDocent_Contig_95282_414	0	1	0.919372	0.996845	0.017078	0.001682
41	LdDocent_Contig_95282_414	1	2	0.080628	0.003155	0.017078	0.001682
42	LdDocent_Contig_1270_88	0	1	0.997886	0.983051	0.002975	0.004017
42	LdDocent_Contig_1270_88	1	2	0.002114	0.016949	0.002975	0.004017
43	LdDocent_Contig_74392_408	0	1	0.997747	0.993316	0.003172	0.002613
43	LdDocent_Contig_74392_408	1	2	0.002253	0.006684	0.003172	0.002613
44	LdDocent_Contig_5794_7	0	1	0.998006	0.991676	0.002811	0.002686
44	LdDocent_Contig_5794_7	1	2	0.001994	0.008324	0.002811	0.002686
45	LdDocent_Contig_2291_448	0	1	0.899196	0.999535	0.025072	0.000656
45	LdDocent_Contig_2291_448	1	2	0.100804	0.000465	0.025072	0.000656
46	LdDocent_Contig_96823_339	0	1	0.996753	0.962767	0.004353	0.005988
46	LdDocent_Contig_96823_339	1	2	0.003247	0.037233	0.004353	0.005988
47	LdDocent_Contig_31740_120	0	1	0.696269	0.999549	0.028637	0.000635
47	LdDocent_Contig_31740_120	1	2	0.303731	0.000451	0.028637	0.000635
48	LdDocent_Contig_95298_127	0	2	0.968875	0.923223	0.010488	0.007599
48	LdDocent_Contig_95298_127	1	1	0.031125	0.076777	0.010488	0.007599
49	LdDocent_Contig_1972_409	0	1	0.005947	0.995248	0.004855	0.002170
49	LdDocent_Contig_1972_409	1	2	0.994053	0.004752	0.004855	0.002170
50	LdDocent_Contig_943_15	0	1	0.997999	0.985693	0.002825	0.003603
50	LdDocent_Contig_943_15	1	2	0.002001	0.014307	0.002825	0.003603
51	LdDocent_Contig_194_40	0	1	0.998020	0.974987	0.002792	0.004708
51	LdDocent_Contig_194_40	1	2	0.001980	0.025013	0.002792	0.004708
52	LdDocent_Contig_2258_368	0	1	0.997757	0.987801	0.003169	0.003428
52	LdDocent_Contig_2258_368	1	2	0.002243	0.012199	0.003169	0.003428
53	LdDocent_Contig_2764_18	0	1	0.990001	0.977660	0.013605	0.004387
53	LdDocent_Contig_2764_18	1	2	0.009999	0.022340	0.013605	0.004387
54	LdDocent_Contig_3068_143	0	1	0.998120	0.962570	0.002650	0.005566
54	LdDocent_Contig_3068_143	1	2	0.001880	0.037430	0.002650	0.005566
55	LdDocent_Contig_51375_85	0	1	0.962954	0.999499	0.012449	0.000708
55	LdDocent_Contig_51375_85	1	2	0.037046	0.000501	0.012449	0.000708
56	LdDocent_Contig_5362_82	0	1	0.997431	0.950972	0.003514	0.006617
56	LdDocent_Contig_5362_82	1	2	0.002569	0.049028	0.003514	0.006617
57	LdDocent_Contig_1236_34	0	1	0.993806	0.990995	0.008685	0.002765
57	LdDocent_Contig_1236_34	1	2	0.006194	0.009005	0.008685	0.002765
58	LdDocent_Contig_8845_91	0	1	0.993284	0.979504	0.005467	0.004468
58	LdDocent_Contig_8845_91	1	2	0.006716	0.020496	0.005467	0.004468
59	LdDocent_Contig_290_116	0	1	0.989718	0.791987	0.006456	0.012356
59	LdDocent_Contig_290_116	1	2	0.010282	0.208013	0.006456	0.012356
60	LdDocent_Contig_74366_103	0	1	0.997606	0.952594	0.003357	0.006399
60	LdDocent_Contig_74366_103	1	2	0.002394	0.047406	0.003357	0.006399
61	LdDocent_Contig_24356_62	0	1	0.997404	0.983970	0.003634	0.004044
61	LdDocent_Contig_24356_62	1	2	0.002596	0.016030	0.003634	0.004044
62	LdDocent_Contig_53109_28	0	1	0.968782	0.999535	0.011194	0.000657
62	LdDocent_Contig_53109_28	1	2	0.031218	0.000465	0.011194	0.000657
63	LdDocent_Contig_526_74	0	1	0.997994	0.948324	0.002817	0.006419
63	LdDocent_Contig_526_74	1	2	0.002006	0.051676	0.002817	0.006419
64	LdDocent_Contig_2078_57	0	1	0.890599	0.998884	0.020374	0.001116
64	LdDocent_Contig_2078_57	1	2	0.109401	0.001116	0.020374	0.001116
65	LdDocent_Contig_38139_78	0	1	0.990455	0.989671	0.006005	0.003032
65	LdDocent_Contig_38139_78	1	2	0.009545	0.010329	0.006005	0.003032
66	LdDocent_Contig_29501_373	0	1	0.997971	0.992934	0.002854	0.002570
66	LdDocent_Contig_29501_373	1	2	0.002029	0.007066	0.002854	0.002570
67	LdDocent_Contig_326_330	0	1	0.801460	0.998561	0.026063	0.001174
67	LdDocent_Contig_326_330	1	2	0.198540	0.001439	0.026063	0.001174
68	LdDocent_Contig_6886_108	0	1	0.997723	0.987380	0.003208	0.003542
68	LdDocent_Contig_6886_108	1	2	0.002277	0.012620	0.003208	0.003542
69	LdDocent_Contig_963_79	0	1	0.992130	0.967008	0.005812	0.005224
69	LdDocent_Contig_963_79	1	2	0.007870	0.032992	0.005812	0.005224
70	LdDocent_Contig_50600_49	0	1	0.898122	0.999541	0.018748	0.000646
70	LdDocent_Contig_50600_49	1	2	0.101878	0.000459	0.018748	0.000646
71	LdDocent_Contig_1743_497	0	1	0.997490	0.985604	0.003533	0.003767
71	LdDocent_Contig_1743_497	1	2	0.002510	0.014396	0.003533	0.003767
72	LdDocent_Contig_82370_364	0	1	0.965204	0.999525	0.011697	0.000671
72	LdDocent_Contig_82370_364	1	2	0.034796	0.000475	0.011697	0.000671
73	LdDocent_Contig_50000_392	0	1	0.998054	0.990753	0.002741	0.002983
73	LdDocent_Contig_50000_392	1	2	0.001946	0.009247	0.002741	0.002983
74	LdDocent_Contig_14998_119	0	1	0.987877	0.973833	0.007470	0.004969
74	LdDocent_Contig_14998_119	1	2	0.012123	0.026167	0.007470	0.004969
75	LdDocent_Contig_20225_464	0	1	0.998110	0.986631	0.002659	0.003371
75	LdDocent_Contig_20225_464	1	2	0.001890	0.013369	0.002659	0.003371
76	LdDocent_Contig_1762_432	0	1	0.997763	0.983778	0.003154	0.003956
76	LdDocent_Contig_1762_432	1	2	0.002237	0.016222	0.003154	0.003956
77	LdDocent_Contig_22591_94	0	1	0.996156	0.985517	0.005402	0.003648
77	LdDocent_Contig_22591_94	1	2	0.003844	0.014483	0.005402	0.003648
78	LdDocent_Contig_365_65	0	1	0.002079	0.419770	0.002932	0.014802
78	LdDocent_Contig_365_65	1	2	0.997921	0.580230	0.002932	0.014802
79	LdDocent_Contig_2607_448	0	1	0.860449	0.860112	0.034602	0.010546
79	LdDocent_Contig_2607_448	1	2	0.139551	0.139888	0.034602	0.010546
80	LdDocent_Contig_192_122	0	1	0.997878	0.787557	0.002993	0.012706
80	LdDocent_Contig_192_122	1	2	0.002122	0.212443	0.002993	0.012706
81	LdDocent_Contig_17717_436	0	1	0.997785	0.948174	0.003123	0.006905
81	LdDocent_Contig_17717_436	1	2	0.002215	0.051826	0.003123	0.006905
82	LdDocent_Contig_60418_73	0	1	0.968769	0.999508	0.011197	0.000694
82	LdDocent_Contig_60418_73	1	2	0.031231	0.000492	0.011197	0.000694
83	LdDocent_Contig_24629_85	0	1	0.997726	0.959680	0.003211	0.006054
83	LdDocent_Contig_24629_85	1	2	0.002274	0.040320	0.003211	0.006054
84	LdDocent_Contig_23362_351	0	1	0.997641	0.962760	0.003289	0.005685
84	LdDocent_Contig_23362_351	1	2	0.002359	0.037240	0.003289	0.005685
85	LdDocent_Contig_2756_412	0	1	0.942722	0.999549	0.014581	0.000637
85	LdDocent_Contig_2756_412	1	2	0.057278	0.000451	0.014581	0.000637
86	LdDocent_Contig_5625_436	0	1	0.948728	0.999565	0.013569	0.000614
86	LdDocent_Contig_5625_436	1	2	0.051272	0.000435	0.013569	0.000614
87	LdDocent_Contig_89291_130	0	1	0.995718	0.963879	0.006011	0.005569
87	LdDocent_Contig_89291_130	1	2	0.004282	0.036121	0.006011	0.005569
88	LdDocent_Contig_180_462	0	1	0.798423	0.997911	0.024838	0.001347
88	LdDocent_Contig_180_462	1	2	0.201577	0.002089	0.024838	0.001347
89	LdDocent_Contig_60726_107	0	1	0.998063	0.984395	0.002727	0.003700
89	LdDocent_Contig_60726_107	1	2	0.001937	0.015605	0.002727	0.003700
90	LdDocent_Contig_8809_141	0	1	0.985360	0.985594	0.011813	0.003519
90	LdDocent_Contig_8809_141	1	2	0.014640	0.014406	0.011813	0.003519
91	LdDocent_Contig_74460_38	0	1	0.997822	0.964494	0.003071	0.005685
91	LdDocent_Contig_74460_38	1	2	0.002178	0.035506	0.003071	0.005685
92	LdDocent_Contig_260_407	0	1	0.997826	0.977521	0.003072	0.004581
92	LdDocent_Contig_260_407	1	2	0.002174	0.022479	0.003072	0.004581
93	LdDocent_Contig_37919_472	0	1	0.998025	0.971155	0.002781	0.004989
93	LdDocent_Contig_37919_472	1	2	0.001975	0.028845	0.002781	0.004989
94	LdDocent_Contig_158_365	0	1	0.967086	0.999506	0.011145	0.000696
94	LdDocent_Contig_158_365	1	2	0.032914	0.000494	0.011145	0.000696
95	LdDocent_Contig_25390_51	0	1	0.018567	0.857544	0.008678	0.010487
95	LdDocent_Contig_25390_51	1	2	0.981433	0.142456	0.008678	0.010487
96	LdDocent_Contig_295_343	0	1	0.997874	0.981401	0.002997	0.004174
96	LdDocent_Contig_295_343	1	2	0.002126	0.018599	0.002997	0.004174
97	LdDocent_Contig_91731_367	0	1	0.998008	0.978062	0.002815	0.004381
97	LdDocent_Contig_91731_367	1	2	0.001992	0.021938	0.002815	0.004381
98	LdDocent_Contig_3687_307	0	1	0.997744	0.966981	0.003171	0.005450
98	LdDocent_Contig_3687_307	1	2	0.002256	0.033019	0.003171	0.005450
99	LdDocent_Contig_1790_39	0	1	0.014269	0.990834	0.007575	0.002978
99	LdDocent_Contig_1790_39	1	2	0.985731	0.009166	0.007575	0.002978
100	LdDocent_Contig_2494_96	0	1	0.997798	0.988121	0.003099	0.003210
100	LdDocent_Contig_2494_96	1	2	0.002202	0.011879	0.003099	0.003210
101	LdDocent_Contig_142_112	0	1	0.997415	0.985189	0.003537	0.003642
101	LdDocent_Contig_142_112	1	2	0.002585	0.014811	0.003537	0.003642
102	LdDocent_Contig_5672_442	0	1	0.997813	0.992183	0.003083	0.002669
102	LdDocent_Contig_5672_442	1	2	0.002187	0.007817	0.003083	0.002669
103	LdDocent_Contig_50102_11	0	1	0.997855	0.993172	0.003025	0.002486
103	LdDocent_Contig_50102_11	1	2	0.002145	0.006828	0.003025	0.002486
104	LdDocent_Contig_62295_446	0	1	0.998043	0.989939	0.002761	0.002948
104	LdDocent_Contig_62295_446	1	2	0.001957	0.010061	0.002761	0.002948
105	LdDocent_Contig_64588_406	0	1	0.997692	0.989514	0.003214	0.003094
105	LdDocent_Contig_64588_406	1	2	0.002308	0.010486	0.003214	0.003094
106	LdDocent_Contig_91725_95	0	1	0.997885	0.940511	0.002982	0.007234
106	LdDocent_Contig_91725_95	1	2	0.002115	0.059489	0.002982	0.007234
107	LdDocent_Contig_528_15	0	1	0.963645	0.999555	0.013009	0.000629
107	LdDocent_Contig_528_15	1	2	0.036355	0.000445	0.013009	0.000629
108	LdDocent_Contig_380_31	0	1	0.997778	0.987584	0.003131	0.003492
108	LdDocent_Contig_380_31	1	2	0.002222	0.012416	0.003131	0.003492
109	LdDocent_Contig_96909_417	0	2	0.116194	0.856002	0.025465	0.010898
109	LdDocent_Contig_96909_417	1	1	0.883806	0.143998	0.025465	0.010898
110	LdDocent_Contig_12502_13	0	1	0.990208	0.992538	0.006146	0.002549
110	LdDocent_Contig_12502_13	1	2	0.009792	0.007462	0.006146	0.002549
111	LdDocent_Contig_17847_465	0	2	0.968934	0.842252	0.011892	0.011424
111	LdDocent_Contig_17847_465	1	1	0.031066	0.157748	0.011892	0.011424
112	LdDocent_Contig_671_38	0	1	0.007224	0.988592	0.005694	0.003376
112	LdDocent_Contig_671_38	1	2	0.992776	0.011408	0.005694	0.003376
113	LdDocent_Contig_296_143	0	1	0.968921	0.999531	0.011146	0.000663
113	LdDocent_Contig_296_143	1	2	0.031079	0.000469	0.011146	0.000663
114	LdDocent_Contig_18877_34	0	1	0.950610	0.997257	0.013773	0.001722
114	LdDocent_Contig_18877_34	1	2	0.049390	0.002743	0.013773	0.001722
115	LdDocent_Contig_24317_315	0	1	0.992935	0.758229	0.005730	0.013739
115	LdDocent_Contig_24317_315	1	2	0.007065	0.241771	0.005730	0.013739
116	LdDocent_Contig_1961_85	0	1	0.997790	0.986792	0.003111	0.003570
116	LdDocent_Contig_1961_85	1	2	0.002210	0.013208	0.003111	0.003570
117	LdDocent_Contig_65986_50	0	1	0.997884	0.991284	0.002981	0.002978
117	LdDocent_Contig_65986_50	1	2	0.002116	0.008716	0.002981	0.002978
118	LdDocent_Contig_1067_382	0	1	0.898935	0.998622	0.018973	0.001124
118	LdDocent_Contig_1067_382	1	2	0.101065	0.001378	0.018973	0.001124
119	LdDocent_Contig_27270_67	0	1	0.997800	0.960896	0.003086	0.006265
119	LdDocent_Contig_27270_67	1	2	0.002200	0.039104	0.003086	0.006265
120	LdDocent_Contig_90843_36	0	1	0.936947	0.999508	0.015979	0.000696
120	LdDocent_Contig_90843_36	1	2	0.063053	0.000492	0.015979	0.000696
121	LdDocent_Contig_18191_486	0	1	0.992332	0.795849	0.006208	0.012758
121	LdDocent_Contig_18191_486	1	2	0.007668	0.204151	0.006208	0.012758
122	LdDocent_Contig_1931_379	0	1	0.997740	0.836330	0.003189	0.011469
122	LdDocent_Contig_1931_379	1	2	0.002260	0.163670	0.003189	0.011469
123	LdDocent_Contig_58683_111	0	1	0.923060	0.993240	0.016769	0.002458
123	LdDocent_Contig_58683_111	1	2	0.076940	0.006760	0.016769	0.002458
124	LdDocent_Contig_37115_435	0	1	0.989501	0.990536	0.006602	0.003053
124	LdDocent_Contig_37115_435	1	2	0.010499	0.009464	0.006602	0.003053
125	LdDocent_Contig_67838_468	0	1	0.992969	0.992241	0.005712	0.002823
125	LdDocent_Contig_67838_468	1	2	0.007031	0.007759	0.005712	0.002823
126	LdDocent_Contig_73992_382	0	1	0.986606	0.993448	0.007097	0.002383
126	LdDocent_Contig_73992_382	1	2	0.013394	0.006552	0.007097	0.002383
127	LdDocent_Contig_23271_45	0	1	0.997761	0.976841	0.003146	0.004638
127	LdDocent_Contig_23271_45	1	2	0.002239	0.023159	0.003146	0.004638
128	LdDocent_Contig_133_465	0	1	0.117243	0.999513	0.023957	0.000688
128	LdDocent_Contig_133_465	1	2	0.882757	0.000487	0.023957	0.000688
129	LdDocent_Contig_94_344	0	1	0.998084	0.991199	0.002699	0.002700
129	LdDocent_Contig_94_344	1	2	0.001916	0.008801	0.002699	0.002700
130	LdDocent_Contig_7979_42	0	1	0.960341	0.999529	0.012584	0.000665
130	LdDocent_Contig_7979_42	1	2	0.039659	0.000471	0.012584	0.000665
131	LdDocent_Contig_24695_132	0	1	0.987865	0.994264	0.007364	0.002360
131	LdDocent_Contig_24695_132	1	2	0.012135	0.005736	0.007364	0.002360
132	LdDocent_Contig_16062_439	0	1	0.998135	0.989405	0.002629	0.002979
132	LdDocent_Contig_16062_439	1	2	0.001865	0.010595	0.002629	0.002979
133	LdDocent_Contig_1563_72	0	1	0.997972	0.983205	0.002860	0.003975
133	LdDocent_Contig_1563_72	1	2	0.002028	0.016795	0.002860	0.003975
134	LdDocent_Contig_12779_143	0	1	0.997300	0.988644	0.003634	0.003104
134	LdDocent_Contig_12779_143	1	2	0.002700	0.011356	0.003634	0.003104
135	LdDocent_Contig_668_73	0	1	0.975248	0.981764	0.009568	0.003894
135	LdDocent_Contig_668_73	1	2	0.024752	0.018236	0.009568	0.003894
136	LdDocent_Contig_15645_331	0	1	0.998041	0.985689	0.002764	0.003604
136	LdDocent_Contig_15645_331	1	2	0.001959	0.014311	0.002764	0.003604
137	LdDocent_Contig_3168_53	0	1	0.216795	0.779291	0.025299	0.012199
137	LdDocent_Contig_3168_53	1	2	0.783205	0.220709	0.025299	0.012199
138	LdDocent_Contig_89062_15	0	1	0.997486	0.984416	0.003547	0.003923
138	LdDocent_Contig_89062_15	1	2	0.002514	0.015584	0.003547	0.003923
139	LdDocent_Contig_2240_414	0	1	0.997922	0.993242	0.002936	0.002457
139	LdDocent_Contig_2240_414	1	2	0.002078	0.006758	0.002936	0.002457
140	LdDocent_Contig_18579_377	0	1	0.968604	0.999488	0.011262	0.000722
140	LdDocent_Contig_18579_377	1	2	0.031396	0.000512	0.011262	0.000722
141	LdDocent_Contig_5961_352	0	1	0.010712	0.997775	0.006724	0.001545
141	LdDocent_Contig_5961_352	1	2	0.989288	0.002225	0.006724	0.001545
142	LdDocent_Contig_2519_114	0	1	0.031108	0.997531	0.011070	0.001506
142	LdDocent_Contig_2519_114	1	2	0.968892	0.002469	0.011070	0.001506
143	LdDocent_Contig_1158_113	0	1	0.997911	0.922758	0.002938	0.007797
143	LdDocent_Contig_1158_113	1	2	0.002089	0.077242	0.002938	0.007797
144	LdDocent_Contig_57511_116	0	1	0.965794	0.999554	0.011506	0.000631
144	LdDocent_Contig_57511_116	1	2	0.034206	0.000446	0.011506	0.000631
145	LdDocent_Contig_75487_42	0	1	0.997465	0.987387	0.003509	0.003438
145	LdDocent_Contig_75487_42	1	2	0.002535	0.012613	0.003509	0.003438
146	LdDocent_Contig_15672_434	0	1	0.997602	0.990311	0.003387	0.003121
146	LdDocent_Contig_15672_434	1	2	0.002398	0.009689	0.003387	0.003121
147	LdDocent_Contig_7302_328	0	1	0.997301	0.989783	0.003610	0.003036
147	LdDocent_Contig_7302_328	1	2	0.002699	0.010217	0.003610	0.003036
148	LdDocent_Contig_3666_58	0	1	0.883513	0.998526	0.021231	0.001221
148	LdDocent_Contig_3666_58	1	2	0.116487	0.001474	0.021231	0.001221
149	LdDocent_Contig_52167_327	0	1	0.965268	0.999524	0.011697	0.000673
149	LdDocent_Contig_52167_327	1	2	0.034732	0.000476	0.011697	0.000673
150	LdDocent_Contig_2279_346	0	1	0.997890	0.987886	0.002985	0.003272
150	LdDocent_Contig_2279_346	1	2	0.002110	0.012114	0.002985	0.003272
151	LdDocent_Contig_68801_463	0	1	0.998058	0.990746	0.002736	0.002838
151	LdDocent_Contig_68801_463	1	2	0.001942	0.009254	0.002736	0.002838
152	LdDocent_Contig_1575_412	0	1	0.964162	0.998454	0.012812	0.001260
152	LdDocent_Contig_1575_412	1	2	0.035838	0.001546	0.012812	0.001260
153	LdDocent_Contig_17450_416	0	1	0.993836	0.994018	0.005007	0.002337
153	LdDocent_Contig_17450_416	1	2	0.006164	0.005982	0.005007	0.002337
154	LdDocent_Contig_1525_64	0	1	0.998077	0.989621	0.002704	0.002918
154	LdDocent_Contig_1525_64	1	2	0.001923	0.010379	0.002704	0.002918
155	LdDocent_Contig_19364_448	0	1	0.020006	0.991283	0.009382	0.002976
155	LdDocent_Contig_19364_448	1	2	0.979994	0.008717	0.009382	0.002976
156	LdDocent_Contig_1770_106	0	1	0.989924	0.858499	0.006313	0.010413
156	LdDocent_Contig_1770_106	1	2	0.010076	0.141501	0.006313	0.010413
157	LdDocent_Contig_96131_349	0	1	0.983581	0.986277	0.008591	0.003639
157	LdDocent_Contig_96131_349	1	2	0.016419	0.013723	0.008591	0.003639
158	LdDocent_Contig_53362_63	0	1	0.993952	0.991068	0.008478	0.002738
158	LdDocent_Contig_53362_63	1	2	0.006048	0.008932	0.008478	0.002738
159	LdDocent_Contig_7317_371	0	1	0.997393	0.971884	0.003676	0.004940
159	LdDocent_Contig_7317_371	1	2	0.002607	0.028116	0.003676	0.004940
160	LdDocent_Contig_72680_348	0	1	0.808777	0.555072	0.028007	0.015657
160	LdDocent_Contig_72680_348	1	2	0.191223	0.444928	0.028007	0.015657
161	LdDocent_Contig_22979_369	0	1	0.976815	0.844654	0.012217	0.010937
161	LdDocent_Contig_22979_369	1	2	0.023185	0.155346	0.012217	0.010937
162	LdDocent_Contig_5574_400	0	1	0.997805	0.977530	0.003097	0.004493
162	LdDocent_Contig_5574_400	1	2	0.002195	0.022470	0.003097	0.004493
163	LdDocent_Contig_3756_476	0	1	0.023458	0.977490	0.010773	0.004506
163	LdDocent_Contig_3756_476	1	2	0.976542	0.022510	0.010773	0.004506
164	LdDocent_Contig_832_383	0	1	0.993562	0.944846	0.005227	0.006892
164	LdDocent_Contig_832_383	1	2	0.006438	0.055154	0.005227	0.006892
165	LdDocent_Contig_626_446	0	1	0.997399	0.989909	0.003665	0.002957
165	LdDocent_Contig_626_446	1	2	0.002601	0.010091	0.003665	0.002957
166	LdDocent_Contig_62242_79	0	1	0.997797	0.984205	0.003105	0.003973
166	LdDocent_Contig_62242_79	1	2	0.002203	0.015795	0.003105	0.003973
167	LdDocent_Contig_5285_474	0	1	0.045270	0.974168	0.015098	0.004868
167	LdDocent_Contig_5285_474	1	2	0.954730	0.025832	0.015098	0.004868
168	LdDocent_Contig_67427_465	0	1	0.997862	0.976132	0.003012	0.004667
168	LdDocent_Contig_67427_465	1	2	0.002138	0.023868	0.003012	0.004667
169	LdDocent_Contig_13051_144	0	1	0.997631	0.972438	0.003296	0.004851
169	LdDocent_Contig_13051_144	1	2	0.002369	0.027562	0.003296	0.004851
170	LdDocent_Contig_59656_344	0	1	0.584006	0.997471	0.033288	0.001602
170	LdDocent_Contig_59656_344	1	2	0.415994	0.002529	0.033288	0.001602
171	LdDocent_Contig_65881_48	0	1	0.998079	0.984687	0.002714	0.003742
171	LdDocent_Contig_65881_48	1	2	0.001921	0.015313	0.002714	0.003742
172	LdDocent_Contig_1393_47	0	1	0.921863	0.998457	0.016987	0.001261
172	LdDocent_Contig_1393_47	1	2	0.078137	0.001543	0.016987	0.001261
173	LdDocent_Contig_96750_119	0	1	0.023733	0.997806	0.009871	0.001383
173	LdDocent_Contig_96750_119	1	2	0.976267	0.002194	0.009871	0.001383
174	LdDocent_Contig_7141_321	0	1	0.773671	0.976185	0.026755	0.004670
174	LdDocent_Contig_7141_321	1	2	0.226329	0.023815	0.026755	0.004670
175	LdDocent_Contig_52538_70	0	1	0.997731	0.883293	0.003200	0.010029
175	LdDocent_Contig_52538_70	1	2	0.002269	0.116707	0.003200	0.010029
176	LdDocent_Contig_9393_335	0	1	0.997850	0.978520	0.003029	0.004585
176	LdDocent_Contig_9393_335	1	2	0.002150	0.021480	0.003029	0.004585
177	LdDocent_Contig_15051_388	0	1	0.997798	0.990389	0.003097	0.003100
177	LdDocent_Contig_15051_388	1	2	0.002202	0.009611	0.003097	0.003100
178	LdDocent_Contig_12530_436	0	1	0.997498	0.979151	0.003504	0.004457
178	LdDocent_Contig_12530_436	1	2	0.002502	0.020849	0.003504	0.004457
179	LdDocent_Contig_5896_124	0	1	0.997199	0.990614	0.003881	0.003056
179	LdDocent_Contig_5896_124	1	2	0.002801	0.009386	0.003881	0.003056
180	LdDocent_Contig_1186_486	0	1	0.997702	0.991523	0.003236	0.002893
180	LdDocent_Contig_1186_486	1	2	0.002298	0.008477	0.003236	0.002893
181	LdDocent_Contig_67026_370	0	1	0.313569	0.998427	0.035228	0.001967
181	LdDocent_Contig_67026_370	1	2	0.686431	0.001573	0.035228	0.001967
182	LdDocent_Contig_71074_419	0	1	0.972998	0.994480	0.010440	0.002361
182	LdDocent_Contig_71074_419	1	2	0.027002	0.005520	0.010440	0.002361
183	LdDocent_Contig_88497_24	0	1	0.997449	0.989032	0.003560	0.003390
183	LdDocent_Contig_88497_24	1	2	0.002551	0.010968	0.003560	0.003390
184	LdDocent_Contig_1989_140	0	1	0.958066	0.999548	0.012652	0.000639
184	LdDocent_Contig_1989_140	1	2	0.041934	0.000452	0.012652	0.000639
185	LdDocent_Contig_18105_445	0	1	0.997748	0.990427	0.003170	0.003090
185	LdDocent_Contig_18105_445	1	2	0.002252	0.009573	0.003170	0.003090
186	LdDocent_Contig_650_40	0	1	0.996472	0.987633	0.004905	0.003314
186	LdDocent_Contig_650_40	1	2	0.003528	0.012367	0.004905	0.003314
187	LdDocent_Contig_1657_34	0	1	0.969189	0.999513	0.011030	0.000688
187	LdDocent_Contig_1657_34	1	2	0.030811	0.000487	0.011030	0.000688
188	LdDocent_Contig_22442_427	0	1	0.997857	0.971627	0.003022	0.005051
188	LdDocent_Contig_22442_427	1	2	0.002143	0.028373	0.003022	0.005051
189	LdDocent_Contig_60333_358	0	1	0.997322	0.985694	0.003774	0.003729
189	LdDocent_Contig_60333_358	1	2	0.002678	0.014306	0.003774	0.003729
190	LdDocent_Contig_75463_414	0	1	0.997891	0.993264	0.002976	0.002448
190	LdDocent_Contig_75463_414	1	2	0.002109	0.006736	0.002976	0.002448
191	LdDocent_Contig_1364_415	0	2	0.992636	0.740755	0.005975	0.014043
191	LdDocent_Contig_1364_415	1	1	0.007364	0.259245	0.005975	0.014043
192	LdDocent_Contig_51417_381	0	1	0.787509	0.840204	0.025704	0.010974
192	LdDocent_Contig_51417_381	1	2	0.212491	0.159796	0.025704	0.010974
193	LdDocent_Contig_57974_380	0	1	0.998138	0.991930	0.002622	0.002607
193	LdDocent_Contig_57974_380	1	2	0.001862	0.008070	0.002622	0.002607
194	LdDocent_Contig_2980_390	0	1	0.993337	0.832945	0.005410	0.011812
194	LdDocent_Contig_2980_390	1	2	0.006663	0.167055	0.005410	0.011812
195	LdDocent_Contig_66807_380	0	1	0.890807	0.967524	0.020221	0.005476
195	LdDocent_Contig_66807_380	1	2	0.109193	0.032476	0.020221	0.005476
196	LdDocent_Contig_17880_388	0	2	0.993280	0.908627	0.005461	0.009357
196	LdDocent_Contig_17880_388	1	1	0.006720	0.091373	0.005461	0.009357
197	LdDocent_Contig_12112_370	0	1	0.919638	0.999565	0.017008	0.000614
197	LdDocent_Contig_12112_370	1	2	0.080362	0.000435	0.017008	0.000614
198	LdDocent_Contig_5195_327	0	1	0.997931	0.951632	0.002915	0.006449
198	LdDocent_Contig_5195_327	1	2	0.002069	0.048368	0.002915	0.006449
199	LdDocent_Contig_86535_357	0	1	0.997848	0.979897	0.003037	0.004287
199	LdDocent_Contig_86535_357	1	2	0.002152	0.020103	0.003037	0.004287
