60601_sweeps	1.000/0.000/0.000/0.000	0.000/0.000/0.000/1.000	0.000/0.500/0.500/0.000	0.250/0.250/0.250/0.250	0.500/0.250/0.250/0.000	0.000/0.250/0.250/0.500
1	0.00000	0.99972	0.00000	0.00000	0.00000	0.00028
2	0.00000	1.00000	0.00000	0.00000	0.00000	0.00000
3	0.00000	0.99999	0.00000	0.00000	0.00000	0.00001
4	0.00000	0.82210	0.00011	0.01832	0.00001	0.15947
5	0.00000	0.99978	0.00000	0.00000	0.00000	0.00022
6	0.00000	0.99974	0.00000	0.00000	0.00000	0.00026
7	0.00000	0.99986	0.00000	0.00000	0.00000	0.00014
8	0.00000	0.99992	0.00000	0.00000	0.00000	0.00008
9	0.00000	0.99999	0.00000	0.00000	0.00000	0.00001
10	0.00083	0.00000	0.00000	0.00552	0.99366	0.00000
11	1.00000	0.00000	0.00000	0.00000	0.00000	0.00000
12	0.00000	0.98801	0.00000	0.00010	0.00000	0.01189
13	0.00000	0.99997	0.00000	0.00000	0.00000	0.00003
14	0.00000	0.99970	0.00000	0.00000	0.00000	0.00030
15	0.00000	0.99981	0.00000	0.00000	0.00000	0.00019
16	0.00000	0.99939	0.00000	0.00000	0.00000	0.00061
17	0.99993	0.00000	0.00000	0.00000	0.00007	0.00000
18	0.84874	0.00000	0.00000	0.02043	0.13082	0.00000
19	0.00000	0.87254	0.00001	0.00745	0.00000	0.12000
20	1.00000	0.00000	0.00000	0.00000	0.00000	0.00000
21	0.00004	0.22786	0.00219	0.44813	0.00317	0.31861
22	0.00000	0.99918	0.00000	0.00000	0.00000	0.00082
23	0.99890	0.00000	0.00000	0.00000	0.00110	0.00000
24	0.99994	0.00000	0.00000	0.00000	0.00006	0.00000
25	1.00000	0.00000	0.00000	0.00000	0.00000	0.00000
26	0.00000	0.99995	0.00000	0.00000	0.00000	0.00005
27	0.00000	1.00000	0.00000	0.00000	0.00000	0.00000
28	0.00000	0.99349	0.00000	0.00000	0.00000	0.00651
29	0.00000	1.00000	0.00000	0.00000	0.00000	0.00000
30	0.99943	0.00000	0.00000	0.00000	0.00057	0.00000
31	1.00000	0.00000	0.00000	0.00000	0.00000	0.00000
32	0.00000	0.99827	0.00000	0.00000	0.00000	0.00172
33	0.99968	0.00000	0.00000	0.00000	0.00032	0.00000
34	0.00035	0.00018	0.00260	0.87431	0.10855	0.01401
35	0.00000	0.96114	0.00000	0.00114	0.00000	0.03773
36	0.00000	0.99998	0.00000	0.00000	0.00000	0.00002
37	0.99999	0.00000	0.00000	0.00000	0.00001	0.00000
38	0.99999	0.00000	0.00000	0.00000	0.00001	0.00000
39	0.00000	0.99994	0.00000	0.00000	0.00000	0.00006
40	0.00000	0.99999	0.00000	0.00000	0.00000	0.00001
41	0.00000	0.99982	0.00000	0.00000	0.00000	0.00018
42	0.00000	0.99988	0.00000	0.00000	0.00000	0.00012
43	0.99768	0.00000	0.00000	0.00000	0.00232	0.00000
44	0.00000	0.99816	0.00000	0.00000	0.00000	0.00184
45	1.00000	0.00000	0.00000	0.00000	0.00000	0.00000
46	0.00000	0.99921	0.00000	0.00000	0.00000	0.00079
47	0.00000	0.99995	0.00000	0.00000	0.00000	0.00005
48	0.99968	0.00000	0.00000	0.00000	0.00032	0.00000
49	0.99969	0.00000	0.00000	0.00000	0.00031	0.00000
50	0.00000	0.98151	0.00000	0.00022	0.00000	0.01827
51	0.00000	0.99971	0.00000	0.00000	0.00000	0.00029
52	0.00000	0.99999	0.00000	0.00000	0.00000	0.00001
53	0.75139	0.00000	0.00000	0.00095	0.24766	0.00000
54	0.00000	0.99998	0.00000	0.00000	0.00000	0.00002
55	0.00000	0.99912	0.00000	0.00000	0.00000	0.00088
56	0.28879	0.00000	0.00004	0.34125	0.36990	0.00002
57	0.00000	0.99997	0.00000	0.00000	0.00000	0.00003
58	0.00000	1.00000	0.00000	0.00000	0.00000	0.00000
59	0.00000	0.99986	0.00000	0.00000	0.00000	0.00014
60	0.00000	0.99999	0.00000	0.00000	0.00000	0.00001
61	0.00000	1.00000	0.00000	0.00000	0.00000	0.00000
62	0.00000	0.99970	0.00000	0.00000	0.00000	0.00030
63	0.00000	0.99999	0.00000	0.00000	0.00000	0.00001
64	0.00000	0.99998	0.00000	0.00000	0.00000	0.00002
65	0.00000	0.99971	0.00000	0.00000	0.00000	0.00029
66	0.99999	0.00000	0.00000	0.00000	0.00001	0.00000
67	0.00000	1.00000	0.00000	0.00000	0.00000	0.00000
68	0.00000	0.99997	0.00000	0.00000	0.00000	0.00003
69	0.00000	0.89444	0.00000	0.00788	0.00000	0.09768
70	0.00000	0.99694	0.00000	0.00000	0.00000	0.00306
71	0.00000	0.90184	0.00000	0.00004	0.00000	0.09812
72	0.00000	0.99985	0.00000	0.00000	0.00000	0.00015
73	0.00000	0.99984	0.00000	0.00000	0.00000	0.00016
74	0.00000	1.00000	0.00000	0.00000	0.00000	0.00000
75	0.00000	0.99960	0.00000	0.00000	0.00000	0.00040
76	0.00000	0.99982	0.00000	0.00000	0.00000	0.00018
77	0.99999	0.00000	0.00000	0.00000	0.00001	0.00000
78	0.99999	0.00000	0.00000	0.00000	0.00001	0.00000
79	0.99992	0.00000	0.00000	0.00000	0.00008	0.00000
80	0.00000	0.97017	0.00000	0.00061	0.00000	0.02922
81	0.00000	0.99999	0.00000	0.00000	0.00000	0.00001
82	0.27748	0.07697	0.14599	0.16902	0.21652	0.11402
83	0.99997	0.00000	0.00000	0.00000	0.00003	0.00000
84	0.00000	0.99999	0.00000	0.00000	0.00000	0.00001
85	1.00000	0.00000	0.00000	0.00000	0.00000	0.00000
86	0.99247	0.00000	0.00000	0.00000	0.00753	0.00000
87	0.00000	0.99997	0.00000	0.00000	0.00000	0.00003
88	1.00000	0.00000	0.00000	0.00000	0.00000	0.00000
89	0.00000	0.99790	0.00000	0.00000	0.00000	0.00209
90	0.00000	0.99997	0.00000	0.00000	0.00000	0.00003
91	0.93850	0.00000	0.00000	0.00420	0.05730	0.00000
92	0.00000	0.00000	0.00000	0.00063	0.00000	0.99937
93	0.00000	0.99999	0.00000	0.00000	0.00000	0.00001
94	0.98608	0.00000	0.00000	0.00019	0.01373	0.00000
95	0.00000	0.99994	0.00000	0.00000	0.00000	0.00006
96	0.00000	0.99551	0.00000	0.00000	0.00000	0.00449
97	0.99997	0.00000	0.00000	0.00000	0.00003	0.00000
98	0.00000	0.99971	0.00000	0.00000	0.00000	0.00029
99	0.00000	0.70829	0.00305	0.05605	0.00049	0.23213
100	0.00000	1.00000	0.00000	0.00000	0.00000	0.00000
101	0.00000	0.99977	0.00000	0.00000	0.00000	0.00023
102	0.00000	0.99997	0.00000	0.00000	0.00000	0.00003
103	0.00000	1.00000	0.00000	0.00000	0.00000	0.00000
104	0.00000	0.99998	0.00000	0.00000	0.00000	0.00002
105	0.00000	0.92565	0.00000	0.00396	0.00000	0.07039
106	0.00000	1.00000	0.00000	0.00000	0.00000	0.00000
107	0.00000	0.99999	0.00000	0.00000	0.00000	0.00001
108	0.99999	0.00000	0.00000	0.00000	0.00001	0.00000
109	0.00000	0.99999	0.00000	0.00000	0.00000	0.00001
110	0.00000	0.99999	0.00000	0.00000	0.00000	0.00001
111	0.00000	0.99999	0.00000	0.00000	0.00000	0.00001
112	0.99494	0.00000	0.00000	0.00000	0.00506	0.00000
113	0.99994	0.00000	0.00000	0.00000	0.00006	0.00000
114	0.00000	0.99999	0.00000	0.00000	0.00000	0.00001
115	0.00000	0.99996	0.00000	0.00000	0.00000	0.00004
116	0.15680	0.00000	0.00000	0.00004	0.84316	0.00000
117	0.00000	0.99995	0.00000	0.00000	0.00000	0.00005
118	1.00000	0.00000	0.00000	0.00000	0.00000	0.00000
119	0.99999	0.00000	0.00000	0.00000	0.00001	0.00000
120	0.00000	0.99998	0.00000	0.00000	0.00000	0.00002
121	0.00000	1.00000	0.00000	0.00000	0.00000	0.00000
122	0.00000	0.99982	0.00000	0.00000	0.00000	0.00018
123	0.70630	0.00134	0.03072	0.05536	0.19767	0.00861
124	0.00000	0.99684	0.00000	0.00000	0.00000	0.00316
125	0.00000	0.99962	0.00000	0.00000	0.00000	0.00038
126	0.00000	0.99997	0.00000	0.00000	0.00000	0.00003
127	0.00000	0.99992	0.00000	0.00000	0.00000	0.00008
128	0.00000	0.99986	0.00000	0.00000	0.00000	0.00014
129	0.00000	0.96664	0.00000	0.00085	0.00000	0.03251
130	0.00000	0.99974	0.00000	0.00000	0.00000	0.00026
131	0.99999	0.00000	0.00000	0.00000	0.00001	0.00000
132	0.00000	0.99992	0.00000	0.00000	0.00000	0.00008
133	0.00000	0.99987	0.00000	0.00000	0.00000	0.00013
134	0.00000	0.99999	0.00000	0.00000	0.00000	0.00001
135	0.00000	0.99999	0.00000	0.00000	0.00000	0.00001
136	0.00000	0.99996	0.00000	0.00000	0.00000	0.00004
137	0.00000	1.00000	0.00000	0.00000	0.00000	0.00000
138	0.99935	0.00000	0.00000	0.00000	0.00065	0.00000
139	0.98530	0.00000	0.00000	0.00000	0.01470	0.00000
140	0.99999	0.00000	0.00000	0.00000	0.00001	0.00000
141	0.35335	0.00000	0.00000	0.29203	0.35462	0.00000
142	0.99998	0.00000	0.00000	0.00000	0.00002	0.00000
143	0.00000	0.99916	0.00000	0.00000	0.00000	0.00084
144	0.99986	0.00000	0.00000	0.00000	0.00014	0.00000
145	0.99998	0.00000	0.00000	0.00000	0.00002	0.00000
146	1.00000	0.00000	0.00000	0.00000	0.00000	0.00000
147	0.99999	0.00000	0.00000	0.00000	0.00001	0.00000
148	1.00000	0.00000	0.00000	0.00000	0.00000	0.00000
149	0.99993	0.00000	0.00000	0.00000	0.00007	0.00000
150	0.99997	0.00000	0.00000	0.00000	0.00003	0.00000
151	0.00000	0.98946	0.00000	0.00003	0.00000	0.01051
152	0.00000	0.62216	0.00619	0.09178	0.00136	0.27851
153	0.00000	0.99836	0.00000	0.00000	0.00000	0.00164
154	0.00000	0.99997	0.00000	0.00000	0.00000	0.00003
155	0.00000	0.91014	0.00000	0.00086	0.00000	0.08900
156	0.00000	0.99983	0.00000	0.00000	0.00000	0.00017
157	0.00000	0.99998	0.00000	0.00000	0.00000	0.00002
158	0.00000	0.99999	0.00000	0.00000	0.00000	0.00001
159	0.00000	0.99984	0.00000	0.00000	0.00000	0.00016
160	0.00000	0.99771	0.00000	0.00000	0.00000	0.00229
161	0.00000	0.99952	0.00000	0.00000	0.00000	0.00048
162	1.00000	0.00000	0.00000	0.00000	0.00000	0.00000
163	0.00000	0.99998	0.00000	0.00000	0.00000	0.00002
164	0.00000	0.99779	0.00000	0.00000	0.00000	0.00221
165	0.00000	0.89699	0.00004	0.00751	0.00000	0.09545
166	0.99777	0.00000	0.00000	0.00000	0.00223	0.00000
167	0.99995	0.00000	0.00000	0.00000	0.00005	0.00000
168	0.99988	0.00000	0.00000	0.00000	0.00012	0.00000
169	0.00000	1.00000	0.00000	0.00000	0.00000	0.00000
170	0.00000	0.99192	0.00000	0.00003	0.00000	0.00805
171	0.00000	0.99997	0.00000	0.00000	0.00000	0.00003
172	0.00000	0.99986	0.00000	0.00000	0.00000	0.00014
173	0.99730	0.00000	0.00000	0.00000	0.00270	0.00000
174	0.00000	0.99981	0.00000	0.00000	0.00000	0.00019
175	0.00000	0.99989	0.00000	0.00000	0.00000	0.00011
176	0.00000	1.00000	0.00000	0.00000	0.00000	0.00000
177	0.00000	0.99999	0.00000	0.00000	0.00000	0.00001
178	0.99999	0.00000	0.00000	0.00000	0.00001	0.00000
179	0.99992	0.00000	0.00000	0.00000	0.00008	0.00000
180	0.00000	0.99996	0.00000	0.00000	0.00000	0.00004
181	0.00000	0.99994	0.00000	0.00000	0.00000	0.00006
182	0.93645	0.00000	0.00000	0.00463	0.05892	0.00000
183	0.00000	0.99985	0.00000	0.00000	0.00000	0.00015
184	0.00000	0.99998	0.00000	0.00000	0.00000	0.00002
185	0.00000	0.99999	0.00000	0.00000	0.00000	0.00001
186	0.99757	0.00000	0.00000	0.00000	0.00243	0.00000
187	0.00000	0.99999	0.00000	0.00000	0.00000	0.00001
188	0.00000	0.99972	0.00000	0.00000	0.00000	0.00028
189	0.00000	0.99996	0.00000	0.00000	0.00000	0.00004
190	0.00000	0.98621	0.00000	0.00011	0.00000	0.01368
191	0.99999	0.00000	0.00000	0.00000	0.00001	0.00000
192	0.99996	0.00000	0.00000	0.00000	0.00004	0.00000
193	0.95812	0.00000	0.00000	0.00000	0.04188	0.00000
194	0.00000	0.99985	0.00000	0.00000	0.00000	0.00015
195	0.00000	0.99997	0.00000	0.00000	0.00000	0.00003
196	0.00000	0.99993	0.00000	0.00000	0.00000	0.00007
197	0.00000	0.98926	0.00000	0.00008	0.00000	0.01066
198	0.00000	0.99701	0.00000	0.00000	0.00000	0.00299
199	0.00000	0.99945	0.00000	0.00000	0.00000	0.00055
200	0.00000	0.00000	0.99553	0.00008	0.00000	0.00439
201	0.00000	0.99190	0.00000	0.00000	0.00000	0.00810
202	0.00000	0.99993	0.00000	0.00000	0.00000	0.00007
203	0.00000	0.99715	0.00000	0.00001	0.00000	0.00284
204	0.00000	0.99997	0.00000	0.00000	0.00000	0.00003
205	0.00000	0.99983	0.00000	0.00000	0.00000	0.00017
206	0.00000	0.99999	0.00000	0.00000	0.00000	0.00001
207	0.00000	1.00000	0.00000	0.00000	0.00000	0.00000
208	0.00000	0.99999	0.00000	0.00000	0.00000	0.00001
209	0.00000	0.99999	0.00000	0.00000	0.00000	0.00001
210	0.00000	0.99986	0.00000	0.00000	0.00000	0.00014
211	0.00000	0.01276	0.00000	0.00028	0.00000	0.98696
212	0.00000	0.99995	0.00000	0.00000	0.00000	0.00005
213	0.97702	0.00000	0.00000	0.00000	0.02298	0.00000
214	0.99973	0.00000	0.00000	0.00000	0.00027	0.00000
215	0.00000	0.99996	0.00000	0.00000	0.00000	0.00004
216	0.00000	0.99999	0.00000	0.00000	0.00000	0.00001
217	0.00000	1.00000	0.00000	0.00000	0.00000	0.00000
218	0.00000	1.00000	0.00000	0.00000	0.00000	0.00000
219	0.00000	0.99961	0.00000	0.00000	0.00000	0.00039
220	0.00000	0.69204	0.01658	0.05255	0.00219	0.23664
221	0.00000	0.99997	0.00000	0.00000	0.00000	0.00003
222	0.00000	0.99998	0.00000	0.00000	0.00000	0.00002
223	0.00000	0.99122	0.00000	0.00004	0.00000	0.00873
224	0.00000	1.00000	0.00000	0.00000	0.00000	0.00000
225	0.00000	0.99978	0.00000	0.00000	0.00000	0.00022
226	1.00000	0.00000	0.00000	0.00000	0.00000	0.00000
227	0.00000	0.99999	0.00000	0.00000	0.00000	0.00001
228	0.00000	0.98961	0.00000	0.00008	0.00000	0.01032
229	0.73368	0.00000	0.00000	0.05893	0.20738	0.00000
230	0.00000	0.99991	0.00000	0.00000	0.00000	0.00009
231	0.00000	0.99996	0.00000	0.00000	0.00000	0.00004
232	0.00000	0.98587	0.00000	0.00021	0.00000	0.01391
233	1.00000	0.00000	0.00000	0.00000	0.00000	0.00000
234	0.00000	0.99959	0.00000	0.00000	0.00000	0.00041
235	0.00000	1.00000	0.00000	0.00000	0.00000	0.00000
236	0.00000	0.99994	0.00000	0.00000	0.00000	0.00006
237	0.00000	1.00000	0.00000	0.00000	0.00000	0.00000
238	0.00000	1.00000	0.00000	0.00000	0.00000	0.00000
239	0.99997	0.00000	0.00000	0.00000	0.00003	0.00000
240	0.99999	0.00000	0.00000	0.00000	0.00001	0.00000
241	0.99989	0.00000	0.00000	0.00000	0.00011	0.00000
242	0.99999	0.00000	0.00000	0.00000	0.00001	0.00000
243	0.00000	0.99999	0.00000	0.00000	0.00000	0.00001
244	1.00000	0.00000	0.00000	0.00000	0.00000	0.00000
245	0.99540	0.00000	0.00000	0.00000	0.00460	0.00000
246	0.00000	0.99857	0.00000	0.00000	0.00000	0.00143
247	0.00000	0.99998	0.00000	0.00000	0.00000	0.00002
248	0.00000	0.99997	0.00000	0.00000	0.00000	0.00003
249	0.00000	0.99941	0.00000	0.00000	0.00000	0.00059
250	0.00000	1.00000	0.00000	0.00000	0.00000	0.00000
251	0.00000	0.99996	0.00000	0.00000	0.00000	0.00004
252	0.00000	0.99999	0.00000	0.00000	0.00000	0.00001
253	0.00000	0.99994	0.00000	0.00000	0.00000	0.00006
254	0.00000	1.00000	0.00000	0.00000	0.00000	0.00000
255	0.00000	0.99999	0.00000	0.00000	0.00000	0.00001
256	0.00000	0.99894	0.00000	0.00000	0.00000	0.00106
257	0.00000	0.99998	0.00000	0.00000	0.00000	0.00002
258	0.00000	0.99999	0.00000	0.00000	0.00000	0.00001
259	0.00000	0.99993	0.00000	0.00000	0.00000	0.00007
260	0.00000	0.14944	0.00000	0.04110	0.00000	0.80945
261	0.00000	1.00000	0.00000	0.00000	0.00000	0.00000
262	0.00000	0.99988	0.00000	0.00000	0.00000	0.00012
263	0.00000	1.00000	0.00000	0.00000	0.00000	0.00000
264	0.00000	0.99994	0.00000	0.00000	0.00000	0.00006
265	0.00000	0.38986	0.00035	0.25322	0.00017	0.35640
266	0.00000	1.00000	0.00000	0.00000	0.00000	0.00000
267	0.00000	0.99996	0.00000	0.00000	0.00000	0.00004
268	0.00000	1.00000	0.00000	0.00000	0.00000	0.00000
269	0.00000	0.99987	0.00000	0.00000	0.00000	0.00013
270	0.00000	0.99921	0.00000	0.00000	0.00000	0.00079
271	0.00000	0.99996	0.00000	0.00000	0.00000	0.00004
272	0.00000	0.99965	0.00000	0.00000	0.00000	0.00035
273	0.00000	0.99996	0.00000	0.00000	0.00000	0.00004
274	0.00000	0.99998	0.00000	0.00000	0.00000	0.00002
275	0.00000	0.99908	0.00000	0.00000	0.00000	0.00092
276	0.00000	0.99998	0.00000	0.00000	0.00000	0.00002
277	0.00000	1.00000	0.00000	0.00000	0.00000	0.00000
278	0.00000	0.99987	0.00000	0.00000	0.00000	0.00013
279	0.00000	0.99999	0.00000	0.00000	0.00000	0.00001
280	0.00000	1.00000	0.00000	0.00000	0.00000	0.00000
281	0.00000	0.99996	0.00000	0.00000	0.00000	0.00004
282	0.00000	0.99999	0.00000	0.00000	0.00000	0.00001
283	1.00000	0.00000	0.00000	0.00000	0.00000	0.00000
284	0.00000	0.97097	0.00000	0.00029	0.00000	0.02874
285	0.00000	0.99986	0.00000	0.00000	0.00000	0.00014
286	0.00000	0.99999	0.00000	0.00000	0.00000	0.00001
287	0.00000	1.00000	0.00000	0.00000	0.00000	0.00000
288	0.00000	0.99999	0.00000	0.00000	0.00000	0.00001
289	0.00000	0.65409	0.00000	0.00001	0.00000	0.34590
290	0.00000	0.99982	0.00000	0.00000	0.00000	0.00018
291	0.00000	0.99999	0.00000	0.00000	0.00000	0.00001
292	0.00000	0.99997	0.00000	0.00000	0.00000	0.00003
293	0.00000	0.99982	0.00000	0.00000	0.00000	0.00018
294	0.00000	1.00000	0.00000	0.00000	0.00000	0.00000
295	0.00000	0.99989	0.00000	0.00000	0.00000	0.00011
296	0.99999	0.00000	0.00000	0.00000	0.00001	0.00000
297	0.30585	0.06517	0.14112	0.16227	0.22277	0.10282
298	0.00000	0.99999	0.00000	0.00000	0.00000	0.00001
299	0.00000	0.98848	0.00000	0.00013	0.00000	0.01139
300	0.99999	0.00000	0.00000	0.00000	0.00001	0.00000
301	0.00000	0.99974	0.00000	0.00000	0.00000	0.00026
302	0.00000	0.99998	0.00000	0.00000	0.00000	0.00002
303	0.00000	0.99998	0.00000	0.00000	0.00000	0.00002
304	0.00000	0.99996	0.00000	0.00000	0.00000	0.00004
305	0.00000	0.99999	0.00000	0.00000	0.00000	0.00001
306	0.00000	0.99962	0.00000	0.00000	0.00000	0.00038
307	0.00000	0.99920	0.00000	0.00000	0.00000	0.00080
308	0.00000	0.99997	0.00000	0.00000	0.00000	0.00003
309	0.00000	0.99999	0.00000	0.00000	0.00000	0.00001
310	0.00000	0.99994	0.00000	0.00000	0.00000	0.00006
311	0.00000	0.99994	0.00000	0.00000	0.00000	0.00006
312	0.00000	0.98627	0.00000	0.00014	0.00000	0.01359
313	0.00000	0.99998	0.00000	0.00000	0.00000	0.00002
314	0.00000	0.99997	0.00000	0.00000	0.00000	0.00003
315	0.00000	0.99979	0.00000	0.00000	0.00000	0.00021
316	0.00000	0.85860	0.00000	0.00001	0.00000	0.14139
317	0.00000	0.99998	0.00000	0.00000	0.00000	0.00002
318	0.00000	1.00000	0.00000	0.00000	0.00000	0.00000
319	0.00000	0.99996	0.00000	0.00000	0.00000	0.00004
320	0.00000	0.84029	0.00000	0.00011	0.00000	0.15960
321	0.00000	0.99999	0.00000	0.00000	0.00000	0.00001
322	0.00000	0.99997	0.00000	0.00000	0.00000	0.00003
323	0.00000	0.99996	0.00000	0.00000	0.00000	0.00004
324	0.00000	0.99861	0.00000	0.00000	0.00000	0.00139
325	0.00000	0.99988	0.00000	0.00000	0.00000	0.00012
326	0.00000	0.93991	0.00000	0.00006	0.00000	0.06003
327	0.00000	0.99081	0.00000	0.00007	0.00000	0.00913
328	0.00000	1.00000	0.00000	0.00000	0.00000	0.00000
329	0.00000	0.99997	0.00000	0.00000	0.00000	0.00003
330	0.00000	0.99988	0.00000	0.00000	0.00000	0.00012
331	0.00000	0.79849	0.00015	0.02785	0.00002	0.17350
332	0.00000	0.99994	0.00000	0.00000	0.00000	0.00006
333	0.00000	0.99994	0.00000	0.00000	0.00000	0.00006
334	0.00000	0.99739	0.00000	0.00000	0.00000	0.00261
335	0.00000	0.99990	0.00000	0.00000	0.00000	0.00010
336	0.00000	0.99997	0.00000	0.00000	0.00000	0.00003
337	0.00086	0.23411	0.16729	0.23159	0.09516	0.27099
338	0.00000	0.99991	0.00000	0.00000	0.00000	0.00009
339	0.00000	1.00000	0.00000	0.00000	0.00000	0.00000
340	0.00000	0.99983	0.00000	0.00000	0.00000	0.00017
341	0.00000	0.00000	0.99923	0.00019	0.00000	0.00058
342	0.00000	0.99993	0.00000	0.00000	0.00000	0.00007
343	0.00000	1.00000	0.00000	0.00000	0.00000	0.00000
344	0.00000	0.00000	0.00000	0.00154	0.00000	0.99846
345	0.00000	0.97818	0.00000	0.00002	0.00000	0.02180
346	0.00000	1.00000	0.00000	0.00000	0.00000	0.00000
347	0.00000	0.98147	0.00000	0.00025	0.00000	0.01829
348	0.00000	0.00000	0.00000	0.00022	0.00000	0.99978
349	0.00000	0.99894	0.00000	0.00000	0.00000	0.00106
350	0.00000	0.99999	0.00000	0.00000	0.00000	0.00001
351	0.00000	1.00000	0.00000	0.00000	0.00000	0.00000
352	0.00000	0.95923	0.00000	0.00088	0.00000	0.03989
353	0.00000	1.00000	0.00000	0.00000	0.00000	0.00000
354	0.00000	0.99980	0.00000	0.00000	0.00000	0.00020
355	0.00000	0.67861	0.00804	0.06576	0.00143	0.24615
356	0.99999	0.00000	0.00000	0.00000	0.00001	0.00000
357	0.00000	0.99998	0.00000	0.00000	0.00000	0.00002
358	0.00000	0.99970	0.00000	0.00000	0.00000	0.00030
359	0.00189	0.22101	0.24265	0.17869	0.12405	0.23171
360	0.00000	0.99996	0.00000	0.00000	0.00000	0.00004
361	0.00000	0.99915	0.00000	0.00000	0.00000	0.00085
362	0.99996	0.00000	0.00000	0.00000	0.00004	0.00000
363	0.99992	0.00000	0.00000	0.00000	0.00008	0.00000
364	0.00000	0.99993	0.00000	0.00000	0.00000	0.00007
365	0.00000	0.99997	0.00000	0.00000	0.00000	0.00003
366	0.00000	0.99999	0.00000	0.00000	0.00000	0.00001
367	0.00000	0.99996	0.00000	0.00000	0.00000	0.00004
368	0.00000	0.99999	0.00000	0.00000	0.00000	0.00001
369	0.99998	0.00000	0.00000	0.00000	0.00002	0.00000
370	0.00000	0.99998	0.00000	0.00000	0.00000	0.00002
371	0.00000	0.99997	0.00000	0.00000	0.00000	0.00003
372	0.00000	0.99979	0.00000	0.00000	0.00000	0.00021
373	0.00000	0.99924	0.00000	0.00000	0.00000	0.00076
374	0.00000	0.98776	0.00000	0.00009	0.00000	0.01215
375	0.99978	0.00000	0.00000	0.00000	0.00022	0.00000
376	0.00000	0.99946	0.00000	0.00000	0.00000	0.00054
377	0.00039	0.39068	0.14508	0.14083	0.04961	0.27341
378	0.99954	0.00000	0.00000	0.00000	0.00046	0.00000
379	0.99909	0.00000	0.00000	0.00000	0.00091	0.00000
380	0.00000	0.99998	0.00000	0.00000	0.00000	0.00002
381	0.00000	1.00000	0.00000	0.00000	0.00000	0.00000
382	0.00000	0.99997	0.00000	0.00000	0.00000	0.00003
383	0.99819	0.00000	0.00000	0.00000	0.00181	0.00000
384	0.00000	0.99999	0.00000	0.00000	0.00000	0.00001
385	0.00000	0.99999	0.00000	0.00000	0.00000	0.00001
386	0.00000	0.99992	0.00000	0.00000	0.00000	0.00008
387	0.00000	0.99998	0.00000	0.00000	0.00000	0.00002
388	0.99961	0.00000	0.00000	0.00000	0.00039	0.00000
389	0.00000	1.00000	0.00000	0.00000	0.00000	0.00000
390	0.00000	0.99990	0.00000	0.00000	0.00000	0.00010
391	0.00000	0.99992	0.00000	0.00000	0.00000	0.00008
392	0.00000	0.97190	0.00000	0.00049	0.00000	0.02761
393	0.00000	0.93429	0.00000	0.00003	0.00000	0.06568
394	0.00000	0.84059	0.00000	0.00012	0.00000	0.15929
395	0.00000	0.99999	0.00000	0.00000	0.00000	0.00001
396	0.00000	0.99992	0.00000	0.00000	0.00000	0.00008
397	0.00000	0.99992	0.00000	0.00000	0.00000	0.00008
398	0.00000	0.99992	0.00000	0.00000	0.00000	0.00008
399	0.00000	0.81234	0.00082	0.02403	0.00008	0.16273
400	0.00000	0.99990	0.00000	0.00000	0.00000	0.00010
401	0.00000	0.99999	0.00000	0.00000	0.00000	0.00001
402	0.00015	0.38060	0.08969	0.18498	0.03582	0.30875
403	0.00000	0.99999	0.00000	0.00000	0.00000	0.00001
404	0.00000	0.99999	0.00000	0.00000	0.00000	0.00001
405	0.00000	0.99991	0.00000	0.00000	0.00000	0.00009
406	0.00000	0.99999	0.00000	0.00000	0.00000	0.00001
407	0.00000	1.00000	0.00000	0.00000	0.00000	0.00000
408	0.00000	0.99980	0.00000	0.00000	0.00000	0.00020
409	0.00000	1.00000	0.00000	0.00000	0.00000	0.00000
410	0.00000	0.99985	0.00000	0.00000	0.00000	0.00015
411	0.00000	0.99966	0.00000	0.00000	0.00000	0.00034
412	1.00000	0.00000	0.00000	0.00000	0.00000	0.00000
413	0.00000	0.99998	0.00000	0.00000	0.00000	0.00002
414	0.00000	0.99993	0.00000	0.00000	0.00000	0.00007
415	0.00000	0.99994	0.00000	0.00000	0.00000	0.00006
416	0.00000	0.99970	0.00000	0.00000	0.00000	0.00030
417	0.00000	0.99993	0.00000	0.00000	0.00000	0.00007
418	0.00000	0.99994	0.00000	0.00000	0.00000	0.00006
419	0.00000	0.99998	0.00000	0.00000	0.00000	0.00002
420	0.00000	0.99999	0.00000	0.00000	0.00000	0.00001
421	0.00000	1.00000	0.00000	0.00000	0.00000	0.00000
422	0.00000	0.99992	0.00000	0.00000	0.00000	0.00008
423	0.00000	0.97849	0.00000	0.00028	0.00000	0.02123
424	0.00000	0.94485	0.00000	0.00202	0.00000	0.05313
425	0.00000	0.96295	0.00000	0.00001	0.00000	0.03705
426	0.00000	0.99993	0.00000	0.00000	0.00000	0.00007
427	0.00000	0.99999	0.00000	0.00000	0.00000	0.00001
428	0.00000	0.99809	0.00000	0.00000	0.00000	0.00191
429	0.00000	0.99951	0.00000	0.00000	0.00000	0.00049
430	0.00000	0.99996	0.00000	0.00000	0.00000	0.00004
431	0.00000	0.99998	0.00000	0.00000	0.00000	0.00002
432	0.00000	0.99999	0.00000	0.00000	0.00000	0.00001
433	0.00000	0.99794	0.00000	0.00000	0.00000	0.00206
434	0.00000	0.99999	0.00000	0.00000	0.00000	0.00001
435	0.00000	0.99746	0.00000	0.00000	0.00000	0.00254
436	0.00000	0.99989	0.00000	0.00000	0.00000	0.00011
437	0.99999	0.00000	0.00000	0.00000	0.00001	0.00000
438	0.00000	0.99989	0.00000	0.00000	0.00000	0.00011
439	0.00000	0.99999	0.00000	0.00000	0.00000	0.00001
440	0.00000	1.00000	0.00000	0.00000	0.00000	0.00000
441	0.00000	0.98869	0.00000	0.00000	0.00000	0.01131
442	0.00000	0.99999	0.00000	0.00000	0.00000	0.00001
443	0.00000	0.99998	0.00000	0.00000	0.00000	0.00002
444	0.00000	0.99998	0.00000	0.00000	0.00000	0.00002
445	0.00000	0.99980	0.00000	0.00000	0.00000	0.00020
446	0.00000	0.99998	0.00000	0.00000	0.00000	0.00002
447	0.00000	0.99994	0.00000	0.00000	0.00000	0.00006
448	0.00000	0.96628	0.00000	0.00002	0.00000	0.03370
449	0.00000	0.99997	0.00000	0.00000	0.00000	0.00003
450	0.00000	1.00000	0.00000	0.00000	0.00000	0.00000
451	0.00000	0.99999	0.00000	0.00000	0.00000	0.00001
452	0.00000	0.99999	0.00000	0.00000	0.00000	0.00001
453	0.00000	0.90628	0.00008	0.00624	0.00000	0.08740
454	0.00000	0.99996	0.00000	0.00000	0.00000	0.00004
455	0.00000	0.99990	0.00000	0.00000	0.00000	0.00010
456	0.00000	0.99979	0.00000	0.00000	0.00000	0.00021
457	0.00000	0.99998	0.00000	0.00000	0.00000	0.00002
458	0.00000	0.99999	0.00000	0.00000	0.00000	0.00001
459	0.00000	0.99999	0.00000	0.00000	0.00000	0.00001
460	0.00000	0.99991	0.00000	0.00000	0.00000	0.00009
461	0.99999	0.00000	0.00000	0.00000	0.00001	0.00000
462	0.00000	0.99997	0.00000	0.00000	0.00000	0.00003
463	0.00000	1.00000	0.00000	0.00000	0.00000	0.00000
464	0.00000	0.89754	0.00000	0.00963	0.00000	0.09283
465	0.99995	0.00000	0.00000	0.00000	0.00005	0.00000
466	0.00000	0.99960	0.00000	0.00000	0.00000	0.00040
467	0.00000	0.99997	0.00000	0.00000	0.00000	0.00003
468	0.00000	0.98484	0.00000	0.00016	0.00000	0.01500
469	0.00000	1.00000	0.00000	0.00000	0.00000	0.00000
470	0.00000	0.99976	0.00000	0.00000	0.00000	0.00024
471	0.00000	0.99857	0.00000	0.00000	0.00000	0.00143
472	0.00000	0.99990	0.00000	0.00000	0.00000	0.00010
473	0.00000	0.99806	0.00000	0.00000	0.00000	0.00194
474	0.00000	0.99993	0.00000	0.00000	0.00000	0.00007
475	0.00000	0.70447	0.00006	0.05861	0.00001	0.23685
476	0.00000	1.00000	0.00000	0.00000	0.00000	0.00000
477	0.00000	0.99992	0.00000	0.00000	0.00000	0.00008
478	0.00000	0.99996	0.00000	0.00000	0.00000	0.00004
479	0.00000	0.99998	0.00000	0.00000	0.00000	0.00002
480	0.00000	0.99966	0.00000	0.00000	0.00000	0.00034
481	0.00000	0.99988	0.00000	0.00000	0.00000	0.00012
482	0.00000	0.99999	0.00000	0.00000	0.00000	0.00001
483	0.00000	0.99975	0.00000	0.00000	0.00000	0.00025
484	0.00000	0.99998	0.00000	0.00000	0.00000	0.00002
485	0.00000	0.99998	0.00000	0.00000	0.00000	0.00002
486	0.00000	0.99992	0.00000	0.00000	0.00000	0.00008
487	0.00000	0.99997	0.00000	0.00000	0.00000	0.00003
488	0.00000	0.99998	0.00000	0.00000	0.00000	0.00002
489	0.00000	0.99997	0.00000	0.00000	0.00000	0.00003
490	0.00000	0.99929	0.00000	0.00000	0.00000	0.00071
491	0.00000	0.99982	0.00000	0.00000	0.00000	0.00018
492	0.00000	0.99989	0.00000	0.00000	0.00000	0.00011
493	0.00000	0.99736	0.00000	0.00000	0.00000	0.00263
494	0.00000	0.99999	0.00000	0.00000	0.00000	0.00001
495	0.00000	0.98827	0.00000	0.00011	0.00000	0.01162
496	0.00000	0.99999	0.00000	0.00000	0.00000	0.00001
497	0.00000	0.99992	0.00000	0.00000	0.00000	0.00008
498	0.00000	1.00000	0.00000	0.00000	0.00000	0.00000
499	0.00000	0.99995	0.00000	0.00000	0.00000	0.00005
500	0.00000	0.99994	0.00000	0.00000	0.00000	0.00006
501	0.00000	0.88937	0.00001	0.00865	0.00000	0.10197
502	0.00000	0.99958	0.00000	0.00000	0.00000	0.00042
503	0.00001	0.66454	0.01325	0.06965	0.00272	0.24983
504	0.00000	0.99999	0.00000	0.00000	0.00000	0.00001
505	0.00000	0.99999	0.00000	0.00000	0.00000	0.00001
506	0.00000	0.99981	0.00000	0.00000	0.00000	0.00019
507	0.99801	0.00000	0.00000	0.00000	0.00199	0.00000
508	0.99996	0.00000	0.00000	0.00000	0.00004	0.00000
509	0.00000	0.96664	0.00000	0.00059	0.00000	0.03277
510	0.00000	0.99997	0.00000	0.00000	0.00000	0.00003
511	0.00000	1.00000	0.00000	0.00000	0.00000	0.00000
512	0.00000	0.99993	0.00000	0.00000	0.00000	0.00007
513	0.00000	0.99981	0.00000	0.00000	0.00000	0.00019
514	0.99760	0.00000	0.00000	0.00000	0.00240	0.00000
515	0.00000	0.99951	0.00000	0.00000	0.00000	0.00049
516	0.99996	0.00000	0.00000	0.00000	0.00004	0.00000
517	0.00000	0.99864	0.00000	0.00000	0.00000	0.00136
518	0.00000	0.99938	0.00000	0.00000	0.00000	0.00062
519	0.99999	0.00000	0.00000	0.00000	0.00001	0.00000
520	0.00000	0.99940	0.00000	0.00000	0.00000	0.00060
521	0.00000	0.99999	0.00000	0.00000	0.00000	0.00001
522	0.00000	0.99999	0.00000	0.00000	0.00000	0.00001
523	0.00000	0.99994	0.00000	0.00000	0.00000	0.00006
524	0.00000	0.99999	0.00000	0.00000	0.00000	0.00001
525	0.00000	1.00000	0.00000	0.00000	0.00000	0.00000
526	0.00000	0.99941	0.00000	0.00000	0.00000	0.00059
527	0.00000	0.99997	0.00000	0.00000	0.00000	0.00003
528	0.00000	0.99999	0.00000	0.00000	0.00000	0.00001
529	0.00000	0.93813	0.00000	0.00276	0.00000	0.05912
530	0.00002	0.01286	0.00458	0.85310	0.02561	0.10382
531	0.00000	0.83583	0.00000	0.00012	0.00000	0.16405
532	0.00000	0.99977	0.00000	0.00000	0.00000	0.00023
533	0.00000	0.99998	0.00000	0.00000	0.00000	0.00002
534	1.00000	0.00000	0.00000	0.00000	0.00000	0.00000
535	0.00000	0.99891	0.00000	0.00000	0.00000	0.00109
536	0.00000	0.99992	0.00000	0.00000	0.00000	0.00008
537	0.00000	0.99672	0.00000	0.00000	0.00000	0.00328
538	0.99964	0.00000	0.00000	0.00000	0.00036	0.00000
539	0.00000	0.95912	0.00000	0.00125	0.00000	0.03963
540	0.00000	0.99986	0.00000	0.00000	0.00000	0.00014
541	0.03191	0.00000	0.00002	0.78947	0.17854	0.00006
542	0.99997	0.00000	0.00000	0.00000	0.00003	0.00000
543	0.99999	0.00000	0.00000	0.00000	0.00001	0.00000
544	0.00000	0.99946	0.00000	0.00000	0.00000	0.00054
545	0.00000	0.99986	0.00000	0.00000	0.00000	0.00014
546	0.00000	1.00000	0.00000	0.00000	0.00000	0.00000
547	0.00000	0.99995	0.00000	0.00000	0.00000	0.00005
548	0.00000	0.99997	0.00000	0.00000	0.00000	0.00003
549	0.94617	0.00000	0.00000	0.00255	0.05128	0.00000
550	0.00000	0.99985	0.00000	0.00000	0.00000	0.00015
551	0.00000	0.99994	0.00000	0.00000	0.00000	0.00006
552	0.99988	0.00000	0.00000	0.00000	0.00012	0.00000
553	0.00000	0.99998	0.00000	0.00000	0.00000	0.00002
554	0.00000	0.99773	0.00000	0.00000	0.00000	0.00227
555	0.00000	0.99999	0.00000	0.00000	0.00000	0.00001
556	0.00000	0.99995	0.00000	0.00000	0.00000	0.00005
557	0.00000	0.00000	0.99715	0.00039	0.00000	0.00245
558	0.00000	0.99998	0.00000	0.00000	0.00000	0.00002
559	0.00000	0.99997	0.00000	0.00000	0.00000	0.00003
560	0.99996	0.00000	0.00000	0.00000	0.00004	0.00000
561	1.00000	0.00000	0.00000	0.00000	0.00000	0.00000
562	1.00000	0.00000	0.00000	0.00000	0.00000	0.00000
563	1.00000	0.00000	0.00000	0.00000	0.00000	0.00000
564	0.00000	0.99996	0.00000	0.00000	0.00000	0.00004
565	0.00000	1.00000	0.00000	0.00000	0.00000	0.00000
566	1.00000	0.00000	0.00000	0.00000	0.00000	0.00000
567	0.00000	0.99998	0.00000	0.00000	0.00000	0.00002
568	0.30273	0.06634	0.14162	0.16312	0.22219	0.10400
569	0.99989	0.00000	0.00000	0.00000	0.00011	0.00000
570	0.00000	0.96181	0.00000	0.00000	0.00000	0.03819
571	0.00000	0.99986	0.00000	0.00000	0.00000	0.00014
572	0.00000	0.99980	0.00000	0.00000	0.00000	0.00020
573	0.00000	0.99982	0.00000	0.00000	0.00000	0.00018
574	0.00000	0.99997	0.00000	0.00000	0.00000	0.00003
575	0.00000	0.99924	0.00000	0.00000	0.00000	0.00076
576	0.00000	0.00000	0.00000	0.00043	0.99957	0.00000
577	0.00000	0.98926	0.00000	0.00000	0.00000	0.01074
578	1.00000	0.00000	0.00000	0.00000	0.00000	0.00000
579	0.00000	0.99994	0.00000	0.00000	0.00000	0.00006
580	0.00000	0.99996	0.00000	0.00000	0.00000	0.00004
581	0.00000	0.81687	0.00000	0.02684	0.00000	0.15629
582	0.00000	0.99964	0.00000	0.00000	0.00000	0.00036
583	0.00000	0.99880	0.00000	0.00000	0.00000	0.00120
584	0.00000	0.88367	0.00000	0.01062	0.00000	0.10571
585	0.00000	0.99005	0.00000	0.00002	0.00000	0.00993
586	0.00000	0.99998	0.00000	0.00000	0.00000	0.00002
587	0.00000	1.00000	0.00000	0.00000	0.00000	0.00000
588	0.00000	1.00000	0.00000	0.00000	0.00000	0.00000
589	0.00000	0.99999	0.00000	0.00000	0.00000	0.00001
590	0.00000	0.99999	0.00000	0.00000	0.00000	0.00001
591	0.00000	0.99999	0.00000	0.00000	0.00000	0.00001
592	0.00000	0.97156	0.00000	0.00059	0.00000	0.02785
593	0.00000	0.97816	0.00000	0.00035	0.00000	0.02149
594	0.00000	1.00000	0.00000	0.00000	0.00000	0.00000
595	0.00000	1.00000	0.00000	0.00000	0.00000	0.00000
596	0.00000	1.00000	0.00000	0.00000	0.00000	0.00000
597	0.00000	0.03590	0.00000	0.78394	0.00000	0.18016
598	0.00000	0.99955	0.00000	0.00000	0.00000	0.00045
599	0.00000	0.99406	0.00000	0.00002	0.00000	0.00592
600	0.00000	0.96164	0.00000	0.00107	0.00000	0.03729
601	0.00000	1.00000	0.00000	0.00000	0.00000	0.00000
602	0.00000	0.91740	0.00000	0.00060	0.00000	0.08199
603	0.99993	0.00000	0.00000	0.00000	0.00007	0.00000
604	0.76711	0.00000	0.00000	0.03210	0.20078	0.00000
605	0.00000	0.99995	0.00000	0.00000	0.00000	0.00005
606	0.00000	0.94489	0.00000	0.00134	0.00000	0.05378
607	0.00000	0.99979	0.00000	0.00000	0.00000	0.00021
608	0.00000	0.99997	0.00000	0.00000	0.00000	0.00003
609	0.00000	0.99999	0.00000	0.00000	0.00000	0.00001
610	0.00000	0.99971	0.00000	0.00000	0.00000	0.00029
611	0.99972	0.00000	0.00000	0.00000	0.00028	0.00000
612	0.00000	0.99907	0.00000	0.00000	0.00000	0.00093
613	0.00000	0.99993	0.00000	0.00000	0.00000	0.00007
614	0.00000	0.99999	0.00000	0.00000	0.00000	0.00001
615	0.00000	0.62335	0.00001	0.09807	0.00000	0.27858
616	0.00000	1.00000	0.00000	0.00000	0.00000	0.00000
617	0.00000	0.99994	0.00000	0.00000	0.00000	0.00006
618	0.00000	0.99829	0.00000	0.00000	0.00000	0.00171
619	0.00000	1.00000	0.00000	0.00000	0.00000	0.00000
620	0.00000	0.98833	0.00000	0.00006	0.00000	0.01161
621	0.00000	0.99996	0.00000	0.00000	0.00000	0.00004
622	0.00000	1.00000	0.00000	0.00000	0.00000	0.00000
623	0.00000	0.99691	0.00000	0.00001	0.00000	0.00308
624	0.00000	0.99996	0.00000	0.00000	0.00000	0.00004
625	0.00000	0.99483	0.00000	0.00000	0.00000	0.00517
626	0.00000	0.99974	0.00000	0.00000	0.00000	0.00026
627	0.00000	0.65414	0.00079	0.06081	0.00009	0.28417
628	0.00000	0.99999	0.00000	0.00000	0.00000	0.00001
629	0.00000	1.00000	0.00000	0.00000	0.00000	0.00000
630	0.00000	0.99996	0.00000	0.00000	0.00000	0.00004
631	0.00000	0.99999	0.00000	0.00000	0.00000	0.00001
632	0.00000	0.99999	0.00000	0.00000	0.00000	0.00001
633	0.99982	0.00000	0.00000	0.00000	0.00018	0.00000
634	0.00000	0.99882	0.00000	0.00000	0.00000	0.00118
635	0.00000	0.99939	0.00000	0.00000	0.00000	0.00061
636	0.00000	1.00000	0.00000	0.00000	0.00000	0.00000
637	0.00000	0.88051	0.00000	0.00671	0.00000	0.11277
638	0.00000	0.99347	0.00000	0.00002	0.00000	0.00652
639	0.00000	0.99856	0.00000	0.00000	0.00000	0.00144
640	0.00000	0.99998	0.00000	0.00000	0.00000	0.00002
641	0.00000	0.99999	0.00000	0.00000	0.00000	0.00001
642	0.00000	1.00000	0.00000	0.00000	0.00000	0.00000
643	0.00000	0.99869	0.00000	0.00000	0.00000	0.00131
644	0.00000	0.99998	0.00000	0.00000	0.00000	0.00002
645	0.00000	0.00000	0.00000	0.00128	0.00000	0.99872
646	0.00000	0.99992	0.00000	0.00000	0.00000	0.00008
647	0.00000	0.96895	0.00000	0.00001	0.00000	0.03105
648	0.00000	0.99998	0.00000	0.00000	0.00000	0.00002
649	0.00000	0.99920	0.00000	0.00000	0.00000	0.00080
650	0.00000	0.99944	0.00000	0.00000	0.00000	0.00056
651	1.00000	0.00000	0.00000	0.00000	0.00000	0.00000
652	0.00000	0.99991	0.00000	0.00000	0.00000	0.00009
653	0.00000	0.99997	0.00000	0.00000	0.00000	0.00003
654	0.99552	0.00000	0.00000	0.00003	0.00445	0.00000
655	0.00000	0.99997	0.00000	0.00000	0.00000	0.00003
656	0.00000	1.00000	0.00000	0.00000	0.00000	0.00000
657	0.00000	0.98253	0.00000	0.00000	0.00000	0.01746
658	0.00000	1.00000	0.00000	0.00000	0.00000	0.00000
659	0.00000	0.99999	0.00000	0.00000	0.00000	0.00001
660	0.98809	0.00000	0.00000	0.00014	0.01178	0.00000
661	0.00000	0.99655	0.00000	0.00001	0.00000	0.00344
662	0.00000	0.99998	0.00000	0.00000	0.00000	0.00002
663	0.00000	0.99999	0.00000	0.00000	0.00000	0.00001
664	0.00000	0.92051	0.00000	0.00450	0.00000	0.07499
665	0.99929	0.00000	0.00000	0.00000	0.00071	0.00000
666	0.00000	0.99983	0.00000	0.00000	0.00000	0.00017
667	0.99999	0.00000	0.00000	0.00000	0.00001	0.00000
668	0.99972	0.00000	0.00000	0.00000	0.00028	0.00000
669	0.99130	0.00000	0.00000	0.00000	0.00870	0.00000
670	0.99997	0.00000	0.00000	0.00000	0.00003	0.00000
671	0.99985	0.00000	0.00000	0.00000	0.00015	0.00000
672	0.00000	0.99999	0.00000	0.00000	0.00000	0.00001
673	0.00000	0.99987	0.00000	0.00000	0.00000	0.00013
674	0.00000	0.99998	0.00000	0.00000	0.00000	0.00002
675	0.00000	0.80287	0.00000	0.03423	0.00000	0.16290
676	0.00000	0.98498	0.00000	0.00017	0.00000	0.01485
677	0.00000	0.99984	0.00000	0.00000	0.00000	0.00016
678	0.00000	1.00000	0.00000	0.00000	0.00000	0.00000
679	0.99999	0.00000	0.00000	0.00000	0.00001	0.00000
680	0.00000	0.99999	0.00000	0.00000	0.00000	0.00001
681	0.00000	0.98625	0.00000	0.00000	0.00000	0.01375
682	0.00000	0.99994	0.00000	0.00000	0.00000	0.00006
683	0.00000	0.99980	0.00000	0.00000	0.00000	0.00020
684	0.00000	1.00000	0.00000	0.00000	0.00000	0.00000
685	0.00000	0.99900	0.00000	0.00000	0.00000	0.00100
686	0.00000	0.99995	0.00000	0.00000	0.00000	0.00005
687	0.00000	0.99975	0.00000	0.00000	0.00000	0.00025
688	0.00000	0.99988	0.00000	0.00000	0.00000	0.00012
689	0.00000	0.99993	0.00000	0.00000	0.00000	0.00007
690	0.00000	0.99988	0.00000	0.00000	0.00000	0.00012
691	0.00000	0.99997	0.00000	0.00000	0.00000	0.00003
692	0.00000	0.99999	0.00000	0.00000	0.00000	0.00001
693	0.00000	1.00000	0.00000	0.00000	0.00000	0.00000
694	0.00000	0.99996	0.00000	0.00000	0.00000	0.00004
695	0.00018	0.42251	0.10298	0.14816	0.03490	0.29127
696	0.00000	0.99904	0.00000	0.00000	0.00000	0.00096
697	0.00000	0.99998	0.00000	0.00000	0.00000	0.00002
698	0.00000	0.99542	0.00000	0.00001	0.00000	0.00457
699	0.00000	0.97174	0.00000	0.00043	0.00000	0.02783
700	0.00000	0.99999	0.00000	0.00000	0.00000	0.00001
701	0.00000	0.99772	0.00000	0.00000	0.00000	0.00228
702	1.00000	0.00000	0.00000	0.00000	0.00000	0.00000
703	1.00000	0.00000	0.00000	0.00000	0.00000	0.00000
704	1.00000	0.00000	0.00000	0.00000	0.00000	0.00000
705	0.93625	0.00000	0.00000	0.00351	0.06024	0.00000
706	0.00000	0.97377	0.00000	0.00016	0.00000	0.02607
707	0.00000	0.99939	0.00000	0.00000	0.00000	0.00061
708	0.99937	0.00000	0.00000	0.00000	0.00063	0.00000
709	0.00000	0.99990	0.00000	0.00000	0.00000	0.00010
710	0.00000	0.99511	0.00000	0.00000	0.00000	0.00489
711	0.00000	0.99991	0.00000	0.00000	0.00000	0.00009
712	0.00000	0.99897	0.00000	0.00000	0.00000	0.00103
713	0.00000	0.99937	0.00000	0.00000	0.00000	0.00063
714	0.00000	0.99998	0.00000	0.00000	0.00000	0.00002
715	0.89070	0.00000	0.00000	0.00013	0.10917	0.00000
716	0.00020	0.43851	0.11011	0.13401	0.03475	0.28242
717	0.00000	0.99986	0.00000	0.00000	0.00000	0.00014
718	0.00000	0.99997	0.00000	0.00000	0.00000	0.00003
719	0.99999	0.00000	0.00000	0.00000	0.00001	0.00000
720	0.00000	0.99967	0.00000	0.00000	0.00000	0.00033
721	0.00000	0.99989	0.00000	0.00000	0.00000	0.00011
722	0.00000	0.99996	0.00000	0.00000	0.00000	0.00004
723	0.00000	0.99997	0.00000	0.00000	0.00000	0.00003
724	0.00000	0.99992	0.00000	0.00000	0.00000	0.00008
725	0.00000	0.04759	0.00014	0.50056	0.00010	0.45162
726	0.00000	0.03021	0.00000	0.79900	0.00000	0.17078
727	0.00000	1.00000	0.00000	0.00000	0.00000	0.00000
728	0.00000	0.99993	0.00000	0.00000	0.00000	0.00007
729	0.00206	0.09702	0.16412	0.34531	0.17864	0.21285
730	0.00000	0.99434	0.00000	0.00000	0.00000	0.00566
731	0.00000	0.99998	0.00000	0.00000	0.00000	0.00002
732	0.00000	0.99987	0.00000	0.00000	0.00000	0.00013
733	0.99906	0.00000	0.00000	0.00000	0.00094	0.00000
734	0.00000	0.99051	0.00000	0.00001	0.00000	0.00948
735	0.00000	0.99993	0.00000	0.00000	0.00000	0.00007
736	0.00000	0.99986	0.00000	0.00000	0.00000	0.00014
737	0.00000	0.70196	0.00002	0.06251	0.00000	0.23551
738	0.00000	0.99994	0.00000	0.00000	0.00000	0.00006
739	1.00000	0.00000	0.00000	0.00000	0.00000	0.00000
740	0.00000	0.97458	0.00000	0.00047	0.00000	0.02494
741	0.00000	0.99991	0.00000	0.00000	0.00000	0.00009
742	0.99993	0.00000	0.00000	0.00000	0.00007	0.00000
743	0.00000	1.00000	0.00000	0.00000	0.00000	0.00000
744	0.00000	0.99993	0.00000	0.00000	0.00000	0.00007
745	0.00000	0.99969	0.00000	0.00000	0.00000	0.00031
746	1.00000	0.00000	0.00000	0.00000	0.00000	0.00000
747	0.00000	0.99978	0.00000	0.00000	0.00000	0.00022
748	0.00000	0.99999	0.00000	0.00000	0.00000	0.00001
749	0.00000	0.99992	0.00000	0.00000	0.00000	0.00008
750	0.00000	0.99982	0.00000	0.00000	0.00000	0.00018
751	0.00033	0.41230	0.13694	0.13309	0.04432	0.27304
752	0.00000	0.99984	0.00000	0.00000	0.00000	0.00016
753	0.00000	1.00000	0.00000	0.00000	0.00000	0.00000
754	0.00000	0.99995	0.00000	0.00000	0.00000	0.00005
755	0.00000	0.99998	0.00000	0.00000	0.00000	0.00002
756	0.00000	0.98910	0.00000	0.00008	0.00000	0.01082
757	0.00000	1.00000	0.00000	0.00000	0.00000	0.00000
758	0.00000	0.94350	0.00000	0.00208	0.00000	0.05442
759	0.00000	0.98488	0.00000	0.00016	0.00000	0.01496
760	0.99916	0.00000	0.00000	0.00000	0.00084	0.00000
761	0.99998	0.00000	0.00000	0.00000	0.00002	0.00000
762	0.00000	0.18012	0.00000	0.11664	0.00000	0.70324
763	0.00000	0.99168	0.00000	0.00000	0.00000	0.00832
764	0.00000	0.99999	0.00000	0.00000	0.00000	0.00001
765	0.00000	0.99999	0.00000	0.00000	0.00000	0.00001
766	0.00000	0.99998	0.00000	0.00000	0.00000	0.00002
767	0.00000	0.99989	0.00000	0.00000	0.00000	0.00011
768	0.00000	0.99997	0.00000	0.00000	0.00000	0.00003
769	0.00000	0.99652	0.00000	0.00000	0.00000	0.00348
770	0.00000	0.99936	0.00000	0.00000	0.00000	0.00064
771	0.00000	1.00000	0.00000	0.00000	0.00000	0.00000
772	0.00000	0.99997	0.00000	0.00000	0.00000	0.00003
773	0.00000	0.99720	0.00000	0.00000	0.00000	0.00280
774	0.00000	0.99768	0.00000	0.00000	0.00000	0.00231
775	0.00000	0.99893	0.00000	0.00000	0.00000	0.00107
776	0.00000	0.99782	0.00000	0.00000	0.00000	0.00217
777	0.00000	0.99988	0.00000	0.00000	0.00000	0.00012
