UponCompletionOf_752101_sweeps
LocNumber LocName AlleleNumber AlleleName FreqInPop0 FreqInPop1 SDInPop0 SDinPop1
0	LdDocent_Contig_64819_431	0	1	0.997927	0.969534	0.002919	0.005254
0	LdDocent_Contig_64819_431	1	2	0.002073	0.030466	0.002919	0.005254
1	LdDocent_Contig_91778_381	0	1	0.769379	0.998041	0.026336	0.001546
1	LdDocent_Contig_91778_381	1	2	0.230621	0.001959	0.026336	0.001546
2	LdDocent_Contig_202_400	0	1	0.997895	0.983951	0.002960	0.003912
2	LdDocent_Contig_202_400	1	2	0.002105	0.016049	0.002960	0.003912
3	LdDocent_Contig_7170_403	0	1	0.971178	0.913552	0.014864	0.008408
3	LdDocent_Contig_7170_403	1	2	0.028822	0.086448	0.014864	0.008408
4	LdDocent_Contig_13066_328	0	1	0.918495	0.960448	0.019283	0.005740
4	LdDocent_Contig_13066_328	1	2	0.081505	0.039552	0.019283	0.005740
5	LdDocent_Contig_88057_115	0	1	0.998027	0.993293	0.002782	0.002441
5	LdDocent_Contig_88057_115	1	2	0.001973	0.006707	0.002782	0.002441
6	LdDocent_Contig_12377_140	0	1	0.997913	0.816090	0.002940	0.011848
6	LdDocent_Contig_12377_140	1	2	0.002087	0.183910	0.002940	0.011848
7	LdDocent_Contig_6137_407	0	1	0.936530	0.988123	0.032657	0.003211
7	LdDocent_Contig_6137_407	1	2	0.063470	0.011877	0.032657	0.003211
8	LdDocent_Contig_2089_140	0	1	0.997210	0.989332	0.003904	0.003015
8	LdDocent_Contig_2089_140	1	2	0.002790	0.010668	0.003904	0.003015
9	LdDocent_Contig_10222_35	0	1	0.997884	0.980915	0.002989	0.004391
9	LdDocent_Contig_10222_35	1	2	0.002116	0.019085	0.002989	0.004391
10	LdDocent_Contig_221_86	0	1	0.997794	0.973559	0.003079	0.004731
10	LdDocent_Contig_221_86	1	2	0.002206	0.026441	0.003079	0.004731
11	LdDocent_Contig_14227_467	0	1	0.966972	0.998702	0.011123	0.001058
11	LdDocent_Contig_14227_467	1	2	0.033028	0.001298	0.011123	0.001058
12	LdDocent_Contig_29824_41	0	1	0.997759	0.955717	0.003155	0.006150
12	LdDocent_Contig_29824_41	1	2	0.002241	0.044283	0.003155	0.006150
13	LdDocent_Contig_5816_487	0	1	0.997761	0.947538	0.003145	0.006793
13	LdDocent_Contig_5816_487	1	2	0.002239	0.052462	0.003145	0.006793
14	LdDocent_Contig_15645_331	0	1	0.998026	0.985709	0.002788	0.003604
14	LdDocent_Contig_15645_331	1	2	0.001974	0.014291	0.002788	0.003604
15	LdDocent_Contig_63079_138	0	1	0.980971	0.985396	0.008869	0.003679
15	LdDocent_Contig_63079_138	1	2	0.019029	0.014604	0.008869	0.003679
16	LdDocent_Contig_30293_315	0	1	0.993670	0.993943	0.005146	0.002367
16	LdDocent_Contig_30293_315	1	2	0.006330	0.006057	0.005146	0.002367
17	LdDocent_Contig_2090_55	0	1	0.998010	0.932055	0.002803	0.007601
17	LdDocent_Contig_2090_55	1	2	0.001990	0.067945	0.002803	0.007601
18	LdDocent_Contig_2465_75	0	1	0.997956	0.985145	0.002882	0.003629
18	LdDocent_Contig_2465_75	1	2	0.002044	0.014855	0.002882	0.003629
19	LdDocent_Contig_17847_465	0	2	0.969834	0.842197	0.011583	0.011409
19	LdDocent_Contig_17847_465	1	1	0.030166	0.157803	0.011583	0.011409
20	LdDocent_Contig_377_384	0	1	0.994034	0.994047	0.004845	0.002327
20	LdDocent_Contig_377_384	1	2	0.005966	0.005953	0.004845	0.002327
21	LdDocent_Contig_32388_350	0	1	0.997670	0.977858	0.003287	0.004518
21	LdDocent_Contig_32388_350	1	2	0.002330	0.022142	0.003287	0.004518
22	LdDocent_Contig_96131_349	0	1	0.983472	0.986294	0.008647	0.003637
22	LdDocent_Contig_96131_349	1	2	0.016528	0.013706	0.008647	0.003637
23	LdDocent_Contig_85865_430	0	1	0.997916	0.986487	0.002938	0.003407
23	LdDocent_Contig_85865_430	1	2	0.002084	0.013513	0.002938	0.003407
24	LdDocent_Contig_84958_16	0	1	0.997647	0.987478	0.003311	0.003515
24	LdDocent_Contig_84958_16	1	2	0.002353	0.012522	0.003311	0.003515
25	LdDocent_Contig_86538_360	0	1	0.966824	0.976936	0.011886	0.004609
25	LdDocent_Contig_86538_360	1	2	0.033176	0.023064	0.011886	0.004609
26	LdDocent_Contig_60532_46	0	1	0.997781	0.990866	0.003133	0.002950
26	LdDocent_Contig_60532_46	1	2	0.002219	0.009134	0.003133	0.002950
27	LdDocent_Contig_6048_73	0	1	0.997955	0.993034	0.002886	0.002530
27	LdDocent_Contig_6048_73	1	2	0.002045	0.006966	0.002886	0.002530
28	LdDocent_Contig_58683_111	0	1	0.921438	0.993715	0.016986	0.002411
28	LdDocent_Contig_58683_111	1	2	0.078562	0.006285	0.016986	0.002411
29	LdDocent_Contig_62356_87	0	1	0.997105	0.989515	0.003859	0.003114
29	LdDocent_Contig_62356_87	1	2	0.002895	0.010485	0.003859	0.003114
30	LdDocent_Contig_7411_142	0	1	0.017664	0.997553	0.009391	0.001526
30	LdDocent_Contig_7411_142	1	2	0.982336	0.002447	0.009391	0.001526
31	LdDocent_Contig_50651_338	0	1	0.997875	0.986592	0.003001	0.003501
31	LdDocent_Contig_50651_338	1	2	0.002125	0.013408	0.003001	0.003501
32	LdDocent_Contig_29172_435	0	1	0.996988	0.938240	0.004232	0.007514
32	LdDocent_Contig_29172_435	1	2	0.003012	0.061760	0.004232	0.007514
33	LdDocent_Contig_16527_454	0	1	0.977344	0.920830	0.009533	0.008404
33	LdDocent_Contig_16527_454	1	2	0.022656	0.079170	0.009533	0.008404
34	LdDocent_Contig_6886_108	0	1	0.997720	0.987395	0.003206	0.003542
34	LdDocent_Contig_6886_108	1	2	0.002280	0.012605	0.003206	0.003542
35	LdDocent_Contig_14686_355	0	1	0.997571	0.979236	0.003420	0.004333
35	LdDocent_Contig_14686_355	1	2	0.002429	0.020764	0.003420	0.004333
36	LdDocent_Contig_72512_412	0	1	0.606205	0.927617	0.031665	0.007871
36	LdDocent_Contig_72512_412	1	2	0.393795	0.072383	0.031665	0.007871
37	LdDocent_Contig_2749_435	0	1	0.997398	0.992826	0.003590	0.002645
37	LdDocent_Contig_2749_435	1	2	0.002602	0.007174	0.003590	0.002645
38	LdDocent_Contig_1270_88	0	1	0.997886	0.983070	0.002977	0.004011
38	LdDocent_Contig_1270_88	1	2	0.002114	0.016930	0.002977	0.004011
39	LdDocent_Contig_748_8	0	1	0.997861	0.985259	0.003018	0.003717
39	LdDocent_Contig_748_8	1	2	0.002139	0.014741	0.003018	0.003717
40	LdDocent_Contig_25083_415	0	1	0.041432	0.995164	0.012994	0.002103
40	LdDocent_Contig_25083_415	1	2	0.958568	0.004836	0.012994	0.002103
41	LdDocent_Contig_29262_433	0	1	0.997920	0.848798	0.002931	0.010909
41	LdDocent_Contig_29262_433	1	2	0.002080	0.151202	0.002931	0.010909
42	LdDocent_Contig_1069_388	0	1	0.998101	0.901752	0.002675	0.008643
42	LdDocent_Contig_1069_388	1	2	0.001899	0.098248	0.002675	0.008643
43	LdDocent_Contig_36449_103	0	1	0.997803	0.991704	0.003054	0.002702
43	LdDocent_Contig_36449_103	1	2	0.002197	0.008296	0.003054	0.002702
44	LdDocent_Contig_30308_377	0	1	0.997877	0.989260	0.002991	0.003296
44	LdDocent_Contig_30308_377	1	2	0.002123	0.010740	0.002991	0.003296
45	LdDocent_Contig_1061_366	0	1	0.832642	0.999503	0.024556	0.000702
45	LdDocent_Contig_1061_366	1	2	0.167358	0.000497	0.024556	0.000702
46	LdDocent_Contig_20036_452	0	1	0.989863	0.994909	0.006366	0.002164
46	LdDocent_Contig_20036_452	1	2	0.010137	0.005091	0.006366	0.002164
47	LdDocent_Contig_7481_421	0	1	0.997806	0.991865	0.003097	0.002778
47	LdDocent_Contig_7481_421	1	2	0.002194	0.008135	0.003097	0.002778
48	LdDocent_Contig_82_62	0	1	0.997908	0.984213	0.002948	0.003741
48	LdDocent_Contig_82_62	1	2	0.002092	0.015787	0.002948	0.003741
49	LdDocent_Contig_15469_57	0	1	0.997986	0.955232	0.002833	0.006047
49	LdDocent_Contig_15469_57	1	2	0.002014	0.044768	0.002833	0.006047
50	LdDocent_Contig_192_122	0	1	0.997888	0.787879	0.002979	0.012672
50	LdDocent_Contig_192_122	1	2	0.002112	0.212121	0.002979	0.012672
51	LdDocent_Contig_83520_23	0	1	0.998019	0.989462	0.002794	0.003089
51	LdDocent_Contig_83520_23	1	2	0.001981	0.010538	0.002794	0.003089
52	LdDocent_Contig_95601_465	0	1	0.587323	0.998433	0.031323	0.001277
52	LdDocent_Contig_95601_465	1	2	0.412677	0.001567	0.031323	0.001277
53	LdDocent_Contig_18493_369	0	1	0.810410	0.992499	0.046285	0.002558
53	LdDocent_Contig_18493_369	1	2	0.189590	0.007501	0.046285	0.002558
54	LdDocent_Contig_5285_474	0	1	0.051538	0.973358	0.016608	0.004937
54	LdDocent_Contig_5285_474	1	2	0.948462	0.026642	0.016608	0.004937
55	LdDocent_Contig_5360_85	0	1	0.997704	0.979344	0.003177	0.004229
55	LdDocent_Contig_5360_85	1	2	0.002296	0.020656	0.003177	0.004229
56	LdDocent_Contig_164_128	0	2	0.554788	0.483874	0.076689	0.014766
56	LdDocent_Contig_164_128	1	1	0.445212	0.516126	0.076689	0.014766
57	LdDocent_Contig_58774_132	0	1	0.997823	0.973182	0.003071	0.005045
57	LdDocent_Contig_58774_132	1	2	0.002177	0.026818	0.003071	0.005045
58	LdDocent_Contig_36540_10	0	1	0.997581	0.990473	0.003409	0.003072
58	LdDocent_Contig_36540_10	1	2	0.002419	0.009527	0.003409	0.003072
59	LdDocent_Contig_2619_424	0	1	0.879081	0.771595	0.037292	0.012420
59	LdDocent_Contig_2619_424	1	2	0.120919	0.228405	0.037292	0.012420
60	LdDocent_Contig_59780_91	0	1	0.997410	0.970616	0.003642	0.005333
60	LdDocent_Contig_59780_91	1	2	0.002590	0.029384	0.003642	0.005333
61	LdDocent_Contig_5780_110	0	1	0.888432	0.998637	0.019372	0.001111
61	LdDocent_Contig_5780_110	1	2	0.111568	0.001363	0.019372	0.001111
62	LdDocent_Contig_91609_11	0	1	0.992493	0.964700	0.006020	0.005930
62	LdDocent_Contig_91609_11	1	2	0.007507	0.035300	0.006020	0.005930
63	LdDocent_Contig_37115_435	0	1	0.989498	0.990545	0.006595	0.003054
63	LdDocent_Contig_37115_435	1	2	0.010502	0.009455	0.006595	0.003054
64	LdDocent_Contig_3865_405	0	1	0.997812	0.988173	0.003090	0.003326
64	LdDocent_Contig_3865_405	1	2	0.002188	0.011827	0.003090	0.003326
65	LdDocent_Contig_95200_92	0	1	0.997845	0.988155	0.003034	0.003331
65	LdDocent_Contig_95200_92	1	2	0.002155	0.011845	0.003034	0.003331
66	LdDocent_Contig_1529_393	0	1	0.965885	0.999558	0.011479	0.000626
66	LdDocent_Contig_1529_393	1	2	0.034115	0.000442	0.011479	0.000626
67	LdDocent_Contig_1407_483	0	1	0.998092	0.962543	0.002688	0.005441
67	LdDocent_Contig_1407_483	1	2	0.001908	0.037457	0.002688	0.005441
68	LdDocent_Contig_52721_451	0	1	0.963731	0.997932	0.011530	0.001332
68	LdDocent_Contig_52721_451	1	2	0.036269	0.002068	0.011530	0.001332
69	LdDocent_Contig_93050_380	0	1	0.997520	0.889691	0.003472	0.009486
69	LdDocent_Contig_93050_380	1	2	0.002480	0.110309	0.003472	0.009486
70	LdDocent_Contig_13428_103	0	1	0.976790	0.993494	0.009763	0.002541
70	LdDocent_Contig_13428_103	1	2	0.023210	0.006506	0.009763	0.002541
71	LdDocent_Contig_9155_368	0	1	0.993506	0.981025	0.005151	0.003997
71	LdDocent_Contig_9155_368	1	2	0.006494	0.018975	0.005151	0.003997
72	LdDocent_Contig_34845_506	0	1	0.975601	0.995068	0.015192	0.002097
72	LdDocent_Contig_34845_506	1	2	0.024399	0.004932	0.015192	0.002097
73	LdDocent_Contig_1577_413	0	1	0.994219	0.953333	0.004698	0.006230
73	LdDocent_Contig_1577_413	1	2	0.005781	0.046667	0.004698	0.006230
74	LdDocent_Contig_15299_317	0	1	0.993974	0.991404	0.004894	0.002774
74	LdDocent_Contig_15299_317	1	2	0.006026	0.008596	0.004894	0.002774
75	LdDocent_Contig_2935_20	0	1	0.997904	0.609008	0.002960	0.014801
75	LdDocent_Contig_2935_20	1	2	0.002096	0.390992	0.002960	0.014801
76	LdDocent_Contig_29041_10	0	1	0.879438	0.932149	0.021537	0.007596
76	LdDocent_Contig_29041_10	1	2	0.120562	0.067851	0.021537	0.007596
77	LdDocent_Contig_34626_57	0	1	0.988777	0.992766	0.007299	0.002720
77	LdDocent_Contig_34626_57	1	2	0.011223	0.007234	0.007299	0.002720
78	LdDocent_Contig_56926_348	0	1	0.998055	0.987442	0.002732	0.003395
78	LdDocent_Contig_56926_348	1	2	0.001945	0.012558	0.002732	0.003395
79	LdDocent_Contig_2240_414	0	1	0.997898	0.993250	0.002958	0.002457
79	LdDocent_Contig_2240_414	1	2	0.002102	0.006750	0.002958	0.002457
80	LdDocent_Contig_95782_119	0	1	0.997629	0.960562	0.003328	0.006226
80	LdDocent_Contig_95782_119	1	2	0.002371	0.039438	0.003328	0.006226
81	LdDocent_Contig_82072_81	0	1	0.997582	0.983038	0.003410	0.004141
81	LdDocent_Contig_82072_81	1	2	0.002418	0.016962	0.003410	0.004141
82	LdDocent_Contig_14643_33	0	1	0.981764	0.995692	0.008499	0.002026
82	LdDocent_Contig_14643_33	1	2	0.018236	0.004308	0.008499	0.002026
83	LdDocent_Contig_2394_385	0	1	0.997775	0.986167	0.003135	0.003602
83	LdDocent_Contig_2394_385	1	2	0.002225	0.013833	0.003135	0.003602
84	LdDocent_Contig_7119_434	0	1	0.997970	0.991601	0.002867	0.002704
84	LdDocent_Contig_7119_434	1	2	0.002030	0.008399	0.002867	0.002704
85	LdDocent_Contig_23010_476	0	1	0.997905	0.979566	0.002962	0.004264
85	LdDocent_Contig_23010_476	1	2	0.002095	0.020434	0.002962	0.004264
86	LdDocent_Contig_381_140	0	1	0.622236	0.977096	0.030858	0.004481
86	LdDocent_Contig_381_140	1	2	0.377764	0.022904	0.030858	0.004481
87	LdDocent_Contig_80681_384	0	1	0.627878	0.997758	0.033959	0.001417
87	LdDocent_Contig_80681_384	1	2	0.372122	0.002242	0.033959	0.001417
88	LdDocent_Contig_2287_379	0	1	0.019738	0.994470	0.009184	0.002371
88	LdDocent_Contig_2287_379	1	2	0.980262	0.005530	0.009184	0.002371
89	LdDocent_Contig_9085_42	0	1	0.921630	0.937192	0.018335	0.007879
89	LdDocent_Contig_9085_42	1	2	0.078370	0.062808	0.018335	0.007879
90	LdDocent_Contig_63017_408	0	1	0.998038	0.904294	0.002764	0.008772
90	LdDocent_Contig_63017_408	1	2	0.001962	0.095706	0.002764	0.008772
91	LdDocent_Contig_85002_61	0	1	0.008011	0.996959	0.006625	0.001689
91	LdDocent_Contig_85002_61	1	2	0.991989	0.003041	0.006625	0.001689
92	LdDocent_Contig_25093_449	0	2	0.990978	0.805425	0.006847	0.012264
92	LdDocent_Contig_25093_449	1	1	0.009022	0.194575	0.006847	0.012264
93	LdDocent_Contig_65614_7	0	1	0.942891	0.998654	0.014541	0.001102
93	LdDocent_Contig_65614_7	1	2	0.057109	0.001346	0.014541	0.001102
94	LdDocent_Contig_20556_416	0	1	0.989696	0.972306	0.006468	0.004948
94	LdDocent_Contig_20556_416	1	2	0.010304	0.027694	0.006468	0.004948
95	LdDocent_Contig_58621_49	0	1	0.931750	0.999518	0.016211	0.000680
95	LdDocent_Contig_58621_49	1	2	0.068250	0.000482	0.016211	0.000680
96	LdDocent_Contig_87373_403	0	1	0.997657	0.967075	0.003305	0.005681
96	LdDocent_Contig_87373_403	1	2	0.002343	0.032925	0.003305	0.005681
97	LdDocent_Contig_8505_368	0	1	0.018638	0.989634	0.009166	0.003204
97	LdDocent_Contig_8505_368	1	2	0.981362	0.010366	0.009166	0.003204
98	LdDocent_Contig_32665_23	0	1	0.994294	0.949701	0.004632	0.006639
98	LdDocent_Contig_32665_23	1	2	0.005706	0.050299	0.004632	0.006639
99	LdDocent_Contig_35115_437	0	1	0.975304	0.991614	0.010357	0.002863
99	LdDocent_Contig_35115_437	1	2	0.024696	0.008386	0.010357	0.002863
100	LdDocent_Contig_1144_357	0	1	0.964888	0.999503	0.012572	0.000704
100	LdDocent_Contig_1144_357	1	2	0.035112	0.000497	0.012572	0.000704
101	LdDocent_Contig_60726_107	0	1	0.998061	0.984390	0.002731	0.003702
101	LdDocent_Contig_60726_107	1	2	0.001939	0.015610	0.002731	0.003702
102	LdDocent_Contig_3639_383	0	1	0.997293	0.962569	0.003810	0.005988
102	LdDocent_Contig_3639_383	1	2	0.002707	0.037431	0.003810	0.005988
103	LdDocent_Contig_359_399	0	1	0.997904	0.930068	0.002948	0.007576
103	LdDocent_Contig_359_399	1	2	0.002096	0.069932	0.002948	0.007576
104	LdDocent_Contig_56622_436	0	1	0.716196	0.898981	0.029206	0.009084
104	LdDocent_Contig_56622_436	1	2	0.283804	0.101019	0.029206	0.009084
105	LdDocent_Contig_85011_486	0	1	0.841009	0.999566	0.023810	0.000614
105	LdDocent_Contig_85011_486	1	2	0.158991	0.000434	0.023810	0.000614
106	LdDocent_Contig_329_469	0	1	0.997846	0.885595	0.003036	0.009658
106	LdDocent_Contig_329_469	1	2	0.002154	0.114405	0.003036	0.009658
107	LdDocent_Contig_7317_371	0	1	0.997401	0.971863	0.003667	0.004942
107	LdDocent_Contig_7317_371	1	2	0.002599	0.028137	0.003667	0.004942
108	LdDocent_Contig_369_381	0	1	0.569419	0.996738	0.030003	0.001717
108	LdDocent_Contig_369_381	1	2	0.430581	0.003262	0.030003	0.001717
109	LdDocent_Contig_73912_413	0	1	0.997748	0.972921	0.003171	0.005186
109	LdDocent_Contig_73912_413	1	2	0.002252	0.027079	0.003171	0.005186
110	LdDocent_Contig_295_343	0	1	0.997873	0.981419	0.002998	0.004166
110	LdDocent_Contig_295_343	1	2	0.002127	0.018581	0.002998	0.004166
111	LdDocent_Contig_3449_452	0	1	0.997895	0.979055	0.002965	0.004367
111	LdDocent_Contig_3449_452	1	2	0.002105	0.020945	0.002965	0.004367
112	LdDocent_Contig_14495_139	0	1	0.871900	0.999480	0.022026	0.000734
112	LdDocent_Contig_14495_139	1	2	0.128100	0.000520	0.022026	0.000734
113	LdDocent_Contig_184_77	0	1	0.013471	0.995745	0.007657	0.002015
113	LdDocent_Contig_184_77	1	2	0.986529	0.004255	0.007657	0.002015
114	LdDocent_Contig_1067_382	0	1	0.898692	0.998624	0.018995	0.001121
114	LdDocent_Contig_1067_382	1	2	0.101308	0.001376	0.018995	0.001121
115	LdDocent_Contig_2220_13	0	1	0.997558	0.979448	0.003444	0.004489
115	LdDocent_Contig_2220_13	1	2	0.002442	0.020552	0.003444	0.004489
116	LdDocent_Contig_31898_418	0	1	0.997774	0.988810	0.003133	0.003283
116	LdDocent_Contig_31898_418	1	2	0.002226	0.011190	0.003133	0.003283
117	LdDocent_Contig_50054_360	0	1	0.962093	0.960539	0.012743	0.006007
117	LdDocent_Contig_50054_360	1	2	0.037907	0.039461	0.012743	0.006007
118	LdDocent_Contig_59577_144	0	1	0.889372	0.998575	0.020611	0.001162
118	LdDocent_Contig_59577_144	1	2	0.110628	0.001425	0.020611	0.001162
119	LdDocent_Contig_380_31	0	1	0.997771	0.987592	0.003148	0.003486
119	LdDocent_Contig_380_31	1	2	0.002229	0.012408	0.003148	0.003486
120	LdDocent_Contig_77100_313	0	1	0.997286	0.955927	0.003772	0.006471
120	LdDocent_Contig_77100_313	1	2	0.002714	0.044073	0.003772	0.006471
121	LdDocent_Contig_51180_341	0	1	0.997876	0.987245	0.002997	0.003450
121	LdDocent_Contig_51180_341	1	2	0.002124	0.012755	0.002997	0.003450
122	LdDocent_Contig_93903_49	0	1	0.997607	0.990288	0.003366	0.002981
122	LdDocent_Contig_93903_49	1	2	0.002393	0.009712	0.003366	0.002981
123	LdDocent_Contig_8487_141	0	1	0.032576	0.996497	0.012042	0.001876
123	LdDocent_Contig_8487_141	1	2	0.967424	0.003503	0.012042	0.001876
124	LdDocent_Contig_27899_8	0	1	0.933487	0.943104	0.016706	0.007153
124	LdDocent_Contig_27899_8	1	2	0.066513	0.056896	0.016706	0.007153
125	LdDocent_Contig_2336_361	0	1	0.997947	0.858867	0.002889	0.010376
125	LdDocent_Contig_2336_361	1	2	0.002053	0.141133	0.002889	0.010376
126	LdDocent_Contig_5304_12	0	1	0.951975	0.999543	0.017065	0.000645
126	LdDocent_Contig_5304_12	1	2	0.048025	0.000457	0.017065	0.000645
127	LdDocent_Contig_65986_50	0	1	0.997905	0.991285	0.002952	0.002975
127	LdDocent_Contig_65986_50	1	2	0.002095	0.008715	0.002952	0.002975
128	LdDocent_Contig_1235_19	0	1	0.887905	0.998687	0.020103	0.001071
128	LdDocent_Contig_1235_19	1	2	0.112095	0.001313	0.020103	0.001071
129	LdDocent_Contig_5184_376	0	1	0.997728	0.982739	0.003207	0.004090
129	LdDocent_Contig_5184_376	1	2	0.002272	0.017261	0.003207	0.004090
130	LdDocent_Contig_91203_358	0	1	0.009792	0.996951	0.006309	0.001625
130	LdDocent_Contig_91203_358	1	2	0.990208	0.003049	0.006309	0.001625
131	LdDocent_Contig_79_378	0	1	0.996877	0.982445	0.004133	0.003821
131	LdDocent_Contig_79_378	1	2	0.003123	0.017555	0.004133	0.003821
132	LdDocent_Contig_69170_362	0	1	0.997954	0.953221	0.002888	0.006420
132	LdDocent_Contig_69170_362	1	2	0.002046	0.046779	0.002888	0.006420
133	LdDocent_Contig_1378_140	0	1	0.997823	0.993221	0.003075	0.002467
133	LdDocent_Contig_1378_140	1	2	0.002177	0.006779	0.003075	0.002467
134	LdDocent_Contig_24534_432	0	1	0.984571	0.991805	0.008157	0.002798
134	LdDocent_Contig_24534_432	1	2	0.015429	0.008195	0.008157	0.002798
135	LdDocent_Contig_26883_329	0	1	0.998092	0.898287	0.002697	0.008928
135	LdDocent_Contig_26883_329	1	2	0.001908	0.101713	0.002697	0.008928
136	LdDocent_Contig_7318_394	0	1	0.997854	0.989079	0.003023	0.003198
136	LdDocent_Contig_7318_394	1	2	0.002146	0.010921	0.003023	0.003198
137	LdDocent_Contig_3867_9	0	1	0.997875	0.967664	0.002996	0.005416
137	LdDocent_Contig_3867_9	1	2	0.002125	0.032336	0.002996	0.005416
138	LdDocent_Contig_825_85	0	1	0.002219	0.353344	0.003129	0.014847
138	LdDocent_Contig_825_85	1	2	0.997781	0.646656	0.003129	0.014847
139	LdDocent_Contig_68912_395	0	1	0.926651	0.953739	0.029951	0.006284
139	LdDocent_Contig_68912_395	1	2	0.073349	0.046261	0.029951	0.006284
140	LdDocent_Contig_5943_348	0	1	0.997820	0.991452	0.003077	0.002918
140	LdDocent_Contig_5943_348	1	2	0.002180	0.008548	0.003077	0.002918
141	LdDocent_Contig_2737_462	0	1	0.997791	0.963608	0.003119	0.005694
141	LdDocent_Contig_2737_462	1	2	0.002209	0.036392	0.003119	0.005694
142	LdDocent_Contig_93412_36	0	1	0.965858	0.988626	0.015745	0.003200
142	LdDocent_Contig_93412_36	1	2	0.034142	0.011374	0.015745	0.003200
143	LdDocent_Contig_22707_96	0	2	0.006119	0.322847	0.004986	0.013857
143	LdDocent_Contig_22707_96	1	1	0.993881	0.677153	0.004986	0.013857
144	LdDocent_Contig_3687_307	0	1	0.997750	0.967003	0.003174	0.005451
144	LdDocent_Contig_3687_307	1	2	0.002250	0.032997	0.003174	0.005451
145	LdDocent_Contig_352_434	0	1	0.893051	0.996630	0.020455	0.001801
145	LdDocent_Contig_352_434	1	2	0.106949	0.003370	0.020455	0.001801
146	LdDocent_Contig_1473_354	0	1	0.776588	0.999553	0.026914	0.000632
146	LdDocent_Contig_1473_354	1	2	0.223412	0.000447	0.026914	0.000632
147	LdDocent_Contig_59564_136	0	1	0.989208	0.909486	0.006772	0.008648
147	LdDocent_Contig_59564_136	1	2	0.010792	0.090514	0.006772	0.008648
148	LdDocent_Contig_85118_145	0	1	0.576050	0.972216	0.067062	0.004874
148	LdDocent_Contig_85118_145	1	2	0.423950	0.027784	0.067062	0.004874
149	LdDocent_Contig_15051_388	0	1	0.997793	0.990398	0.003109	0.003100
149	LdDocent_Contig_15051_388	1	2	0.002207	0.009602	0.003109	0.003100
150	LdDocent_Contig_53782_341	0	1	0.997611	0.992418	0.003373	0.002757
150	LdDocent_Contig_53782_341	1	2	0.002389	0.007582	0.003373	0.002757
151	LdDocent_Contig_93348_98	0	1	0.866741	0.997159	0.021540	0.001761
151	LdDocent_Contig_93348_98	1	2	0.133259	0.002841	0.021540	0.001761
152	LdDocent_Contig_93037_418	0	1	0.998001	0.987338	0.002822	0.003300
152	LdDocent_Contig_93037_418	1	2	0.001999	0.012662	0.002822	0.003300
153	LdDocent_Contig_2079_417	0	1	0.997807	0.989753	0.003094	0.003143
153	LdDocent_Contig_2079_417	1	2	0.002193	0.010247	0.003094	0.003143
154	LdDocent_Contig_86318_504	0	1	0.864449	0.961713	0.021273	0.005754
154	LdDocent_Contig_86318_504	1	2	0.135551	0.038287	0.021273	0.005754
155	LdDocent_Contig_2270_79	0	1	0.997343	0.959857	0.003719	0.006269
155	LdDocent_Contig_2270_79	1	2	0.002657	0.040143	0.003719	0.006269
156	LdDocent_Contig_2311_20	0	1	0.966133	0.999506	0.011397	0.000697
156	LdDocent_Contig_2311_20	1	2	0.033867	0.000494	0.011397	0.000697
157	LdDocent_Contig_30637_429	0	1	0.984043	0.957004	0.008430	0.006308
157	LdDocent_Contig_30637_429	1	2	0.015957	0.042996	0.008430	0.006308
158	LdDocent_Contig_1948_436	0	1	0.989599	0.991751	0.006526	0.002813
158	LdDocent_Contig_1948_436	1	2	0.010401	0.008249	0.006526	0.002813
159	LdDocent_Contig_726_339	0	1	0.956348	0.999536	0.013142	0.000655
159	LdDocent_Contig_726_339	1	2	0.043652	0.000464	0.013142	0.000655
160	LdDocent_Contig_24441_470	0	1	0.997907	0.979783	0.002944	0.004215
160	LdDocent_Contig_24441_470	1	2	0.002093	0.020217	0.002944	0.004215
161	LdDocent_Contig_3582_360	0	1	0.990356	0.810383	0.006060	0.011333
161	LdDocent_Contig_3582_360	1	2	0.009644	0.189617	0.006060	0.011333
162	LdDocent_Contig_1799_68	0	1	0.992760	0.687174	0.005872	0.014501
162	LdDocent_Contig_1799_68	1	2	0.007240	0.312826	0.005872	0.014501
163	LdDocent_Contig_90757_446	0	1	0.997315	0.993196	0.003781	0.002474
163	LdDocent_Contig_90757_446	1	2	0.002685	0.006804	0.003781	0.002474
164	LdDocent_Contig_1631_10	0	1	0.998006	0.989251	0.002811	0.003021
164	LdDocent_Contig_1631_10	1	2	0.001994	0.010749	0.002811	0.003021
165	LdDocent_Contig_66870_127	0	1	0.997417	0.979820	0.003611	0.004431
165	LdDocent_Contig_66870_127	1	2	0.002583	0.020180	0.003611	0.004431
166	LdDocent_Contig_1057_395	0	1	0.997153	0.966663	0.003966	0.005596
166	LdDocent_Contig_1057_395	1	2	0.002847	0.033337	0.003966	0.005596
167	LdDocent_Contig_61074_386	0	1	0.014129	0.991818	0.007482	0.002964
167	LdDocent_Contig_61074_386	1	2	0.985871	0.008182	0.007482	0.002964
168	LdDocent_Contig_879_336	0	1	0.006335	0.997544	0.005143	0.001549
168	LdDocent_Contig_879_336	1	2	0.993665	0.002456	0.005143	0.001549
169	LdDocent_Contig_733_14	0	1	0.923356	0.996763	0.017132	0.001726
169	LdDocent_Contig_733_14	1	2	0.076644	0.003237	0.017132	0.001726
170	LdDocent_Contig_10230_500	0	1	0.996996	0.980923	0.004096	0.004322
170	LdDocent_Contig_10230_500	1	2	0.003004	0.019077	0.004096	0.004322
171	LdDocent_Contig_37945_58	0	1	0.573973	0.997739	0.032870	0.001426
171	LdDocent_Contig_37945_58	1	2	0.426027	0.002261	0.032870	0.001426
172	LdDocent_Contig_91112_94	0	2	0.002144	0.008121	0.003025	0.002774
172	LdDocent_Contig_91112_94	1	1	0.997856	0.991879	0.003025	0.002774
173	LdDocent_Contig_34290_495	0	1	0.975159	0.297597	0.010287	0.013694
173	LdDocent_Contig_34290_495	1	2	0.024841	0.702403	0.010287	0.013694
174	LdDocent_Contig_13_96	0	1	0.985437	0.985910	0.007702	0.003672
174	LdDocent_Contig_13_96	1	2	0.014563	0.014090	0.007702	0.003672
175	LdDocent_Contig_2030_88	0	1	0.997783	0.969587	0.003101	0.005107
175	LdDocent_Contig_2030_88	1	2	0.002217	0.030413	0.003101	0.005107
176	LdDocent_Contig_71786_94	0	1	0.947664	0.932293	0.021334	0.007551
176	LdDocent_Contig_71786_94	1	2	0.052336	0.067707	0.021334	0.007551
177	LdDocent_Contig_91760_362	0	1	0.953479	0.987470	0.013290	0.003356
177	LdDocent_Contig_91760_362	1	2	0.046521	0.012530	0.013290	0.003356
178	LdDocent_Contig_24356_62	0	1	0.997392	0.983997	0.003651	0.004044
178	LdDocent_Contig_24356_62	1	2	0.002608	0.016003	0.003651	0.004044
179	LdDocent_Contig_594_22	0	1	0.997773	0.987864	0.003117	0.003293
179	LdDocent_Contig_594_22	1	2	0.002227	0.012136	0.003117	0.003293
180	LdDocent_Contig_93236_63	0	1	0.997843	0.991716	0.003045	0.002826
180	LdDocent_Contig_93236_63	1	2	0.002157	0.008284	0.003045	0.002826
181	LdDocent_Contig_2054_505	0	1	0.997771	0.981720	0.003150	0.004214
181	LdDocent_Contig_2054_505	1	2	0.002229	0.018280	0.003150	0.004214
182	LdDocent_Contig_7959_407	0	1	0.870074	0.999531	0.021901	0.000661
182	LdDocent_Contig_7959_407	1	2	0.129926	0.000469	0.021901	0.000661
183	LdDocent_Contig_26396_434	0	1	0.997890	0.935229	0.002973	0.007417
183	LdDocent_Contig_26396_434	1	2	0.002110	0.064771	0.002973	0.007417
184	LdDocent_Contig_7527_139	0	1	0.997852	0.961936	0.003010	0.005944
184	LdDocent_Contig_7527_139	1	2	0.002148	0.038064	0.003010	0.005944
185	LdDocent_Contig_60478_342	0	1	0.998241	0.950554	0.002483	0.006145
185	LdDocent_Contig_60478_342	1	2	0.001759	0.049446	0.002483	0.006145
186	LdDocent_Contig_536_406	0	1	0.997888	0.986934	0.002976	0.003529
186	LdDocent_Contig_536_406	1	2	0.002112	0.013066	0.002976	0.003529
187	LdDocent_Contig_87696_333	0	1	0.815145	0.930732	0.026056	0.007827
187	LdDocent_Contig_87696_333	1	2	0.184855	0.069268	0.026056	0.007827
188	LdDocent_Contig_6159_50	0	1	0.953914	0.989610	0.013901	0.003190
188	LdDocent_Contig_6159_50	1	2	0.046086	0.010390	0.013901	0.003190
189	LdDocent_Contig_87643_124	0	1	0.998093	0.991203	0.002690	0.002699
189	LdDocent_Contig_87643_124	1	2	0.001907	0.008797	0.002690	0.002699
190	LdDocent_Contig_58804_430	0	1	0.997485	0.985885	0.003551	0.003679
190	LdDocent_Contig_58804_430	1	2	0.002515	0.014115	0.003551	0.003679
191	LdDocent_Contig_848_442	0	1	0.007485	0.990778	0.006889	0.003000
191	LdDocent_Contig_848_442	1	2	0.992515	0.009222	0.006889	0.003000
192	LdDocent_Contig_30206_114	0	1	0.973420	0.997855	0.011177	0.001389
192	LdDocent_Contig_30206_114	1	2	0.026580	0.002145	0.011177	0.001389
193	LdDocent_Contig_1827_336	0	1	0.997888	0.976611	0.002983	0.004572
193	LdDocent_Contig_1827_336	1	2	0.002112	0.023389	0.002983	0.004572
194	LdDocent_Contig_83921_462	0	1	0.989441	0.994886	0.006629	0.002172
194	LdDocent_Contig_83921_462	1	2	0.010559	0.005114	0.006629	0.002172
195	LdDocent_Contig_6675_116	0	1	0.997864	0.479836	0.003014	0.015216
195	LdDocent_Contig_6675_116	1	2	0.002136	0.520164	0.003014	0.015216
196	LdDocent_Contig_80753_403	0	1	0.997686	0.990679	0.003263	0.003008
196	LdDocent_Contig_80753_403	1	2	0.002314	0.009321	0.003263	0.003008
197	LdDocent_Contig_81533_58	0	1	0.997367	0.988102	0.003550	0.003250
197	LdDocent_Contig_81533_58	1	2	0.002633	0.011898	0.003550	0.003250
198	LdDocent_Contig_77826_82	0	1	0.885595	0.999550	0.019473	0.000636
198	LdDocent_Contig_77826_82	1	2	0.114405	0.000450	0.019473	0.000636
199	LdDocent_Contig_503_92	0	1	0.917410	0.999543	0.017895	0.000646
199	LdDocent_Contig_503_92	1	2	0.082590	0.000457	0.017895	0.000646
