999901_sweeps	1.000/0.000/0.000/0.000	0.000/0.000/0.000/1.000	0.000/0.500/0.500/0.000	0.250/0.250/0.250/0.250	0.500/0.250/0.250/0.000	0.000/0.250/0.250/0.500
1	0.00000	0.99995	0.00000	0.00000	0.00000	0.00005
2	0.00000	0.99998	0.00000	0.00000	0.00000	0.00002
3	0.00000	1.00000	0.00000	0.00000	0.00000	0.00000
4	0.00000	0.93519	0.00006	0.00402	0.00000	0.06073
5	0.00000	0.99999	0.00000	0.00000	0.00000	0.00001
6	0.00000	0.99975	0.00000	0.00000	0.00000	0.00025
7	0.00000	0.57928	0.00000	0.05045	0.00000	0.37026
8	0.00000	0.99975	0.00000	0.00000	0.00000	0.00025
9	0.00000	0.99996	0.00000	0.00000	0.00000	0.00004
10	0.71222	0.00000	0.00000	0.00006	0.28772	0.00000
11	0.99990	0.00000	0.00000	0.00000	0.00010	0.00000
12	0.00000	0.97053	0.00000	0.00068	0.00000	0.02879
13	0.00000	0.99994	0.00000	0.00000	0.00000	0.00006
14	0.00000	0.99997	0.00000	0.00000	0.00000	0.00003
15	0.00000	0.99991	0.00000	0.00000	0.00000	0.00009
16	0.00000	0.99628	0.00000	0.00001	0.00000	0.00371
17	0.99998	0.00000	0.00000	0.00000	0.00002	0.00000
18	0.81362	0.00000	0.00041	0.03012	0.15577	0.00008
19	0.00000	0.82274	0.00192	0.01793	0.00013	0.15727
20	0.99999	0.00000	0.00000	0.00000	0.00001	0.00000
21	0.00434	0.00496	0.02363	0.68847	0.05275	0.22585
22	0.00000	0.97624	0.00000	0.00011	0.00000	0.02364
23	0.94555	0.00000	0.00000	0.00135	0.05310	0.00000
24	0.99984	0.00000	0.00000	0.00000	0.00016	0.00000
25	0.99999	0.00000	0.00000	0.00000	0.00001	0.00000
26	0.00000	0.99853	0.00000	0.00000	0.00000	0.00147
27	0.00000	0.99980	0.00000	0.00000	0.00000	0.00020
28	0.00000	0.99888	0.00000	0.00000	0.00000	0.00112
29	0.00000	0.99999	0.00000	0.00000	0.00000	0.00001
30	0.99998	0.00000	0.00000	0.00000	0.00002	0.00000
31	0.99997	0.00000	0.00000	0.00000	0.00003	0.00000
32	0.00000	0.03225	0.00000	0.81927	0.00000	0.14848
33	0.99106	0.00000	0.00000	0.00003	0.00891	0.00000
34	0.00000	0.41730	0.00031	0.25582	0.00025	0.32631
35	0.00000	0.89155	0.00000	0.01075	0.00000	0.09769
36	0.00000	0.99133	0.00000	0.00000	0.00000	0.00867
37	0.99992	0.00000	0.00000	0.00000	0.00008	0.00000
38	0.99994	0.00000	0.00000	0.00000	0.00006	0.00000
39	0.00000	0.99998	0.00000	0.00000	0.00000	0.00002
40	0.00000	0.99999	0.00000	0.00000	0.00000	0.00001
41	0.00000	0.99998	0.00000	0.00000	0.00000	0.00002
42	0.00000	0.99978	0.00000	0.00000	0.00000	0.00022
43	0.32151	0.00000	0.00000	0.00000	0.67849	0.00000
44	0.00000	0.99757	0.00000	0.00000	0.00000	0.00243
45	0.99868	0.00000	0.00000	0.00000	0.00132	0.00000
46	0.00000	0.64240	0.00000	0.00001	0.00000	0.35759
47	0.00000	0.99999	0.00000	0.00000	0.00000	0.00001
48	0.99996	0.00000	0.00000	0.00000	0.00004	0.00000
49	0.99973	0.00000	0.00000	0.00000	0.00027	0.00000
50	0.00000	0.99805	0.00000	0.00000	0.00000	0.00194
51	0.00000	0.99998	0.00000	0.00000	0.00000	0.00002
52	0.00000	0.99989	0.00000	0.00000	0.00000	0.00011
53	0.76147	0.00000	0.00000	0.00089	0.23764	0.00000
54	0.00000	0.99991	0.00000	0.00000	0.00000	0.00009
55	0.00000	0.99999	0.00000	0.00000	0.00000	0.00001
56	0.14148	0.00000	0.00188	0.56166	0.29246	0.00252
57	0.00000	0.99999	0.00000	0.00000	0.00000	0.00001
58	0.00000	0.99905	0.00000	0.00000	0.00000	0.00095
59	0.00000	0.96833	0.00000	0.00038	0.00000	0.03129
60	0.00000	0.99995	0.00000	0.00000	0.00000	0.00005
61	0.00000	0.99996	0.00000	0.00000	0.00000	0.00004
62	0.00000	0.99998	0.00000	0.00000	0.00000	0.00002
63	0.00000	1.00000	0.00000	0.00000	0.00000	0.00000
64	0.00000	0.99998	0.00000	0.00000	0.00000	0.00002
65	0.00000	0.98767	0.00000	0.00000	0.00000	0.01233
66	0.99981	0.00000	0.00000	0.00000	0.00019	0.00000
67	0.00000	0.99999	0.00000	0.00000	0.00000	0.00001
68	0.00000	0.99929	0.00000	0.00000	0.00000	0.00071
69	0.00000	0.65506	0.00528	0.08505	0.00134	0.25326
70	0.00000	0.99950	0.00000	0.00000	0.00000	0.00050
71	0.00000	0.99998	0.00000	0.00000	0.00000	0.00002
72	0.00000	0.99997	0.00000	0.00000	0.00000	0.00003
73	0.00000	0.96765	0.00000	0.00047	0.00000	0.03188
74	0.00000	1.00000	0.00000	0.00000	0.00000	0.00000
75	0.00000	0.99967	0.00000	0.00000	0.00000	0.00033
76	0.00000	0.99999	0.00000	0.00000	0.00000	0.00001
77	0.99997	0.00000	0.00000	0.00000	0.00003	0.00000
78	0.99995	0.00000	0.00000	0.00000	0.00005	0.00000
79	0.99939	0.00000	0.00000	0.00000	0.00061	0.00000
80	0.00000	0.58511	0.00000	0.00089	0.00000	0.41399
81	0.00000	1.00000	0.00000	0.00000	0.00000	0.00000
82	0.03402	0.41676	0.11860	0.13075	0.06661	0.23325
83	0.99982	0.00000	0.00000	0.00000	0.00018	0.00000
84	0.00000	0.99998	0.00000	0.00000	0.00000	0.00002
85	0.99999	0.00000	0.00000	0.00000	0.00001	0.00000
86	0.30501	0.00000	0.00000	0.00035	0.69464	0.00000
87	0.00000	0.99989	0.00000	0.00000	0.00000	0.00011
88	0.99980	0.00000	0.00000	0.00000	0.00020	0.00000
89	0.00000	0.96883	0.00000	0.00077	0.00000	0.03040
90	0.00000	0.99997	0.00000	0.00000	0.00000	0.00003
91	0.99821	0.00000	0.00000	0.00000	0.00179	0.00000
92	0.00000	0.00000	0.59892	0.07077	0.00001	0.33030
93	0.00000	0.99994	0.00000	0.00000	0.00000	0.00006
94	0.98897	0.00000	0.00000	0.00009	0.01094	0.00000
95	0.00000	0.99983	0.00000	0.00000	0.00000	0.00017
96	0.00000	0.95121	0.00000	0.00000	0.00000	0.04879
97	0.99905	0.00000	0.00000	0.00000	0.00095	0.00000
98	0.00000	0.99844	0.00000	0.00000	0.00000	0.00156
99	0.00002	0.80149	0.00378	0.03258	0.00077	0.16136
100	0.00000	0.99970	0.00000	0.00000	0.00000	0.00030
101	0.00000	0.99999	0.00000	0.00000	0.00000	0.00001
102	0.00000	0.99970	0.00000	0.00000	0.00000	0.00030
103	0.00000	0.99993	0.00000	0.00000	0.00000	0.00007
104	0.00000	0.99999	0.00000	0.00000	0.00000	0.00001
105	0.00000	0.97683	0.00000	0.00054	0.00000	0.02263
106	0.00000	0.99996	0.00000	0.00000	0.00000	0.00004
107	0.00000	1.00000	0.00000	0.00000	0.00000	0.00000
108	0.99996	0.00000	0.00000	0.00000	0.00004	0.00000
109	0.00000	0.99993	0.00000	0.00000	0.00000	0.00007
110	0.00000	0.99997	0.00000	0.00000	0.00000	0.00003
111	0.00000	0.99976	0.00000	0.00000	0.00000	0.00024
112	0.98811	0.00000	0.00000	0.00000	0.01189	0.00000
113	0.99804	0.00000	0.00000	0.00000	0.00195	0.00000
114	0.00000	0.99988	0.00000	0.00000	0.00000	0.00012
115	0.00000	0.99986	0.00000	0.00000	0.00000	0.00014
116	0.80680	0.00000	0.00000	0.00002	0.19318	0.00000
117	0.00000	0.99997	0.00000	0.00000	0.00000	0.00003
118	0.99688	0.00000	0.00000	0.00000	0.00311	0.00000
119	1.00000	0.00000	0.00000	0.00000	0.00000	0.00000
120	0.00000	0.99995	0.00000	0.00000	0.00000	0.00005
121	0.00000	0.99924	0.00000	0.00000	0.00000	0.00076
122	0.00000	0.99997	0.00000	0.00000	0.00000	0.00003
123	0.73876	0.00000	0.00001	0.05678	0.20444	0.00000
124	0.00000	0.99992	0.00000	0.00000	0.00000	0.00008
125	0.00000	0.99981	0.00000	0.00000	0.00000	0.00019
126	0.00000	0.99997	0.00000	0.00000	0.00000	0.00003
127	0.00000	0.99969	0.00000	0.00000	0.00000	0.00031
128	0.00000	0.99968	0.00000	0.00000	0.00000	0.00032
129	0.00000	0.12605	0.00039	0.59535	0.00078	0.27743
130	0.00000	0.97440	0.00000	0.00000	0.00000	0.02560
131	0.99909	0.00000	0.00000	0.00000	0.00091	0.00000
132	0.00000	0.99997	0.00000	0.00000	0.00000	0.00003
133	0.00000	0.99997	0.00000	0.00000	0.00000	0.00003
134	0.00000	0.99998	0.00000	0.00000	0.00000	0.00002
135	0.00000	1.00000	0.00000	0.00000	0.00000	0.00000
136	0.00000	0.99996	0.00000	0.00000	0.00000	0.00004
137	0.00000	0.99991	0.00000	0.00000	0.00000	0.00009
138	0.98203	0.00000	0.00000	0.00015	0.01783	0.00000
139	0.99996	0.00000	0.00000	0.00000	0.00004	0.00000
140	0.99997	0.00000	0.00000	0.00000	0.00003	0.00000
141	0.00470	0.00000	0.00002	0.80420	0.19105	0.00003
142	0.99993	0.00000	0.00000	0.00000	0.00007	0.00000
143	0.00000	0.99947	0.00000	0.00000	0.00000	0.00053
144	0.99995	0.00000	0.00000	0.00000	0.00005	0.00000
145	0.99785	0.00000	0.00000	0.00000	0.00215	0.00000
146	0.99974	0.00000	0.00000	0.00000	0.00026	0.00000
147	0.99929	0.00000	0.00000	0.00000	0.00071	0.00000
148	0.99996	0.00000	0.00000	0.00000	0.00004	0.00000
149	0.99974	0.00000	0.00000	0.00000	0.00026	0.00000
150	0.99914	0.00000	0.00000	0.00000	0.00086	0.00000
151	0.00000	0.97221	0.00000	0.00017	0.00000	0.02762
152	0.00844	0.54715	0.06718	0.10642	0.02982	0.24099
153	0.00000	0.99678	0.00000	0.00001	0.00000	0.00321
154	0.00000	0.99954	0.00000	0.00000	0.00000	0.00046
155	0.00000	0.99186	0.00000	0.00004	0.00000	0.00810
156	0.00000	0.99920	0.00000	0.00000	0.00000	0.00080
157	0.00000	0.99994	0.00000	0.00000	0.00000	0.00006
158	0.00000	0.99999	0.00000	0.00000	0.00000	0.00001
159	0.00000	0.99628	0.00000	0.00000	0.00000	0.00372
160	0.00000	0.99977	0.00000	0.00000	0.00000	0.00023
161	0.00000	1.00000	0.00000	0.00000	0.00000	0.00000
162	0.99997	0.00000	0.00000	0.00000	0.00003	0.00000
163	0.00000	0.99994	0.00000	0.00000	0.00000	0.00006
164	0.00000	0.99988	0.00000	0.00000	0.00000	0.00012
165	0.00000	0.93639	0.00002	0.00383	0.00000	0.05976
166	0.99919	0.00000	0.00000	0.00000	0.00081	0.00000
167	0.99999	0.00000	0.00000	0.00000	0.00001	0.00000
168	0.99919	0.00000	0.00000	0.00000	0.00081	0.00000
169	0.00000	0.99984	0.00000	0.00000	0.00000	0.00016
170	0.00000	0.99833	0.00000	0.00000	0.00000	0.00166
171	0.00000	0.99748	0.00000	0.00000	0.00000	0.00252
172	0.00000	0.99979	0.00000	0.00000	0.00000	0.00021
173	0.97884	0.00000	0.00000	0.00000	0.02116	0.00000
174	0.00000	0.99959	0.00000	0.00000	0.00000	0.00041
175	0.00000	0.99787	0.00000	0.00000	0.00000	0.00212
176	0.00000	1.00000	0.00000	0.00000	0.00000	0.00000
177	0.00000	0.99999	0.00000	0.00000	0.00000	0.00001
178	0.99999	0.00000	0.00000	0.00000	0.00001	0.00000
179	0.99993	0.00000	0.00000	0.00000	0.00007	0.00000
180	0.00000	0.99999	0.00000	0.00000	0.00000	0.00001
181	0.00000	0.99979	0.00000	0.00000	0.00000	0.00021
182	0.99422	0.00000	0.00000	0.00002	0.00575	0.00000
183	0.00000	0.99789	0.00000	0.00000	0.00000	0.00211
184	0.00000	0.99993	0.00000	0.00000	0.00000	0.00007
185	0.00000	0.99989	0.00000	0.00000	0.00000	0.00011
186	0.99981	0.00000	0.00000	0.00000	0.00019	0.00000
187	0.00000	0.99988	0.00000	0.00000	0.00000	0.00012
188	0.00000	0.99830	0.00000	0.00000	0.00000	0.00170
189	0.00000	0.99934	0.00000	0.00000	0.00000	0.00066
190	0.00000	0.89938	0.00000	0.00863	0.00000	0.09199
191	0.99939	0.00000	0.00000	0.00000	0.00061	0.00000
192	0.99995	0.00000	0.00000	0.00000	0.00005	0.00000
193	0.91819	0.00000	0.00000	0.00002	0.08179	0.00000
194	0.00000	0.99983	0.00000	0.00000	0.00000	0.00017
195	0.00000	0.99980	0.00000	0.00000	0.00000	0.00020
196	0.00000	0.99998	0.00000	0.00000	0.00000	0.00002
197	0.00000	0.99933	0.00000	0.00000	0.00000	0.00067
198	0.00000	0.99982	0.00000	0.00000	0.00000	0.00018
199	0.00000	0.99826	0.00000	0.00000	0.00000	0.00174
200	0.00000	0.00000	0.99750	0.00131	0.00001	0.00118
201	0.00000	0.99943	0.00000	0.00000	0.00000	0.00057
202	0.00000	0.99813	0.00000	0.00000	0.00000	0.00187
203	0.00000	0.90665	0.00000	0.00713	0.00000	0.08622
204	0.00000	0.99971	0.00000	0.00000	0.00000	0.00029
205	0.00000	0.99988	0.00000	0.00000	0.00000	0.00012
206	0.00000	0.99061	0.00000	0.00000	0.00000	0.00939
207	0.00000	0.99998	0.00000	0.00000	0.00000	0.00002
208	0.00000	0.99995	0.00000	0.00000	0.00000	0.00005
209	0.00000	0.99964	0.00000	0.00000	0.00000	0.00036
210	0.00000	1.00000	0.00000	0.00000	0.00000	0.00000
211	0.00000	0.00035	0.00000	0.00065	0.00000	0.99900
212	0.00000	0.99874	0.00000	0.00000	0.00000	0.00125
213	0.84021	0.00000	0.00000	0.00003	0.15977	0.00000
214	0.99765	0.00000	0.00000	0.00000	0.00235	0.00000
215	0.00000	0.99962	0.00000	0.00000	0.00000	0.00038
216	0.00000	0.99966	0.00000	0.00000	0.00000	0.00034
217	0.00000	0.99999	0.00000	0.00000	0.00000	0.00001
218	0.00000	0.99999	0.00000	0.00000	0.00000	0.00001
219	0.00000	0.99999	0.00000	0.00000	0.00000	0.00001
220	0.00000	0.88359	0.00075	0.01226	0.00010	0.10330
221	0.00000	0.99997	0.00000	0.00000	0.00000	0.00003
222	0.00000	0.99999	0.00000	0.00000	0.00000	0.00001
223	0.00000	0.97616	0.00000	0.00060	0.00000	0.02324
224	0.00000	0.99918	0.00000	0.00000	0.00000	0.00082
225	0.00000	0.99855	0.00000	0.00000	0.00000	0.00145
226	0.99999	0.00000	0.00000	0.00000	0.00001	0.00000
227	0.00000	0.99999	0.00000	0.00000	0.00000	0.00001
228	0.00000	0.99146	0.00000	0.00007	0.00000	0.00848
229	0.84980	0.00000	0.00000	0.02000	0.13020	0.00000
230	0.00000	0.99995	0.00000	0.00000	0.00000	0.00005
231	0.00000	1.00000	0.00000	0.00000	0.00000	0.00000
232	0.00000	0.99780	0.00000	0.00000	0.00000	0.00219
233	0.99998	0.00000	0.00000	0.00000	0.00002	0.00000
234	0.00000	0.97085	0.00000	0.00127	0.00000	0.02788
235	0.00000	0.99976	0.00000	0.00000	0.00000	0.00024
236	0.00000	0.99922	0.00000	0.00000	0.00000	0.00078
237	0.00000	0.99416	0.00000	0.00000	0.00000	0.00584
238	0.00000	0.99989	0.00000	0.00000	0.00000	0.00011
239	0.99966	0.00000	0.00000	0.00000	0.00034	0.00000
240	0.99992	0.00000	0.00000	0.00000	0.00008	0.00000
241	0.99978	0.00000	0.00000	0.00000	0.00022	0.00000
242	0.99987	0.00000	0.00000	0.00000	0.00013	0.00000
243	0.00000	0.99999	0.00000	0.00000	0.00000	0.00001
244	0.99985	0.00000	0.00000	0.00000	0.00015	0.00000
245	0.99999	0.00000	0.00000	0.00000	0.00001	0.00000
246	0.00000	0.99521	0.00000	0.00000	0.00000	0.00479
247	0.00000	1.00000	0.00000	0.00000	0.00000	0.00000
248	0.00000	0.70198	0.00000	0.00005	0.00000	0.29797
249	0.00000	0.99277	0.00000	0.00000	0.00000	0.00723
250	0.00000	0.99991	0.00000	0.00000	0.00000	0.00009
251	0.00000	0.99998	0.00000	0.00000	0.00000	0.00002
252	0.00000	0.99995	0.00000	0.00000	0.00000	0.00005
253	0.00000	0.99954	0.00000	0.00000	0.00000	0.00046
254	0.00000	0.99993	0.00000	0.00000	0.00000	0.00007
255	0.00000	0.99990	0.00000	0.00000	0.00000	0.00010
256	0.00000	0.99977	0.00000	0.00000	0.00000	0.00023
257	0.00000	0.99938	0.00000	0.00000	0.00000	0.00062
258	0.00000	0.99975	0.00000	0.00000	0.00000	0.00025
259	0.00000	0.99976	0.00000	0.00000	0.00000	0.00024
260	0.00000	0.90014	0.00000	0.01048	0.00000	0.08938
261	0.00000	0.99999	0.00000	0.00000	0.00000	0.00001
262	0.00000	0.99999	0.00000	0.00000	0.00000	0.00001
263	0.00000	0.99999	0.00000	0.00000	0.00000	0.00001
264	0.00000	0.99887	0.00000	0.00000	0.00000	0.00112
265	0.00000	0.85243	0.00009	0.02061	0.00002	0.12685
266	0.00000	0.99991	0.00000	0.00000	0.00000	0.00009
267	0.00000	0.99395	0.00000	0.00000	0.00000	0.00605
268	0.00000	0.99974	0.00000	0.00000	0.00000	0.00026
269	0.00000	0.99984	0.00000	0.00000	0.00000	0.00016
270	0.00000	0.99978	0.00000	0.00000	0.00000	0.00022
271	0.00000	0.99995	0.00000	0.00000	0.00000	0.00005
272	0.00000	0.99999	0.00000	0.00000	0.00000	0.00001
273	0.00000	0.99914	0.00000	0.00000	0.00000	0.00086
274	0.00000	0.99962	0.00000	0.00000	0.00000	0.00038
275	0.00000	1.00000	0.00000	0.00000	0.00000	0.00000
276	0.00000	0.99997	0.00000	0.00000	0.00000	0.00003
277	0.00000	0.99985	0.00000	0.00000	0.00000	0.00015
278	0.00000	0.99976	0.00000	0.00000	0.00000	0.00024
279	0.00000	1.00000	0.00000	0.00000	0.00000	0.00000
280	0.00000	0.99988	0.00000	0.00000	0.00000	0.00012
281	0.00000	0.99965	0.00000	0.00000	0.00000	0.00035
282	0.00000	0.99978	0.00000	0.00000	0.00000	0.00022
283	1.00000	0.00000	0.00000	0.00000	0.00000	0.00000
284	0.00000	0.99048	0.00000	0.00014	0.00000	0.00938
285	0.00000	0.99997	0.00000	0.00000	0.00000	0.00003
286	0.00000	1.00000	0.00000	0.00000	0.00000	0.00000
287	0.00000	0.99998	0.00000	0.00000	0.00000	0.00002
288	0.00000	0.99999	0.00000	0.00000	0.00000	0.00001
289	0.00000	0.92997	0.00000	0.00000	0.00000	0.07003
290	0.00000	0.99967	0.00000	0.00000	0.00000	0.00033
291	0.00000	0.99996	0.00000	0.00000	0.00000	0.00004
292	0.00000	0.99626	0.00000	0.00000	0.00000	0.00374
293	0.00000	0.96750	0.00000	0.00010	0.00000	0.03240
294	0.00000	0.99999	0.00000	0.00000	0.00000	0.00001
295	0.00000	0.99991	0.00000	0.00000	0.00000	0.00009
296	0.99995	0.00000	0.00000	0.00000	0.00005	0.00000
297	0.00000	0.99878	0.00000	0.00000	0.00000	0.00122
298	0.00000	0.71286	0.00009	0.06799	0.00003	0.21904
299	0.98952	0.00000	0.00000	0.00000	0.01048	0.00000
300	0.00000	0.99988	0.00000	0.00000	0.00000	0.00012
301	0.00000	0.99997	0.00000	0.00000	0.00000	0.00003
302	0.00000	0.99993	0.00000	0.00000	0.00000	0.00007
303	0.00000	0.99999	0.00000	0.00000	0.00000	0.00001
304	0.00000	0.99999	0.00000	0.00000	0.00000	0.00001
305	0.00000	0.99996	0.00000	0.00000	0.00000	0.00004
306	0.00000	0.99927	0.00000	0.00000	0.00000	0.00073
307	0.00000	0.99989	0.00000	0.00000	0.00000	0.00011
308	0.00000	0.99965	0.00000	0.00000	0.00000	0.00035
309	0.00000	0.99996	0.00000	0.00000	0.00000	0.00004
310	0.00000	0.99996	0.00000	0.00000	0.00000	0.00004
311	0.00000	0.88993	0.00000	0.01185	0.00000	0.09822
312	0.00000	0.99991	0.00000	0.00000	0.00000	0.00009
313	0.00000	0.99998	0.00000	0.00000	0.00000	0.00002
314	0.00000	1.00000	0.00000	0.00000	0.00000	0.00000
315	0.00000	0.00013	0.00000	0.00017	0.00000	0.99970
316	0.00000	1.00000	0.00000	0.00000	0.00000	0.00000
317	0.00000	0.99997	0.00000	0.00000	0.00000	0.00003
318	0.00000	0.99999	0.00000	0.00000	0.00000	0.00001
319	0.00000	0.99942	0.00000	0.00000	0.00000	0.00058
320	0.00000	0.98910	0.00000	0.00000	0.00000	0.01090
321	0.00000	0.98750	0.00000	0.00012	0.00000	0.01238
322	0.00000	0.99989	0.00000	0.00000	0.00000	0.00011
323	0.00000	0.99990	0.00000	0.00000	0.00000	0.00010
324	0.00000	0.99998	0.00000	0.00000	0.00000	0.00002
325	0.00000	0.69564	0.00000	0.00000	0.00000	0.30435
326	0.00000	0.96432	0.00000	0.00076	0.00000	0.03492
327	0.00000	0.99998	0.00000	0.00000	0.00000	0.00002
328	0.00000	0.99998	0.00000	0.00000	0.00000	0.00002
329	0.00000	0.99936	0.00000	0.00000	0.00000	0.00064
330	0.00000	0.97607	0.00000	0.00061	0.00000	0.02332
331	0.00000	0.99999	0.00000	0.00000	0.00000	0.00001
332	0.00000	0.99995	0.00000	0.00000	0.00000	0.00005
333	0.00000	0.99995	0.00000	0.00000	0.00000	0.00005
334	0.00000	1.00000	0.00000	0.00000	0.00000	0.00000
335	0.00000	0.99998	0.00000	0.00000	0.00000	0.00002
336	0.02642	0.25796	0.12683	0.23392	0.09959	0.25527
337	0.00000	0.99989	0.00000	0.00000	0.00000	0.00011
338	0.00000	0.99990	0.00000	0.00000	0.00000	0.00010
339	0.00000	0.99995	0.00000	0.00000	0.00000	0.00005
340	0.00000	0.00000	0.99598	0.00028	0.00000	0.00374
341	0.00000	0.99996	0.00000	0.00000	0.00000	0.00004
342	0.00000	0.99993	0.00000	0.00000	0.00000	0.00007
343	0.00000	0.00451	0.00000	0.00011	0.00000	0.99538
344	0.00000	0.99989	0.00000	0.00000	0.00000	0.00011
345	0.00000	0.99997	0.00000	0.00000	0.00000	0.00003
346	0.00087	0.54503	0.03673	0.12579	0.01354	0.27803
347	0.00000	0.00019	0.00000	0.00012	0.00000	0.99970
348	0.00000	0.99997	0.00000	0.00000	0.00000	0.00003
349	0.00000	0.99962	0.00000	0.00000	0.00000	0.00038
350	0.00000	0.99994	0.00000	0.00000	0.00000	0.00006
351	0.00000	0.99207	0.00000	0.00004	0.00000	0.00789
352	0.00000	0.99995	0.00000	0.00000	0.00000	0.00005
353	0.00000	0.99762	0.00000	0.00001	0.00000	0.00238
354	0.00000	0.67732	0.00058	0.08384	0.00020	0.23806
355	0.99986	0.00000	0.00000	0.00000	0.00014	0.00000
356	0.00000	0.99999	0.00000	0.00000	0.00000	0.00001
357	0.00000	0.99721	0.00000	0.00000	0.00000	0.00279
358	0.42669	0.01497	0.07955	0.16449	0.26481	0.04949
359	0.00000	0.99913	0.00000	0.00000	0.00000	0.00087
360	0.00000	0.99999	0.00000	0.00000	0.00000	0.00001
361	0.99988	0.00000	0.00000	0.00000	0.00012	0.00000
362	0.99999	0.00000	0.00000	0.00000	0.00001	0.00000
363	0.00000	0.99999	0.00000	0.00000	0.00000	0.00001
364	0.00000	0.99882	0.00000	0.00000	0.00000	0.00117
365	0.00000	0.99982	0.00000	0.00000	0.00000	0.00018
366	0.00000	0.99998	0.00000	0.00000	0.00000	0.00002
367	0.00000	0.99993	0.00000	0.00000	0.00000	0.00007
368	0.99983	0.00000	0.00000	0.00000	0.00017	0.00000
369	0.00000	0.99999	0.00000	0.00000	0.00000	0.00001
370	0.00000	0.99999	0.00000	0.00000	0.00000	0.00001
371	0.00000	0.99937	0.00000	0.00000	0.00000	0.00063
372	0.00000	0.99983	0.00000	0.00000	0.00000	0.00017
373	0.00000	0.66287	0.00005	0.09146	0.00002	0.24560
374	0.99995	0.00000	0.00000	0.00000	0.00005	0.00000
375	0.00000	0.99980	0.00000	0.00000	0.00000	0.00020
376	0.97618	0.00000	0.00000	0.00027	0.02355	0.00000
377	0.98512	0.00000	0.00000	0.00010	0.01478	0.00000
378	0.00000	0.99999	0.00000	0.00000	0.00000	0.00001
379	0.00000	0.99996	0.00000	0.00000	0.00000	0.00004
380	0.00000	0.99998	0.00000	0.00000	0.00000	0.00002
381	0.98918	0.00000	0.00000	0.00000	0.01081	0.00000
382	0.00000	0.99995	0.00000	0.00000	0.00000	0.00005
383	0.00000	0.99978	0.00000	0.00000	0.00000	0.00022
384	0.00000	0.99998	0.00000	0.00000	0.00000	0.00002
385	0.00000	0.99998	0.00000	0.00000	0.00000	0.00002
386	0.95118	0.00000	0.00000	0.00201	0.04681	0.00000
387	0.00000	0.99991	0.00000	0.00000	0.00000	0.00009
388	0.00000	0.99926	0.00000	0.00000	0.00000	0.00074
389	0.00000	0.99997	0.00000	0.00000	0.00000	0.00003
390	0.00009	0.50716	0.00585	0.18106	0.00353	0.30231
391	0.00000	0.22729	0.00000	0.17052	0.00000	0.60219
392	0.00000	0.95860	0.00000	0.00002	0.00000	0.04138
393	0.00000	1.00000	0.00000	0.00000	0.00000	0.00000
394	0.00000	0.99887	0.00000	0.00000	0.00000	0.00113
395	0.00000	0.99987	0.00000	0.00000	0.00000	0.00013
396	0.00000	0.99991	0.00000	0.00000	0.00000	0.00009
397	0.02391	0.44854	0.10311	0.12882	0.05540	0.24023
398	0.00000	0.99987	0.00000	0.00000	0.00000	0.00013
399	0.00000	0.99984	0.00000	0.00000	0.00000	0.00016
400	0.33626	0.04493	0.12255	0.17000	0.23896	0.08730
401	0.00000	0.99979	0.00000	0.00000	0.00000	0.00021
402	0.00000	0.99985	0.00000	0.00000	0.00000	0.00015
403	0.00000	0.99949	0.00000	0.00000	0.00000	0.00051
404	0.00000	0.99853	0.00000	0.00000	0.00000	0.00147
405	0.00000	0.99993	0.00000	0.00000	0.00000	0.00007
406	0.00000	0.99897	0.00000	0.00000	0.00000	0.00103
407	0.00000	0.99999	0.00000	0.00000	0.00000	0.00001
408	0.00000	0.99965	0.00000	0.00000	0.00000	0.00035
409	0.00000	0.99996	0.00000	0.00000	0.00000	0.00004
410	0.99995	0.00000	0.00000	0.00000	0.00005	0.00000
411	0.00000	0.99998	0.00000	0.00000	0.00000	0.00002
412	0.00000	0.99957	0.00000	0.00000	0.00000	0.00043
413	0.00000	0.99958	0.00000	0.00000	0.00000	0.00042
414	0.00000	0.97295	0.00000	0.00073	0.00000	0.02633
415	0.00000	0.99997	0.00000	0.00000	0.00000	0.00003
416	0.00000	0.99996	0.00000	0.00000	0.00000	0.00004
417	0.00000	1.00000	0.00000	0.00000	0.00000	0.00000
418	0.00000	0.99998	0.00000	0.00000	0.00000	0.00002
419	0.00000	1.00000	0.00000	0.00000	0.00000	0.00000
420	0.00000	0.99319	0.00000	0.00000	0.00000	0.00681
421	0.00000	0.96378	0.00000	0.00113	0.00000	0.03508
422	0.00000	0.95167	0.00000	0.00243	0.00000	0.04589
423	0.00000	0.99667	0.00000	0.00000	0.00000	0.00333
424	0.00000	0.99992	0.00000	0.00000	0.00000	0.00008
425	0.00000	0.99987	0.00000	0.00000	0.00000	0.00013
426	0.00000	0.99997	0.00000	0.00000	0.00000	0.00003
427	0.00000	0.99992	0.00000	0.00000	0.00000	0.00008
428	0.00000	0.99990	0.00000	0.00000	0.00000	0.00010
429	0.00000	0.99999	0.00000	0.00000	0.00000	0.00001
430	0.00000	0.99979	0.00000	0.00000	0.00000	0.00021
431	0.00000	0.99738	0.00000	0.00000	0.00000	0.00262
432	0.00000	0.99999	0.00000	0.00000	0.00000	0.00001
433	0.00000	0.99527	0.00000	0.00002	0.00000	0.00471
434	0.00000	0.99993	0.00000	0.00000	0.00000	0.00007
435	0.99991	0.00000	0.00000	0.00000	0.00009	0.00000
436	0.00000	0.99989	0.00000	0.00000	0.00000	0.00011
437	0.00000	0.99927	0.00000	0.00000	0.00000	0.00073
438	0.00000	0.99998	0.00000	0.00000	0.00000	0.00002
439	0.00000	0.99973	0.00000	0.00000	0.00000	0.00027
440	0.00000	0.99998	0.00000	0.00000	0.00000	0.00002
441	0.00000	0.99998	0.00000	0.00000	0.00000	0.00002
442	0.00000	0.99996	0.00000	0.00000	0.00000	0.00004
443	0.00000	0.99973	0.00000	0.00000	0.00000	0.00027
444	0.00000	0.99829	0.00000	0.00000	0.00000	0.00171
445	0.00000	0.99988	0.00000	0.00000	0.00000	0.00012
446	0.00000	1.00000	0.00000	0.00000	0.00000	0.00000
447	0.00000	0.99901	0.00000	0.00000	0.00000	0.00099
448	0.00000	0.99988	0.00000	0.00000	0.00000	0.00012
449	0.00000	0.99998	0.00000	0.00000	0.00000	0.00002
450	0.00000	0.99998	0.00000	0.00000	0.00000	0.00002
451	0.00000	0.80734	0.00165	0.03191	0.00035	0.15874
452	0.00000	0.99557	0.00000	0.00000	0.00000	0.00443
453	0.00000	0.99972	0.00000	0.00000	0.00000	0.00028
454	0.00000	0.99383	0.00000	0.00003	0.00000	0.00614
455	0.00000	0.99998	0.00000	0.00000	0.00000	0.00002
456	0.00000	1.00000	0.00000	0.00000	0.00000	0.00000
457	0.00000	0.99991	0.00000	0.00000	0.00000	0.00009
458	0.00000	0.99999	0.00000	0.00000	0.00000	0.00001
459	0.99998	0.00000	0.00000	0.00000	0.00002	0.00000
460	0.00000	0.93893	0.00000	0.00109	0.00000	0.05998
461	0.00000	0.99993	0.00000	0.00000	0.00000	0.00007
462	0.00000	0.72906	0.00128	0.05984	0.00037	0.20945
463	0.99395	0.00000	0.00000	0.00000	0.00604	0.00000
464	0.00000	0.99994	0.00000	0.00000	0.00000	0.00006
465	0.00000	1.00000	0.00000	0.00000	0.00000	0.00000
466	0.00000	0.93580	0.00000	0.00447	0.00000	0.05973
467	0.00000	0.99966	0.00000	0.00000	0.00000	0.00034
468	0.00000	0.99998	0.00000	0.00000	0.00000	0.00002
469	0.00000	0.95326	0.00000	0.00170	0.00000	0.04504
470	0.00000	0.99995	0.00000	0.00000	0.00000	0.00005
471	0.00000	0.99082	0.00000	0.00001	0.00000	0.00916
472	0.00000	0.99998	0.00000	0.00000	0.00000	0.00002
473	0.00003	0.59389	0.00246	0.12747	0.00115	0.27500
474	0.00000	0.99998	0.00000	0.00000	0.00000	0.00002
475	0.00000	0.99730	0.00000	0.00000	0.00000	0.00270
476	0.00000	0.99924	0.00000	0.00000	0.00000	0.00076
477	0.00000	0.99998	0.00000	0.00000	0.00000	0.00002
478	0.00000	0.99780	0.00000	0.00000	0.00000	0.00220
479	0.00000	0.99993	0.00000	0.00000	0.00000	0.00007
480	0.00000	0.99952	0.00000	0.00000	0.00000	0.00048
481	0.00000	0.99998	0.00000	0.00000	0.00000	0.00002
482	0.00000	0.99996	0.00000	0.00000	0.00000	0.00004
483	0.00000	0.99999	0.00000	0.00000	0.00000	0.00001
484	0.00000	0.99979	0.00000	0.00000	0.00000	0.00021
485	0.00000	0.99927	0.00000	0.00000	0.00000	0.00073
486	0.00000	0.99987	0.00000	0.00000	0.00000	0.00013
487	0.00000	1.00000	0.00000	0.00000	0.00000	0.00000
488	0.00000	0.99973	0.00000	0.00000	0.00000	0.00027
489	0.00000	0.99882	0.00000	0.00000	0.00000	0.00117
490	0.00000	0.99996	0.00000	0.00000	0.00000	0.00004
491	0.00000	0.99353	0.00000	0.00004	0.00000	0.00643
492	0.00000	0.99996	0.00000	0.00000	0.00000	0.00004
493	0.00000	0.88996	0.00000	0.01101	0.00000	0.09902
494	0.00000	0.99988	0.00000	0.00000	0.00000	0.00012
495	0.00000	0.99988	0.00000	0.00000	0.00000	0.00012
496	0.00000	0.99995	0.00000	0.00000	0.00000	0.00005
497	0.00000	0.99990	0.00000	0.00000	0.00000	0.00010
498	0.00000	0.99999	0.00000	0.00000	0.00000	0.00001
499	0.04914	0.33777	0.12797	0.16222	0.08905	0.23384
500	0.00000	0.99999	0.00000	0.00000	0.00000	0.00001
501	0.00000	0.86292	0.00000	0.01680	0.00000	0.12028
502	0.00000	0.99970	0.00000	0.00000	0.00000	0.00030
503	0.00000	0.99923	0.00000	0.00000	0.00000	0.00077
504	0.00000	0.99987	0.00000	0.00000	0.00000	0.00013
505	0.98478	0.00000	0.00000	0.00018	0.01504	0.00000
506	0.99999	0.00000	0.00000	0.00000	0.00001	0.00000
507	0.00000	0.95867	0.00000	0.00003	0.00000	0.04129
508	0.00000	0.99990	0.00000	0.00000	0.00000	0.00010
509	0.00000	1.00000	0.00000	0.00000	0.00000	0.00000
510	0.00000	0.99968	0.00000	0.00000	0.00000	0.00032
511	0.00000	0.99992	0.00000	0.00000	0.00000	0.00008
512	0.97146	0.00000	0.00000	0.00008	0.02846	0.00000
513	0.00000	0.99999	0.00000	0.00000	0.00000	0.00001
514	0.99994	0.00000	0.00000	0.00000	0.00006	0.00000
515	0.00000	0.97292	0.00000	0.00062	0.00000	0.02646
516	0.00000	0.99967	0.00000	0.00000	0.00000	0.00033
517	0.99997	0.00000	0.00000	0.00000	0.00003	0.00000
518	0.00000	0.99999	0.00000	0.00000	0.00000	0.00001
519	0.00000	0.99998	0.00000	0.00000	0.00000	0.00002
520	0.00000	0.99996	0.00000	0.00000	0.00000	0.00004
521	0.00000	0.99975	0.00000	0.00000	0.00000	0.00025
522	0.00000	0.99998	0.00000	0.00000	0.00000	0.00002
523	0.00000	1.00000	0.00000	0.00000	0.00000	0.00000
524	0.00000	0.99984	0.00000	0.00000	0.00000	0.00016
525	0.00000	0.99987	0.00000	0.00000	0.00000	0.00013
526	0.00000	0.99997	0.00000	0.00000	0.00000	0.00003
527	0.00001	0.82789	0.00325	0.02495	0.00057	0.14332
528	0.00000	0.77447	0.00072	0.04277	0.00017	0.18186
529	0.00000	0.99999	0.00000	0.00000	0.00000	0.00001
530	0.00000	0.99994	0.00000	0.00000	0.00000	0.00006
531	0.00000	0.99112	0.00000	0.00000	0.00000	0.00888
532	0.99990	0.00000	0.00000	0.00000	0.00010	0.00000
533	0.00000	0.99995	0.00000	0.00000	0.00000	0.00005
534	0.00000	0.99989	0.00000	0.00000	0.00000	0.00011
535	0.00000	0.99910	0.00000	0.00000	0.00000	0.00090
536	0.99989	0.00000	0.00000	0.00000	0.00011	0.00000
537	0.00000	0.83508	0.00000	0.02425	0.00000	0.14066
538	0.00000	0.99997	0.00000	0.00000	0.00000	0.00003
539	0.79867	0.00000	0.00002	0.02082	0.18049	0.00000
540	0.99999	0.00000	0.00000	0.00000	0.00001	0.00000
541	0.99989	0.00000	0.00000	0.00000	0.00011	0.00000
542	0.00000	0.99391	0.00000	0.00003	0.00000	0.00606
543	0.00000	0.99990	0.00000	0.00000	0.00000	0.00010
544	0.00000	0.98353	0.00000	0.00000	0.00000	0.01647
545	0.00000	0.99907	0.00000	0.00000	0.00000	0.00093
546	0.00000	0.99989	0.00000	0.00000	0.00000	0.00011
547	0.93913	0.00000	0.00000	0.00352	0.05734	0.00000
548	0.00000	0.99996	0.00000	0.00000	0.00000	0.00004
549	0.00000	0.99999	0.00000	0.00000	0.00000	0.00001
550	1.00000	0.00000	0.00000	0.00000	0.00000	0.00000
551	0.00000	0.99999	0.00000	0.00000	0.00000	0.00001
552	0.00000	0.99999	0.00000	0.00000	0.00000	0.00001
553	0.00000	0.99997	0.00000	0.00000	0.00000	0.00003
554	0.00000	0.99999	0.00000	0.00000	0.00000	0.00001
555	0.00000	0.00000	0.99959	0.00036	0.00003	0.00002
556	0.00000	0.99999	0.00000	0.00000	0.00000	0.00001
557	0.00000	0.99999	0.00000	0.00000	0.00000	0.00001
558	0.99986	0.00000	0.00000	0.00000	0.00014	0.00000
559	0.99999	0.00000	0.00000	0.00000	0.00001	0.00000
560	0.99965	0.00000	0.00000	0.00000	0.00035	0.00000
561	0.99916	0.00000	0.00000	0.00000	0.00084	0.00000
562	0.00000	0.99998	0.00000	0.00000	0.00000	0.00002
563	0.00000	1.00000	0.00000	0.00000	0.00000	0.00000
564	0.99956	0.00000	0.00000	0.00000	0.00044	0.00000
565	0.00000	0.99994	0.00000	0.00000	0.00000	0.00006
566	0.03989	0.38136	0.12290	0.14494	0.07593	0.23498
567	0.99992	0.00000	0.00000	0.00000	0.00008	0.00000
568	0.00000	0.99989	0.00000	0.00000	0.00000	0.00011
569	0.00000	0.99997	0.00000	0.00000	0.00000	0.00003
570	0.00000	0.99897	0.00000	0.00000	0.00000	0.00103
571	0.00000	0.99626	0.00000	0.00000	0.00000	0.00374
572	0.00000	0.99860	0.00000	0.00000	0.00000	0.00140
573	0.00000	0.99993	0.00000	0.00000	0.00000	0.00007
574	0.00000	0.00000	0.00000	0.00164	0.99836	0.00000
575	0.00000	0.99997	0.00000	0.00000	0.00000	0.00003
576	1.00000	0.00000	0.00000	0.00000	0.00000	0.00000
577	0.00000	0.99995	0.00000	0.00000	0.00000	0.00005
578	0.00000	0.95918	0.00000	0.00002	0.00000	0.04081
579	0.00000	0.89631	0.00000	0.00987	0.00000	0.09383
580	0.00000	0.99984	0.00000	0.00000	0.00000	0.00016
581	0.00000	0.99994	0.00000	0.00000	0.00000	0.00006
582	0.00000	0.84389	0.00000	0.02149	0.00000	0.13462
583	0.00000	0.99921	0.00000	0.00000	0.00000	0.00079
584	0.00000	0.98579	0.00000	0.00000	0.00000	0.01421
585	0.00000	0.99988	0.00000	0.00000	0.00000	0.00012
586	0.00000	1.00000	0.00000	0.00000	0.00000	0.00000
587	0.00000	0.99914	0.00000	0.00000	0.00000	0.00086
588	0.00000	0.99999	0.00000	0.00000	0.00000	0.00001
589	0.00000	0.99998	0.00000	0.00000	0.00000	0.00002
590	0.00000	0.97484	0.00000	0.00052	0.00000	0.02464
591	0.00000	0.96683	0.00000	0.00106	0.00000	0.03210
592	0.00000	0.99992	0.00000	0.00000	0.00000	0.00008
593	0.00000	0.99999	0.00000	0.00000	0.00000	0.00001
594	0.00000	1.00000	0.00000	0.00000	0.00000	0.00000
595	0.00000	0.00117	0.00010	0.22623	0.00001	0.77250
596	0.00000	0.99994	0.00000	0.00000	0.00000	0.00006
597	0.00000	0.98532	0.00000	0.00012	0.00000	0.01456
598	0.00000	0.99852	0.00000	0.00000	0.00000	0.00148
599	0.00000	1.00000	0.00000	0.00000	0.00000	0.00000
600	0.00000	0.97722	0.00000	0.00045	0.00000	0.02234
601	0.99858	0.00000	0.00000	0.00000	0.00142	0.00000
602	0.69604	0.00000	0.00002	0.07527	0.22865	0.00001
603	0.00000	0.99835	0.00000	0.00000	0.00000	0.00165
604	0.00000	0.99773	0.00000	0.00000	0.00000	0.00227
605	0.00000	0.99994	0.00000	0.00000	0.00000	0.00006
606	0.00000	0.99997	0.00000	0.00000	0.00000	0.00003
607	0.00000	0.99985	0.00000	0.00000	0.00000	0.00015
608	0.00000	0.99704	0.00000	0.00000	0.00000	0.00296
609	0.99458	0.00000	0.00000	0.00000	0.00542	0.00000
610	0.00000	0.99966	0.00000	0.00000	0.00000	0.00034
611	0.00000	0.99981	0.00000	0.00000	0.00000	0.00019
612	0.00000	0.99999	0.00000	0.00000	0.00000	0.00001
613	0.00000	0.99533	0.00000	0.00002	0.00000	0.00464
614	0.00000	0.99976	0.00000	0.00000	0.00000	0.00024
615	0.00000	0.99049	0.00000	0.00000	0.00000	0.00950
616	0.00000	0.99940	0.00000	0.00000	0.00000	0.00060
617	0.00000	0.99998	0.00000	0.00000	0.00000	0.00002
618	0.00000	0.99303	0.00000	0.00005	0.00000	0.00692
619	0.00000	0.99984	0.00000	0.00000	0.00000	0.00016
620	0.00000	1.00000	0.00000	0.00000	0.00000	0.00000
621	0.00000	0.83815	0.00103	0.01954	0.00012	0.14116
622	0.00000	1.00000	0.00000	0.00000	0.00000	0.00000
623	0.00000	0.99125	0.00000	0.00000	0.00000	0.00875
624	0.00000	0.99997	0.00000	0.00000	0.00000	0.00003
625	0.00241	0.40605	0.01790	0.24448	0.01485	0.31432
626	0.00000	0.99998	0.00000	0.00000	0.00000	0.00002
627	0.00000	0.99950	0.00000	0.00000	0.00000	0.00050
628	0.00000	0.99994	0.00000	0.00000	0.00000	0.00006
629	0.00000	1.00000	0.00000	0.00000	0.00000	0.00000
630	0.00000	0.99998	0.00000	0.00000	0.00000	0.00002
631	0.99997	0.00000	0.00000	0.00000	0.00003	0.00000
632	0.00000	0.99999	0.00000	0.00000	0.00000	0.00001
633	0.00000	1.00000	0.00000	0.00000	0.00000	0.00000
634	0.00000	0.99909	0.00000	0.00000	0.00000	0.00091
635	0.00000	0.68586	0.00000	0.05790	0.00000	0.25624
636	0.00000	0.20271	0.00000	0.46959	0.00000	0.32770
637	0.00000	0.99993	0.00000	0.00000	0.00000	0.00007
638	0.00000	0.99986	0.00000	0.00000	0.00000	0.00014
639	0.00000	1.00000	0.00000	0.00000	0.00000	0.00000
640	0.00000	0.99995	0.00000	0.00000	0.00000	0.00005
641	0.00000	0.99813	0.00000	0.00000	0.00000	0.00187
642	0.00000	0.99997	0.00000	0.00000	0.00000	0.00003
643	0.00000	0.00002	0.00000	0.00105	0.00000	0.99893
644	0.00000	0.99990	0.00000	0.00000	0.00000	0.00010
645	0.00000	0.99987	0.00000	0.00000	0.00000	0.00013
646	0.00000	0.99994	0.00000	0.00000	0.00000	0.00006
647	0.00000	0.99998	0.00000	0.00000	0.00000	0.00002
648	0.00000	0.99722	0.00000	0.00000	0.00000	0.00278
649	0.99636	0.00000	0.00000	0.00000	0.00364	0.00000
650	0.00000	0.99995	0.00000	0.00000	0.00000	0.00005
651	0.00000	0.99999	0.00000	0.00000	0.00000	0.00001
652	0.77255	0.00000	0.00000	0.02767	0.19979	0.00000
653	0.00000	0.99999	0.00000	0.00000	0.00000	0.00001
654	0.00000	0.99995	0.00000	0.00000	0.00000	0.00005
655	0.00000	0.99990	0.00000	0.00000	0.00000	0.00010
656	0.00000	0.99997	0.00000	0.00000	0.00000	0.00003
657	0.00000	0.99940	0.00000	0.00000	0.00000	0.00060
658	0.90685	0.00000	0.00000	0.00803	0.08512	0.00000
659	0.00000	0.99258	0.00000	0.00003	0.00000	0.00739
660	0.00000	0.99986	0.00000	0.00000	0.00000	0.00014
661	0.00000	0.99968	0.00000	0.00000	0.00000	0.00032
662	0.00000	0.85247	0.00025	0.01766	0.00003	0.12959
663	0.99999	0.00000	0.00000	0.00000	0.00001	0.00000
664	0.00000	0.99078	0.00000	0.00007	0.00000	0.00914
665	0.99998	0.00000	0.00000	0.00000	0.00002	0.00000
666	0.99983	0.00000	0.00000	0.00000	0.00017	0.00000
667	0.99983	0.00000	0.00000	0.00000	0.00017	0.00000
668	0.99936	0.00000	0.00000	0.00000	0.00064	0.00000
669	0.88030	0.00000	0.00000	0.00070	0.11900	0.00000
670	0.00000	0.99964	0.00000	0.00000	0.00000	0.00036
671	0.00000	0.99996	0.00000	0.00000	0.00000	0.00004
672	0.00000	0.99998	0.00000	0.00000	0.00000	0.00002
673	0.02806	0.42368	0.10830	0.13722	0.06190	0.24083
674	0.00000	0.99406	0.00000	0.00003	0.00000	0.00591
675	0.00000	0.99055	0.00000	0.00002	0.00000	0.00943
676	0.00000	0.99999	0.00000	0.00000	0.00000	0.00001
677	0.98985	0.00000	0.00000	0.00000	0.01015	0.00000
678	0.00000	0.99996	0.00000	0.00000	0.00000	0.00004
679	0.00000	0.99997	0.00000	0.00000	0.00000	0.00003
680	0.00000	0.99998	0.00000	0.00000	0.00000	0.00002
681	0.00000	0.99969	0.00000	0.00000	0.00000	0.00031
682	0.00000	0.99999	0.00000	0.00000	0.00000	0.00001
683	0.00000	0.99850	0.00000	0.00000	0.00000	0.00150
684	0.00000	0.99999	0.00000	0.00000	0.00000	0.00001
685	0.00000	0.99928	0.00000	0.00000	0.00000	0.00072
686	0.00000	0.99893	0.00000	0.00000	0.00000	0.00107
687	0.00000	0.99970	0.00000	0.00000	0.00000	0.00030
688	0.00000	0.99991	0.00000	0.00000	0.00000	0.00009
689	0.00000	0.99998	0.00000	0.00000	0.00000	0.00002
690	0.00000	0.99996	0.00000	0.00000	0.00000	0.00004
691	0.00000	0.99990	0.00000	0.00000	0.00000	0.00010
692	0.00000	0.99996	0.00000	0.00000	0.00000	0.00004
693	0.03044	0.22809	0.08115	0.30335	0.09444	0.26254
694	0.00000	0.99999	0.00000	0.00000	0.00000	0.00001
695	0.00000	1.00000	0.00000	0.00000	0.00000	0.00000
696	0.00000	0.97779	0.00000	0.00002	0.00000	0.02219
697	0.00000	0.53217	0.00000	0.00038	0.00000	0.46745
698	0.00000	0.99988	0.00000	0.00000	0.00000	0.00012
699	0.00000	0.99984	0.00000	0.00000	0.00000	0.00016
700	0.99998	0.00000	0.00000	0.00000	0.00002	0.00000
701	0.99991	0.00000	0.00000	0.00000	0.00009	0.00000
702	0.98842	0.00000	0.00000	0.00000	0.01158	0.00000
703	0.19680	0.13866	0.16514	0.16648	0.18100	0.15192
704	0.93325	0.00000	0.00000	0.00421	0.06254	0.00000
705	0.00000	0.99974	0.00000	0.00000	0.00000	0.00026
706	0.00000	0.99426	0.00000	0.00002	0.00000	0.00572
707	0.85777	0.00000	0.00000	0.01386	0.12837	0.00000
708	0.00000	0.99660	0.00000	0.00000	0.00000	0.00340
709	0.00000	0.40116	0.00000	0.00016	0.00000	0.59868
710	0.00000	0.99997	0.00000	0.00000	0.00000	0.00003
711	0.00000	0.87880	0.00000	0.00007	0.00000	0.12113
712	0.00000	0.99985	0.00000	0.00000	0.00000	0.00015
713	0.00000	0.99988	0.00000	0.00000	0.00000	0.00012
714	0.99964	0.00000	0.00000	0.00000	0.00036	0.00000
715	0.00010	0.61853	0.00458	0.11192	0.00200	0.26286
716	0.00000	0.99831	0.00000	0.00000	0.00000	0.00169
717	0.00000	0.99968	0.00000	0.00000	0.00000	0.00032
718	0.99999	0.00000	0.00000	0.00000	0.00001	0.00000
719	0.00000	0.99993	0.00000	0.00000	0.00000	0.00007
720	0.00000	0.99999	0.00000	0.00000	0.00000	0.00001
721	0.00000	0.99989	0.00000	0.00000	0.00000	0.00011
722	0.00000	0.99957	0.00000	0.00000	0.00000	0.00043
723	0.00000	0.99956	0.00000	0.00000	0.00000	0.00044
724	0.00000	0.90332	0.00000	0.00899	0.00000	0.08768
725	0.00000	0.95320	0.00000	0.00220	0.00000	0.04460
726	0.00000	0.99999	0.00000	0.00000	0.00000	0.00001
727	0.00000	0.99990	0.00000	0.00000	0.00000	0.00010
728	0.00001	0.62866	0.00083	0.11103	0.00045	0.25902
729	0.00000	0.60654	0.00000	0.00000	0.00000	0.39346
730	0.00000	0.99950	0.00000	0.00000	0.00000	0.00050
731	0.00000	0.99808	0.00000	0.00000	0.00000	0.00192
732	0.57512	0.00000	0.00000	0.00040	0.42449	0.00000
733	0.00000	0.98575	0.00000	0.00002	0.00000	0.01423
734	0.00000	0.99819	0.00000	0.00000	0.00000	0.00181
735	0.00000	1.00000	0.00000	0.00000	0.00000	0.00000
736	0.00001	0.66216	0.00784	0.06641	0.00150	0.26209
737	0.00000	0.99996	0.00000	0.00000	0.00000	0.00004
738	1.00000	0.00000	0.00000	0.00000	0.00000	0.00000
739	0.00000	0.47423	0.00042	0.21042	0.00028	0.31465
740	0.00000	0.99999	0.00000	0.00000	0.00000	0.00001
741	0.99865	0.00000	0.00000	0.00000	0.00135	0.00000
742	0.00000	1.00000	0.00000	0.00000	0.00000	0.00000
743	0.00000	0.99999	0.00000	0.00000	0.00000	0.00001
744	0.00000	0.99967	0.00000	0.00000	0.00000	0.00033
745	0.99999	0.00000	0.00000	0.00000	0.00001	0.00000
746	0.00000	0.99999	0.00000	0.00000	0.00000	0.00001
747	0.00000	1.00000	0.00000	0.00000	0.00000	0.00000
748	0.00000	0.99985	0.00000	0.00000	0.00000	0.00015
749	0.00000	0.99973	0.00000	0.00000	0.00000	0.00027
750	0.00011	0.58345	0.00715	0.13031	0.00340	0.27558
751	0.00000	0.99996	0.00000	0.00000	0.00000	0.00004
752	0.00000	0.99999	0.00000	0.00000	0.00000	0.00001
753	0.00000	0.99997	0.00000	0.00000	0.00000	0.00003
754	0.00000	0.99986	0.00000	0.00000	0.00000	0.00014
755	0.00000	0.99958	0.00000	0.00000	0.00000	0.00042
756	0.00000	0.99997	0.00000	0.00000	0.00000	0.00003
757	0.00000	0.98875	0.00000	0.00009	0.00000	0.01116
758	0.00000	0.98412	0.00000	0.00022	0.00000	0.01567
759	0.99024	0.00000	0.00000	0.00000	0.00976	0.00000
760	1.00000	0.00000	0.00000	0.00000	0.00000	0.00000
761	0.00000	0.60119	0.00000	0.00122	0.00000	0.39759
762	0.00000	0.99998	0.00000	0.00000	0.00000	0.00002
763	0.00000	0.99943	0.00000	0.00000	0.00000	0.00057
764	0.00000	0.99999	0.00000	0.00000	0.00000	0.00001
765	0.00000	0.97096	0.00000	0.00000	0.00000	0.02904
766	0.00000	0.99977	0.00000	0.00000	0.00000	0.00023
767	0.00000	1.00000	0.00000	0.00000	0.00000	0.00000
768	0.00000	0.99701	0.00000	0.00000	0.00000	0.00299
769	0.00000	0.98865	0.00000	0.00008	0.00000	0.01127
770	0.00000	0.99994	0.00000	0.00000	0.00000	0.00006
771	0.00000	0.99991	0.00000	0.00000	0.00000	0.00009
772	0.00000	0.99107	0.00000	0.00000	0.00000	0.00893
773	0.00000	0.97422	0.00000	0.00065	0.00000	0.02513
774	0.00000	0.45196	0.00000	0.19023	0.00000	0.35782
775	0.00000	0.99917	0.00000	0.00000	0.00000	0.00083
776	0.00000	0.99981	0.00000	0.00000	0.00000	0.00019
