28801_sweeps	1.000/0.000/0.000/0.000	0.000/0.000/0.000/1.000	0.000/0.500/0.500/0.000	0.250/0.250/0.250/0.250	0.500/0.250/0.250/0.000	0.000/0.250/0.250/0.500
1	0.00000	0.99999	0.00000	0.00000	0.00000	0.00001
2	0.00000	0.99981	0.00000	0.00000	0.00000	0.00019
3	0.00000	0.99998	0.00000	0.00000	0.00000	0.00002
4	0.00000	0.98005	0.00000	0.00039	0.00000	0.01955
5	0.00000	0.99999	0.00000	0.00000	0.00000	0.00001
6	0.00000	0.99976	0.00000	0.00000	0.00000	0.00024
7	0.00000	0.99986	0.00000	0.00000	0.00000	0.00014
8	0.00000	0.99993	0.00000	0.00000	0.00000	0.00007
9	0.00000	1.00000	0.00000	0.00000	0.00000	0.00000
10	0.00000	0.00000	0.00000	0.00024	0.99976	0.00000
11	0.99994	0.00000	0.00000	0.00000	0.00006	0.00000
12	0.00000	0.70492	0.00000	0.00263	0.00000	0.29245
13	0.00000	0.99996	0.00000	0.00000	0.00000	0.00004
14	0.00000	0.99999	0.00000	0.00000	0.00000	0.00001
15	0.00000	0.99999	0.00000	0.00000	0.00000	0.00001
16	0.00000	0.99718	0.00000	0.00001	0.00000	0.00281
17	0.99999	0.00000	0.00000	0.00000	0.00001	0.00000
18	0.87135	0.00000	0.00000	0.01488	0.11377	0.00000
19	0.00000	0.99485	0.00000	0.00003	0.00000	0.00512
20	1.00000	0.00000	0.00000	0.00000	0.00000	0.00000
21	0.19761	0.00000	0.00080	0.49250	0.30780	0.00129
22	0.00000	0.99956	0.00000	0.00000	0.00000	0.00044
23	0.99996	0.00000	0.00000	0.00000	0.00004	0.00000
24	0.99997	0.00000	0.00000	0.00000	0.00003	0.00000
25	0.99991	0.00000	0.00000	0.00000	0.00009	0.00000
26	0.00000	1.00000	0.00000	0.00000	0.00000	0.00000
27	0.00000	0.99987	0.00000	0.00000	0.00000	0.00013
28	0.00000	1.00000	0.00000	0.00000	0.00000	0.00000
29	0.00000	0.99999	0.00000	0.00000	0.00000	0.00001
30	0.99964	0.00000	0.00000	0.00000	0.00036	0.00000
31	0.99982	0.00000	0.00000	0.00000	0.00018	0.00000
32	0.00000	0.98558	0.00000	0.00021	0.00000	0.01421
33	0.99946	0.00000	0.00000	0.00000	0.00054	0.00000
34	0.00000	0.01982	0.00000	0.86661	0.00000	0.11357
35	0.00000	0.83348	0.00000	0.00782	0.00000	0.15871
36	0.00000	0.99974	0.00000	0.00000	0.00000	0.00026
37	0.99999	0.00000	0.00000	0.00000	0.00001	0.00000
38	1.00000	0.00000	0.00000	0.00000	0.00000	0.00000
39	0.00000	1.00000	0.00000	0.00000	0.00000	0.00000
40	0.00000	0.99972	0.00000	0.00000	0.00000	0.00028
41	0.00000	0.99999	0.00000	0.00000	0.00000	0.00001
42	0.00000	0.99987	0.00000	0.00000	0.00000	0.00013
43	0.36294	0.00000	0.00000	0.00003	0.63702	0.00000
44	0.00000	0.99999	0.00000	0.00000	0.00000	0.00001
45	1.00000	0.00000	0.00000	0.00000	0.00000	0.00000
46	0.00000	0.99995	0.00000	0.00000	0.00000	0.00005
47	0.00000	1.00000	0.00000	0.00000	0.00000	0.00000
48	0.99995	0.00000	0.00000	0.00000	0.00005	0.00000
49	0.98786	0.00000	0.00000	0.00000	0.01214	0.00000
50	0.00000	0.99395	0.00000	0.00002	0.00000	0.00603
51	0.00000	0.99999	0.00000	0.00000	0.00000	0.00001
52	0.00000	0.99994	0.00000	0.00000	0.00000	0.00006
53	0.99981	0.00000	0.00000	0.00000	0.00019	0.00000
54	0.00000	1.00000	0.00000	0.00000	0.00000	0.00000
55	0.00000	0.99981	0.00000	0.00000	0.00000	0.00019
56	0.99102	0.00000	0.00000	0.00005	0.00893	0.00000
57	0.00000	0.99997	0.00000	0.00000	0.00000	0.00003
58	0.00000	0.99973	0.00000	0.00000	0.00000	0.00027
59	0.00000	0.99893	0.00000	0.00000	0.00000	0.00107
60	0.00000	0.99999	0.00000	0.00000	0.00000	0.00001
61	0.00000	0.99997	0.00000	0.00000	0.00000	0.00003
62	0.00000	0.99999	0.00000	0.00000	0.00000	0.00001
63	0.00000	1.00000	0.00000	0.00000	0.00000	0.00000
64	0.00000	1.00000	0.00000	0.00000	0.00000	0.00000
65	0.00000	0.99998	0.00000	0.00000	0.00000	0.00002
66	0.84747	0.00000	0.00000	0.00001	0.15252	0.00000
67	0.00000	0.99997	0.00000	0.00000	0.00000	0.00003
68	0.00000	0.99998	0.00000	0.00000	0.00000	0.00002
69	0.00021	0.67475	0.01125	0.07914	0.00390	0.23076
70	0.00000	0.95122	0.00000	0.00211	0.00000	0.04667
71	0.00000	0.99999	0.00000	0.00000	0.00000	0.00001
72	0.00000	1.00000	0.00000	0.00000	0.00000	0.00000
73	0.00000	0.98142	0.00000	0.00022	0.00000	0.01837
74	0.00000	1.00000	0.00000	0.00000	0.00000	0.00000
75	0.00000	1.00000	0.00000	0.00000	0.00000	0.00000
76	0.00000	0.99945	0.00000	0.00000	0.00000	0.00055
77	0.99673	0.00000	0.00000	0.00000	0.00327	0.00000
78	1.00000	0.00000	0.00000	0.00000	0.00000	0.00000
79	0.99970	0.00000	0.00000	0.00000	0.00030	0.00000
80	0.00000	0.05479	0.00000	0.58466	0.00000	0.36055
81	0.00000	0.99827	0.00000	0.00000	0.00000	0.00173
82	0.68055	0.00037	0.01568	0.07395	0.22427	0.00518
83	1.00000	0.00000	0.00000	0.00000	0.00000	0.00000
84	0.00000	0.99997	0.00000	0.00000	0.00000	0.00003
85	0.99999	0.00000	0.00000	0.00000	0.00001	0.00000
86	0.99891	0.00000	0.00000	0.00000	0.00109	0.00000
87	0.00000	1.00000	0.00000	0.00000	0.00000	0.00000
88	1.00000	0.00000	0.00000	0.00000	0.00000	0.00000
89	0.00000	0.99971	0.00000	0.00000	0.00000	0.00029
90	0.00000	1.00000	0.00000	0.00000	0.00000	0.00000
91	0.99703	0.00000	0.00000	0.00001	0.00296	0.00000
92	0.00000	0.00000	0.00000	0.00128	0.00000	0.99872
93	0.00000	0.99995	0.00000	0.00000	0.00000	0.00005
94	0.98263	0.00000	0.00000	0.00026	0.01711	0.00000
95	0.00000	0.99999	0.00000	0.00000	0.00000	0.00001
96	0.00000	1.00000	0.00000	0.00000	0.00000	0.00000
97	0.99981	0.00000	0.00000	0.00000	0.00019	0.00000
98	0.00000	0.99780	0.00000	0.00000	0.00000	0.00220
99	0.00002	0.63269	0.00415	0.10048	0.00140	0.26125
100	0.00000	0.99946	0.00000	0.00000	0.00000	0.00054
101	0.00000	0.99999	0.00000	0.00000	0.00000	0.00001
102	0.00000	0.99839	0.00000	0.00000	0.00000	0.00161
103	0.00000	0.99999	0.00000	0.00000	0.00000	0.00001
104	0.00000	0.99995	0.00000	0.00000	0.00000	0.00005
105	0.00000	0.80361	0.00017	0.03332	0.00004	0.16286
106	0.00000	0.99994	0.00000	0.00000	0.00000	0.00006
107	0.00000	0.99987	0.00000	0.00000	0.00000	0.00013
108	0.99915	0.00000	0.00000	0.00000	0.00085	0.00000
109	0.00000	0.99993	0.00000	0.00000	0.00000	0.00007
110	0.00000	0.99993	0.00000	0.00000	0.00000	0.00007
111	0.00000	0.99948	0.00000	0.00000	0.00000	0.00052
112	0.99943	0.00000	0.00000	0.00000	0.00057	0.00000
113	0.99888	0.00000	0.00000	0.00000	0.00112	0.00000
114	0.00000	0.99999	0.00000	0.00000	0.00000	0.00001
115	0.00000	0.99999	0.00000	0.00000	0.00000	0.00001
116	0.00145	0.00000	0.00000	0.00090	0.99765	0.00000
117	0.00000	0.99952	0.00000	0.00000	0.00000	0.00048
118	0.99995	0.00000	0.00000	0.00000	0.00005	0.00000
119	1.00000	0.00000	0.00000	0.00000	0.00000	0.00000
120	0.00000	0.99999	0.00000	0.00000	0.00000	0.00001
121	0.00000	0.99982	0.00000	0.00000	0.00000	0.00018
122	0.00000	0.99998	0.00000	0.00000	0.00000	0.00002
123	0.59718	0.00130	0.02771	0.10805	0.25397	0.01180
124	0.00000	0.99998	0.00000	0.00000	0.00000	0.00002
125	0.00000	0.99483	0.00000	0.00002	0.00000	0.00515
126	0.00000	0.99999	0.00000	0.00000	0.00000	0.00001
127	0.00000	0.99996	0.00000	0.00000	0.00000	0.00004
128	0.00000	0.99999	0.00000	0.00000	0.00000	0.00001
129	0.00000	0.99722	0.00000	0.00001	0.00000	0.00277
130	0.00000	0.99971	0.00000	0.00000	0.00000	0.00029
131	0.99997	0.00000	0.00000	0.00000	0.00003	0.00000
132	0.00000	1.00000	0.00000	0.00000	0.00000	0.00000
133	0.00000	1.00000	0.00000	0.00000	0.00000	0.00000
134	0.00000	0.99999	0.00000	0.00000	0.00000	0.00001
135	0.00000	0.99999	0.00000	0.00000	0.00000	0.00001
136	0.00000	1.00000	0.00000	0.00000	0.00000	0.00000
137	0.00000	0.99999	0.00000	0.00000	0.00000	0.00001
138	0.99972	0.00000	0.00000	0.00000	0.00028	0.00000
139	0.99994	0.00000	0.00000	0.00000	0.00006	0.00000
140	0.99996	0.00000	0.00000	0.00000	0.00004	0.00000
141	0.81959	0.00000	0.00000	0.03445	0.14596	0.00000
142	0.99243	0.00000	0.00000	0.00000	0.00757	0.00000
143	0.00000	0.99998	0.00000	0.00000	0.00000	0.00002
144	0.99999	0.00000	0.00000	0.00000	0.00001	0.00000
145	0.99982	0.00000	0.00000	0.00000	0.00018	0.00000
146	1.00000	0.00000	0.00000	0.00000	0.00000	0.00000
147	0.99999	0.00000	0.00000	0.00000	0.00001	0.00000
148	1.00000	0.00000	0.00000	0.00000	0.00000	0.00000
149	0.99968	0.00000	0.00000	0.00000	0.00032	0.00000
150	0.99999	0.00000	0.00000	0.00000	0.00001	0.00000
151	0.00000	0.97421	0.00000	0.00063	0.00000	0.02515
152	0.15571	0.17799	0.16630	0.16671	0.16107	0.17221
153	0.00000	0.99975	0.00000	0.00000	0.00000	0.00025
154	0.00000	0.99996	0.00000	0.00000	0.00000	0.00004
155	0.00000	0.99967	0.00000	0.00000	0.00000	0.00033
156	0.00000	0.99999	0.00000	0.00000	0.00000	0.00001
157	0.00000	0.99997	0.00000	0.00000	0.00000	0.00003
158	0.00000	0.99999	0.00000	0.00000	0.00000	0.00001
159	0.00000	0.99996	0.00000	0.00000	0.00000	0.00004
160	0.00000	0.99993	0.00000	0.00000	0.00000	0.00007
161	0.00000	1.00000	0.00000	0.00000	0.00000	0.00000
162	0.99999	0.00000	0.00000	0.00000	0.00001	0.00000
163	0.00000	0.99955	0.00000	0.00000	0.00000	0.00045
164	0.00000	0.99998	0.00000	0.00000	0.00000	0.00002
165	0.00000	0.99660	0.00000	0.00001	0.00000	0.00339
166	0.99932	0.00000	0.00000	0.00000	0.00068	0.00000
167	0.99998	0.00000	0.00000	0.00000	0.00002	0.00000
168	0.99999	0.00000	0.00000	0.00000	0.00001	0.00000
169	0.00000	0.99998	0.00000	0.00000	0.00000	0.00002
170	0.00000	0.99971	0.00000	0.00000	0.00000	0.00029
171	0.00000	0.99995	0.00000	0.00000	0.00000	0.00005
172	0.00000	0.99981	0.00000	0.00000	0.00000	0.00019
173	1.00000	0.00000	0.00000	0.00000	0.00000	0.00000
174	0.00000	0.99997	0.00000	0.00000	0.00000	0.00003
175	0.00000	0.99994	0.00000	0.00000	0.00000	0.00006
176	0.00000	1.00000	0.00000	0.00000	0.00000	0.00000
177	0.00000	0.99998	0.00000	0.00000	0.00000	0.00002
178	0.99999	0.00000	0.00000	0.00000	0.00001	0.00000
179	1.00000	0.00000	0.00000	0.00000	0.00000	0.00000
180	0.00000	0.99622	0.00000	0.00000	0.00000	0.00378
181	0.00000	1.00000	0.00000	0.00000	0.00000	0.00000
182	0.96074	0.00000	0.00000	0.00151	0.03775	0.00000
183	0.00000	1.00000	0.00000	0.00000	0.00000	0.00000
184	0.00000	0.29745	0.00000	0.00014	0.00000	0.70240
185	0.00000	0.99997	0.00000	0.00000	0.00000	0.00003
186	0.99987	0.00000	0.00000	0.00000	0.00013	0.00000
187	0.00000	0.99999	0.00000	0.00000	0.00000	0.00001
188	0.00000	0.96509	0.00000	0.00000	0.00000	0.03490
189	0.00000	0.99999	0.00000	0.00000	0.00000	0.00001
190	0.00000	0.99914	0.00000	0.00000	0.00000	0.00086
191	0.99993	0.00000	0.00000	0.00000	0.00007	0.00000
192	1.00000	0.00000	0.00000	0.00000	0.00000	0.00000
193	0.99982	0.00000	0.00000	0.00000	0.00018	0.00000
194	0.00000	0.99966	0.00000	0.00000	0.00000	0.00034
195	0.00000	0.99972	0.00000	0.00000	0.00000	0.00028
196	0.00000	0.99996	0.00000	0.00000	0.00000	0.00004
197	0.00000	0.99971	0.00000	0.00000	0.00000	0.00029
198	0.00000	0.99995	0.00000	0.00000	0.00000	0.00005
199	0.00000	0.99867	0.00000	0.00000	0.00000	0.00133
200	0.00000	0.00000	0.54960	0.01387	0.00000	0.43653
201	0.00000	1.00000	0.00000	0.00000	0.00000	0.00000
202	0.00000	1.00000	0.00000	0.00000	0.00000	0.00000
203	0.00000	0.97703	0.00000	0.00052	0.00000	0.02245
204	0.00000	0.99999	0.00000	0.00000	0.00000	0.00001
205	0.00000	0.99997	0.00000	0.00000	0.00000	0.00003
206	0.00000	0.99999	0.00000	0.00000	0.00000	0.00001
207	0.00000	1.00000	0.00000	0.00000	0.00000	0.00000
208	0.00000	0.99999	0.00000	0.00000	0.00000	0.00001
209	0.00000	0.99990	0.00000	0.00000	0.00000	0.00010
210	0.00000	0.99998	0.00000	0.00000	0.00000	0.00002
211	0.00000	0.83464	0.00000	0.00001	0.00000	0.16535
212	0.00000	1.00000	0.00000	0.00000	0.00000	0.00000
213	1.00000	0.00000	0.00000	0.00000	0.00000	0.00000
214	0.99999	0.00000	0.00000	0.00000	0.00001	0.00000
215	0.00000	0.99999	0.00000	0.00000	0.00000	0.00001
216	0.00000	1.00000	0.00000	0.00000	0.00000	0.00000
217	0.00000	0.99752	0.00000	0.00000	0.00000	0.00248
218	0.00000	0.99997	0.00000	0.00000	0.00000	0.00003
219	0.00000	0.99985	0.00000	0.00000	0.00000	0.00015
220	0.00000	0.92445	0.00000	0.00534	0.00000	0.07021
221	0.00000	0.99999	0.00000	0.00000	0.00000	0.00001
222	0.00000	1.00000	0.00000	0.00000	0.00000	0.00000
223	0.00000	0.94937	0.00000	0.00246	0.00000	0.04817
224	0.00000	0.99969	0.00000	0.00000	0.00000	0.00031
225	0.00000	1.00000	0.00000	0.00000	0.00000	0.00000
226	0.99949	0.00000	0.00000	0.00000	0.00051	0.00000
227	0.00000	0.99998	0.00000	0.00000	0.00000	0.00002
228	0.00000	0.99401	0.00000	0.00003	0.00000	0.00596
229	0.84412	0.00000	0.00032	0.02134	0.13417	0.00005
230	0.00000	0.99993	0.00000	0.00000	0.00000	0.00007
231	0.00000	1.00000	0.00000	0.00000	0.00000	0.00000
232	0.00000	0.89135	0.00000	0.00231	0.00000	0.10634
233	0.99932	0.00000	0.00000	0.00000	0.00068	0.00000
234	0.00000	0.99874	0.00000	0.00000	0.00000	0.00126
235	0.00000	0.99984	0.00000	0.00000	0.00000	0.00016
236	0.00000	0.99997	0.00000	0.00000	0.00000	0.00003
237	0.00000	1.00000	0.00000	0.00000	0.00000	0.00000
238	0.00000	0.99991	0.00000	0.00000	0.00000	0.00009
239	0.99996	0.00000	0.00000	0.00000	0.00004	0.00000
240	1.00000	0.00000	0.00000	0.00000	0.00000	0.00000
241	1.00000	0.00000	0.00000	0.00000	0.00000	0.00000
242	1.00000	0.00000	0.00000	0.00000	0.00000	0.00000
243	0.00000	0.99999	0.00000	0.00000	0.00000	0.00001
244	0.99999	0.00000	0.00000	0.00000	0.00001	0.00000
245	0.99990	0.00000	0.00000	0.00000	0.00010	0.00000
246	0.00000	0.99572	0.00000	0.00000	0.00000	0.00428
247	0.00000	1.00000	0.00000	0.00000	0.00000	0.00000
248	0.00000	1.00000	0.00000	0.00000	0.00000	0.00000
249	0.00000	1.00000	0.00000	0.00000	0.00000	0.00000
250	0.00000	0.99997	0.00000	0.00000	0.00000	0.00003
251	0.00000	0.99995	0.00000	0.00000	0.00000	0.00005
252	0.00000	1.00000	0.00000	0.00000	0.00000	0.00000
253	0.00000	0.99999	0.00000	0.00000	0.00000	0.00001
254	0.00000	0.99999	0.00000	0.00000	0.00000	0.00001
255	0.00000	1.00000	0.00000	0.00000	0.00000	0.00000
256	0.00000	0.94645	0.00000	0.00001	0.00000	0.05353
257	0.00000	1.00000	0.00000	0.00000	0.00000	0.00000
258	0.00000	0.99989	0.00000	0.00000	0.00000	0.00011
259	0.00000	0.99997	0.00000	0.00000	0.00000	0.00003
260	0.00000	0.83030	0.00000	0.02523	0.00000	0.14447
261	0.00000	1.00000	0.00000	0.00000	0.00000	0.00000
262	0.00000	0.99994	0.00000	0.00000	0.00000	0.00006
263	0.00000	0.99954	0.00000	0.00000	0.00000	0.00046
264	0.00000	0.99992	0.00000	0.00000	0.00000	0.00008
265	0.00000	0.00001	0.00000	0.99822	0.00019	0.00158
266	0.00000	0.99995	0.00000	0.00000	0.00000	0.00005
267	0.00000	0.99999	0.00000	0.00000	0.00000	0.00001
268	0.00000	1.00000	0.00000	0.00000	0.00000	0.00000
269	0.00000	0.99869	0.00000	0.00000	0.00000	0.00131
270	0.00000	1.00000	0.00000	0.00000	0.00000	0.00000
271	0.00000	1.00000	0.00000	0.00000	0.00000	0.00000
272	0.00000	0.99979	0.00000	0.00000	0.00000	0.00021
273	0.00000	1.00000	0.00000	0.00000	0.00000	0.00000
274	0.00000	0.99991	0.00000	0.00000	0.00000	0.00009
275	0.00000	0.99999	0.00000	0.00000	0.00000	0.00001
276	0.00000	1.00000	0.00000	0.00000	0.00000	0.00000
277	0.00000	1.00000	0.00000	0.00000	0.00000	0.00000
278	0.00000	0.99997	0.00000	0.00000	0.00000	0.00003
279	0.00000	0.99999	0.00000	0.00000	0.00000	0.00001
280	0.00000	1.00000	0.00000	0.00000	0.00000	0.00000
281	0.00000	0.99998	0.00000	0.00000	0.00000	0.00002
282	0.00000	0.99967	0.00000	0.00000	0.00000	0.00033
283	0.99996	0.00000	0.00000	0.00000	0.00004	0.00000
284	0.00000	0.99450	0.00000	0.00004	0.00000	0.00546
285	0.00000	0.99910	0.00000	0.00000	0.00000	0.00090
286	0.00000	0.99997	0.00000	0.00000	0.00000	0.00003
287	0.00000	1.00000	0.00000	0.00000	0.00000	0.00000
288	0.00000	0.99998	0.00000	0.00000	0.00000	0.00002
289	0.00000	0.99316	0.00000	0.00000	0.00000	0.00684
290	0.00000	0.99985	0.00000	0.00000	0.00000	0.00015
291	0.00000	0.99978	0.00000	0.00000	0.00000	0.00022
292	0.00000	0.69999	0.00000	0.00002	0.00000	0.29998
293	0.00000	0.99982	0.00000	0.00000	0.00000	0.00018
294	0.00000	0.99996	0.00000	0.00000	0.00000	0.00004
295	0.00000	1.00000	0.00000	0.00000	0.00000	0.00000
296	0.99997	0.00000	0.00000	0.00000	0.00003	0.00000
297	0.00000	0.99999	0.00000	0.00000	0.00000	0.00001
298	0.00000	0.94288	0.00000	0.00251	0.00000	0.05461
299	0.99999	0.00000	0.00000	0.00000	0.00001	0.00000
300	0.00000	0.99993	0.00000	0.00000	0.00000	0.00007
301	0.00000	1.00000	0.00000	0.00000	0.00000	0.00000
302	0.00000	0.99998	0.00000	0.00000	0.00000	0.00002
303	0.00000	1.00000	0.00000	0.00000	0.00000	0.00000
304	0.00000	0.99949	0.00000	0.00000	0.00000	0.00051
305	0.00000	0.99999	0.00000	0.00000	0.00000	0.00001
306	0.00000	0.99997	0.00000	0.00000	0.00000	0.00003
307	0.00000	0.99947	0.00000	0.00000	0.00000	0.00053
308	0.00000	0.99999	0.00000	0.00000	0.00000	0.00001
309	0.00000	0.99999	0.00000	0.00000	0.00000	0.00001
310	0.00000	0.99997	0.00000	0.00000	0.00000	0.00003
311	0.00000	0.96174	0.00000	0.00150	0.00000	0.03676
312	0.00000	0.99998	0.00000	0.00000	0.00000	0.00002
313	0.00000	0.99999	0.00000	0.00000	0.00000	0.00001
314	0.00000	0.99998	0.00000	0.00000	0.00000	0.00002
315	0.00000	0.84316	0.00000	0.00000	0.00000	0.15684
316	0.00000	1.00000	0.00000	0.00000	0.00000	0.00000
317	0.00000	0.99998	0.00000	0.00000	0.00000	0.00002
318	0.00000	1.00000	0.00000	0.00000	0.00000	0.00000
319	0.00000	0.99239	0.00000	0.00001	0.00000	0.00760
320	0.00000	0.99966	0.00000	0.00000	0.00000	0.00034
321	0.00000	0.99055	0.00000	0.00007	0.00000	0.00938
322	0.00000	0.99998	0.00000	0.00000	0.00000	0.00002
323	0.00000	0.99689	0.00000	0.00000	0.00000	0.00311
324	0.00000	0.99994	0.00000	0.00000	0.00000	0.00006
325	0.00000	0.99997	0.00000	0.00000	0.00000	0.00003
326	0.00000	0.96006	0.00000	0.00155	0.00000	0.03839
327	0.00000	0.99995	0.00000	0.00000	0.00000	0.00005
328	0.00000	1.00000	0.00000	0.00000	0.00000	0.00000
329	0.00000	0.99999	0.00000	0.00000	0.00000	0.00001
330	0.00000	0.97459	0.00000	0.00063	0.00000	0.02478
331	0.00000	0.99999	0.00000	0.00000	0.00000	0.00001
332	0.00000	1.00000	0.00000	0.00000	0.00000	0.00000
333	0.00000	0.99995	0.00000	0.00000	0.00000	0.00005
334	0.00000	0.99946	0.00000	0.00000	0.00000	0.00054
335	0.00000	0.99997	0.00000	0.00000	0.00000	0.00003
336	0.00000	0.78704	0.00033	0.03872	0.00007	0.17384
337	0.00000	1.00000	0.00000	0.00000	0.00000	0.00000
338	0.00000	1.00000	0.00000	0.00000	0.00000	0.00000
339	0.00000	0.99993	0.00000	0.00000	0.00000	0.00007
340	0.00000	0.00000	0.99987	0.00003	0.00000	0.00010
341	0.00000	0.99999	0.00000	0.00000	0.00000	0.00001
342	0.00000	1.00000	0.00000	0.00000	0.00000	0.00000
343	0.00000	0.00735	0.00000	0.00001	0.00000	0.99264
344	0.00000	1.00000	0.00000	0.00000	0.00000	0.00000
345	0.00000	0.99999	0.00000	0.00000	0.00000	0.00001
346	0.00000	0.96447	0.00000	0.00108	0.00000	0.03445
347	0.00000	0.00077	0.00000	0.00011	0.00000	0.99913
348	0.00000	0.99993	0.00000	0.00000	0.00000	0.00007
349	0.00000	0.99981	0.00000	0.00000	0.00000	0.00019
350	0.00000	0.99995	0.00000	0.00000	0.00000	0.00005
351	0.00000	0.99813	0.00000	0.00000	0.00000	0.00186
352	0.00000	0.99993	0.00000	0.00000	0.00000	0.00007
353	0.00000	0.99399	0.00000	0.00004	0.00000	0.00597
354	0.00000	0.87785	0.00002	0.01348	0.00000	0.10864
355	0.99971	0.00000	0.00000	0.00000	0.00029	0.00000
356	0.00000	0.99999	0.00000	0.00000	0.00000	0.00001
357	0.00000	0.98340	0.00000	0.00007	0.00000	0.01653
358	0.01950	0.12664	0.04754	0.47049	0.09237	0.24345
359	0.00000	0.99998	0.00000	0.00000	0.00000	0.00002
360	0.00000	0.99821	0.00000	0.00000	0.00000	0.00179
361	0.99998	0.00000	0.00000	0.00000	0.00002	0.00000
362	1.00000	0.00000	0.00000	0.00000	0.00000	0.00000
363	0.00000	0.99943	0.00000	0.00000	0.00000	0.00057
364	0.00000	0.99999	0.00000	0.00000	0.00000	0.00001
365	0.00000	0.99998	0.00000	0.00000	0.00000	0.00002
366	0.00000	0.99999	0.00000	0.00000	0.00000	0.00001
367	0.00000	0.99964	0.00000	0.00000	0.00000	0.00036
368	0.99962	0.00000	0.00000	0.00000	0.00038	0.00000
369	0.00000	0.99956	0.00000	0.00000	0.00000	0.00044
370	0.00000	0.99995	0.00000	0.00000	0.00000	0.00005
371	0.00000	0.99995	0.00000	0.00000	0.00000	0.00005
372	0.00000	0.99996	0.00000	0.00000	0.00000	0.00004
373	0.00000	0.99935	0.00000	0.00000	0.00000	0.00065
374	0.99941	0.00000	0.00000	0.00000	0.00059	0.00000
375	0.00000	0.99143	0.00000	0.00002	0.00000	0.00856
376	0.00000	0.74756	0.00066	0.05286	0.00018	0.19874
377	1.00000	0.00000	0.00000	0.00000	0.00000	0.00000
378	0.99941	0.00000	0.00000	0.00000	0.00059	0.00000
379	0.00000	0.99993	0.00000	0.00000	0.00000	0.00007
380	0.00000	0.99999	0.00000	0.00000	0.00000	0.00001
381	0.00000	0.99370	0.00000	0.00000	0.00000	0.00630
382	0.95649	0.00000	0.00000	0.00025	0.04327	0.00000
383	0.00000	0.99998	0.00000	0.00000	0.00000	0.00002
384	0.00000	0.99994	0.00000	0.00000	0.00000	0.00006
385	0.00000	0.99999	0.00000	0.00000	0.00000	0.00001
386	0.00000	0.99999	0.00000	0.00000	0.00000	0.00001
387	0.96234	0.00000	0.00000	0.00120	0.03646	0.00000
388	0.00000	0.99998	0.00000	0.00000	0.00000	0.00002
389	0.00000	0.99999	0.00000	0.00000	0.00000	0.00001
390	0.00000	0.99999	0.00000	0.00000	0.00000	0.00001
391	0.00000	0.96226	0.00000	0.00138	0.00000	0.03635
392	0.00000	0.99975	0.00000	0.00000	0.00000	0.00025
393	0.00000	0.99873	0.00000	0.00000	0.00000	0.00127
394	0.00000	1.00000	0.00000	0.00000	0.00000	0.00000
395	0.00000	1.00000	0.00000	0.00000	0.00000	0.00000
396	0.00000	0.99994	0.00000	0.00000	0.00000	0.00006
397	0.00000	0.99984	0.00000	0.00000	0.00000	0.00016
398	0.04660	0.26635	0.11027	0.22806	0.10240	0.24633
399	0.00000	0.99979	0.00000	0.00000	0.00000	0.00021
400	0.00000	0.99999	0.00000	0.00000	0.00000	0.00001
401	0.05421	0.32735	0.13228	0.16234	0.09356	0.23027
402	0.00000	0.99991	0.00000	0.00000	0.00000	0.00009
403	0.00000	0.99999	0.00000	0.00000	0.00000	0.00001
404	0.00000	0.99859	0.00000	0.00000	0.00000	0.00141
405	0.00000	0.99861	0.00000	0.00000	0.00000	0.00139
406	0.00000	0.99999	0.00000	0.00000	0.00000	0.00001
407	0.00000	0.99998	0.00000	0.00000	0.00000	0.00002
408	0.00000	0.99998	0.00000	0.00000	0.00000	0.00002
409	0.00000	0.99988	0.00000	0.00000	0.00000	0.00012
410	0.00000	0.99950	0.00000	0.00000	0.00000	0.00050
411	1.00000	0.00000	0.00000	0.00000	0.00000	0.00000
412	0.00000	0.99899	0.00000	0.00000	0.00000	0.00101
413	0.00000	0.99986	0.00000	0.00000	0.00000	0.00014
414	0.00000	0.99996	0.00000	0.00000	0.00000	0.00004
415	0.00000	0.82572	0.00000	0.02349	0.00000	0.15079
416	0.00000	0.99999	0.00000	0.00000	0.00000	0.00001
417	0.00000	1.00000	0.00000	0.00000	0.00000	0.00000
418	0.00000	0.99999	0.00000	0.00000	0.00000	0.00001
419	0.00000	0.99990	0.00000	0.00000	0.00000	0.00010
420	0.00000	1.00000	0.00000	0.00000	0.00000	0.00000
421	0.00000	0.99997	0.00000	0.00000	0.00000	0.00003
422	0.00000	0.98969	0.00000	0.00011	0.00000	0.01021
423	0.00000	0.98884	0.00000	0.00013	0.00000	0.01104
424	0.00000	0.99998	0.00000	0.00000	0.00000	0.00002
425	0.00000	1.00000	0.00000	0.00000	0.00000	0.00000
426	0.00000	0.99994	0.00000	0.00000	0.00000	0.00006
427	0.00000	1.00000	0.00000	0.00000	0.00000	0.00000
428	0.00000	1.00000	0.00000	0.00000	0.00000	0.00000
429	0.00000	0.99997	0.00000	0.00000	0.00000	0.00003
430	0.00000	0.99999	0.00000	0.00000	0.00000	0.00001
431	0.00000	0.99999	0.00000	0.00000	0.00000	0.00001
432	0.00000	0.99985	0.00000	0.00000	0.00000	0.00015
433	0.00000	1.00000	0.00000	0.00000	0.00000	0.00000
434	0.00000	0.99392	0.00000	0.00003	0.00000	0.00605
435	0.00000	0.99947	0.00000	0.00000	0.00000	0.00053
436	1.00000	0.00000	0.00000	0.00000	0.00000	0.00000
437	0.00000	1.00000	0.00000	0.00000	0.00000	0.00000
438	0.00000	0.99998	0.00000	0.00000	0.00000	0.00002
439	0.00000	0.99999	0.00000	0.00000	0.00000	0.00001
440	0.00000	0.99996	0.00000	0.00000	0.00000	0.00004
441	0.00000	0.99999	0.00000	0.00000	0.00000	0.00001
442	0.00000	0.99995	0.00000	0.00000	0.00000	0.00005
443	0.00000	0.99994	0.00000	0.00000	0.00000	0.00006
444	0.00000	0.99981	0.00000	0.00000	0.00000	0.00019
445	0.00000	0.81653	0.00000	0.00000	0.00000	0.18346
446	0.00000	0.99999	0.00000	0.00000	0.00000	0.00001
447	0.00000	0.99999	0.00000	0.00000	0.00000	0.00001
448	0.00000	0.99999	0.00000	0.00000	0.00000	0.00001
449	0.00000	0.99998	0.00000	0.00000	0.00000	0.00002
450	0.00000	0.99998	0.00000	0.00000	0.00000	0.00002
451	0.00000	0.99999	0.00000	0.00000	0.00000	0.00001
452	0.00005	0.00117	0.00016	0.96683	0.00593	0.02587
453	0.00000	0.99373	0.00000	0.00000	0.00000	0.00627
454	0.00000	1.00000	0.00000	0.00000	0.00000	0.00000
455	0.00000	0.99850	0.00000	0.00000	0.00000	0.00150
456	0.00000	0.99987	0.00000	0.00000	0.00000	0.00013
457	0.00000	0.99996	0.00000	0.00000	0.00000	0.00004
458	0.00000	0.99998	0.00000	0.00000	0.00000	0.00002
459	0.00000	0.99997	0.00000	0.00000	0.00000	0.00003
460	0.99890	0.00000	0.00000	0.00000	0.00110	0.00000
461	0.00000	0.96803	0.00000	0.00017	0.00000	0.03180
462	0.00000	0.99903	0.00000	0.00000	0.00000	0.00097
463	0.00000	0.84343	0.00017	0.02159	0.00003	0.13479
464	0.99999	0.00000	0.00000	0.00000	0.00001	0.00000
465	0.00000	0.99998	0.00000	0.00000	0.00000	0.00002
466	0.00000	1.00000	0.00000	0.00000	0.00000	0.00000
467	0.00000	0.52682	0.00011	0.18410	0.00008	0.28889
468	0.00000	1.00000	0.00000	0.00000	0.00000	0.00000
469	0.00000	0.99997	0.00000	0.00000	0.00000	0.00003
470	0.00000	0.99469	0.00000	0.00003	0.00000	0.00528
471	0.00000	0.99991	0.00000	0.00000	0.00000	0.00009
472	0.00000	0.99997	0.00000	0.00000	0.00000	0.00003
473	0.00000	1.00000	0.00000	0.00000	0.00000	0.00000
474	0.00010	0.53370	0.00616	0.16233	0.00341	0.29430
475	0.00000	0.99998	0.00000	0.00000	0.00000	0.00002
476	0.00000	1.00000	0.00000	0.00000	0.00000	0.00000
477	0.00000	0.99999	0.00000	0.00000	0.00000	0.00001
478	0.00000	0.99998	0.00000	0.00000	0.00000	0.00002
479	0.00000	0.97686	0.00000	0.00013	0.00000	0.02301
480	0.00000	1.00000	0.00000	0.00000	0.00000	0.00000
481	0.00000	0.99996	0.00000	0.00000	0.00000	0.00004
482	0.00000	0.99928	0.00000	0.00000	0.00000	0.00072
483	0.00000	1.00000	0.00000	0.00000	0.00000	0.00000
484	0.00000	0.99999	0.00000	0.00000	0.00000	0.00001
485	0.00000	0.99999	0.00000	0.00000	0.00000	0.00001
486	0.00000	0.99975	0.00000	0.00000	0.00000	0.00025
487	0.00000	1.00000	0.00000	0.00000	0.00000	0.00000
488	0.00000	1.00000	0.00000	0.00000	0.00000	0.00000
489	0.00000	0.99995	0.00000	0.00000	0.00000	0.00005
490	0.00000	0.99987	0.00000	0.00000	0.00000	0.00013
491	0.00000	0.99999	0.00000	0.00000	0.00000	0.00001
492	0.00000	0.99282	0.00000	0.00001	0.00000	0.00717
493	0.00000	0.99998	0.00000	0.00000	0.00000	0.00002
494	0.00001	0.74046	0.00210	0.05514	0.00058	0.20170
495	0.00000	0.99991	0.00000	0.00000	0.00000	0.00009
496	0.00000	0.99995	0.00000	0.00000	0.00000	0.00005
497	0.00000	1.00000	0.00000	0.00000	0.00000	0.00000
498	0.00000	0.99988	0.00000	0.00000	0.00000	0.00012
499	0.00000	1.00000	0.00000	0.00000	0.00000	0.00000
500	0.01874	0.22903	0.18666	0.20588	0.12982	0.22986
501	0.00000	1.00000	0.00000	0.00000	0.00000	0.00000
502	0.00000	0.60607	0.00010	0.12199	0.00005	0.27179
503	0.00000	0.99997	0.00000	0.00000	0.00000	0.00003
504	0.00000	0.99997	0.00000	0.00000	0.00000	0.00003
505	0.00000	0.99999	0.00000	0.00000	0.00000	0.00001
506	0.99995	0.00000	0.00000	0.00000	0.00005	0.00000
507	1.00000	0.00000	0.00000	0.00000	0.00000	0.00000
508	0.00000	0.99937	0.00000	0.00000	0.00000	0.00063
509	0.00000	0.99999	0.00000	0.00000	0.00000	0.00001
510	0.00000	0.99997	0.00000	0.00000	0.00000	0.00003
511	0.00000	0.99993	0.00000	0.00000	0.00000	0.00007
512	0.00000	0.99968	0.00000	0.00000	0.00000	0.00032
513	0.99174	0.00000	0.00000	0.00000	0.00826	0.00000
514	0.00000	0.99978	0.00000	0.00000	0.00000	0.00022
515	1.00000	0.00000	0.00000	0.00000	0.00000	0.00000
516	0.00000	0.97215	0.00000	0.00057	0.00000	0.02728
517	0.00000	0.99994	0.00000	0.00000	0.00000	0.00006
518	1.00000	0.00000	0.00000	0.00000	0.00000	0.00000
519	0.00000	0.99997	0.00000	0.00000	0.00000	0.00003
520	0.00000	1.00000	0.00000	0.00000	0.00000	0.00000
521	0.00000	0.99859	0.00000	0.00000	0.00000	0.00141
522	0.00000	0.99982	0.00000	0.00000	0.00000	0.00018
523	0.00000	0.99998	0.00000	0.00000	0.00000	0.00002
524	0.00000	1.00000	0.00000	0.00000	0.00000	0.00000
525	0.00000	0.99990	0.00000	0.00000	0.00000	0.00010
526	0.00000	0.99955	0.00000	0.00000	0.00000	0.00045
527	0.00000	0.99996	0.00000	0.00000	0.00000	0.00004
528	0.00000	0.85567	0.00065	0.01703	0.00007	0.12659
529	0.00000	0.75317	0.00039	0.05083	0.00010	0.19551
530	0.00000	0.99997	0.00000	0.00000	0.00000	0.00003
531	0.00000	0.99998	0.00000	0.00000	0.00000	0.00002
532	0.00000	1.00000	0.00000	0.00000	0.00000	0.00000
533	0.99965	0.00000	0.00000	0.00000	0.00035	0.00000
534	0.00000	0.99999	0.00000	0.00000	0.00000	0.00001
535	0.00000	1.00000	0.00000	0.00000	0.00000	0.00000
536	0.00000	0.99999	0.00000	0.00000	0.00000	0.00001
537	0.99973	0.00000	0.00000	0.00000	0.00027	0.00000
538	0.00000	0.99256	0.00000	0.00006	0.00000	0.00738
539	0.00000	0.99997	0.00000	0.00000	0.00000	0.00003
540	0.98527	0.00000	0.00000	0.00021	0.01451	0.00000
541	1.00000	0.00000	0.00000	0.00000	0.00000	0.00000
542	0.99999	0.00000	0.00000	0.00000	0.00001	0.00000
543	0.00000	0.99971	0.00000	0.00000	0.00000	0.00029
544	0.00000	1.00000	0.00000	0.00000	0.00000	0.00000
545	0.00000	0.99997	0.00000	0.00000	0.00000	0.00003
546	0.00000	0.99946	0.00000	0.00000	0.00000	0.00054
547	0.00000	0.99999	0.00000	0.00000	0.00000	0.00001
548	0.99710	0.00000	0.00000	0.00001	0.00289	0.00000
549	0.00000	1.00000	0.00000	0.00000	0.00000	0.00000
550	0.00000	0.99992	0.00000	0.00000	0.00000	0.00008
551	1.00000	0.00000	0.00000	0.00000	0.00000	0.00000
552	0.00000	0.99999	0.00000	0.00000	0.00000	0.00001
553	0.00000	0.99999	0.00000	0.00000	0.00000	0.00001
554	0.00000	1.00000	0.00000	0.00000	0.00000	0.00000
555	0.00000	0.99539	0.00000	0.00000	0.00000	0.00461
556	0.00000	0.00000	0.81023	0.18681	0.00180	0.00115
557	0.00000	0.99790	0.00000	0.00000	0.00000	0.00210
558	0.00000	0.99999	0.00000	0.00000	0.00000	0.00001
559	0.99766	0.00000	0.00000	0.00000	0.00234	0.00000
560	0.99999	0.00000	0.00000	0.00000	0.00001	0.00000
561	1.00000	0.00000	0.00000	0.00000	0.00000	0.00000
562	0.99999	0.00000	0.00000	0.00000	0.00001	0.00000
563	0.00000	0.99800	0.00000	0.00000	0.00000	0.00200
564	0.00000	0.99985	0.00000	0.00000	0.00000	0.00015
565	1.00000	0.00000	0.00000	0.00000	0.00000	0.00000
566	0.00000	0.99997	0.00000	0.00000	0.00000	0.00003
567	0.21972	0.11975	0.16210	0.16626	0.19110	0.14108
568	1.00000	0.00000	0.00000	0.00000	0.00000	0.00000
569	0.00000	0.99974	0.00000	0.00000	0.00000	0.00026
570	0.00000	1.00000	0.00000	0.00000	0.00000	0.00000
571	0.00000	0.99974	0.00000	0.00000	0.00000	0.00026
572	0.00000	1.00000	0.00000	0.00000	0.00000	0.00000
573	0.00000	0.99374	0.00000	0.00000	0.00000	0.00626
574	0.00000	0.99428	0.00000	0.00000	0.00000	0.00572
575	0.00000	0.00000	0.00000	0.14748	0.85252	0.00000
576	0.00000	1.00000	0.00000	0.00000	0.00000	0.00000
577	1.00000	0.00000	0.00000	0.00000	0.00000	0.00000
578	0.00000	0.99999	0.00000	0.00000	0.00000	0.00001
579	0.00000	0.99933	0.00000	0.00000	0.00000	0.00067
580	0.00000	0.99215	0.00000	0.00006	0.00000	0.00779
581	0.00000	0.99997	0.00000	0.00000	0.00000	0.00003
582	0.00000	0.99999	0.00000	0.00000	0.00000	0.00001
583	0.00000	0.94846	0.00000	0.00208	0.00000	0.04946
584	0.00000	0.99997	0.00000	0.00000	0.00000	0.00003
585	0.00000	0.98471	0.00000	0.00000	0.00000	0.01529
586	0.00000	1.00000	0.00000	0.00000	0.00000	0.00000
587	0.00000	0.99993	0.00000	0.00000	0.00000	0.00007
588	0.00000	0.99997	0.00000	0.00000	0.00000	0.00003
589	0.00000	0.99999	0.00000	0.00000	0.00000	0.00001
590	0.00000	0.99999	0.00000	0.00000	0.00000	0.00001
591	0.00000	0.70994	0.00242	0.05942	0.00046	0.22775
592	0.00000	0.99802	0.00000	0.00000	0.00000	0.00198
593	0.00000	0.99999	0.00000	0.00000	0.00000	0.00001
594	0.00000	0.99825	0.00000	0.00000	0.00000	0.00175
595	0.00000	0.99999	0.00000	0.00000	0.00000	0.00001
596	0.00000	0.37596	0.00000	0.06404	0.00000	0.56000
597	0.00000	0.99998	0.00000	0.00000	0.00000	0.00002
598	0.00000	0.91811	0.00000	0.00626	0.00000	0.07563
599	0.00000	0.32333	0.00006	0.01718	0.00000	0.65943
600	0.00000	0.99997	0.00000	0.00000	0.00000	0.00003
601	0.00000	0.83544	0.00000	0.02377	0.00000	0.14079
602	0.99990	0.00000	0.00000	0.00000	0.00010	0.00000
603	0.97950	0.00000	0.00000	0.00041	0.02009	0.00000
604	0.00000	0.99990	0.00000	0.00000	0.00000	0.00010
605	0.00000	0.99554	0.00000	0.00002	0.00000	0.00444
606	0.00000	0.99987	0.00000	0.00000	0.00000	0.00013
607	0.00000	1.00000	0.00000	0.00000	0.00000	0.00000
608	0.00000	0.99973	0.00000	0.00000	0.00000	0.00027
609	0.00000	0.99946	0.00000	0.00000	0.00000	0.00054
610	0.74495	0.00000	0.00000	0.00000	0.25504	0.00000
611	0.00000	1.00000	0.00000	0.00000	0.00000	0.00000
612	0.00000	0.99998	0.00000	0.00000	0.00000	0.00002
613	0.00000	0.99998	0.00000	0.00000	0.00000	0.00002
614	0.00000	0.91779	0.00000	0.00839	0.00000	0.07382
615	0.00000	1.00000	0.00000	0.00000	0.00000	0.00000
616	0.00000	0.98916	0.00000	0.00001	0.00000	0.01083
617	0.00000	1.00000	0.00000	0.00000	0.00000	0.00000
618	0.00000	0.99983	0.00000	0.00000	0.00000	0.00017
619	0.00000	0.99988	0.00000	0.00000	0.00000	0.00012
620	0.00000	0.99997	0.00000	0.00000	0.00000	0.00003
621	0.00000	0.99997	0.00000	0.00000	0.00000	0.00003
622	0.00000	0.98360	0.00000	0.00025	0.00000	0.01615
623	0.00000	0.99968	0.00000	0.00000	0.00000	0.00032
624	0.00000	0.99878	0.00000	0.00000	0.00000	0.00122
625	0.00000	0.99998	0.00000	0.00000	0.00000	0.00002
626	0.00000	0.29416	0.00077	0.37439	0.00088	0.32980
627	0.00000	0.99999	0.00000	0.00000	0.00000	0.00001
628	0.00000	0.99999	0.00000	0.00000	0.00000	0.00001
629	0.00000	0.99999	0.00000	0.00000	0.00000	0.00001
630	0.00000	0.99997	0.00000	0.00000	0.00000	0.00003
631	0.00000	1.00000	0.00000	0.00000	0.00000	0.00000
632	0.99993	0.00000	0.00000	0.00000	0.00007	0.00000
633	0.00000	0.99990	0.00000	0.00000	0.00000	0.00010
634	0.00000	1.00000	0.00000	0.00000	0.00000	0.00000
635	0.00000	0.99960	0.00000	0.00000	0.00000	0.00040
636	0.00000	0.99871	0.00000	0.00000	0.00000	0.00129
637	0.00000	0.99919	0.00000	0.00000	0.00000	0.00081
638	0.00000	0.99982	0.00000	0.00000	0.00000	0.00018
639	0.00000	0.99976	0.00000	0.00000	0.00000	0.00024
640	0.00000	0.99999	0.00000	0.00000	0.00000	0.00001
641	0.00000	0.99999	0.00000	0.00000	0.00000	0.00001
642	0.00000	0.99992	0.00000	0.00000	0.00000	0.00008
643	0.00000	0.99997	0.00000	0.00000	0.00000	0.00003
644	0.00000	0.00001	0.00000	0.00033	0.00000	0.99966
645	0.00000	0.99991	0.00000	0.00000	0.00000	0.00009
646	0.00000	0.99942	0.00000	0.00000	0.00000	0.00058
647	0.00000	0.99999	0.00000	0.00000	0.00000	0.00001
648	0.00000	0.99995	0.00000	0.00000	0.00000	0.00005
649	0.00000	0.99610	0.00000	0.00001	0.00000	0.00389
650	0.99701	0.00000	0.00000	0.00001	0.00298	0.00000
651	0.00000	1.00000	0.00000	0.00000	0.00000	0.00000
652	0.00000	0.99999	0.00000	0.00000	0.00000	0.00001
653	0.99789	0.00000	0.00000	0.00000	0.00211	0.00000
654	0.00000	0.99991	0.00000	0.00000	0.00000	0.00009
655	0.00000	0.99999	0.00000	0.00000	0.00000	0.00001
656	0.00000	0.99987	0.00000	0.00000	0.00000	0.00013
657	0.00000	0.99127	0.00000	0.00000	0.00000	0.00873
658	0.00000	1.00000	0.00000	0.00000	0.00000	0.00000
659	0.99144	0.00000	0.00000	0.00006	0.00849	0.00000
660	0.00000	0.99968	0.00000	0.00000	0.00000	0.00032
661	0.00000	1.00000	0.00000	0.00000	0.00000	0.00000
662	0.00000	0.99997	0.00000	0.00000	0.00000	0.00003
663	0.00000	0.76501	0.00004	0.04857	0.00001	0.18637
664	0.99999	0.00000	0.00000	0.00000	0.00001	0.00000
665	0.00000	0.81641	0.00000	0.00509	0.00000	0.17850
666	1.00000	0.00000	0.00000	0.00000	0.00000	0.00000
667	1.00000	0.00000	0.00000	0.00000	0.00000	0.00000
668	0.99994	0.00000	0.00000	0.00000	0.00006	0.00000
669	0.99999	0.00000	0.00000	0.00000	0.00001	0.00000
670	0.99996	0.00000	0.00000	0.00000	0.00004	0.00000
671	0.00000	0.99992	0.00000	0.00000	0.00000	0.00008
672	0.00000	0.99999	0.00000	0.00000	0.00000	0.00001
673	0.00000	0.99995	0.00000	0.00000	0.00000	0.00005
674	0.00000	0.79209	0.00003	0.03453	0.00000	0.17334
675	0.00000	0.99995	0.00000	0.00000	0.00000	0.00005
676	0.00000	0.99997	0.00000	0.00000	0.00000	0.00003
677	0.00000	0.99998	0.00000	0.00000	0.00000	0.00002
678	0.98463	0.00000	0.00000	0.00000	0.01537	0.00000
679	0.00000	0.99997	0.00000	0.00000	0.00000	0.00003
680	0.00000	1.00000	0.00000	0.00000	0.00000	0.00000
681	0.00000	1.00000	0.00000	0.00000	0.00000	0.00000
682	0.00000	0.99991	0.00000	0.00000	0.00000	0.00009
683	0.00000	0.99998	0.00000	0.00000	0.00000	0.00002
684	0.00000	0.99998	0.00000	0.00000	0.00000	0.00002
685	0.00000	0.99998	0.00000	0.00000	0.00000	0.00002
686	0.00000	0.99910	0.00000	0.00000	0.00000	0.00090
687	0.00000	0.99999	0.00000	0.00000	0.00000	0.00001
688	0.00000	0.99996	0.00000	0.00000	0.00000	0.00004
689	0.00000	0.99951	0.00000	0.00000	0.00000	0.00049
690	0.00000	0.99999	0.00000	0.00000	0.00000	0.00001
691	0.00000	0.99999	0.00000	0.00000	0.00000	0.00001
692	0.00000	0.99974	0.00000	0.00000	0.00000	0.00026
693	0.00000	0.99999	0.00000	0.00000	0.00000	0.00001
694	0.00000	0.89731	0.00001	0.00966	0.00000	0.09301
695	0.00000	0.99996	0.00000	0.00000	0.00000	0.00004
696	0.00000	0.99948	0.00000	0.00000	0.00000	0.00052
697	0.00000	0.99988	0.00000	0.00000	0.00000	0.00012
698	0.00000	0.72729	0.00000	0.00137	0.00000	0.27134
699	0.00000	0.99999	0.00000	0.00000	0.00000	0.00001
700	0.00000	1.00000	0.00000	0.00000	0.00000	0.00000
701	1.00000	0.00000	0.00000	0.00000	0.00000	0.00000
702	0.99984	0.00000	0.00000	0.00000	0.00016	0.00000
703	0.99999	0.00000	0.00000	0.00000	0.00001	0.00000
704	0.76331	0.00006	0.00689	0.04436	0.18371	0.00167
705	0.00000	0.99809	0.00000	0.00000	0.00000	0.00191
706	0.00000	0.99982	0.00000	0.00000	0.00000	0.00018
707	0.95885	0.00000	0.00000	0.00006	0.04109	0.00000
708	0.00000	0.99945	0.00000	0.00000	0.00000	0.00055
709	0.00000	0.99995	0.00000	0.00000	0.00000	0.00005
710	0.00000	0.99998	0.00000	0.00000	0.00000	0.00002
711	0.00000	0.99996	0.00000	0.00000	0.00000	0.00004
712	0.00000	0.99999	0.00000	0.00000	0.00000	0.00001
713	0.00000	0.99929	0.00000	0.00000	0.00000	0.00071
714	0.99849	0.00000	0.00000	0.00000	0.00151	0.00000
715	0.00000	0.82173	0.00001	0.02506	0.00000	0.15320
716	0.00000	0.99999	0.00000	0.00000	0.00000	0.00001
717	0.00000	0.99993	0.00000	0.00000	0.00000	0.00007
718	1.00000	0.00000	0.00000	0.00000	0.00000	0.00000
719	0.00000	0.99996	0.00000	0.00000	0.00000	0.00004
720	0.00000	0.99997	0.00000	0.00000	0.00000	0.00003
721	0.00000	0.99997	0.00000	0.00000	0.00000	0.00003
722	0.00000	0.99998	0.00000	0.00000	0.00000	0.00002
723	0.00000	0.99991	0.00000	0.00000	0.00000	0.00009
724	0.00000	0.87998	0.00000	0.00326	0.00000	0.11676
725	0.00000	0.87085	0.00000	0.00567	0.00000	0.12348
726	0.00000	1.00000	0.00000	0.00000	0.00000	0.00000
727	0.00000	1.00000	0.00000	0.00000	0.00000	0.00000
728	0.00000	0.79419	0.00006	0.03630	0.00001	0.16944
729	0.00000	0.99929	0.00000	0.00000	0.00000	0.00071
730	0.00000	0.99824	0.00000	0.00000	0.00000	0.00176
731	0.00000	0.99929	0.00000	0.00000	0.00000	0.00071
732	0.99986	0.00000	0.00000	0.00000	0.00014	0.00000
733	0.00000	0.99976	0.00000	0.00000	0.00000	0.00024
734	0.00000	0.99968	0.00000	0.00000	0.00000	0.00032
735	0.00000	1.00000	0.00000	0.00000	0.00000	0.00000
736	0.00000	0.77982	0.00000	0.03578	0.00000	0.18440
737	0.00000	1.00000	0.00000	0.00000	0.00000	0.00000
738	1.00000	0.00000	0.00000	0.00000	0.00000	0.00000
739	0.00000	0.82485	0.00000	0.02322	0.00000	0.15194
740	0.00000	0.99987	0.00000	0.00000	0.00000	0.00013
741	1.00000	0.00000	0.00000	0.00000	0.00000	0.00000
742	0.00000	0.99998	0.00000	0.00000	0.00000	0.00002
743	0.00000	0.99940	0.00000	0.00000	0.00000	0.00060
744	0.00000	0.99995	0.00000	0.00000	0.00000	0.00005
745	1.00000	0.00000	0.00000	0.00000	0.00000	0.00000
746	0.00000	0.99999	0.00000	0.00000	0.00000	0.00001
747	0.00000	0.99997	0.00000	0.00000	0.00000	0.00003
748	0.00000	0.99997	0.00000	0.00000	0.00000	0.00003
749	0.00000	0.99994	0.00000	0.00000	0.00000	0.00006
750	0.10692	0.23558	0.15851	0.16706	0.13359	0.19834
751	0.00000	0.99994	0.00000	0.00000	0.00000	0.00006
752	0.00000	0.99996	0.00000	0.00000	0.00000	0.00004
753	0.00000	0.99999	0.00000	0.00000	0.00000	0.00001
754	0.00000	0.99999	0.00000	0.00000	0.00000	0.00001
755	0.00000	0.99696	0.00000	0.00001	0.00000	0.00304
756	0.00000	0.99989	0.00000	0.00000	0.00000	0.00011
757	0.00000	0.95639	0.00000	0.00136	0.00000	0.04225
758	0.00000	0.99142	0.00000	0.00006	0.00000	0.00852
759	0.99993	0.00000	0.00000	0.00000	0.00007	0.00000
760	0.99998	0.00000	0.00000	0.00000	0.00002	0.00000
761	0.00000	0.18674	0.00000	0.00017	0.00000	0.81309
762	0.00000	0.99996	0.00000	0.00000	0.00000	0.00004
763	0.00000	0.99991	0.00000	0.00000	0.00000	0.00009
764	0.00000	0.99975	0.00000	0.00000	0.00000	0.00025
765	0.00000	0.99990	0.00000	0.00000	0.00000	0.00010
766	0.00000	0.99944	0.00000	0.00000	0.00000	0.00056
767	0.00000	0.99997	0.00000	0.00000	0.00000	0.00003
768	0.00000	0.78443	0.00000	0.00020	0.00000	0.21537
769	0.00000	0.97701	0.00000	0.00013	0.00000	0.02286
770	0.00000	0.99987	0.00000	0.00000	0.00000	0.00013
771	0.00000	0.99857	0.00000	0.00000	0.00000	0.00143
772	0.00000	0.99811	0.00000	0.00000	0.00000	0.00189
773	0.00000	0.97739	0.00000	0.00044	0.00000	0.02217
774	0.00000	0.99960	0.00000	0.00000	0.00000	0.00040
775	0.00000	1.00000	0.00000	0.00000	0.00000	0.00000
776	0.00000	0.99997	0.00000	0.00000	0.00000	0.00003
