UponCompletionOf_1000000_sweeps
LocNumber LocName AlleleNumber AlleleName FreqInPop0 FreqInPop1 SDInPop0 SDinPop1
0	L701_331	0	1	0.997225	0.935705	0.003820	0.007585
0	L701_331	1	2	0.002775	0.064295	0.003820	0.007585
1	L374_371	0	1	0.293129	0.388740	0.046537	0.014470
1	L374_371	1	2	0.706871	0.611260	0.046537	0.014470
2	L646_351	0	1	0.998037	0.993311	0.002770	0.002432
2	L646_351	1	2	0.001963	0.006689	0.002770	0.002432
3	L785_15	0	1	0.672163	0.913153	0.030436	0.008578
3	L785_15	1	2	0.327837	0.086847	0.030436	0.008578
4	L1367_103	0	1	0.996151	0.991511	0.004459	0.002845
4	L1367_103	1	2	0.003849	0.008489	0.004459	0.002845
5	L1461_25	0	1	0.996812	0.981084	0.004490	0.003950
5	L1461_25	1	2	0.003188	0.018916	0.004490	0.003950
6	L904_474	0	1	0.045270	0.972809	0.015194	0.004993
6	L904_474	1	2	0.954730	0.027191	0.015194	0.004993
7	L945_313	0	2	0.993675	0.354640	0.005145	0.014661
7	L945_313	1	1	0.006325	0.645360	0.005145	0.014661
8	L208_23	0	1	0.997322	0.949651	0.003773	0.006539
8	L208_23	1	2	0.002678	0.050349	0.003773	0.006539
9	L564_395	0	1	0.993352	0.962935	0.005413	0.005866
9	L564_395	1	2	0.006648	0.037065	0.005413	0.005866
10	L1483_14	0	1	0.996137	0.991655	0.005160	0.002768
10	L1483_14	1	2	0.003863	0.008345	0.005160	0.002768
11	L435_66	0	1	0.921165	0.999512	0.017127	0.000689
11	L435_66	1	2	0.078835	0.000488	0.017127	0.000689
12	L1421_379	0	1	0.997916	0.988321	0.002934	0.003279
12	L1421_379	1	2	0.002084	0.011679	0.002934	0.003279
13	L684_388	0	1	0.997491	0.992336	0.003474	0.002642
13	L684_388	1	2	0.002509	0.007664	0.003474	0.002642
14	L1458_112	0	1	0.181994	0.111996	0.025151	0.009527
14	L1458_112	1	2	0.818006	0.888004	0.025151	0.009527
15	L1281_430	0	1	0.997290	0.992422	0.003811	0.002588
15	L1281_430	1	2	0.002710	0.007578	0.003811	0.002588
16	L1572_115	0	1	0.968430	0.999544	0.011322	0.000644
16	L1572_115	1	2	0.031570	0.000456	0.011322	0.000644
17	L1725_137	0	1	0.997819	0.984565	0.003062	0.003666
17	L1725_137	1	2	0.002181	0.015435	0.003062	0.003666
18	L479_20	0	1	0.966121	0.999507	0.011403	0.000696
18	L479_20	1	2	0.033879	0.000493	0.011403	0.000696
19	L1657_359	0	1	0.993438	0.981203	0.005332	0.004217
19	L1657_359	1	2	0.006562	0.018797	0.005332	0.004217
20	L166_37	0	1	0.998039	0.992500	0.002762	0.002563
20	L166_37	1	2	0.001961	0.007500	0.002762	0.002563
21	L548_107	0	1	0.802354	0.997525	0.025694	0.001584
21	L548_107	1	2	0.197646	0.002475	0.025694	0.001584
22	L1335_438	0	1	0.997955	0.993040	0.002888	0.002532
22	L1335_438	1	2	0.002045	0.006960	0.002888	0.002532
23	L861_462	0	1	0.997173	0.991154	0.003735	0.002765
23	L861_462	1	2	0.002827	0.008846	0.003735	0.002765
24	L104_74	0	1	0.932978	0.997069	0.015723	0.001799
24	L104_74	1	2	0.067022	0.002931	0.015723	0.001799
25	L919_85	0	1	0.997714	0.979345	0.003168	0.004234
25	L919_85	1	2	0.002286	0.020655	0.003168	0.004234
26	L410_16	0	1	0.993052	0.974012	0.005638	0.004978
26	L410_16	1	2	0.006948	0.025988	0.005638	0.004978
27	L1005_87	0	1	0.997908	0.992835	0.002952	0.002604
27	L1005_87	1	2	0.002092	0.007165	0.002952	0.002604
28	L68_447	0	1	0.953276	0.999506	0.014056	0.000699
28	L68_447	1	2	0.046724	0.000494	0.014056	0.000699
29	L1371_42	0	1	0.997454	0.987397	0.003523	0.003435
29	L1371_42	1	2	0.002546	0.012603	0.003523	0.003435
30	L236_367	0	1	0.997923	0.984623	0.002933	0.003755
30	L236_367	1	2	0.002077	0.015377	0.002933	0.003755
31	L1075_343	0	1	0.989870	0.988569	0.006354	0.003209
31	L1075_343	1	2	0.010130	0.011431	0.006354	0.003209
32	L476_392	0	1	0.002356	0.594911	0.003323	0.015676
32	L476_392	1	2	0.997644	0.405089	0.003323	0.015676
33	L741_44	0	1	0.998026	0.975113	0.002792	0.004685
33	L741_44	1	2	0.001974	0.024887	0.002792	0.004685
34	L1116_64	0	1	0.997857	0.990065	0.003016	0.003048
34	L1116_64	1	2	0.002143	0.009935	0.003016	0.003048
35	L1422_376	0	1	0.025113	0.993647	0.010585	0.002496
35	L1422_376	1	2	0.974887	0.006353	0.010585	0.002496
36	L513_120	0	1	0.994356	0.992919	0.004606	0.002419
36	L513_120	1	2	0.005644	0.007081	0.004606	0.002419
37	L1594_44	0	1	0.949809	0.999506	0.014420	0.000696
37	L1594_44	1	2	0.050191	0.000494	0.014420	0.000696
38	L1361_362	0	1	0.997873	0.977420	0.003002	0.004512
38	L1361_362	1	2	0.002127	0.022580	0.003002	0.004512
39	L1308_348	0	1	0.803618	0.556227	0.028156	0.015652
39	L1308_348	1	2	0.196382	0.443773	0.028156	0.015652
40	L694_134	0	1	0.137708	0.994635	0.023499	0.002128
40	L694_134	1	2	0.862292	0.005365	0.023499	0.002128
41	L947_376	0	1	0.006541	0.292421	0.005325	0.014742
41	L947_376	1	2	0.993459	0.707579	0.005325	0.014742
42	L601_332	0	1	0.997648	0.991410	0.003265	0.002799
42	L601_332	1	2	0.002352	0.008590	0.003265	0.002799
43	L1193_380	0	1	0.891220	0.967308	0.020176	0.005467
43	L1193_380	1	2	0.108780	0.032692	0.020176	0.005467
44	L32_116	0	1	0.969144	0.998583	0.011063	0.001155
44	L32_116	1	2	0.030856	0.001417	0.011063	0.001155
45	L1073_82	0	1	0.997902	0.965062	0.002965	0.005683
45	L1073_82	1	2	0.002098	0.034938	0.002965	0.005683
46	L316_336	0	1	0.997797	0.976689	0.003106	0.004567
46	L316_336	1	2	0.002203	0.023311	0.003106	0.004567
47	L1477_38	0	1	0.997741	0.987227	0.003165	0.003340
47	L1477_38	1	2	0.002259	0.012773	0.003165	0.003340
48	L1658_134	0	1	0.997667	0.962782	0.003262	0.005681
48	L1658_134	1	2	0.002333	0.037218	0.003262	0.005681
49	L1439_446	0	1	0.993660	0.971262	0.005147	0.005125
49	L1439_446	1	2	0.006340	0.028738	0.005147	0.005125
50	L1300_142	0	1	0.997694	0.991296	0.003252	0.002972
50	L1300_142	1	2	0.002306	0.008704	0.003252	0.002972
51	L1539_461	0	1	0.997854	0.990248	0.003032	0.002995
51	L1539_461	1	2	0.002146	0.009752	0.003032	0.002995
52	L1015_116	0	1	0.013904	0.688560	0.007392	0.014660
52	L1015_116	1	2	0.986096	0.311440	0.007392	0.014660
53	L194_123	0	1	0.958126	0.997516	0.014029	0.001568
53	L194_123	1	2	0.041874	0.002484	0.014029	0.001568
54	L1666_340	0	1	0.613856	0.978576	0.030061	0.004373
54	L1666_340	1	2	0.386144	0.021424	0.030061	0.004373
55	L1580_342	0	1	0.998058	0.986625	0.002735	0.003372
55	L1580_342	1	2	0.001942	0.013375	0.002735	0.003372
56	L135_370	0	1	0.997720	0.975685	0.003210	0.004749
56	L135_370	1	2	0.002280	0.024315	0.003210	0.004749
57	L1469_306	0	1	0.997888	0.820907	0.002975	0.011846
57	L1469_306	1	2	0.002112	0.179093	0.002975	0.011846
58	L373_367	0	1	0.997886	0.985277	0.002982	0.003597
58	L373_367	1	2	0.002114	0.014723	0.002982	0.003597
59	L1146_373	0	1	0.992468	0.903869	0.006017	0.008881
59	L1146_373	1	2	0.007532	0.096131	0.006017	0.008881
60	L300_449	0	1	0.997990	0.990894	0.002833	0.002937
60	L300_449	1	2	0.002010	0.009106	0.002833	0.002937
61	L207_70	0	1	0.997940	0.993111	0.002904	0.002507
61	L207_70	1	2	0.002060	0.006889	0.002904	0.002507
62	L9_402	0	1	0.998058	0.981475	0.002738	0.003956
62	L9_402	1	2	0.001942	0.018525	0.002738	0.003956
63	L689_429	0	1	0.990132	0.972544	0.006204	0.004899
63	L689_429	1	2	0.009868	0.027456	0.006204	0.004899
64	L1119_84	0	1	0.922274	0.985720	0.017796	0.003679
64	L1119_84	1	2	0.077726	0.014280	0.017796	0.003679
65	L1316_63	0	1	0.997923	0.984272	0.002928	0.003728
65	L1316_63	1	2	0.002077	0.015728	0.002928	0.003728
66	L655_114	0	1	0.973501	0.997829	0.011117	0.001387
66	L655_114	1	2	0.026499	0.002171	0.011117	0.001387
67	L200_489	0	1	0.917839	0.999558	0.020629	0.000624
67	L200_489	1	2	0.082161	0.000442	0.020629	0.000624
68	L1166_74	0	2	0.997984	0.500771	0.002841	0.014984
68	L1166_74	1	1	0.002016	0.499229	0.002841	0.014984
69	L1323_480	0	1	0.997625	0.868604	0.003340	0.010524
69	L1323_480	1	2	0.002375	0.131396	0.003340	0.010524
70	L604_140	0	1	0.993674	0.986697	0.008871	0.003354
70	L604_140	1	2	0.006326	0.013303	0.008871	0.003354
71	L996_487	0	1	0.997754	0.947570	0.003165	0.006794
71	L996_487	1	2	0.002246	0.052430	0.003165	0.006794
72	L1329_136	0	1	0.178105	0.997642	0.032337	0.001489
72	L1329_136	1	2	0.821895	0.002358	0.032337	0.001489
73	L514_137	0	1	0.652979	0.713622	0.028961	0.012892
73	L514_137	1	2	0.347021	0.286378	0.028961	0.012892
74	L1354_431	0	1	0.997883	0.988605	0.002982	0.003336
74	L1354_431	1	2	0.002117	0.011395	0.002982	0.003336
75	L609_116	0	1	0.989736	0.792581	0.006442	0.012314
75	L609_116	1	2	0.010264	0.207419	0.006442	0.012314
76	L365_420	0	1	0.997958	0.984192	0.002877	0.003745
76	L365_420	1	2	0.002042	0.015808	0.002877	0.003745
77	L1349_382	0	1	0.993222	0.896953	0.005494	0.009292
77	L1349_382	1	2	0.006778	0.103047	0.005494	0.009292
78	L1710_356	0	1	0.190262	0.994761	0.024222	0.002184
78	L1710_356	1	2	0.809738	0.005239	0.024222	0.002184
79	L850_460	0	1	0.997977	0.992166	0.002851	0.002677
79	L850_460	1	2	0.002023	0.007834	0.002851	0.002677
80	L206_115	0	2	0.989412	0.679420	0.006638	0.013943
80	L206_115	1	1	0.010588	0.320580	0.006638	0.013943
81	L1602_11	0	1	0.992480	0.964698	0.006036	0.005926
81	L1602_11	1	2	0.007520	0.035302	0.006036	0.005926
82	L525_94	0	1	0.998080	0.990860	0.002704	0.002806
82	L525_94	1	2	0.001920	0.009140	0.002704	0.002806
83	L528_389	0	1	0.569773	0.985601	0.033794	0.003752
83	L528_389	1	2	0.430227	0.014399	0.033794	0.003752
84	L460_366	0	1	0.998008	0.934890	0.002804	0.007241
84	L460_366	1	2	0.001992	0.065110	0.002804	0.007241
85	L1189_116	0	1	0.997882	0.479871	0.002980	0.015206
85	L1189_116	1	2	0.002118	0.520129	0.002980	0.015206
86	L1608_362	0	1	0.953658	0.987460	0.013257	0.003364
86	L1608_362	1	2	0.046342	0.012540	0.013257	0.003364
87	L643_47	0	1	0.988472	0.973198	0.007239	0.004862
87	L643_47	1	2	0.011528	0.026802	0.007239	0.004862
88	L717_66	0	1	0.997979	0.929110	0.002852	0.008087
88	L717_66	1	2	0.002021	0.070890	0.002852	0.008087
89	L773_104	0	1	0.988497	0.993245	0.007212	0.002455
89	L773_104	1	2	0.011503	0.006755	0.007212	0.002455
90	L1697_106	0	1	0.917214	0.887187	0.018102	0.009713
90	L1697_106	1	2	0.082786	0.112813	0.018102	0.009713
91	L1294_163	0	1	0.997706	0.981853	0.003174	0.004089
91	L1294_163	1	2	0.002294	0.018147	0.003174	0.004089
92	L1260_361	0	1	0.989055	0.857925	0.006859	0.010914
92	L1260_361	1	2	0.010945	0.142075	0.006859	0.010914
93	L778_381	0	1	0.565284	0.996581	0.030212	0.001754
93	L778_381	1	2	0.434716	0.003419	0.030212	0.001754
94	L93_88	0	1	0.997891	0.983058	0.002971	0.004018
94	L93_88	1	2	0.002109	0.016942	0.002971	0.004018
95	L1232_84	0	1	0.023501	0.541581	0.009864	0.015258
95	L1232_84	1	2	0.976499	0.458419	0.009864	0.015258
96	L760_417	0	1	0.844597	0.997518	0.023943	0.001567
96	L760_417	1	2	0.155403	0.002482	0.023943	0.001567
97	L1447_385	0	1	0.997907	0.991371	0.002954	0.002786
97	L1447_385	1	2	0.002093	0.008629	0.002954	0.002786
98	L121_465	0	1	0.117743	0.999516	0.023745	0.000685
98	L121_465	1	2	0.882257	0.000484	0.023745	0.000685
99	L1502_442	0	1	0.997972	0.972611	0.002862	0.004889
99	L1502_442	1	2	0.002028	0.027389	0.002862	0.004889
100	L378_118	0	1	0.764620	0.998696	0.028356	0.001201
100	L378_118	1	2	0.235380	0.001304	0.028356	0.001201
101	L1192_73	0	1	0.975115	0.981788	0.009621	0.003893
101	L1192_73	1	2	0.024885	0.018212	0.009621	0.003893
102	L261_128	0	1	0.993173	0.796919	0.005536	0.012799
102	L261_128	1	2	0.006827	0.203081	0.005536	0.012799
103	L1351_108	0	1	0.997982	0.918021	0.002847	0.008547
103	L1351_108	1	2	0.002018	0.081979	0.002847	0.008547
104	L262_34	0	1	0.969094	0.999512	0.011096	0.000689
104	L262_34	1	2	0.030906	0.000488	0.011096	0.000689
105	L1603_69	0	1	0.997568	0.985709	0.003397	0.003614
105	L1603_69	1	2	0.002432	0.014291	0.003397	0.003614
106	L1317_463	0	1	0.990223	0.991816	0.013625	0.002644
106	L1317_463	1	2	0.009777	0.008184	0.013625	0.002644
107	L1209_358	0	1	0.997636	0.987157	0.003327	0.003473
107	L1209_358	1	2	0.002364	0.012843	0.003327	0.003473
108	L1107_10	0	1	0.988898	0.994310	0.006973	0.002226
108	L1107_10	1	2	0.011102	0.005690	0.006973	0.002226
109	L780_141	0	1	0.997911	0.989434	0.002936	0.002979
109	L780_141	1	2	0.002089	0.010566	0.002936	0.002979
110	L1489_360	0	1	0.997922	0.989323	0.002929	0.003132
110	L1489_360	1	2	0.002078	0.010677	0.002929	0.003132
111	L870_401	0	1	0.997864	0.983075	0.003015	0.003897
111	L870_401	1	2	0.002136	0.016925	0.003015	0.003897
112	L467_394	0	1	0.735372	0.519080	0.034308	0.014685
112	L467_394	1	2	0.264628	0.480920	0.034308	0.014685
113	L841_129	0	1	0.941477	0.999497	0.016710	0.000710
113	L841_129	1	2	0.058523	0.000503	0.016710	0.000710
114	L292_125	0	1	0.997954	0.899667	0.002886	0.009013
114	L292_125	1	2	0.002046	0.100333	0.002886	0.009013
115	L1488_115	0	1	0.997891	0.993214	0.002971	0.002468
115	L1488_115	1	2	0.002109	0.006786	0.002971	0.002468
116	L1304_412	0	1	0.605923	0.927793	0.031630	0.007861
116	L1304_412	1	2	0.394077	0.072207	0.031630	0.007861
117	L600_113	0	1	0.997945	0.991434	0.002902	0.002765
117	L600_113	1	2	0.002055	0.008566	0.002902	0.002765
118	L713_10	0	1	0.498188	0.998714	0.030415	0.001051
118	L713_10	1	2	0.501812	0.001286	0.030415	0.001051
119	L712_385	0	1	0.997826	0.976914	0.003054	0.004520
119	L712_385	1	2	0.002174	0.023086	0.003054	0.004520
120	L1134_27	0	1	0.988575	0.963732	0.007160	0.005821
120	L1134_27	1	2	0.011425	0.036268	0.007160	0.005821
121	L1319_126	0	1	0.998087	0.987297	0.002699	0.003311
121	L1319_126	1	2	0.001913	0.012703	0.002699	0.003311
122	L1576_470	0	1	0.798413	0.998656	0.026376	0.001096
122	L1576_470	1	2	0.201587	0.001344	0.026376	0.001096
123	L1324_383	0	1	0.976491	0.970194	0.014137	0.005131
123	L1324_383	1	2	0.023509	0.029806	0.014137	0.005131
124	L639_411	0	1	0.990024	0.985773	0.006257	0.003585
124	L639_411	1	2	0.009976	0.014227	0.006257	0.003585
125	L1433_118	0	1	0.986185	0.990178	0.007333	0.002883
125	L1433_118	1	2	0.013815	0.009822	0.007333	0.002883
126	L1647_379	0	1	0.990409	0.971080	0.006014	0.004932
126	L1647_379	1	2	0.009591	0.028920	0.006014	0.004932
127	L1112_408	0	1	0.998032	0.904286	0.002778	0.008772
127	L1112_408	1	2	0.001968	0.095714	0.002778	0.008772
128	L1093_328	0	1	0.997656	0.986373	0.003304	0.003683
128	L1093_328	1	2	0.002344	0.013627	0.003304	0.003683
129	L884_371	0	1	0.997914	0.989241	0.002944	0.003151
129	L884_371	1	2	0.002086	0.010759	0.002944	0.003151
130	L1491_95	0	1	0.997925	0.992196	0.002923	0.002666
130	L1491_95	1	2	0.002075	0.007804	0.002923	0.002666
131	L625_110	0	1	0.997942	0.992406	0.002899	0.002591
131	L625_110	1	2	0.002058	0.007594	0.002899	0.002591
132	L58_130	0	1	0.461408	0.993563	0.029966	0.002359
132	L58_130	1	2	0.538592	0.006437	0.029966	0.002359
133	L963_109	0	1	0.993749	0.914856	0.005065	0.008296
133	L963_109	1	2	0.006251	0.085144	0.005065	0.008296
134	L899_54	0	1	0.950742	0.997821	0.014792	0.001376
134	L899_54	1	2	0.049258	0.002179	0.014792	0.001376
135	L968_417	0	1	0.952612	0.999546	0.013611	0.000641
135	L968_417	1	2	0.047388	0.000454	0.013611	0.000641
136	L1284_419	0	1	0.997695	0.947818	0.003227	0.006770
136	L1284_419	1	2	0.002305	0.052182	0.003227	0.006770
137	L355_382	0	1	0.997937	0.981191	0.002902	0.004027
137	L355_382	1	2	0.002063	0.018809	0.002902	0.004027
138	L786_12	0	1	0.997967	0.967683	0.002844	0.005061
138	L786_12	1	2	0.002033	0.032317	0.002844	0.005061
139	L582_35	0	1	0.993694	0.900192	0.005353	0.009388
139	L582_35	1	2	0.006306	0.099808	0.005353	0.009388
140	L1508_118	0	1	0.972837	0.998656	0.010479	0.001096
140	L1508_118	1	2	0.027163	0.001344	0.010479	0.001096
141	L1374_432	0	1	0.968659	0.999550	0.011235	0.000637
141	L1374_432	1	2	0.031341	0.000450	0.011235	0.000637
142	L1430_29	0	1	0.997929	0.992598	0.002917	0.002691
142	L1430_29	1	2	0.002071	0.007402	0.002917	0.002691
143	L1334_465	0	1	0.997781	0.993203	0.003128	0.002468
143	L1334_465	1	2	0.002219	0.006797	0.003128	0.002468
144	L1719_417	0	2	0.118274	0.856048	0.025056	0.010878
144	L1719_417	1	1	0.881726	0.143952	0.025056	0.010878
145	L1211_133	0	1	0.205715	0.997687	0.028946	0.001726
145	L1211_133	1	2	0.794285	0.002313	0.028946	0.001726
146	L580_10	0	1	0.997394	0.990998	0.003660	0.002765
146	L580_10	1	2	0.002606	0.009002	0.003660	0.002765
147	L113_442	0	1	0.078157	0.831651	0.017372	0.011183
147	L113_442	1	2	0.921843	0.168349	0.017372	0.011183
148	L1574_130	0	1	0.995586	0.963983	0.006204	0.005556
148	L1574_130	1	2	0.004414	0.036017	0.006204	0.005556
149	L220_432	0	1	0.966742	0.999535	0.011224	0.000657
149	L220_432	1	2	0.033258	0.000465	0.011224	0.000657
150	L807_31	0	1	0.997769	0.987591	0.003145	0.003488
150	L807_31	1	2	0.002231	0.012409	0.003145	0.003488
151	L579_430	0	1	0.997742	0.992385	0.003189	0.002770
151	L579_430	1	2	0.002258	0.007615	0.003189	0.002770
152	L386_437	0	1	0.989365	0.993719	0.006674	0.002455
152	L386_437	1	2	0.010635	0.006281	0.006674	0.002455
153	L724_350	0	1	0.947118	0.972565	0.014402	0.005047
153	L724_350	1	2	0.052882	0.027435	0.014402	0.005047
154	L621_433	0	1	0.997921	0.848780	0.002928	0.010894
154	L621_433	1	2	0.002079	0.151220	0.002928	0.010894
155	L195_362	0	1	0.998021	0.988894	0.002789	0.003121
155	L195_362	1	2	0.001979	0.011106	0.002789	0.003121
156	L1377_132	0	1	0.982910	0.973742	0.009041	0.004937
156	L1377_132	1	2	0.017090	0.026258	0.009041	0.004937
157	L1616_102	0	1	0.993787	0.989365	0.005045	0.003114
157	L1616_102	1	2	0.006213	0.010635	0.005045	0.003114
158	L353_122	0	1	0.997882	0.787844	0.002986	0.012678
158	L353_122	1	2	0.002118	0.212156	0.002986	0.012678
159	L311_354	0	1	0.961140	0.999491	0.012382	0.000717
159	L311_354	1	2	0.038860	0.000509	0.012382	0.000717
160	L1139_394	0	1	0.943857	0.999498	0.016036	0.000709
160	L1139_394	1	2	0.056143	0.000502	0.016036	0.000709
161	L1529_87	0	1	0.997868	0.985134	0.003002	0.003873
161	L1529_87	1	2	0.002132	0.014866	0.003002	0.003873
162	L654_353	0	1	0.998082	0.990109	0.002700	0.002901
162	L654_353	1	2	0.001918	0.009891	0.002700	0.002901
163	L369_36	0	1	0.997735	0.988493	0.003193	0.003367
163	L369_36	1	2	0.002265	0.011507	0.003193	0.003367
164	L1706_73	0	1	0.997796	0.973632	0.003109	0.005149
164	L1706_73	1	2	0.002204	0.026368	0.003109	0.005149
165	L417_361	0	1	0.993614	0.986466	0.005188	0.003530
165	L417_361	1	2	0.006386	0.013534	0.005188	0.003530
166	L1467_383	0	1	0.993506	0.944940	0.005276	0.006879
166	L1467_383	1	2	0.006494	0.055060	0.005276	0.006879
167	L1588_136	0	1	0.971162	0.998486	0.010536	0.001223
167	L1588_136	1	2	0.028838	0.001514	0.010536	0.001223
168	L1665_15	0	1	0.997975	0.985715	0.002858	0.003603
168	L1665_15	1	2	0.002025	0.014285	0.002858	0.003603
169	L747_380	0	1	0.958102	0.999506	0.013264	0.000697
169	L747_380	1	2	0.041898	0.000494	0.013264	0.000697
170	L671_385	0	1	0.997931	0.988567	0.002914	0.003213
170	L671_385	1	2	0.002069	0.011433	0.002914	0.003213
171	L1239_395	0	1	0.924331	0.953829	0.030815	0.006283
171	L1239_395	1	2	0.075669	0.046171	0.030815	0.006283
172	L1271_13	0	1	0.997955	0.991130	0.002880	0.002864
172	L1271_13	1	2	0.002045	0.008870	0.002880	0.002864
173	L645_476	0	1	0.997835	0.991078	0.003049	0.002884
173	L645_476	1	2	0.002165	0.008922	0.003049	0.002884
174	L931_480	0	1	0.997825	0.976310	0.003068	0.004833
174	L931_480	1	2	0.002175	0.023690	0.003068	0.004833
175	L1217_468	0	1	0.992951	0.992244	0.005731	0.002816
175	L1217_468	1	2	0.007049	0.007756	0.005731	0.002816
176	L175_141	0	1	0.997831	0.990994	0.003059	0.002906
176	L175_141	1	2	0.002169	0.009006	0.003059	0.002906
177	L1445_11	0	1	0.006051	0.499379	0.004921	0.015113
177	L1445_11	1	2	0.993949	0.500621	0.004921	0.015113
178	L1605_466	0	1	0.996868	0.986229	0.004221	0.003758
178	L1605_466	1	2	0.003132	0.013771	0.004221	0.003758
179	L1060_527	0	1	0.010885	0.995950	0.006824	0.002011
179	L1060_527	1	2	0.989115	0.004050	0.006824	0.002011
180	L613_508	0	1	0.997488	0.984055	0.003540	0.003892
180	L613_508	1	2	0.002512	0.015945	0.003540	0.003892
181	L1268_434	0	1	0.997962	0.991613	0.002871	0.002713
181	L1268_434	1	2	0.002038	0.008387	0.002871	0.002713
182	L64_370	0	1	0.919057	0.999566	0.017103	0.000614
182	L64_370	1	2	0.080943	0.000434	0.017103	0.000614
183	L1129_133	0	1	0.997753	0.992125	0.003171	0.002687
183	L1129_133	1	2	0.002247	0.007875	0.003171	0.002687
184	L939_404	0	1	0.997756	0.989408	0.003165	0.003251
184	L939_404	1	2	0.002244	0.010592	0.003165	0.003251
185	L491_468	0	1	0.966885	0.999574	0.011147	0.000602
185	L491_468	1	2	0.033115	0.000426	0.011147	0.000602
186	L888_7	0	1	0.997962	0.834047	0.002867	0.011234
186	L888_7	1	2	0.002038	0.165953	0.002867	0.011234
187	L1452_364	0	1	0.964977	0.999525	0.011775	0.000671
187	L1452_364	1	2	0.035023	0.000475	0.011775	0.000671
188	L130_103	0	1	0.976798	0.993491	0.009759	0.002542
188	L130_103	1	2	0.023202	0.006509	0.009759	0.002542
189	L737_506	0	1	0.974845	0.995086	0.015637	0.002091
189	L737_506	1	2	0.025155	0.004914	0.015637	0.002091
190	L221_391	0	1	0.885428	0.999511	0.021307	0.000692
190	L221_391	1	2	0.114572	0.000489	0.021307	0.000692
191	L1064_48	0	1	0.998035	0.975897	0.002773	0.004542
191	L1064_48	1	2	0.001965	0.024103	0.002773	0.004542
192	L377_105	0	1	0.997801	0.987232	0.003104	0.003584
192	L377_105	1	2	0.002199	0.012768	0.003104	0.003584
193	L507_431	0	1	0.086325	0.976426	0.018159	0.004611
193	L507_431	1	2	0.913675	0.023574	0.018159	0.004611
194	L231_343	0	1	0.993383	0.946089	0.005366	0.007046
194	L231_343	1	2	0.006617	0.053911	0.005366	0.007046
195	L323_477	0	1	0.997609	0.990433	0.003365	0.003088
195	L323_477	1	2	0.002391	0.009567	0.003365	0.003088
196	L1210_112	0	1	0.997559	0.854610	0.003440	0.011023
196	L1210_112	1	2	0.002441	0.145390	0.003440	0.011023
197	L1713_137	0	1	0.993560	0.987658	0.005247	0.003338
197	L1713_137	1	2	0.006440	0.012342	0.005247	0.003338
198	L274_9	0	1	0.005790	0.991280	0.004928	0.002814
198	L274_9	1	2	0.994210	0.008720	0.004928	0.002814
199	L1179_9	0	1	0.993893	0.992062	0.004958	0.002725
199	L1179_9	1	2	0.006107	0.007938	0.004958	0.002725
