UponCompletionOf_1000000_sweeps
LocNumber LocName AlleleNumber AlleleName FreqInPop0 FreqInPop1 SDInPop0 SDinPop1
0	LdDocent_Contig_7945_395	0	1	0.958508	0.999551	0.012531	0.000635
0	LdDocent_Contig_7945_395	1	2	0.041492	0.000449	0.012531	0.000635
1	LdDocent_Contig_93230_388	0	1	0.948118	0.999537	0.014264	0.000654
1	LdDocent_Contig_93230_388	1	2	0.051882	0.000463	0.014264	0.000654
2	LdDocent_Contig_14526_141	0	1	0.997834	0.990999	0.003053	0.002907
2	LdDocent_Contig_14526_141	1	2	0.002166	0.009001	0.003053	0.002907
3	LdDocent_Contig_64713_69	0	1	0.927788	0.999533	0.017093	0.000660
3	LdDocent_Contig_64713_69	1	2	0.072212	0.000467	0.017093	0.000660
4	LdDocent_Contig_9284_72	0	1	0.997590	0.983648	0.003367	0.003880
4	LdDocent_Contig_9284_72	1	2	0.002410	0.016352	0.003367	0.003880
5	LdDocent_Contig_93081_398	0	1	0.997667	0.988514	0.003286	0.003368
5	LdDocent_Contig_93081_398	1	2	0.002333	0.011486	0.003286	0.003368
6	LdDocent_Contig_5757_327	0	1	0.997773	0.993337	0.003141	0.002602
6	LdDocent_Contig_5757_327	1	2	0.002227	0.006663	0.003141	0.002602
7	LdDocent_Contig_11501_28	0	1	0.997773	0.991448	0.003144	0.002919
7	LdDocent_Contig_11501_28	1	2	0.002227	0.008552	0.003144	0.002919
8	LdDocent_Contig_6917_113	0	1	0.919124	0.999528	0.017989	0.000667
8	LdDocent_Contig_6917_113	1	2	0.080876	0.000472	0.017989	0.000667
9	LdDocent_Contig_37919_472	0	1	0.998097	0.971157	0.002686	0.004982
9	LdDocent_Contig_37919_472	1	2	0.001903	0.028843	0.002686	0.004982
10	LdDocent_Contig_67838_468	0	1	0.992940	0.992248	0.005729	0.002819
10	LdDocent_Contig_67838_468	1	2	0.007060	0.007752	0.005729	0.002819
11	LdDocent_Contig_1608_459	0	1	0.997215	0.987090	0.003888	0.003268
11	LdDocent_Contig_1608_459	1	2	0.002785	0.012910	0.003888	0.003268
12	LdDocent_Contig_5061_132	0	1	0.957761	0.999503	0.013378	0.000703
12	LdDocent_Contig_5061_132	1	2	0.042239	0.000497	0.013378	0.000703
13	LdDocent_Contig_2089_140	0	1	0.997081	0.989348	0.004057	0.003015
13	LdDocent_Contig_2089_140	1	2	0.002919	0.010652	0.004057	0.003015
14	LdDocent_Contig_68003_459	0	1	0.997655	0.986261	0.003304	0.003711
14	LdDocent_Contig_68003_459	1	2	0.002345	0.013739	0.003304	0.003711
15	LdDocent_Contig_29255_349	0	1	0.989037	0.828350	0.006879	0.012027
15	LdDocent_Contig_29255_349	1	2	0.010963	0.171650	0.006879	0.012027
16	LdDocent_Contig_15609_391	0	1	0.885208	0.999510	0.021353	0.000693
16	LdDocent_Contig_15609_391	1	2	0.114792	0.000490	0.021353	0.000693
17	LdDocent_Contig_1158_113	0	1	0.997950	0.922792	0.002882	0.007788
17	LdDocent_Contig_1158_113	1	2	0.002050	0.077208	0.002882	0.007788
18	LdDocent_Contig_29931_351	0	1	0.998035	0.993311	0.002773	0.002435
18	LdDocent_Contig_29931_351	1	2	0.001965	0.006689	0.002773	0.002435
19	LdDocent_Contig_7781_385	0	1	0.997877	0.993197	0.002993	0.002473
19	LdDocent_Contig_7781_385	1	2	0.002123	0.006803	0.002993	0.002473
20	LdDocent_Contig_93561_362	0	1	0.993558	0.992125	0.005234	0.002688
20	LdDocent_Contig_93561_362	1	2	0.006442	0.007875	0.005234	0.002688
21	LdDocent_Contig_73_392	0	1	0.981994	0.596035	0.008391	0.014213
21	LdDocent_Contig_73_392	1	2	0.018006	0.403965	0.008391	0.014213
22	LdDocent_Contig_71230_13	0	1	0.997976	0.991105	0.002855	0.002874
22	LdDocent_Contig_71230_13	1	2	0.002024	0.008895	0.002855	0.002874
23	LdDocent_Contig_83921_462	0	1	0.989404	0.994892	0.006655	0.002173
23	LdDocent_Contig_83921_462	1	2	0.010596	0.005108	0.006655	0.002173
24	LdDocent_Contig_59577_144	0	1	0.889187	0.998576	0.020642	0.001162
24	LdDocent_Contig_59577_144	1	2	0.110813	0.001424	0.020642	0.001162
25	LdDocent_Contig_23639_101	0	1	0.993099	0.703820	0.005826	0.014627
25	LdDocent_Contig_23639_101	1	2	0.006901	0.296180	0.005826	0.014627
26	LdDocent_Contig_63000_397	0	1	0.997490	0.935346	0.003489	0.007728
26	LdDocent_Contig_63000_397	1	2	0.002510	0.064654	0.003489	0.007728
27	LdDocent_Contig_2311_20	0	1	0.966077	0.999507	0.011404	0.000696
27	LdDocent_Contig_2311_20	1	2	0.033923	0.000493	0.011404	0.000696
28	LdDocent_Contig_3692_359	0	1	0.035736	0.998561	0.012850	0.001186
28	LdDocent_Contig_3692_359	1	2	0.964264	0.001439	0.012850	0.001186
29	LdDocent_Contig_7215_381	0	1	0.998034	0.989560	0.002779	0.003063
29	LdDocent_Contig_7215_381	1	2	0.001966	0.010440	0.002779	0.003063
30	LdDocent_Contig_12148_78	0	1	0.993700	0.993770	0.005105	0.002436
30	LdDocent_Contig_12148_78	1	2	0.006300	0.006230	0.005105	0.002436
31	LdDocent_Contig_19494_420	0	1	0.997954	0.984191	0.002888	0.003745
31	LdDocent_Contig_19494_420	1	2	0.002046	0.015809	0.002888	0.003745
32	LdDocent_Contig_1525_64	0	1	0.998104	0.989605	0.002673	0.002924
32	LdDocent_Contig_1525_64	1	2	0.001896	0.010395	0.002673	0.002924
33	LdDocent_Contig_1585_417	0	1	0.997844	0.869986	0.003040	0.010410
33	LdDocent_Contig_1585_417	1	2	0.002156	0.130014	0.003040	0.010410
34	LdDocent_Contig_53670_433	0	1	0.996938	0.980866	0.004099	0.004228
34	LdDocent_Contig_53670_433	1	2	0.003062	0.019134	0.004099	0.004228
35	LdDocent_Contig_6451_52	0	1	0.963338	0.998504	0.012311	0.001219
35	LdDocent_Contig_6451_52	1	2	0.036662	0.001496	0.012311	0.001219
36	LdDocent_Contig_69388_420	0	1	0.997959	0.991370	0.002884	0.002787
36	LdDocent_Contig_69388_420	1	2	0.002041	0.008630	0.002884	0.002787
37	LdDocent_Contig_89291_130	0	1	0.995732	0.963870	0.006011	0.005569
37	LdDocent_Contig_89291_130	1	2	0.004268	0.036130	0.006011	0.005569
38	LdDocent_Contig_60333_358	0	1	0.997290	0.985727	0.003815	0.003716
38	LdDocent_Contig_60333_358	1	2	0.002710	0.014273	0.003815	0.003716
39	LdDocent_Contig_22130_431	0	1	0.954054	0.990413	0.013189	0.002942
39	LdDocent_Contig_22130_431	1	2	0.045946	0.009587	0.013189	0.002942
40	LdDocent_Contig_7538_103	0	1	0.996422	0.991445	0.004281	0.002853
40	LdDocent_Contig_7538_103	1	2	0.003578	0.008555	0.004281	0.002853
41	LdDocent_Contig_930_502	0	1	0.993727	0.984024	0.005109	0.003896
41	LdDocent_Contig_930_502	1	2	0.006273	0.015976	0.005109	0.003896
42	LdDocent_Contig_36540_10	0	1	0.997575	0.990480	0.003418	0.003068
42	LdDocent_Contig_36540_10	1	2	0.002425	0.009520	0.003418	0.003068
43	LdDocent_Contig_7458_48	0	2	0.992720	0.961001	0.005829	0.005969
43	LdDocent_Contig_7458_48	1	1	0.007280	0.038999	0.005829	0.005969
44	LdDocent_Contig_14707_509	0	1	0.964398	0.938725	0.011962	0.007641
44	LdDocent_Contig_14707_509	1	2	0.035602	0.061275	0.011962	0.007641
45	LdDocent_Contig_1378_140	0	1	0.997815	0.993225	0.003076	0.002462
45	LdDocent_Contig_1378_140	1	2	0.002185	0.006775	0.003076	0.002462
46	LdDocent_Contig_53109_28	0	1	0.968733	0.999533	0.011213	0.000659
46	LdDocent_Contig_53109_28	1	2	0.031267	0.000467	0.011213	0.000659
47	LdDocent_Contig_29337_450	0	1	0.997896	0.977998	0.002968	0.004694
47	LdDocent_Contig_29337_450	1	2	0.002104	0.022002	0.002968	0.004694
48	LdDocent_Contig_1399_88	0	1	0.966573	0.999548	0.011243	0.000639
48	LdDocent_Contig_1399_88	1	2	0.033427	0.000452	0.011243	0.000639
49	LdDocent_Contig_5091_48	0	1	0.997911	0.986761	0.002949	0.003452
49	LdDocent_Contig_5091_48	1	2	0.002089	0.013239	0.002949	0.003452
50	LdDocent_Contig_693_381	0	1	0.997763	0.982395	0.003154	0.004060
50	LdDocent_Contig_693_381	1	2	0.002237	0.017605	0.003154	0.004060
51	LdDocent_Contig_3168_53	0	1	0.216469	0.779208	0.025170	0.012173
51	LdDocent_Contig_3168_53	1	2	0.783531	0.220792	0.025170	0.012173
52	LdDocent_Contig_3687_307	0	1	0.997719	0.967014	0.003207	0.005441
52	LdDocent_Contig_3687_307	1	2	0.002281	0.032986	0.003207	0.005441
53	LdDocent_Contig_88645_448	0	1	0.976954	0.997513	0.009693	0.001570
53	LdDocent_Contig_88645_448	1	2	0.023046	0.002487	0.009693	0.001570
54	LdDocent_Contig_7999_435	0	1	0.937805	0.998498	0.015805	0.001223
54	LdDocent_Contig_7999_435	1	2	0.062195	0.001502	0.015805	0.001223
55	LdDocent_Contig_7536_444	0	1	0.997822	0.966318	0.003066	0.005717
55	LdDocent_Contig_7536_444	1	2	0.002178	0.033682	0.003066	0.005717
56	LdDocent_Contig_1854_15	0	1	0.998007	0.990412	0.002811	0.002941
56	LdDocent_Contig_1854_15	1	2	0.001993	0.009588	0.002811	0.002941
57	LdDocent_Contig_51286_373	0	1	0.983799	0.969449	0.008433	0.005498
57	LdDocent_Contig_51286_373	1	2	0.016201	0.030551	0.008433	0.005498
58	LdDocent_Contig_14998_119	0	1	0.987781	0.973866	0.007508	0.004960
58	LdDocent_Contig_14998_119	1	2	0.012219	0.026134	0.007508	0.004960
59	LdDocent_Contig_55045_105	0	1	0.104087	0.759839	0.019822	0.013003
59	LdDocent_Contig_55045_105	1	2	0.895913	0.240161	0.019822	0.013003
60	LdDocent_Contig_31_430	0	1	0.997915	0.969893	0.002934	0.005122
60	LdDocent_Contig_31_430	1	2	0.002085	0.030107	0.002934	0.005122
61	LdDocent_Contig_2281_74	0	1	0.566347	0.999569	0.031093	0.000608
61	LdDocent_Contig_2281_74	1	2	0.433653	0.000431	0.031093	0.000608
62	LdDocent_Contig_51647_124	0	1	0.998038	0.992588	0.002775	0.002531
62	LdDocent_Contig_51647_124	1	2	0.001962	0.007412	0.002775	0.002531
63	LdDocent_Contig_5246_117	0	1	0.221777	0.507281	0.028406	0.015999
63	LdDocent_Contig_5246_117	1	2	0.778223	0.492719	0.028406	0.015999
64	LdDocent_Contig_2905_457	0	1	0.993555	0.993736	0.005093	0.002353
64	LdDocent_Contig_2905_457	1	2	0.006445	0.006264	0.005093	0.002353
65	LdDocent_Contig_34626_57	0	1	0.987784	0.992997	0.007431	0.002658
65	LdDocent_Contig_34626_57	1	2	0.012216	0.007003	0.007431	0.002658
66	LdDocent_Contig_7302_328	0	1	0.997283	0.989795	0.003633	0.003035
66	LdDocent_Contig_7302_328	1	2	0.002717	0.010205	0.003633	0.003035
67	LdDocent_Contig_95108_34	0	1	0.993654	0.939579	0.005198	0.007408
67	LdDocent_Contig_95108_34	1	2	0.006346	0.060421	0.005198	0.007408
68	LdDocent_Contig_242_431	0	1	0.093313	0.976406	0.018838	0.004631
68	LdDocent_Contig_242_431	1	2	0.906687	0.023594	0.018838	0.004631
69	LdDocent_Contig_1790_39	0	1	0.015625	0.988900	0.008662	0.003254
69	LdDocent_Contig_1790_39	1	2	0.984375	0.011100	0.008662	0.003254
70	LdDocent_Contig_12602_422	0	1	0.997933	0.992423	0.002909	0.002592
70	LdDocent_Contig_12602_422	1	2	0.002067	0.007577	0.002909	0.002592
71	LdDocent_Contig_1491_123	0	1	0.958153	0.997520	0.014024	0.001569
71	LdDocent_Contig_1491_123	1	2	0.041847	0.002480	0.014024	0.001569
72	LdDocent_Contig_23681_58	0	1	0.997938	0.990682	0.002911	0.003008
72	LdDocent_Contig_23681_58	1	2	0.002062	0.009318	0.002911	0.003008
73	LdDocent_Contig_60418_73	0	1	0.968524	0.999510	0.011307	0.000691
73	LdDocent_Contig_60418_73	1	2	0.031476	0.000490	0.011307	0.000691
74	LdDocent_Contig_66458_63	0	1	0.997896	0.990848	0.002964	0.002951
74	LdDocent_Contig_66458_63	1	2	0.002104	0.009152	0.002964	0.002951
75	LdDocent_Contig_1469_52	0	1	0.997965	0.990391	0.002870	0.002949
75	LdDocent_Contig_1469_52	1	2	0.002035	0.009609	0.002870	0.002949
76	LdDocent_Contig_91667_33	0	1	0.993176	0.954224	0.005540	0.006703
76	LdDocent_Contig_91667_33	1	2	0.006824	0.045776	0.005540	0.006703
77	LdDocent_Contig_88403_16	0	1	0.998141	0.965353	0.002623	0.005412
77	LdDocent_Contig_88403_16	1	2	0.001859	0.034647	0.002623	0.005412
78	LdDocent_Contig_268_139	0	1	0.898632	0.999535	0.019790	0.000656
78	LdDocent_Contig_268_139	1	2	0.101368	0.000465	0.019790	0.000656
79	LdDocent_Contig_165_72	0	1	0.005784	0.998607	0.005055	0.001136
79	LdDocent_Contig_165_72	1	2	0.994216	0.001393	0.005055	0.001136
80	LdDocent_Contig_95004_457	0	1	0.997789	0.918160	0.003114	0.008682
80	LdDocent_Contig_95004_457	1	2	0.002211	0.081840	0.003114	0.008682
81	LdDocent_Contig_1765_362	0	1	0.963331	0.999521	0.012326	0.000676
81	LdDocent_Contig_1765_362	1	2	0.036669	0.000479	0.012326	0.000676
82	LdDocent_Contig_593_485	0	1	0.997597	0.958762	0.003381	0.006347
82	LdDocent_Contig_593_485	1	2	0.002403	0.041238	0.003381	0.006347
83	LdDocent_Contig_6048_73	0	1	0.997961	0.993037	0.002880	0.002535
83	LdDocent_Contig_6048_73	1	2	0.002039	0.006963	0.002880	0.002535
84	LdDocent_Contig_5184_376	0	1	0.997708	0.982776	0.003230	0.004082
84	LdDocent_Contig_5184_376	1	2	0.002292	0.017224	0.003230	0.004082
85	LdDocent_Contig_1236_34	0	1	0.993821	0.990988	0.008658	0.002769
85	LdDocent_Contig_1236_34	1	2	0.006179	0.009012	0.008658	0.002769
86	LdDocent_Contig_2064_430	0	1	0.318640	0.997507	0.029098	0.001595
86	LdDocent_Contig_2064_430	1	2	0.681360	0.002493	0.029098	0.001595
87	LdDocent_Contig_1022_397	0	1	0.997712	0.989464	0.003198	0.003109
87	LdDocent_Contig_1022_397	1	2	0.002288	0.010536	0.003198	0.003109
88	LdDocent_Contig_257_407	0	1	0.718298	0.997562	0.031481	0.001540
88	LdDocent_Contig_257_407	1	2	0.281702	0.002438	0.031481	0.001540
89	LdDocent_Contig_7549_112	0	1	0.998026	0.993284	0.002785	0.002442
89	LdDocent_Contig_7549_112	1	2	0.001974	0.006716	0.002785	0.002442
90	LdDocent_Contig_29609_376	0	1	0.997809	0.988918	0.003087	0.003245
90	LdDocent_Contig_29609_376	1	2	0.002191	0.011082	0.003087	0.003245
91	LdDocent_Contig_2017_52	0	1	0.050774	0.995423	0.013924	0.002020
91	LdDocent_Contig_2017_52	1	2	0.949226	0.004577	0.013924	0.002020
92	LdDocent_Contig_67854_95	0	1	0.998072	0.987992	0.002715	0.003248
92	LdDocent_Contig_67854_95	1	2	0.001928	0.012008	0.002715	0.003248
93	LdDocent_Contig_72682_33	0	1	0.997979	0.990478	0.002850	0.002923
93	LdDocent_Contig_72682_33	1	2	0.002021	0.009522	0.002850	0.002923
94	LdDocent_Contig_12899_65	0	1	0.998024	0.514339	0.002791	0.014740
94	LdDocent_Contig_12899_65	1	2	0.001976	0.485661	0.002791	0.014740
95	LdDocent_Contig_69667_430	0	1	0.997686	0.988402	0.003260	0.003400
95	LdDocent_Contig_69667_430	1	2	0.002314	0.011598	0.003260	0.003400
96	LdDocent_Contig_5644_464	0	1	0.988767	0.994265	0.015636	0.002240
96	LdDocent_Contig_5644_464	1	2	0.011233	0.005735	0.015636	0.002240
97	LdDocent_Contig_6165_441	0	1	0.102421	0.983464	0.020070	0.004034
97	LdDocent_Contig_6165_441	1	2	0.897579	0.016536	0.020070	0.004034
98	LdDocent_Contig_3480_353	0	1	0.906686	0.999531	0.019114	0.000662
98	LdDocent_Contig_3480_353	1	2	0.093314	0.000469	0.019114	0.000662
99	LdDocent_Contig_91760_362	0	1	0.953622	0.987451	0.013302	0.003362
99	LdDocent_Contig_91760_362	1	2	0.046378	0.012549	0.013302	0.003362
100	LdDocent_Contig_38822_362	0	1	0.997752	0.985021	0.003167	0.003774
100	LdDocent_Contig_38822_362	1	2	0.002248	0.014979	0.003167	0.003774
101	LdDocent_Contig_2983_350	0	1	0.907476	0.993109	0.020124	0.002683
101	LdDocent_Contig_2983_350	1	2	0.092524	0.006891	0.020124	0.002683
102	LdDocent_Contig_1275_383	0	1	0.998057	0.987868	0.002742	0.003281
102	LdDocent_Contig_1275_383	1	2	0.001943	0.012132	0.002742	0.003281
103	LdDocent_Contig_2059_130	0	1	0.997819	0.992649	0.003075	0.002671
103	LdDocent_Contig_2059_130	1	2	0.002181	0.007351	0.003075	0.002671
104	LdDocent_Contig_29135_480	0	1	0.998000	0.924614	0.002819	0.007843
104	LdDocent_Contig_29135_480	1	2	0.002000	0.075386	0.002819	0.007843
105	LdDocent_Contig_31605_106	0	1	0.012106	0.286208	0.007593	0.014343
105	LdDocent_Contig_31605_106	1	2	0.987894	0.713792	0.007593	0.014343
106	LdDocent_Contig_11498_456	0	1	0.997691	0.991240	0.003254	0.002990
106	LdDocent_Contig_11498_456	1	2	0.002309	0.008760	0.003254	0.002990
107	LdDocent_Contig_6758_133	0	1	0.204469	0.999332	0.028768	0.000910
107	LdDocent_Contig_6758_133	1	2	0.795531	0.000668	0.028768	0.000910
108	LdDocent_Contig_1023_106	0	1	0.997423	0.716719	0.003631	0.014452
108	LdDocent_Contig_1023_106	1	2	0.002577	0.283281	0.003631	0.014452
109	LdDocent_Contig_55008_490	0	1	0.987111	0.981353	0.008071	0.004295
109	LdDocent_Contig_55008_490	1	2	0.012889	0.018647	0.008071	0.004295
110	LdDocent_Contig_2099_104	0	1	0.072651	0.997735	0.018301	0.001433
110	LdDocent_Contig_2099_104	1	2	0.927349	0.002265	0.018301	0.001433
111	LdDocent_Contig_1438_37	0	1	0.998038	0.992498	0.002761	0.002559
111	LdDocent_Contig_1438_37	1	2	0.001962	0.007502	0.002761	0.002559
112	LdDocent_Contig_2363_121	0	1	0.839848	0.996695	0.023959	0.001763
112	LdDocent_Contig_2363_121	1	2	0.160152	0.003305	0.023959	0.001763
113	LdDocent_Contig_168_103	0	1	0.989384	0.770854	0.006955	0.013035
113	LdDocent_Contig_168_103	1	2	0.010616	0.229146	0.006955	0.013035
114	LdDocent_Contig_88673_390	0	1	0.997874	0.991428	0.002998	0.002924
114	LdDocent_Contig_88673_390	1	2	0.002126	0.008572	0.002998	0.002924
115	LdDocent_Contig_1309_352	0	1	0.947635	0.883575	0.013850	0.009515
115	LdDocent_Contig_1309_352	1	2	0.052365	0.116425	0.013850	0.009515
116	LdDocent_Contig_62242_79	0	1	0.997804	0.984230	0.003092	0.003979
116	LdDocent_Contig_62242_79	1	2	0.002196	0.015770	0.003092	0.003979
117	LdDocent_Contig_83599_135	0	1	0.997896	0.984894	0.002971	0.003687
117	LdDocent_Contig_83599_135	1	2	0.002104	0.015106	0.002971	0.003687
118	LdDocent_Contig_16537_509	0	1	0.030445	0.992192	0.012164	0.002838
118	LdDocent_Contig_16537_509	1	2	0.969555	0.007808	0.012164	0.002838
119	LdDocent_Contig_8080_113	0	1	0.997707	0.985376	0.003225	0.003568
119	LdDocent_Contig_8080_113	1	2	0.002293	0.014624	0.003225	0.003568
120	LdDocent_Contig_58621_49	0	1	0.931374	0.999523	0.016270	0.000671
120	LdDocent_Contig_58621_49	1	2	0.068626	0.000477	0.016270	0.000671
121	LdDocent_Contig_832_383	0	1	0.993748	0.944890	0.005276	0.006881
121	LdDocent_Contig_832_383	1	2	0.006252	0.055110	0.005276	0.006881
122	LdDocent_Contig_1792_462	0	1	0.827011	0.997724	0.025329	0.001438
122	LdDocent_Contig_1792_462	1	2	0.172989	0.002276	0.025329	0.001438
123	LdDocent_Contig_68637_134	0	1	0.997610	0.337449	0.003367	0.014668
123	LdDocent_Contig_68637_134	1	2	0.002390	0.662551	0.003367	0.014668
124	LdDocent_Contig_96594_137	0	1	0.993598	0.987635	0.005203	0.003343
124	LdDocent_Contig_96594_137	1	2	0.006402	0.012365	0.005203	0.003343
125	LdDocent_Contig_7713_355	0	1	0.969231	0.998472	0.011875	0.001245
125	LdDocent_Contig_7713_355	1	2	0.030769	0.001528	0.011875	0.001245
126	LdDocent_Contig_2619_424	0	1	0.876518	0.771763	0.037859	0.012417
126	LdDocent_Contig_2619_424	1	2	0.123482	0.228237	0.037859	0.012417
127	LdDocent_Contig_50972_365	0	1	0.997680	0.962527	0.003267	0.006084
127	LdDocent_Contig_50972_365	1	2	0.002320	0.037473	0.003267	0.006084
128	LdDocent_Contig_24538_94	0	1	0.998082	0.990868	0.002700	0.002801
128	LdDocent_Contig_24538_94	1	2	0.001918	0.009132	0.002700	0.002801
129	LdDocent_Contig_2368_113	0	1	0.957771	0.876861	0.012694	0.009635
129	LdDocent_Contig_2368_113	1	2	0.042229	0.123139	0.012694	0.009635
130	LdDocent_Contig_92318_348	0	1	0.935700	0.997307	0.016016	0.001672
130	LdDocent_Contig_92318_348	1	2	0.064300	0.002693	0.016016	0.001672
131	LdDocent_Contig_61554_18	0	1	0.998009	0.983385	0.002805	0.003833
131	LdDocent_Contig_61554_18	1	2	0.001991	0.016615	0.002805	0.003833
132	LdDocent_Contig_7481_421	0	1	0.997792	0.991870	0.003116	0.002775
132	LdDocent_Contig_7481_421	1	2	0.002208	0.008130	0.003116	0.002775
133	LdDocent_Contig_11516_110	0	1	0.977144	0.990480	0.009623	0.002923
133	LdDocent_Contig_11516_110	1	2	0.022856	0.009520	0.009623	0.002923
134	LdDocent_Contig_250_15	0	1	0.917451	0.999538	0.017442	0.000653
134	LdDocent_Contig_250_15	1	2	0.082549	0.000462	0.017442	0.000653
135	LdDocent_Contig_520_320	0	1	0.922644	0.998546	0.017719	0.001188
135	LdDocent_Contig_520_320	1	2	0.077356	0.001454	0.017719	0.001188
136	LdDocent_Contig_60478_342	0	1	0.998124	0.950540	0.002636	0.006142
136	LdDocent_Contig_60478_342	1	2	0.001876	0.049460	0.002636	0.006142
137	LdDocent_Contig_2985_333	0	1	0.429358	0.833523	0.031487	0.011077
137	LdDocent_Contig_2985_333	1	2	0.570642	0.166477	0.031487	0.011077
138	LdDocent_Contig_25093_449	0	2	0.988396	0.806190	0.007272	0.012239
138	LdDocent_Contig_25093_449	1	1	0.011604	0.193810	0.007272	0.012239
139	LdDocent_Contig_92674_381	0	1	0.997784	0.981331	0.003119	0.004183
139	LdDocent_Contig_92674_381	1	2	0.002216	0.018669	0.003119	0.004183
140	LdDocent_Contig_27_441	0	1	0.062375	0.998522	0.015319	0.001188
140	LdDocent_Contig_27_441	1	2	0.937625	0.001478	0.015319	0.001188
141	LdDocent_Contig_2364_439	0	1	0.998072	0.621975	0.002722	0.014135
141	LdDocent_Contig_2364_439	1	2	0.001928	0.378025	0.002722	0.014135
142	LdDocent_Contig_3106_83	0	1	0.997459	0.988675	0.003573	0.003316
142	LdDocent_Contig_3106_83	1	2	0.002541	0.011325	0.003573	0.003316
143	LdDocent_Contig_8990_468	0	1	0.963612	0.987689	0.021398	0.003293
143	LdDocent_Contig_8990_468	1	2	0.036388	0.012311	0.021398	0.003293
144	LdDocent_Contig_72512_412	0	1	0.605258	0.927965	0.031620	0.007863
144	LdDocent_Contig_72512_412	1	2	0.394742	0.072035	0.031620	0.007863
145	LdDocent_Contig_6262_459	0	1	0.984579	0.980117	0.017157	0.004131
145	LdDocent_Contig_6262_459	1	2	0.015421	0.019883	0.017157	0.004131
146	LdDocent_Contig_379_118	0	1	0.973641	0.829966	0.012098	0.011370
146	LdDocent_Contig_379_118	1	2	0.026359	0.170034	0.012098	0.011370
147	LdDocent_Contig_628_49	0	1	0.997802	0.907331	0.003095	0.008631
147	LdDocent_Contig_628_49	1	2	0.002198	0.092669	0.003095	0.008631
148	LdDocent_Contig_13900_389	0	1	0.997685	0.948771	0.003256	0.006816
148	LdDocent_Contig_13900_389	1	2	0.002315	0.051229	0.003256	0.006816
149	LdDocent_Contig_656_65	0	2	0.990207	0.814590	0.006145	0.011451
149	LdDocent_Contig_656_65	1	1	0.009793	0.185410	0.006145	0.011451
150	LdDocent_Contig_95420_418	0	1	0.884622	0.998603	0.020323	0.001140
150	LdDocent_Contig_95420_418	1	2	0.115378	0.001397	0.020323	0.001140
151	LdDocent_Contig_64738_356	0	1	0.993694	0.969392	0.005124	0.005458
151	LdDocent_Contig_64738_356	1	2	0.006306	0.030608	0.005124	0.005458
152	LdDocent_Contig_1503_489	0	1	0.918451	0.999557	0.020453	0.000627
152	LdDocent_Contig_1503_489	1	2	0.081549	0.000443	0.020453	0.000627
153	LdDocent_Contig_6765_47	0	1	0.998032	0.990156	0.002775	0.002888
153	LdDocent_Contig_6765_47	1	2	0.001968	0.009844	0.002775	0.002888
154	LdDocent_Contig_898_130	0	1	0.998076	0.990032	0.002716	0.002924
154	LdDocent_Contig_898_130	1	2	0.001924	0.009968	0.002716	0.002924
155	LdDocent_Contig_841_27	0	1	0.997985	0.854178	0.002841	0.010447
155	LdDocent_Contig_841_27	1	2	0.002015	0.145822	0.002841	0.010447
156	LdDocent_Contig_183_18	0	1	0.998009	0.992478	0.002808	0.002566
156	LdDocent_Contig_183_18	1	2	0.001991	0.007522	0.002808	0.002566
157	LdDocent_Contig_62739_33	0	1	0.916274	0.996453	0.018657	0.001891
157	LdDocent_Contig_62739_33	1	2	0.083726	0.003547	0.018657	0.001891
158	LdDocent_Contig_1057_395	0	1	0.997173	0.966641	0.003934	0.005593
158	LdDocent_Contig_1057_395	1	2	0.002827	0.033359	0.003934	0.005593
159	LdDocent_Contig_323_126	0	1	0.694484	0.999545	0.029091	0.000643
159	LdDocent_Contig_323_126	1	2	0.305516	0.000455	0.029091	0.000643
160	LdDocent_Contig_1696_362	0	1	0.928849	0.999549	0.016377	0.000637
160	LdDocent_Contig_1696_362	1	2	0.071151	0.000451	0.016377	0.000637
161	LdDocent_Contig_2980_390	0	1	0.993344	0.832992	0.005417	0.011802
161	LdDocent_Contig_2980_390	1	2	0.006656	0.167008	0.005417	0.011802
162	LdDocent_Contig_526_74	0	1	0.998041	0.948382	0.002764	0.006403
162	LdDocent_Contig_526_74	1	2	0.001959	0.051618	0.002764	0.006403
163	LdDocent_Contig_20225_464	0	1	0.998103	0.986645	0.002678	0.003367
163	LdDocent_Contig_20225_464	1	2	0.001897	0.013355	0.002678	0.003367
164	LdDocent_Contig_23347_338	0	1	0.959884	0.999568	0.012120	0.000611
164	LdDocent_Contig_23347_338	1	2	0.040116	0.000432	0.012120	0.000611
165	LdDocent_Contig_90773_136	0	1	0.971174	0.998480	0.010528	0.001227
165	LdDocent_Contig_90773_136	1	2	0.028826	0.001520	0.010528	0.001227
166	LdDocent_Contig_6208_136	0	1	0.997833	0.958810	0.003046	0.006185
166	LdDocent_Contig_6208_136	1	2	0.002167	0.041190	0.003046	0.006185
167	LdDocent_Contig_6146_81	0	2	0.212275	0.529750	0.026391	0.014672
167	LdDocent_Contig_6146_81	1	1	0.787725	0.470250	0.026391	0.014672
168	LdDocent_Contig_3868_38	0	1	0.997816	0.988585	0.003079	0.003344
168	LdDocent_Contig_3868_38	1	2	0.002184	0.011415	0.003079	0.003344
169	LdDocent_Contig_7719_45	0	1	0.981651	0.831825	0.010207	0.011789
169	LdDocent_Contig_7719_45	1	2	0.018349	0.168175	0.010207	0.011789
170	LdDocent_Contig_34132_66	0	1	0.997985	0.929069	0.002841	0.008071
170	LdDocent_Contig_34132_66	1	2	0.002015	0.070931	0.002841	0.008071
171	LdDocent_Contig_801_381	0	1	0.977696	0.990226	0.013900	0.003000
171	LdDocent_Contig_801_381	1	2	0.022304	0.009774	0.013900	0.003000
172	LdDocent_Contig_68650_396	0	1	0.997833	0.991582	0.003061	0.002874
172	LdDocent_Contig_68650_396	1	2	0.002167	0.008418	0.003061	0.002874
173	LdDocent_Contig_5911_120	0	1	0.997468	0.989866	0.003575	0.003106
173	LdDocent_Contig_5911_120	1	2	0.002532	0.010134	0.003575	0.003106
174	LdDocent_Contig_234_468	0	1	0.967142	0.999574	0.011055	0.000604
174	LdDocent_Contig_234_468	1	2	0.032858	0.000426	0.011055	0.000604
175	LdDocent_Contig_36845_431	0	1	0.997890	0.886072	0.002971	0.010142
175	LdDocent_Contig_36845_431	1	2	0.002110	0.113928	0.002971	0.010142
176	LdDocent_Contig_1814_354	0	1	0.961080	0.999494	0.012406	0.000711
176	LdDocent_Contig_1814_354	1	2	0.038920	0.000506	0.012406	0.000711
177	LdDocent_Contig_61906_78	0	1	0.997773	0.976395	0.003139	0.004817
177	LdDocent_Contig_61906_78	1	2	0.002227	0.023605	0.003139	0.004817
178	LdDocent_Contig_1299_74	0	1	0.931774	0.997406	0.015761	0.001636
178	LdDocent_Contig_1299_74	1	2	0.068226	0.002594	0.015761	0.001636
179	LdDocent_Contig_77839_91	0	2	0.792926	0.359318	0.026368	0.014807
179	LdDocent_Contig_77839_91	1	1	0.207074	0.640682	0.026368	0.014807
180	LdDocent_Contig_92672_101	0	1	0.947007	0.799155	0.014796	0.012716
180	LdDocent_Contig_92672_101	1	2	0.052993	0.200845	0.014796	0.012716
181	LdDocent_Contig_81500_448	0	1	0.370892	0.976236	0.029806	0.004856
181	LdDocent_Contig_81500_448	1	2	0.629108	0.023764	0.029806	0.004856
182	LdDocent_Contig_7170_403	0	1	0.967805	0.914047	0.015996	0.008388
182	LdDocent_Contig_7170_403	1	2	0.032195	0.085953	0.015996	0.008388
183	LdDocent_Contig_1276_33	0	1	0.021406	0.411541	0.008977	0.014306
183	LdDocent_Contig_1276_33	1	2	0.978594	0.588459	0.008977	0.014306
184	LdDocent_Contig_596_393	0	1	0.963036	0.999512	0.012418	0.000689
184	LdDocent_Contig_596_393	1	2	0.036964	0.000488	0.012418	0.000689
185	LdDocent_Contig_5574_400	0	1	0.997789	0.977560	0.003120	0.004489
185	LdDocent_Contig_5574_400	1	2	0.002211	0.022440	0.003120	0.004489
186	LdDocent_Contig_7115_489	0	1	0.997751	0.984426	0.003169	0.003926
186	LdDocent_Contig_7115_489	1	2	0.002249	0.015574	0.003169	0.003926
187	LdDocent_Contig_233_435	0	1	0.997885	0.889038	0.002989	0.009767
187	LdDocent_Contig_233_435	1	2	0.002115	0.110962	0.002989	0.009767
188	LdDocent_Contig_164_128	0	2	0.574606	0.482902	0.073824	0.014760
188	LdDocent_Contig_164_128	1	1	0.425394	0.517098	0.073824	0.014760
189	LdDocent_Contig_36665_42	0	1	0.965999	0.999496	0.011504	0.000707
189	LdDocent_Contig_36665_42	1	2	0.034001	0.000504	0.011504	0.000707
190	LdDocent_Contig_53782_341	0	1	0.997600	0.992418	0.003382	0.002754
190	LdDocent_Contig_53782_341	1	2	0.002400	0.007582	0.003382	0.002754
191	LdDocent_Contig_55001_432	0	1	0.997895	0.811143	0.002968	0.012104
191	LdDocent_Contig_55001_432	1	2	0.002105	0.188857	0.002968	0.012104
192	LdDocent_Contig_92340_422	0	1	0.974100	0.887085	0.010010	0.009426
192	LdDocent_Contig_92340_422	1	2	0.025900	0.112915	0.010010	0.009426
193	LdDocent_Contig_22087_78	0	1	0.997857	0.991520	0.003020	0.002736
193	LdDocent_Contig_22087_78	1	2	0.002143	0.008480	0.003020	0.002736
194	LdDocent_Contig_35273_124	0	1	0.997903	0.993038	0.002963	0.002533
194	LdDocent_Contig_35273_124	1	2	0.002097	0.006962	0.002963	0.002533
195	LdDocent_Contig_2389_50	0	2	0.464655	0.480272	0.070999	0.014947
195	LdDocent_Contig_2389_50	1	1	0.535345	0.519728	0.070999	0.014947
196	LdDocent_Contig_84158_445	0	1	0.997916	0.985457	0.002940	0.003663
196	LdDocent_Contig_84158_445	1	2	0.002084	0.014543	0.002940	0.003663
197	LdDocent_Contig_292_140	0	1	0.993696	0.874185	0.005326	0.010190
197	LdDocent_Contig_292_140	1	2	0.006304	0.125815	0.005326	0.010190
198	LdDocent_Contig_75654_418	0	1	0.997651	0.960017	0.003313	0.006235
198	LdDocent_Contig_75654_418	1	2	0.002349	0.039983	0.003313	0.006235
199	LdDocent_Contig_2452_429	0	1	0.993514	0.977169	0.005287	0.004653
199	LdDocent_Contig_2452_429	1	2	0.006486	0.022831	0.005287	0.004653
