UponCompletionOf_107101_sweeps
LocNumber LocName AlleleNumber AlleleName FreqInPop0 FreqInPop1 SDInPop0 SDinPop1
0	LdDocent_Contig_7177_362	0	1	0.947816	0.978484	0.014640	0.004685
0	LdDocent_Contig_7177_362	1	2	0.052184	0.021516	0.014640	0.004685
1	LdDocent_Contig_95004_457	0	1	0.997791	0.918136	0.003108	0.008700
1	LdDocent_Contig_95004_457	1	2	0.002209	0.081864	0.003108	0.008700
2	LdDocent_Contig_84104_422	0	1	0.997717	0.990569	0.003239	0.003046
2	LdDocent_Contig_84104_422	1	2	0.002283	0.009431	0.003239	0.003046
3	LdDocent_Contig_56615_443	0	1	0.981646	0.984973	0.008450	0.003625
3	LdDocent_Contig_56615_443	1	2	0.018354	0.015027	0.008450	0.003625
4	LdDocent_Contig_8057_405	0	1	0.373589	0.998566	0.031372	0.001168
4	LdDocent_Contig_8057_405	1	2	0.626411	0.001434	0.031372	0.001168
5	LdDocent_Contig_16062_439	0	1	0.998134	0.989403	0.002642	0.002983
5	LdDocent_Contig_16062_439	1	2	0.001866	0.010597	0.002642	0.002983
6	LdDocent_Contig_24534_432	0	1	0.984626	0.991796	0.008168	0.002794
6	LdDocent_Contig_24534_432	1	2	0.015374	0.008204	0.008168	0.002794
7	LdDocent_Contig_87896_495	0	1	0.997836	0.966542	0.003040	0.005323
7	LdDocent_Contig_87896_495	1	2	0.002164	0.033458	0.003040	0.005323
8	LdDocent_Contig_94201_319	0	1	0.905496	0.999565	0.019030	0.000615
8	LdDocent_Contig_94201_319	1	2	0.094504	0.000435	0.019030	0.000615
9	LdDocent_Contig_85138_21	0	1	0.992875	0.973230	0.005796	0.005126
9	LdDocent_Contig_85138_21	1	2	0.007125	0.026770	0.005796	0.005126
10	LdDocent_Contig_13051_144	0	1	0.997626	0.972453	0.003289	0.004854
10	LdDocent_Contig_13051_144	1	2	0.002374	0.027547	0.003289	0.004854
11	LdDocent_Contig_12602_422	0	1	0.997915	0.992438	0.002945	0.002589
11	LdDocent_Contig_12602_422	1	2	0.002085	0.007562	0.002945	0.002589
12	LdDocent_Contig_90543_46	0	1	0.997917	0.907186	0.002944	0.008890
12	LdDocent_Contig_90543_46	1	2	0.002083	0.092814	0.002944	0.008890
13	LdDocent_Contig_1782_15	0	1	0.984086	0.844267	0.008431	0.010584
13	LdDocent_Contig_1782_15	1	2	0.015914	0.155733	0.008431	0.010584
14	LdDocent_Contig_581_28	0	1	0.997699	0.970895	0.003198	0.005209
14	LdDocent_Contig_581_28	1	2	0.002301	0.029105	0.003198	0.005209
15	LdDocent_Contig_31740_120	0	1	0.699864	0.999001	0.028475	0.001019
15	LdDocent_Contig_31740_120	1	2	0.300136	0.000999	0.028475	0.001019
16	LdDocent_Contig_7306_383	0	1	0.976845	0.970117	0.013962	0.005145
16	LdDocent_Contig_7306_383	1	2	0.023155	0.029883	0.013962	0.005145
17	LdDocent_Contig_1011_519	0	1	0.600215	0.999514	0.033885	0.000688
17	LdDocent_Contig_1011_519	1	2	0.399785	0.000486	0.033885	0.000688
18	LdDocent_Contig_5548_407	0	1	0.831324	0.996204	0.025837	0.002095
18	LdDocent_Contig_5548_407	1	2	0.168676	0.003796	0.025837	0.002095
19	LdDocent_Contig_7536_444	0	1	0.997809	0.966301	0.003079	0.005707
19	LdDocent_Contig_7536_444	1	2	0.002191	0.033699	0.003079	0.005707
20	LdDocent_Contig_933_443	0	1	0.994107	0.989032	0.004791	0.003083
20	LdDocent_Contig_933_443	1	2	0.005893	0.010968	0.004791	0.003083
21	LdDocent_Contig_18110_444	0	1	0.969668	0.997509	0.010999	0.001568
21	LdDocent_Contig_18110_444	1	2	0.030332	0.002491	0.010999	0.001568
22	LdDocent_Contig_56012_352	0	1	0.975826	0.961453	0.010192	0.005853
22	LdDocent_Contig_56012_352	1	2	0.024174	0.038547	0.010192	0.005853
23	LdDocent_Contig_15676_383	0	1	0.997935	0.993236	0.002936	0.002459
23	LdDocent_Contig_15676_383	1	2	0.002065	0.006764	0.002936	0.002459
24	LdDocent_Contig_1211_370	0	1	0.998055	0.993355	0.002759	0.002419
24	LdDocent_Contig_1211_370	1	2	0.001945	0.006645	0.002759	0.002419
25	LdDocent_Contig_19136_144	0	1	0.389713	0.998418	0.032578	0.001301
25	LdDocent_Contig_19136_144	1	2	0.610287	0.001582	0.032578	0.001301
26	LdDocent_Contig_87312_368	0	1	0.996920	0.993317	0.004326	0.002433
26	LdDocent_Contig_87312_368	1	2	0.003080	0.006683	0.004326	0.002433
27	LdDocent_Contig_5187_138	0	1	0.997944	0.980774	0.002915	0.004121
27	LdDocent_Contig_5187_138	1	2	0.002056	0.019226	0.002915	0.004121
28	LdDocent_Contig_106_438	0	1	0.860777	0.998622	0.021413	0.001124
28	LdDocent_Contig_106_438	1	2	0.139223	0.001378	0.021413	0.001124
29	LdDocent_Contig_2564_66	0	1	0.998067	0.993429	0.002729	0.002390
29	LdDocent_Contig_2564_66	1	2	0.001933	0.006571	0.002729	0.002390
30	LdDocent_Contig_11516_110	0	1	0.977399	0.990453	0.009475	0.002930
30	LdDocent_Contig_11516_110	1	2	0.022601	0.009547	0.009475	0.002930
31	LdDocent_Contig_84140_123	0	1	0.997961	0.989126	0.002894	0.003189
31	LdDocent_Contig_84140_123	1	2	0.002039	0.010874	0.002894	0.003189
32	LdDocent_Contig_58683_111	0	1	0.923207	0.993346	0.016750	0.002463
32	LdDocent_Contig_58683_111	1	2	0.076793	0.006654	0.016750	0.002463
33	LdDocent_Contig_91778_381	0	1	0.767970	0.998598	0.026145	0.001156
33	LdDocent_Contig_91778_381	1	2	0.232030	0.001402	0.026145	0.001156
34	LdDocent_Contig_5500_459	0	1	0.997854	0.896324	0.003017	0.009049
34	LdDocent_Contig_5500_459	1	2	0.002146	0.103676	0.003017	0.009049
35	LdDocent_Contig_64359_27	0	1	0.996729	0.961880	0.004547	0.005989
35	LdDocent_Contig_64359_27	1	2	0.003271	0.038120	0.004547	0.005989
36	LdDocent_Contig_2426_50	0	2	0.997696	0.731323	0.003238	0.013606
36	LdDocent_Contig_2426_50	1	1	0.002304	0.268677	0.003238	0.013606
37	LdDocent_Contig_2983_350	0	1	0.907932	0.993123	0.019998	0.002672
37	LdDocent_Contig_2983_350	1	2	0.092068	0.006877	0.019998	0.002672
38	LdDocent_Contig_1284_68	0	1	0.998012	0.990980	0.002789	0.002913
38	LdDocent_Contig_1284_68	1	2	0.001988	0.009020	0.002789	0.002913
39	LdDocent_Contig_171_114	0	1	0.847000	0.998547	0.023516	0.001185
39	LdDocent_Contig_171_114	1	2	0.153000	0.001453	0.023516	0.001185
40	LdDocent_Contig_9085_42	0	1	0.921919	0.937166	0.018249	0.007881
40	LdDocent_Contig_9085_42	1	2	0.078081	0.062834	0.018249	0.007881
41	LdDocent_Contig_13740_312	0	1	0.997996	0.977239	0.002842	0.004448
41	LdDocent_Contig_13740_312	1	2	0.002004	0.022761	0.002842	0.004448
42	LdDocent_Contig_30286_368	0	1	0.997443	0.970397	0.003611	0.005389
42	LdDocent_Contig_30286_368	1	2	0.002557	0.029603	0.003611	0.005389
43	LdDocent_Contig_72734_308	0	1	0.998066	0.993395	0.002725	0.002407
43	LdDocent_Contig_72734_308	1	2	0.001934	0.006605	0.002725	0.002407
44	LdDocent_Contig_34172_122	0	1	0.997950	0.931338	0.002885	0.007490
44	LdDocent_Contig_34172_122	1	2	0.002050	0.068662	0.002885	0.007490
45	LdDocent_Contig_58804_430	0	1	0.997515	0.985871	0.003514	0.003669
45	LdDocent_Contig_58804_430	1	2	0.002485	0.014129	0.003514	0.003669
46	LdDocent_Contig_650_40	0	1	0.994310	0.988045	0.006535	0.003316
46	LdDocent_Contig_650_40	1	2	0.005690	0.011955	0.006535	0.003316
47	LdDocent_Contig_95298_127	0	2	0.968784	0.923262	0.010509	0.007588
47	LdDocent_Contig_95298_127	1	1	0.031216	0.076738	0.010509	0.007588
48	LdDocent_Contig_84958_16	0	1	0.997658	0.987454	0.003291	0.003521
48	LdDocent_Contig_84958_16	1	2	0.002342	0.012546	0.003291	0.003521
49	LdDocent_Contig_94380_460	0	1	0.994029	0.993359	0.004872	0.002415
49	LdDocent_Contig_94380_460	1	2	0.005971	0.006641	0.004872	0.002415
50	LdDocent_Contig_1270_88	0	1	0.997908	0.983049	0.002941	0.004023
50	LdDocent_Contig_1270_88	1	2	0.002092	0.016951	0.002941	0.004023
51	LdDocent_Contig_94884_44	0	1	0.994046	0.988201	0.004863	0.003193
51	LdDocent_Contig_94884_44	1	2	0.005954	0.011799	0.004863	0.003193
52	LdDocent_Contig_2705_470	0	2	0.993758	0.202146	0.005055	0.012264
52	LdDocent_Contig_2705_470	1	1	0.006242	0.797854	0.005055	0.012264
53	LdDocent_Contig_87019_120	0	1	0.997863	0.990268	0.003010	0.003140
53	LdDocent_Contig_87019_120	1	2	0.002137	0.009732	0.003010	0.003140
54	LdDocent_Contig_69667_430	0	1	0.997708	0.988357	0.003216	0.003414
54	LdDocent_Contig_69667_430	1	2	0.002292	0.011643	0.003216	0.003414
55	LdDocent_Contig_73591_371	0	1	0.288697	0.983146	0.031451	0.003858
55	LdDocent_Contig_73591_371	1	2	0.711303	0.016854	0.031451	0.003858
56	LdDocent_Contig_384_321	0	1	0.973580	0.998510	0.010262	0.001218
56	LdDocent_Contig_384_321	1	2	0.026420	0.001490	0.010262	0.001218
57	LdDocent_Contig_18877_34	0	1	0.950408	0.997282	0.013816	0.001703
57	LdDocent_Contig_18877_34	1	2	0.049592	0.002718	0.013816	0.001703
58	LdDocent_Contig_20196_34	0	1	0.967588	0.999511	0.011591	0.000693
58	LdDocent_Contig_20196_34	1	2	0.032412	0.000489	0.011591	0.000693
59	LdDocent_Contig_13105_145	0	1	0.993772	0.866650	0.005064	0.010300
59	LdDocent_Contig_13105_145	1	2	0.006228	0.133350	0.005064	0.010300
60	LdDocent_Contig_593_485	0	1	0.997204	0.958775	0.003906	0.006342
60	LdDocent_Contig_593_485	1	2	0.002796	0.041225	0.003906	0.006342
61	LdDocent_Contig_55838_22	0	1	0.998023	0.987881	0.002791	0.003281
61	LdDocent_Contig_55838_22	1	2	0.001977	0.012119	0.002791	0.003281
62	LdDocent_Contig_755_490	0	1	0.997816	0.975003	0.003070	0.004903
62	LdDocent_Contig_755_490	1	2	0.002184	0.024997	0.003070	0.004903
63	LdDocent_Contig_58901_116	0	1	0.013923	0.689522	0.007418	0.014680
63	LdDocent_Contig_58901_116	1	2	0.986077	0.310478	0.007418	0.014680
64	LdDocent_Contig_6049_412	0	1	0.997787	0.982797	0.003130	0.004187
64	LdDocent_Contig_6049_412	1	2	0.002213	0.017203	0.003130	0.004187
65	LdDocent_Contig_26396_434	0	1	0.997881	0.935232	0.002980	0.007392
65	LdDocent_Contig_26396_434	1	2	0.002119	0.064768	0.002980	0.007392
66	LdDocent_Contig_1444_463	0	1	0.997074	0.991771	0.004040	0.002687
66	LdDocent_Contig_1444_463	1	2	0.002926	0.008229	0.004040	0.002687
67	LdDocent_Contig_6932_24	0	1	0.003888	0.531743	0.004158	0.014132
67	LdDocent_Contig_6932_24	1	2	0.996112	0.468257	0.004158	0.014132
68	LdDocent_Contig_5286_97	0	1	0.986663	0.974390	0.008358	0.004932
68	LdDocent_Contig_5286_97	1	2	0.013337	0.025610	0.008358	0.004932
69	LdDocent_Contig_1236_34	0	1	0.993817	0.990996	0.008664	0.002774
69	LdDocent_Contig_1236_34	1	2	0.006183	0.009004	0.008664	0.002774
70	LdDocent_Contig_91159_460	0	1	0.997727	0.990178	0.003201	0.003166
70	LdDocent_Contig_91159_460	1	2	0.002273	0.009822	0.003201	0.003166
71	LdDocent_Contig_315_366	0	1	0.997941	0.988375	0.002891	0.003267
71	LdDocent_Contig_315_366	1	2	0.002059	0.011625	0.002891	0.003267
72	LdDocent_Contig_38007_408	0	1	0.997604	0.978044	0.003395	0.004672
72	LdDocent_Contig_38007_408	1	2	0.002396	0.021956	0.003395	0.004672
73	LdDocent_Contig_66057_9	0	1	0.993792	0.992098	0.005020	0.002718
73	LdDocent_Contig_66057_9	1	2	0.006208	0.007902	0.005020	0.002718
74	LdDocent_Contig_3692_359	0	1	0.041459	0.998668	0.013649	0.001176
74	LdDocent_Contig_3692_359	1	2	0.958541	0.001332	0.013649	0.001176
75	LdDocent_Contig_25166_474	0	1	0.992656	0.991004	0.005961	0.002898
75	LdDocent_Contig_25166_474	1	2	0.007344	0.008996	0.005961	0.002898
76	LdDocent_Contig_1027_402	0	1	0.998064	0.981463	0.002720	0.003982
76	LdDocent_Contig_1027_402	1	2	0.001936	0.018537	0.002720	0.003982
77	LdDocent_Contig_161_8	0	1	0.997855	0.976654	0.003023	0.004573
77	LdDocent_Contig_161_8	1	2	0.002145	0.023346	0.003023	0.004573
78	LdDocent_Contig_2364_439	0	1	0.998104	0.621161	0.002683	0.014153
78	LdDocent_Contig_2364_439	1	2	0.001896	0.378839	0.002683	0.014153
79	LdDocent_Contig_14692_50	0	1	0.997886	0.990711	0.002986	0.002992
79	LdDocent_Contig_14692_50	1	2	0.002114	0.009289	0.002986	0.002992
80	LdDocent_Contig_830_125	0	1	0.997921	0.503734	0.002913	0.014985
80	LdDocent_Contig_830_125	1	2	0.002079	0.496266	0.002913	0.014985
81	LdDocent_Contig_65043_38	0	1	0.997937	0.992818	0.002891	0.002615
81	LdDocent_Contig_65043_38	1	2	0.002063	0.007182	0.002891	0.002615
82	LdDocent_Contig_6758_133	0	1	0.207856	0.998802	0.028977	0.001252
82	LdDocent_Contig_6758_133	1	2	0.792144	0.001198	0.028977	0.001252
83	LdDocent_Contig_11713_433	0	1	0.587594	0.998549	0.032663	0.001195
83	LdDocent_Contig_11713_433	1	2	0.412406	0.001451	0.032663	0.001195
84	LdDocent_Contig_1418_406	0	1	0.997745	0.992740	0.003174	0.002639
84	LdDocent_Contig_1418_406	1	2	0.002255	0.007260	0.003174	0.002639
85	LdDocent_Contig_2317_16	0	1	0.997894	0.989798	0.002951	0.003109
85	LdDocent_Contig_2317_16	1	2	0.002106	0.010202	0.002951	0.003109
86	LdDocent_Contig_59677_483	0	1	0.997786	0.988514	0.003124	0.003362
86	LdDocent_Contig_59677_483	1	2	0.002214	0.011486	0.003124	0.003362
87	LdDocent_Contig_2935_20	0	1	0.997927	0.608929	0.002935	0.014825
87	LdDocent_Contig_2935_20	1	2	0.002073	0.391071	0.002935	0.014825
88	LdDocent_Contig_2969_133	0	1	0.870068	0.999531	0.021189	0.000662
88	LdDocent_Contig_2969_133	1	2	0.129932	0.000469	0.021189	0.000662
89	LdDocent_Contig_552_409	0	2	0.994892	0.478584	0.005368	0.014972
89	LdDocent_Contig_552_409	1	1	0.005108	0.521416	0.005368	0.014972
90	LdDocent_Contig_5579_24	0	1	0.997873	0.983716	0.002998	0.003771
90	LdDocent_Contig_5579_24	1	2	0.002127	0.016284	0.002998	0.003771
91	LdDocent_Contig_32665_23	0	1	0.994277	0.949707	0.004652	0.006650
91	LdDocent_Contig_32665_23	1	2	0.005723	0.050293	0.004652	0.006650
92	LdDocent_Contig_270_430	0	1	0.997748	0.992374	0.003162	0.002772
92	LdDocent_Contig_270_430	1	2	0.002252	0.007626	0.003162	0.002772
93	LdDocent_Contig_14381_322	0	1	0.993755	0.946039	0.005073	0.006692
93	LdDocent_Contig_14381_322	1	2	0.006245	0.053961	0.005073	0.006692
94	LdDocent_Contig_1949_86	0	1	0.997972	0.978532	0.002854	0.004381
94	LdDocent_Contig_1949_86	1	2	0.002028	0.021468	0.002854	0.004381
95	LdDocent_Contig_87_326	0	1	0.998065	0.977624	0.002730	0.004363
95	LdDocent_Contig_87_326	1	2	0.001935	0.022376	0.002730	0.004363
96	LdDocent_Contig_12501_435	0	1	0.948791	0.992807	0.031149	0.002457
96	LdDocent_Contig_12501_435	1	2	0.051209	0.007193	0.031149	0.002457
97	LdDocent_Contig_80302_44	0	1	0.930556	0.999492	0.016962	0.000719
97	LdDocent_Contig_80302_44	1	2	0.069444	0.000508	0.016962	0.000719
98	LdDocent_Contig_16537_509	0	1	0.027036	0.992199	0.011433	0.002842
98	LdDocent_Contig_16537_509	1	2	0.972964	0.007801	0.011433	0.002842
99	LdDocent_Contig_8037_376	0	1	0.024403	0.993849	0.010469	0.002490
99	LdDocent_Contig_8037_376	1	2	0.975597	0.006151	0.010469	0.002490
100	LdDocent_Contig_2389_50	0	2	0.474324	0.479838	0.070495	0.014890
100	LdDocent_Contig_2389_50	1	1	0.525676	0.520162	0.070495	0.014890
101	LdDocent_Contig_56001_309	0	1	0.997708	0.985941	0.003211	0.003796
101	LdDocent_Contig_56001_309	1	2	0.002292	0.014059	0.003211	0.003796
102	LdDocent_Contig_668_73	0	1	0.975095	0.981809	0.009609	0.003884
102	LdDocent_Contig_668_73	1	2	0.024905	0.018191	0.009609	0.003884
103	LdDocent_Contig_1514_84	0	1	0.947481	0.999534	0.013895	0.000658
103	LdDocent_Contig_1514_84	1	2	0.052519	0.000466	0.013895	0.000658
104	LdDocent_Contig_34882_446	0	1	0.997914	0.985620	0.002916	0.003525
104	LdDocent_Contig_34882_446	1	2	0.002086	0.014380	0.002916	0.003525
105	LdDocent_Contig_322_364	0	1	0.013806	0.964426	0.007453	0.005532
105	LdDocent_Contig_322_364	1	2	0.986194	0.035574	0.007453	0.005532
106	LdDocent_Contig_2075_487	0	1	0.997701	0.993223	0.003232	0.002649
106	LdDocent_Contig_2075_487	1	2	0.002299	0.006777	0.003232	0.002649
107	LdDocent_Contig_1589_34	0	1	0.997654	0.985956	0.003280	0.003547
107	LdDocent_Contig_1589_34	1	2	0.002346	0.014044	0.003280	0.003547
108	LdDocent_Contig_87910_402	0	1	0.997936	0.981266	0.002894	0.004114
108	LdDocent_Contig_87910_402	1	2	0.002064	0.018734	0.002894	0.004114
109	LdDocent_Contig_63079_138	0	1	0.980950	0.985411	0.008860	0.003668
109	LdDocent_Contig_63079_138	1	2	0.019050	0.014589	0.008860	0.003668
110	LdDocent_Contig_3848_142	0	1	0.996829	0.964023	0.004462	0.005772
110	LdDocent_Contig_3848_142	1	2	0.003171	0.035977	0.004462	0.005772
111	LdDocent_Contig_13789_391	0	1	0.952911	0.977366	0.013860	0.004516
111	LdDocent_Contig_13789_391	1	2	0.047089	0.022634	0.013860	0.004516
112	LdDocent_Contig_32388_350	0	1	0.997684	0.977844	0.003275	0.004521
112	LdDocent_Contig_32388_350	1	2	0.002316	0.022156	0.003275	0.004521
113	LdDocent_Contig_726_339	0	1	0.956494	0.999535	0.013106	0.000658
113	LdDocent_Contig_726_339	1	2	0.043506	0.000465	0.013106	0.000658
114	LdDocent_Contig_1827_336	0	1	0.997774	0.976649	0.003133	0.004600
114	LdDocent_Contig_1827_336	1	2	0.002226	0.023351	0.003133	0.004600
115	LdDocent_Contig_7481_421	0	1	0.997794	0.991848	0.003107	0.002781
115	LdDocent_Contig_7481_421	1	2	0.002206	0.008152	0.003107	0.002781
116	LdDocent_Contig_50600_49	0	1	0.898145	0.999506	0.018792	0.000694
116	LdDocent_Contig_50600_49	1	2	0.101855	0.000494	0.018792	0.000694
117	LdDocent_Contig_115_104	0	1	0.953445	0.998645	0.013337	0.001106
117	LdDocent_Contig_115_104	1	2	0.046555	0.001355	0.013337	0.001106
118	LdDocent_Contig_24232_389	0	1	0.959488	0.901469	0.013396	0.009086
118	LdDocent_Contig_24232_389	1	2	0.040512	0.098531	0.013396	0.009086
119	LdDocent_Contig_3296_373	0	1	0.997725	0.900283	0.003191	0.009185
119	LdDocent_Contig_3296_373	1	2	0.002275	0.099717	0.003191	0.009185
120	LdDocent_Contig_10633_334	0	1	0.997725	0.948723	0.003165	0.006548
120	LdDocent_Contig_10633_334	1	2	0.002275	0.051277	0.003165	0.006548
121	LdDocent_Contig_88698_108	0	1	0.994273	0.994273	0.004655	0.002235
121	LdDocent_Contig_88698_108	1	2	0.005727	0.005727	0.004655	0.002235
122	LdDocent_Contig_15299_317	0	1	0.993993	0.991380	0.004872	0.002788
122	LdDocent_Contig_15299_317	1	2	0.006007	0.008620	0.004872	0.002788
123	LdDocent_Contig_2749_435	0	1	0.997413	0.992800	0.003582	0.002660
123	LdDocent_Contig_2749_435	1	2	0.002587	0.007200	0.003582	0.002660
124	LdDocent_Contig_1186_486	0	1	0.997690	0.991532	0.003254	0.002891
124	LdDocent_Contig_1186_486	1	2	0.002310	0.008468	0.003254	0.002891
125	LdDocent_Contig_5015_373	0	1	0.989491	0.981231	0.006599	0.004117
125	LdDocent_Contig_5015_373	1	2	0.010509	0.018769	0.006599	0.004117
126	LdDocent_Contig_69262_495	0	1	0.997484	0.911059	0.003523	0.009014
126	LdDocent_Contig_69262_495	1	2	0.002516	0.088941	0.003523	0.009014
127	LdDocent_Contig_15638_334	0	1	0.935129	0.992630	0.039366	0.002518
127	LdDocent_Contig_15638_334	1	2	0.064871	0.007370	0.039366	0.002518
128	LdDocent_Contig_58319_142	0	1	0.997981	0.990771	0.002843	0.002832
128	LdDocent_Contig_58319_142	1	2	0.002019	0.009229	0.002843	0.002832
129	LdDocent_Contig_967_360	0	1	0.997866	0.896501	0.003001	0.009171
129	LdDocent_Contig_967_360	1	2	0.002134	0.103499	0.003001	0.009171
130	LdDocent_Contig_12_130	0	1	0.459592	0.994713	0.029894	0.002159
130	LdDocent_Contig_12_130	1	2	0.540408	0.005287	0.029894	0.002159
131	LdDocent_Contig_23010_476	0	1	0.997902	0.979557	0.002940	0.004263
131	LdDocent_Contig_23010_476	1	2	0.002098	0.020443	0.002940	0.004263
132	LdDocent_Contig_232_19	0	1	0.945276	0.998701	0.013939	0.001060
132	LdDocent_Contig_232_19	1	2	0.054724	0.001299	0.013939	0.001060
133	LdDocent_Contig_24695_132	0	1	0.987822	0.994254	0.007382	0.002366
133	LdDocent_Contig_24695_132	1	2	0.012178	0.005746	0.007382	0.002366
134	LdDocent_Contig_30221_20	0	1	0.997858	0.991883	0.003020	0.002774
134	LdDocent_Contig_30221_20	1	2	0.002142	0.008117	0.003020	0.002774
135	LdDocent_Contig_82688_112	0	1	0.181703	0.112036	0.025192	0.009519
135	LdDocent_Contig_82688_112	1	2	0.818297	0.887964	0.025192	0.009519
136	LdDocent_Contig_2394_385	0	1	0.997771	0.986172	0.003130	0.003625
136	LdDocent_Contig_2394_385	1	2	0.002229	0.013828	0.003130	0.003625
137	LdDocent_Contig_63157_15	0	1	0.997860	0.992094	0.003020	0.002687
137	LdDocent_Contig_63157_15	1	2	0.002140	0.007906	0.003020	0.002687
138	LdDocent_Contig_15593_87	0	1	0.993660	0.974839	0.005149	0.004817
138	LdDocent_Contig_15593_87	1	2	0.006340	0.025161	0.005149	0.004817
139	LdDocent_Contig_24656_389	0	1	0.571414	0.985573	0.033693	0.003767
139	LdDocent_Contig_24656_389	1	2	0.428586	0.014427	0.033693	0.003767
140	LdDocent_Contig_733_14	0	1	0.923528	0.996756	0.017062	0.001729
140	LdDocent_Contig_733_14	1	2	0.076472	0.003244	0.017062	0.001729
141	LdDocent_Contig_2016_435	0	1	0.997607	0.775622	0.003382	0.013018
141	LdDocent_Contig_2016_435	1	2	0.002393	0.224378	0.003382	0.013018
142	LdDocent_Contig_36540_10	0	1	0.997569	0.990465	0.003416	0.003073
142	LdDocent_Contig_36540_10	1	2	0.002431	0.009535	0.003416	0.003073
143	LdDocent_Contig_87375_64	0	1	0.997042	0.987397	0.004177	0.003405
143	LdDocent_Contig_87375_64	1	2	0.002958	0.012603	0.004177	0.003405
144	LdDocent_Contig_749_362	0	1	0.997880	0.977397	0.002993	0.004528
144	LdDocent_Contig_749_362	1	2	0.002120	0.022603	0.002993	0.004528
145	LdDocent_Contig_22783_366	0	1	0.997992	0.934883	0.002841	0.007243
145	LdDocent_Contig_22783_366	1	2	0.002008	0.065117	0.002841	0.007243
146	LdDocent_Contig_12377_140	0	1	0.997928	0.815833	0.002919	0.011949
146	LdDocent_Contig_12377_140	1	2	0.002072	0.184167	0.002919	0.011949
147	LdDocent_Contig_7156_447	0	1	0.997629	0.886895	0.003348	0.009858
147	LdDocent_Contig_7156_447	1	2	0.002371	0.113105	0.003348	0.009858
148	LdDocent_Contig_11759_29	0	1	0.992753	0.980800	0.006191	0.004198
148	LdDocent_Contig_11759_29	1	2	0.007247	0.019200	0.006191	0.004198
149	LdDocent_Contig_16044_389	0	1	0.997953	0.991332	0.002890	0.002804
149	LdDocent_Contig_16044_389	1	2	0.002047	0.008668	0.002890	0.002804
150	LdDocent_Contig_369_381	0	1	0.568814	0.996333	0.029988	0.001784
150	LdDocent_Contig_369_381	1	2	0.431186	0.003667	0.029988	0.001784
151	LdDocent_Contig_65895_364	0	1	0.997963	0.982922	0.002879	0.003923
151	LdDocent_Contig_65895_364	1	2	0.002037	0.017078	0.002879	0.003923
152	LdDocent_Contig_839_379	0	1	0.997875	0.989158	0.002997	0.003180
152	LdDocent_Contig_839_379	1	2	0.002125	0.010842	0.002997	0.003180
153	LdDocent_Contig_81434_14	0	1	0.997914	0.970902	0.002932	0.005201
153	LdDocent_Contig_81434_14	1	2	0.002086	0.029098	0.002932	0.005201
154	LdDocent_Contig_6224_75	0	1	0.993805	0.991037	0.005051	0.002910
154	LdDocent_Contig_6224_75	1	2	0.006195	0.008963	0.005051	0.002910
155	LdDocent_Contig_35892_62	0	1	0.997795	0.986570	0.003090	0.003626
155	LdDocent_Contig_35892_62	1	2	0.002205	0.013430	0.003090	0.003626
156	LdDocent_Contig_290_116	0	1	0.989760	0.792200	0.006484	0.012386
156	LdDocent_Contig_290_116	1	2	0.010240	0.207800	0.006484	0.012386
157	LdDocent_Contig_6037_101	0	1	0.962044	0.999494	0.012809	0.000710
157	LdDocent_Contig_6037_101	1	2	0.037956	0.000506	0.012809	0.000710
158	LdDocent_Contig_7739_7	0	1	0.997723	0.992560	0.003190	0.002698
158	LdDocent_Contig_7739_7	1	2	0.002277	0.007440	0.003190	0.002698
159	LdDocent_Contig_555_371	0	1	0.027138	0.994581	0.010638	0.002310
159	LdDocent_Contig_555_371	1	2	0.972862	0.005419	0.010638	0.002310
160	LdDocent_Contig_61224_56	0	1	0.993481	0.966792	0.005621	0.005618
160	LdDocent_Contig_61224_56	1	2	0.006519	0.033208	0.005621	0.005618
161	LdDocent_Contig_808_44	0	1	0.988516	0.649139	0.007566	0.014824
161	LdDocent_Contig_808_44	1	2	0.011484	0.350861	0.007566	0.014824
162	LdDocent_Contig_55498_404	0	1	0.997742	0.989397	0.003174	0.003255
162	LdDocent_Contig_55498_404	1	2	0.002258	0.010603	0.003174	0.003255
163	LdDocent_Contig_5098_445	0	1	0.997886	0.973499	0.002989	0.004892
163	LdDocent_Contig_5098_445	1	2	0.002114	0.026501	0.002989	0.004892
164	LdDocent_Contig_359_399	0	1	0.997908	0.930053	0.002938	0.007551
164	LdDocent_Contig_359_399	1	2	0.002092	0.069947	0.002938	0.007551
165	LdDocent_Contig_186_79	0	1	0.947040	0.998683	0.014055	0.001073
165	LdDocent_Contig_186_79	1	2	0.052960	0.001317	0.014055	0.001073
166	LdDocent_Contig_26378_336	0	1	0.997800	0.958880	0.003111	0.006172
166	LdDocent_Contig_26378_336	1	2	0.002200	0.041120	0.003111	0.006172
167	LdDocent_Contig_24538_94	0	1	0.998089	0.990862	0.002680	0.002807
167	LdDocent_Contig_24538_94	1	2	0.001911	0.009138	0.002680	0.002807
168	LdDocent_Contig_1937_458	0	1	0.997510	0.973432	0.003460	0.004930
168	LdDocent_Contig_1937_458	1	2	0.002490	0.026568	0.003460	0.004930
169	LdDocent_Contig_50102_11	0	1	0.997847	0.993174	0.003034	0.002492
169	LdDocent_Contig_50102_11	1	2	0.002153	0.006826	0.003034	0.002492
170	LdDocent_Contig_2299_319	0	1	0.963476	0.998759	0.013072	0.001016
170	LdDocent_Contig_2299_319	1	2	0.036524	0.001241	0.013072	0.001016
171	LdDocent_Contig_1260_354	0	1	0.472718	0.905070	0.032223	0.008811
171	LdDocent_Contig_1260_354	1	2	0.527282	0.094930	0.032223	0.008811
172	LdDocent_Contig_2240_414	0	1	0.997899	0.993249	0.002955	0.002450
172	LdDocent_Contig_2240_414	1	2	0.002101	0.006751	0.002955	0.002450
173	LdDocent_Contig_37115_435	0	1	0.989452	0.990542	0.006596	0.003049
173	LdDocent_Contig_37115_435	1	2	0.010548	0.009458	0.006596	0.003049
174	LdDocent_Contig_2685_326	0	1	0.997965	0.935071	0.002868	0.007248
174	LdDocent_Contig_2685_326	1	2	0.002035	0.064929	0.002868	0.007248
175	LdDocent_Contig_1481_423	0	1	0.961057	0.614127	0.011835	0.014077
175	LdDocent_Contig_1481_423	1	2	0.038943	0.385873	0.011835	0.014077
176	LdDocent_Contig_77421_22	0	1	0.993616	0.989135	0.005158	0.003055
176	LdDocent_Contig_77421_22	1	2	0.006384	0.010865	0.005158	0.003055
177	LdDocent_Contig_95160_18	0	1	0.973519	0.997529	0.010394	0.001551
177	LdDocent_Contig_95160_18	1	2	0.026481	0.002471	0.010394	0.001551
178	LdDocent_Contig_95524_427	0	1	0.995238	0.986053	0.006325	0.003556
178	LdDocent_Contig_95524_427	1	2	0.004762	0.013947	0.006325	0.003556
179	LdDocent_Contig_1347_343	0	1	0.997912	0.992428	0.002947	0.002578
179	LdDocent_Contig_1347_343	1	2	0.002088	0.007572	0.002947	0.002578
180	LdDocent_Contig_83483_102	0	1	0.998095	0.918803	0.002692	0.008000
180	LdDocent_Contig_83483_102	1	2	0.001905	0.081197	0.002692	0.008000
181	LdDocent_Contig_1218_82	0	1	0.997743	0.991614	0.003182	0.002858
181	LdDocent_Contig_1218_82	1	2	0.002257	0.008386	0.003182	0.002858
182	LdDocent_Contig_65052_13	0	1	0.993970	0.979330	0.004906	0.004313
182	LdDocent_Contig_65052_13	1	2	0.006030	0.020670	0.004906	0.004313
183	LdDocent_Contig_86410_87	0	1	0.997734	0.985187	0.003184	0.003856
183	LdDocent_Contig_86410_87	1	2	0.002266	0.014813	0.003184	0.003856
184	LdDocent_Contig_3715_115	0	1	0.998114	0.983600	0.002660	0.003786
184	LdDocent_Contig_3715_115	1	2	0.001886	0.016400	0.002660	0.003786
185	LdDocent_Contig_55556_440	0	1	0.292352	0.954254	0.042493	0.006333
185	LdDocent_Contig_55556_440	1	2	0.707648	0.045746	0.042493	0.006333
186	LdDocent_Contig_6920_137	0	1	0.997613	0.993289	0.003291	0.002465
186	LdDocent_Contig_6920_137	1	2	0.002387	0.006711	0.003291	0.002465
187	LdDocent_Contig_1399_88	0	1	0.966826	0.999547	0.011153	0.000637
187	LdDocent_Contig_1399_88	1	2	0.033174	0.000453	0.011153	0.000637
188	LdDocent_Contig_1275_383	0	1	0.998052	0.987874	0.002751	0.003268
188	LdDocent_Contig_1275_383	1	2	0.001948	0.012126	0.002751	0.003268
189	LdDocent_Contig_63523_351	0	2	0.997903	0.984543	0.002961	0.003774
189	LdDocent_Contig_63523_351	1	1	0.002097	0.015457	0.002961	0.003774
190	LdDocent_Contig_37885_42	0	1	0.993738	0.939728	0.005064	0.007238
190	LdDocent_Contig_37885_42	1	2	0.006262	0.060272	0.005064	0.007238
191	LdDocent_Contig_3482_420	0	1	0.899188	0.987492	0.018940	0.003377
191	LdDocent_Contig_3482_420	1	2	0.100812	0.012508	0.018940	0.003377
192	LdDocent_Contig_2508_21	0	1	0.997852	0.984624	0.003022	0.003879
192	LdDocent_Contig_2508_21	1	2	0.002148	0.015376	0.003022	0.003879
193	LdDocent_Contig_8151_404	0	1	0.997748	0.992485	0.003175	0.002728
193	LdDocent_Contig_8151_404	1	2	0.002252	0.007515	0.003175	0.002728
194	LdDocent_Contig_30222_90	0	1	0.997817	0.968752	0.003051	0.005318
194	LdDocent_Contig_30222_90	1	2	0.002183	0.031248	0.003051	0.005318
195	LdDocent_Contig_5625_436	0	1	0.948503	0.999570	0.013666	0.000606
195	LdDocent_Contig_5625_436	1	2	0.051497	0.000430	0.013666	0.000606
196	LdDocent_Contig_5506_480	0	1	0.997812	0.976251	0.003048	0.004841
196	LdDocent_Contig_5506_480	1	2	0.002188	0.023749	0.003048	0.004841
197	LdDocent_Contig_88450_464	0	2	0.981978	0.829221	0.009479	0.011918
197	LdDocent_Contig_88450_464	1	1	0.018022	0.170779	0.009479	0.011918
198	LdDocent_Contig_1563_72	0	1	0.997969	0.983176	0.002875	0.004001
198	LdDocent_Contig_1563_72	1	2	0.002031	0.016824	0.002875	0.004001
199	LdDocent_Contig_7781_385	0	1	0.997891	0.993185	0.002959	0.002470
199	LdDocent_Contig_7781_385	1	2	0.002109	0.006815	0.002959	0.002470
