UponCompletionOf_1000000_sweeps
LocNumber LocName AlleleNumber AlleleName FreqInPop0 FreqInPop1 SDInPop0 SDinPop1
0	LdDocent_Contig_7734_485	0	1	0.943875	0.999495	0.015391	0.000715
0	LdDocent_Contig_7734_485	1	2	0.056125	0.000505	0.015391	0.000715
1	LdDocent_Contig_752_383	0	1	0.005685	0.996971	0.004624	0.001625
1	LdDocent_Contig_752_383	1	2	0.994315	0.003029	0.004624	0.001625
2	LdDocent_Contig_95990_58	0	1	0.979464	0.980279	0.009560	0.004419
2	LdDocent_Contig_95990_58	1	2	0.020536	0.019721	0.009560	0.004419
3	LdDocent_Contig_58683_111	0	1	0.922869	0.993301	0.016823	0.002460
3	LdDocent_Contig_58683_111	1	2	0.077131	0.006699	0.016823	0.002460
4	LdDocent_Contig_1305_432	0	1	0.037593	0.995923	0.012611	0.002190
4	LdDocent_Contig_1305_432	1	2	0.962407	0.004077	0.012611	0.002190
5	LdDocent_Contig_6336_459	0	1	0.991271	0.722962	0.006350	0.013285
5	LdDocent_Contig_6336_459	1	2	0.008729	0.277038	0.006350	0.013285
6	LdDocent_Contig_5015_373	0	1	0.989396	0.981264	0.006651	0.004097
6	LdDocent_Contig_5015_373	1	2	0.010604	0.018736	0.006651	0.004097
7	LdDocent_Contig_69262_495	0	1	0.997507	0.911084	0.003509	0.009014
7	LdDocent_Contig_69262_495	1	2	0.002493	0.088916	0.003509	0.009014
8	LdDocent_Contig_6208_136	0	1	0.997769	0.958794	0.003134	0.006197
8	LdDocent_Contig_6208_136	1	2	0.002231	0.041206	0.003134	0.006197
9	LdDocent_Contig_55987_437	0	1	0.998000	0.974444	0.002822	0.004809
9	LdDocent_Contig_55987_437	1	2	0.002000	0.025556	0.002822	0.004809
10	LdDocent_Contig_66759_112	0	1	0.997383	0.982959	0.003683	0.004036
10	LdDocent_Contig_66759_112	1	2	0.002617	0.017041	0.003683	0.004036
11	LdDocent_Contig_16348_134	0	1	0.942956	0.999531	0.014510	0.000663
11	LdDocent_Contig_16348_134	1	2	0.057044	0.000469	0.014510	0.000663
12	LdDocent_Contig_265_37	0	1	0.990943	0.957094	0.007124	0.006337
12	LdDocent_Contig_265_37	1	2	0.009057	0.042906	0.007124	0.006337
13	LdDocent_Contig_1900_402	0	1	0.997854	0.938621	0.003025	0.007130
13	LdDocent_Contig_1900_402	1	2	0.002146	0.061379	0.003025	0.007130
14	LdDocent_Contig_1740_404	0	1	0.997932	0.993171	0.002915	0.002482
14	LdDocent_Contig_1740_404	1	2	0.002068	0.006829	0.002915	0.002482
15	LdDocent_Contig_1069_388	0	1	0.997919	0.901822	0.002960	0.008639
15	LdDocent_Contig_1069_388	1	2	0.002081	0.098178	0.002960	0.008639
16	LdDocent_Contig_82072_81	0	1	0.997585	0.983048	0.003403	0.004132
16	LdDocent_Contig_82072_81	1	2	0.002415	0.016952	0.003403	0.004132
17	LdDocent_Contig_69388_420	0	1	0.997964	0.991365	0.002874	0.002789
17	LdDocent_Contig_69388_420	1	2	0.002036	0.008635	0.002874	0.002789
18	LdDocent_Contig_596_393	0	1	0.963166	0.999512	0.012375	0.000688
18	LdDocent_Contig_596_393	1	2	0.036834	0.000488	0.012375	0.000688
19	LdDocent_Contig_15010_341	0	1	0.926286	0.999488	0.017991	0.000722
19	LdDocent_Contig_15010_341	1	2	0.073714	0.000512	0.017991	0.000722
20	LdDocent_Contig_38164_51	0	1	0.962816	0.999531	0.011870	0.000660
20	LdDocent_Contig_38164_51	1	2	0.037184	0.000469	0.011870	0.000660
21	LdDocent_Contig_3220_368	0	1	0.961836	0.998564	0.012826	0.001172
21	LdDocent_Contig_3220_368	1	2	0.038164	0.001436	0.012826	0.001172
22	LdDocent_Contig_67361_402	0	1	0.997536	0.987732	0.003471	0.003446
22	LdDocent_Contig_67361_402	1	2	0.002464	0.012268	0.003471	0.003446
23	LdDocent_Contig_8911_456	0	1	0.992752	0.990928	0.005887	0.002927
23	LdDocent_Contig_8911_456	1	2	0.007248	0.009072	0.005887	0.002927
24	LdDocent_Contig_14643_33	0	1	0.981757	0.995693	0.008501	0.002022
24	LdDocent_Contig_14643_33	1	2	0.018243	0.004307	0.008501	0.002022
25	LdDocent_Contig_22599_407	0	1	0.964511	0.999537	0.011938	0.000654
25	LdDocent_Contig_22599_407	1	2	0.035489	0.000463	0.011938	0.000654
26	LdDocent_Contig_19963_437	0	1	0.989403	0.993718	0.006648	0.002458
26	LdDocent_Contig_19963_437	1	2	0.010597	0.006282	0.006648	0.002458
27	LdDocent_Contig_65311_356	0	1	0.997236	0.958957	0.003836	0.006409
27	LdDocent_Contig_65311_356	1	2	0.002764	0.041043	0.003836	0.006409
28	LdDocent_Contig_2341_410	0	1	0.997651	0.992230	0.003317	0.002824
28	LdDocent_Contig_2341_410	1	2	0.002349	0.007770	0.003317	0.002824
29	LdDocent_Contig_1186_486	0	1	0.997690	0.991527	0.003262	0.002895
29	LdDocent_Contig_1186_486	1	2	0.002310	0.008473	0.003262	0.002895
30	LdDocent_Contig_32785_482	0	1	0.997855	0.992855	0.003023	0.002593
30	LdDocent_Contig_32785_482	1	2	0.002145	0.007145	0.003023	0.002593
31	LdDocent_Contig_2616_388	0	1	0.998182	0.978786	0.002564	0.004077
31	LdDocent_Contig_2616_388	1	2	0.001818	0.021214	0.002564	0.004077
32	LdDocent_Contig_6076_371	0	2	0.998024	0.973962	0.002783	0.004736
32	LdDocent_Contig_6076_371	1	1	0.001976	0.026038	0.002783	0.004736
33	LdDocent_Contig_733_14	0	1	0.923349	0.996760	0.017121	0.001729
33	LdDocent_Contig_733_14	1	2	0.076651	0.003240	0.017121	0.001729
34	LdDocent_Contig_25631_95	0	1	0.961824	0.997709	0.012128	0.001446
34	LdDocent_Contig_25631_95	1	2	0.038176	0.002291	0.012128	0.001446
35	LdDocent_Contig_268_139	0	1	0.898968	0.999535	0.019720	0.000657
35	LdDocent_Contig_268_139	1	2	0.101032	0.000465	0.019720	0.000657
36	LdDocent_Contig_311_397	0	1	0.997614	0.980659	0.003360	0.004127
36	LdDocent_Contig_311_397	1	2	0.002386	0.019341	0.003360	0.004127
37	LdDocent_Contig_2088_420	0	1	0.997688	0.993231	0.003251	0.002653
37	LdDocent_Contig_2088_420	1	2	0.002312	0.006769	0.003251	0.002653
38	LdDocent_Contig_8065_390	0	1	0.882407	0.980615	0.020638	0.004272
38	LdDocent_Contig_8065_390	1	2	0.117593	0.019385	0.020638	0.004272
39	LdDocent_Contig_12932_335	0	2	0.991742	0.965030	0.006607	0.005712
39	LdDocent_Contig_12932_335	1	1	0.008258	0.034970	0.006607	0.005712
40	LdDocent_Contig_1722_466	0	2	0.993835	0.489230	0.005057	0.014686
40	LdDocent_Contig_1722_466	1	1	0.006165	0.510770	0.005057	0.014686
41	LdDocent_Contig_15025_409	0	1	0.993868	0.863432	0.004987	0.009924
41	LdDocent_Contig_15025_409	1	2	0.006132	0.136568	0.004987	0.009924
42	LdDocent_Contig_84367_434	0	1	0.992950	0.993221	0.005722	0.002647
42	LdDocent_Contig_84367_434	1	2	0.007050	0.006779	0.005722	0.002647
43	LdDocent_Contig_18829_417	0	1	0.997904	0.987491	0.002956	0.003380
43	LdDocent_Contig_18829_417	1	2	0.002096	0.012509	0.002956	0.003380
44	LdDocent_Contig_20806_397	0	1	0.997696	0.992430	0.003241	0.002594
44	LdDocent_Contig_20806_397	1	2	0.002304	0.007570	0.003241	0.002594
45	LdDocent_Contig_96823_339	0	1	0.996991	0.962759	0.004115	0.005978
45	LdDocent_Contig_96823_339	1	2	0.003009	0.037241	0.004115	0.005978
46	LdDocent_Contig_12602_422	0	1	0.997914	0.992439	0.002943	0.002582
46	LdDocent_Contig_12602_422	1	2	0.002086	0.007561	0.002943	0.002582
47	LdDocent_Contig_24534_432	0	1	0.984576	0.991804	0.008162	0.002800
47	LdDocent_Contig_24534_432	1	2	0.015424	0.008196	0.008162	0.002800
48	LdDocent_Contig_52702_107	0	1	0.997777	0.991355	0.003131	0.002953
48	LdDocent_Contig_52702_107	1	2	0.002223	0.008645	0.003131	0.002953
49	LdDocent_Contig_6327_340	0	1	0.765447	0.999538	0.026153	0.000652
49	LdDocent_Contig_6327_340	1	2	0.234553	0.000462	0.026153	0.000652
50	LdDocent_Contig_11501_28	0	1	0.997774	0.991437	0.003133	0.002922
50	LdDocent_Contig_11501_28	1	2	0.002226	0.008563	0.003133	0.002922
51	LdDocent_Contig_1795_134	0	1	0.086392	0.998383	0.021062	0.001302
51	LdDocent_Contig_1795_134	1	2	0.913608	0.001617	0.021062	0.001302
52	LdDocent_Contig_2017_52	0	1	0.053404	0.994730	0.014273	0.002149
52	LdDocent_Contig_2017_52	1	2	0.946596	0.005270	0.014273	0.002149
53	LdDocent_Contig_302_353	0	1	0.998094	0.990103	0.002687	0.002905
53	LdDocent_Contig_302_353	1	2	0.001906	0.009897	0.002687	0.002905
54	LdDocent_Contig_65_436	0	1	0.998027	0.980883	0.002778	0.004083
54	LdDocent_Contig_65_436	1	2	0.001973	0.019117	0.002778	0.004083
55	LdDocent_Contig_18877_34	0	1	0.950402	0.997243	0.013849	0.001731
55	LdDocent_Contig_18877_34	1	2	0.049598	0.002757	0.013849	0.001731
56	LdDocent_Contig_84173_360	0	1	0.997934	0.989315	0.002911	0.003127
56	LdDocent_Contig_84173_360	1	2	0.002066	0.010685	0.002911	0.003127
57	LdDocent_Contig_63157_15	0	1	0.997849	0.992113	0.003034	0.002692
57	LdDocent_Contig_63157_15	1	2	0.002151	0.007887	0.003034	0.002692
58	LdDocent_Contig_51380_365	0	1	0.997773	0.981093	0.003139	0.004235
58	LdDocent_Contig_51380_365	1	2	0.002227	0.018907	0.003139	0.004235
59	LdDocent_Contig_71786_94	0	1	0.947889	0.932276	0.021276	0.007558
59	LdDocent_Contig_71786_94	1	2	0.052111	0.067724	0.021276	0.007558
60	LdDocent_Contig_35933_333	0	1	0.997584	0.991421	0.003399	0.002928
60	LdDocent_Contig_35933_333	1	2	0.002416	0.008579	0.003399	0.002928
61	LdDocent_Contig_12007_142	0	1	0.997847	0.989197	0.003034	0.003313
61	LdDocent_Contig_12007_142	1	2	0.002153	0.010803	0.003034	0.003313
62	LdDocent_Contig_6159_50	0	1	0.953919	0.989626	0.013883	0.003187
62	LdDocent_Contig_6159_50	1	2	0.046081	0.010374	0.013883	0.003187
63	LdDocent_Contig_65614_7	0	1	0.942794	0.998668	0.014563	0.001102
63	LdDocent_Contig_65614_7	1	2	0.057206	0.001332	0.014563	0.001102
64	LdDocent_Contig_232_19	0	1	0.945418	0.998695	0.013910	0.001064
64	LdDocent_Contig_232_19	1	2	0.054582	0.001305	0.013910	0.001064
65	LdDocent_Contig_243_120	0	1	0.994359	0.992917	0.004578	0.002420
65	LdDocent_Contig_243_120	1	2	0.005641	0.007083	0.004578	0.002420
66	LdDocent_Contig_60726_107	0	1	0.998055	0.984420	0.002739	0.003699
66	LdDocent_Contig_60726_107	1	2	0.001945	0.015580	0.002739	0.003699
67	LdDocent_Contig_18405_337	0	1	0.964668	0.999524	0.011878	0.000674
67	LdDocent_Contig_18405_337	1	2	0.035332	0.000476	0.011878	0.000674
68	LdDocent_Contig_55980_330	0	1	0.990425	0.984365	0.007761	0.003814
68	LdDocent_Contig_55980_330	1	2	0.009575	0.015635	0.007761	0.003814
69	LdDocent_Contig_31023_420	0	1	0.968059	0.999529	0.011450	0.000666
69	LdDocent_Contig_31023_420	1	2	0.031941	0.000471	0.011450	0.000666
70	LdDocent_Contig_1399_88	0	1	0.966663	0.999548	0.011226	0.000640
70	LdDocent_Contig_1399_88	1	2	0.033337	0.000452	0.011226	0.000640
71	LdDocent_Contig_1948_436	0	1	0.989542	0.991755	0.006574	0.002812
71	LdDocent_Contig_1948_436	1	2	0.010458	0.008245	0.006574	0.002812
72	LdDocent_Contig_30661_369	0	1	0.997903	0.992843	0.002956	0.002604
72	LdDocent_Contig_30661_369	1	2	0.002097	0.007157	0.002956	0.002604
73	LdDocent_Contig_25083_415	0	1	0.043741	0.995113	0.013242	0.002077
73	LdDocent_Contig_25083_415	1	2	0.956259	0.004887	0.013242	0.002077
74	LdDocent_Contig_2054_505	0	1	0.997793	0.981714	0.003109	0.004211
74	LdDocent_Contig_2054_505	1	2	0.002207	0.018286	0.003109	0.004211
75	LdDocent_Contig_2240_414	0	1	0.997908	0.993255	0.002952	0.002453
75	LdDocent_Contig_2240_414	1	2	0.002092	0.006745	0.002952	0.002453
76	LdDocent_Contig_23377_446	0	1	0.997849	0.992774	0.003035	0.002627
76	LdDocent_Contig_23377_446	1	2	0.002151	0.007226	0.003035	0.002627
77	LdDocent_Contig_6049_412	0	1	0.997798	0.982790	0.003107	0.004198
77	LdDocent_Contig_6049_412	1	2	0.002202	0.017210	0.003107	0.004198
78	LdDocent_Contig_184_77	0	1	0.014632	0.996051	0.007738	0.002009
78	LdDocent_Contig_184_77	1	2	0.985368	0.003949	0.007738	0.002009
79	LdDocent_Contig_1772_121	0	1	0.975856	0.989454	0.010151	0.003091
79	LdDocent_Contig_1772_121	1	2	0.024144	0.010546	0.010151	0.003091
80	LdDocent_Contig_18553_133	0	1	0.997959	0.992392	0.002881	0.002598
80	LdDocent_Contig_18553_133	1	2	0.002041	0.007608	0.002881	0.002598
81	LdDocent_Contig_912_44	0	1	0.949887	0.999506	0.014385	0.000695
81	LdDocent_Contig_912_44	1	2	0.050113	0.000494	0.014385	0.000695
82	LdDocent_Contig_66057_9	0	1	0.994067	0.992021	0.004822	0.002725
82	LdDocent_Contig_66057_9	1	2	0.005933	0.007979	0.004822	0.002725
83	LdDocent_Contig_56005_143	0	1	0.982491	0.971787	0.021782	0.004834
83	LdDocent_Contig_56005_143	1	2	0.017509	0.028213	0.021782	0.004834
84	LdDocent_Contig_64552_29	0	1	0.997806	0.872238	0.003097	0.010328
84	LdDocent_Contig_64552_29	1	2	0.002194	0.127762	0.003097	0.010328
85	LdDocent_Contig_743_434	0	1	0.881466	0.997543	0.020122	0.001551
85	LdDocent_Contig_743_434	1	2	0.118534	0.002457	0.020122	0.001551
86	LdDocent_Contig_1575_412	0	1	0.964086	0.998451	0.012840	0.001264
86	LdDocent_Contig_1575_412	1	2	0.035914	0.001549	0.012840	0.001264
87	LdDocent_Contig_71074_419	0	1	0.972965	0.994449	0.010441	0.002360
87	LdDocent_Contig_71074_419	1	2	0.027035	0.005551	0.010441	0.002360
88	LdDocent_Contig_8151_404	0	1	0.997709	0.992503	0.003231	0.002726
88	LdDocent_Contig_8151_404	1	2	0.002291	0.007497	0.003231	0.002726
89	LdDocent_Contig_6342_311	0	1	0.964168	0.999527	0.012040	0.000669
89	LdDocent_Contig_6342_311	1	2	0.035832	0.000473	0.012040	0.000669
90	LdDocent_Contig_69295_349	0	1	0.997722	0.983747	0.003213	0.003854
90	LdDocent_Contig_69295_349	1	2	0.002278	0.016253	0.003213	0.003854
91	LdDocent_Contig_1364_415	0	2	0.992605	0.741058	0.005990	0.014038
91	LdDocent_Contig_1364_415	1	1	0.007395	0.258942	0.005990	0.014038
92	LdDocent_Contig_318_421	0	1	0.997431	0.983728	0.003515	0.003771
92	LdDocent_Contig_318_421	1	2	0.002569	0.016272	0.003515	0.003771
93	LdDocent_Contig_3163_44	0	1	0.997934	0.991873	0.002907	0.002768
93	LdDocent_Contig_3163_44	1	2	0.002066	0.008127	0.002907	0.002768
94	LdDocent_Contig_22979_369	0	1	0.977002	0.844657	0.012127	0.010930
94	LdDocent_Contig_22979_369	1	2	0.022998	0.155343	0.012127	0.010930
95	LdDocent_Contig_57890_429	0	1	0.997946	0.986262	0.002895	0.003460
95	LdDocent_Contig_57890_429	1	2	0.002054	0.013738	0.002895	0.003460
96	LdDocent_Contig_38822_362	0	1	0.997758	0.985020	0.003166	0.003773
96	LdDocent_Contig_38822_362	1	2	0.002242	0.014980	0.003166	0.003773
97	LdDocent_Contig_5091_48	0	1	0.997912	0.986754	0.002940	0.003452
97	LdDocent_Contig_5091_48	1	2	0.002088	0.013246	0.002940	0.003452
98	LdDocent_Contig_80301_307	0	1	0.997926	0.992880	0.002929	0.002589
98	LdDocent_Contig_80301_307	1	2	0.002074	0.007120	0.002929	0.002589
99	LdDocent_Contig_8_403	0	1	0.997893	0.980054	0.002925	0.004004
99	LdDocent_Contig_8_403	1	2	0.002107	0.019946	0.002925	0.004004
100	LdDocent_Contig_19601_408	0	1	0.997439	0.944857	0.003589	0.007128
100	LdDocent_Contig_19601_408	1	2	0.002561	0.055143	0.003589	0.007128
101	LdDocent_Contig_10199_293	0	1	0.997774	0.989694	0.003132	0.003162
101	LdDocent_Contig_10199_293	1	2	0.002226	0.010306	0.003132	0.003162
102	LdDocent_Contig_3563_135	0	1	0.957347	0.929070	0.012812	0.007647
102	LdDocent_Contig_3563_135	1	2	0.042653	0.070930	0.012812	0.007647
103	LdDocent_Contig_96111_324	0	1	0.989236	0.984945	0.006751	0.003795
103	LdDocent_Contig_96111_324	1	2	0.010764	0.015055	0.006751	0.003795
104	LdDocent_Contig_295_343	0	1	0.997874	0.981414	0.003001	0.004168
104	LdDocent_Contig_295_343	1	2	0.002126	0.018586	0.003001	0.004168
105	LdDocent_Contig_95524_427	0	1	0.995135	0.986104	0.006422	0.003541
105	LdDocent_Contig_95524_427	1	2	0.004865	0.013896	0.006422	0.003541
106	LdDocent_Contig_67427_465	0	1	0.997903	0.976147	0.002954	0.004663
106	LdDocent_Contig_67427_465	1	2	0.002097	0.023853	0.002954	0.004663
107	LdDocent_Contig_1040_425	0	1	0.987806	0.994371	0.016930	0.002202
107	LdDocent_Contig_1040_425	1	2	0.012194	0.005629	0.016930	0.002202
108	LdDocent_Contig_61224_56	0	1	0.993083	0.966958	0.005623	0.005616
108	LdDocent_Contig_61224_56	1	2	0.006917	0.033042	0.005623	0.005616
109	LdDocent_Contig_56275_39	0	1	0.996153	0.985306	0.004757	0.003791
109	LdDocent_Contig_56275_39	1	2	0.003847	0.014694	0.004757	0.003791
110	LdDocent_Contig_940_379	0	1	0.017821	0.997813	0.008307	0.001393
110	LdDocent_Contig_940_379	1	2	0.982179	0.002187	0.008307	0.001393
111	LdDocent_Contig_95935_391	0	1	0.845031	0.997687	0.023257	0.001462
111	LdDocent_Contig_95935_391	1	2	0.154969	0.002313	0.023257	0.001462
112	LdDocent_Contig_91285_26	0	1	0.997950	0.988118	0.002882	0.003343
112	LdDocent_Contig_91285_26	1	2	0.002050	0.011882	0.002882	0.003343
113	LdDocent_Contig_24317_315	0	1	0.993092	0.758447	0.005610	0.013723
113	LdDocent_Contig_24317_315	1	2	0.006908	0.241553	0.005610	0.013723
114	LdDocent_Contig_56197_394	0	1	0.998000	0.992359	0.002810	0.002611
114	LdDocent_Contig_56197_394	1	2	0.002000	0.007641	0.002810	0.002611
115	LdDocent_Contig_530_20	0	1	0.997501	0.942902	0.003511	0.007446
115	LdDocent_Contig_530_20	1	2	0.002499	0.057098	0.003511	0.007446
116	LdDocent_Contig_91760_362	0	1	0.953900	0.987403	0.013254	0.003377
116	LdDocent_Contig_91760_362	1	2	0.046100	0.012597	0.013254	0.003377
117	LdDocent_Contig_67838_468	0	1	0.992955	0.992244	0.005714	0.002820
117	LdDocent_Contig_67838_468	1	2	0.007045	0.007756	0.005714	0.002820
118	LdDocent_Contig_5278_119	0	1	0.997176	0.971400	0.003906	0.005309
118	LdDocent_Contig_5278_119	1	2	0.002824	0.028600	0.003906	0.005309
119	LdDocent_Contig_85865_430	0	1	0.997931	0.986475	0.002918	0.003411
119	LdDocent_Contig_85865_430	1	2	0.002069	0.013525	0.002918	0.003411
120	LdDocent_Contig_55556_440	0	1	0.290152	0.954224	0.042337	0.006356
120	LdDocent_Contig_55556_440	1	2	0.709848	0.045776	0.042337	0.006356
121	LdDocent_Contig_22232_67	0	1	0.966413	0.999499	0.012046	0.000708
121	LdDocent_Contig_22232_67	1	2	0.033587	0.000501	0.012046	0.000708
122	LdDocent_Contig_35538_380	0	1	0.958100	0.999506	0.013294	0.000699
122	LdDocent_Contig_35538_380	1	2	0.041900	0.000494	0.013294	0.000699
123	LdDocent_Contig_6647_39	0	1	0.954506	0.999508	0.014400	0.000695
123	LdDocent_Contig_6647_39	1	2	0.045494	0.000492	0.014400	0.000695
124	LdDocent_Contig_29147_75	0	1	0.998007	0.979369	0.002813	0.004213
124	LdDocent_Contig_29147_75	1	2	0.001993	0.020631	0.002813	0.004213
125	LdDocent_Contig_95596_78	0	1	0.997730	0.991212	0.003196	0.002997
125	LdDocent_Contig_95596_78	1	2	0.002270	0.008788	0.003196	0.002997
126	LdDocent_Contig_12779_143	0	1	0.997310	0.988627	0.003623	0.003109
126	LdDocent_Contig_12779_143	1	2	0.002690	0.011373	0.003623	0.003109
127	LdDocent_Contig_82617_50	0	1	0.997671	0.992106	0.003287	0.002698
127	LdDocent_Contig_82617_50	1	2	0.002329	0.007894	0.003287	0.002698
128	LdDocent_Contig_7156_447	0	1	0.997622	0.887028	0.003357	0.009863
128	LdDocent_Contig_7156_447	1	2	0.002378	0.112972	0.003357	0.009863
129	LdDocent_Contig_26350_349	0	1	0.408445	0.462554	0.031618	0.015539
129	LdDocent_Contig_26350_349	1	2	0.591555	0.537446	0.031618	0.015539
130	LdDocent_Contig_3006_430	0	1	0.998013	0.987437	0.002802	0.003401
130	LdDocent_Contig_3006_430	1	2	0.001987	0.012563	0.002802	0.003401
131	LdDocent_Contig_32388_350	0	1	0.997672	0.977856	0.003278	0.004510
131	LdDocent_Contig_32388_350	1	2	0.002328	0.022144	0.003278	0.004510
132	LdDocent_Contig_1920_333	0	1	0.006339	0.996609	0.005174	0.001810
132	LdDocent_Contig_1920_333	1	2	0.993661	0.003391	0.005174	0.001810
133	LdDocent_Contig_3865_405	0	1	0.997818	0.988170	0.003070	0.003327
133	LdDocent_Contig_3865_405	1	2	0.002182	0.011830	0.003070	0.003327
134	LdDocent_Contig_63087_64	0	1	0.997869	0.990049	0.003005	0.003050
134	LdDocent_Contig_63087_64	1	2	0.002131	0.009951	0.003005	0.003050
135	LdDocent_Contig_5304_12	0	1	0.952008	0.999544	0.017062	0.000644
135	LdDocent_Contig_5304_12	1	2	0.047992	0.000456	0.017062	0.000644
136	LdDocent_Contig_1236_34	0	1	0.993867	0.990983	0.008580	0.002771
136	LdDocent_Contig_1236_34	1	2	0.006133	0.009017	0.008580	0.002771
137	LdDocent_Contig_93561_362	0	1	0.993571	0.992123	0.005230	0.002685
137	LdDocent_Contig_93561_362	1	2	0.006429	0.007877	0.005230	0.002685
138	LdDocent_Contig_83756_395	0	1	0.990228	0.994371	0.006141	0.002203
138	LdDocent_Contig_83756_395	1	2	0.009772	0.005629	0.006141	0.002203
139	LdDocent_Contig_58302_102	0	1	0.946081	0.999460	0.014856	0.000759
139	LdDocent_Contig_58302_102	1	2	0.053919	0.000540	0.014856	0.000759
140	LdDocent_Contig_90285_342	0	1	0.997853	0.945387	0.003025	0.006939
140	LdDocent_Contig_90285_342	1	2	0.002147	0.054613	0.003025	0.006939
141	LdDocent_Contig_17933_449	0	1	0.997983	0.990897	0.002840	0.002938
141	LdDocent_Contig_17933_449	1	2	0.002017	0.009103	0.002840	0.002938
142	LdDocent_Contig_20171_45	0	1	0.998101	0.990697	0.002684	0.002853
142	LdDocent_Contig_20171_45	1	2	0.001899	0.009303	0.002684	0.002853
143	LdDocent_Contig_2905_457	0	1	0.993661	0.993711	0.005017	0.002359
143	LdDocent_Contig_2905_457	1	2	0.006339	0.006289	0.005017	0.002359
144	LdDocent_Contig_1056_71	0	1	0.597474	0.995944	0.031627	0.001923
144	LdDocent_Contig_1056_71	1	2	0.402526	0.004056	0.031627	0.001923
145	LdDocent_Contig_2055_16	0	1	0.993082	0.974003	0.005627	0.004980
145	LdDocent_Contig_2055_16	1	2	0.006918	0.025997	0.005627	0.004980
146	LdDocent_Contig_7902_345	0	1	0.987379	0.891942	0.017521	0.009142
146	LdDocent_Contig_7902_345	1	2	0.012621	0.108058	0.017521	0.009142
147	LdDocent_Contig_85159_67	0	1	0.997118	0.992165	0.004060	0.002671
147	LdDocent_Contig_85159_67	1	2	0.002882	0.007835	0.004060	0.002671
148	LdDocent_Contig_80302_44	0	1	0.930425	0.999492	0.017006	0.000719
148	LdDocent_Contig_80302_44	1	2	0.069575	0.000508	0.017006	0.000719
149	LdDocent_Contig_5285_474	0	1	0.045440	0.973446	0.015180	0.004934
149	LdDocent_Contig_5285_474	1	2	0.954560	0.026554	0.015180	0.004934
150	LdDocent_Contig_3234_80	0	1	0.997959	0.993249	0.002869	0.002456
150	LdDocent_Contig_3234_80	1	2	0.002041	0.006751	0.002869	0.002456
151	LdDocent_Contig_84560_332	0	1	0.997696	0.960612	0.003248	0.006139
151	LdDocent_Contig_84560_332	1	2	0.002304	0.039388	0.003248	0.006139
152	LdDocent_Contig_7306_383	0	1	0.976769	0.970150	0.013985	0.005127
152	LdDocent_Contig_7306_383	1	2	0.023231	0.029850	0.013985	0.005127
153	LdDocent_Contig_3176_388	0	1	0.997503	0.992332	0.003452	0.002642
153	LdDocent_Contig_3176_388	1	2	0.002497	0.007668	0.003452	0.002642
154	LdDocent_Contig_593_485	0	1	0.997516	0.958744	0.003486	0.006354
154	LdDocent_Contig_593_485	1	2	0.002484	0.041256	0.003486	0.006354
155	LdDocent_Contig_2901_428	0	1	0.980032	0.996852	0.009265	0.001741
155	LdDocent_Contig_2901_428	1	2	0.019968	0.003148	0.009265	0.001741
156	LdDocent_Contig_36808_102	0	1	0.997220	0.987601	0.003916	0.003356
156	LdDocent_Contig_36808_102	1	2	0.002780	0.012399	0.003916	0.003356
157	LdDocent_Contig_2527_386	0	1	0.898265	0.999564	0.019064	0.000615
157	LdDocent_Contig_2527_386	1	2	0.101735	0.000436	0.019064	0.000615
158	LdDocent_Contig_5099_92	0	1	0.775807	0.998093	0.026286	0.001429
158	LdDocent_Contig_5099_92	1	2	0.224193	0.001907	0.026286	0.001429
159	LdDocent_Contig_2910_508	0	1	0.997502	0.984034	0.003521	0.003898
159	LdDocent_Contig_2910_508	1	2	0.002498	0.015966	0.003521	0.003898
160	LdDocent_Contig_50615_366	0	1	0.997543	0.990201	0.003423	0.003027
160	LdDocent_Contig_50615_366	1	2	0.002457	0.009799	0.003423	0.003027
161	LdDocent_Contig_5500_459	0	1	0.997793	0.896305	0.003109	0.009058
161	LdDocent_Contig_5500_459	1	2	0.002207	0.103695	0.003109	0.009058
162	LdDocent_Contig_95160_18	0	1	0.973352	0.997539	0.010463	0.001548
162	LdDocent_Contig_95160_18	1	2	0.026648	0.002461	0.010463	0.001548
163	LdDocent_Contig_2287_379	0	1	0.019980	0.993863	0.009304	0.002551
163	LdDocent_Contig_2287_379	1	2	0.980020	0.006137	0.009304	0.002551
164	LdDocent_Contig_52714_9	0	1	0.994324	0.990822	0.004613	0.002815
164	LdDocent_Contig_52714_9	1	2	0.005676	0.009178	0.004613	0.002815
165	LdDocent_Contig_7215_381	0	1	0.998036	0.989551	0.002768	0.003063
165	LdDocent_Contig_7215_381	1	2	0.001964	0.010449	0.002768	0.003063
166	LdDocent_Contig_93275_493	0	1	0.996103	0.987571	0.005116	0.003571
166	LdDocent_Contig_93275_493	1	2	0.003897	0.012429	0.005116	0.003571
167	LdDocent_Contig_6262_459	0	1	0.978508	0.980440	0.018336	0.004084
167	LdDocent_Contig_6262_459	1	2	0.021492	0.019560	0.018336	0.004084
168	LdDocent_Contig_648_369	0	1	0.833116	0.996952	0.023086	0.001626
168	LdDocent_Contig_648_369	1	2	0.166884	0.003048	0.023086	0.001626
169	LdDocent_Contig_77008_93	0	1	0.878729	0.999583	0.029769	0.000590
169	LdDocent_Contig_77008_93	1	2	0.121271	0.000417	0.029769	0.000590
170	LdDocent_Contig_8037_376	0	1	0.025046	0.993459	0.010554	0.002550
170	LdDocent_Contig_8037_376	1	2	0.974954	0.006541	0.010554	0.002550
171	LdDocent_Contig_2608_327	0	1	0.997589	0.911427	0.003388	0.008949
171	LdDocent_Contig_2608_327	1	2	0.002411	0.088573	0.003388	0.008949
172	LdDocent_Contig_52636_363	0	1	0.997783	0.988848	0.003119	0.003270
172	LdDocent_Contig_52636_363	1	2	0.002217	0.011152	0.003119	0.003270
173	LdDocent_Contig_90525_37	0	1	0.993763	0.987469	0.005069	0.003386
173	LdDocent_Contig_90525_37	1	2	0.006237	0.012531	0.005069	0.003386
174	LdDocent_Contig_517_62	0	1	0.271207	0.997938	0.028107	0.001388
174	LdDocent_Contig_517_62	1	2	0.728793	0.002062	0.028107	0.001388
175	LdDocent_Contig_258_495	0	1	0.081445	0.996971	0.017286	0.001616
175	LdDocent_Contig_258_495	1	2	0.918555	0.003029	0.017286	0.001616
176	LdDocent_Contig_81466_125	0	1	0.997600	0.984625	0.003368	0.003768
176	LdDocent_Contig_81466_125	1	2	0.002400	0.015375	0.003368	0.003768
177	LdDocent_Contig_5098_445	0	1	0.997902	0.973482	0.002947	0.004898
177	LdDocent_Contig_5098_445	1	2	0.002098	0.026518	0.002947	0.004898
178	LdDocent_Contig_90843_36	0	1	0.936615	0.999507	0.016080	0.000696
178	LdDocent_Contig_90843_36	1	2	0.063385	0.000493	0.016080	0.000696
179	LdDocent_Contig_2311_20	0	1	0.966138	0.999508	0.011384	0.000695
179	LdDocent_Contig_2311_20	1	2	0.033862	0.000492	0.011384	0.000695
180	LdDocent_Contig_14127_482	0	1	0.997959	0.992194	0.002882	0.002666
180	LdDocent_Contig_14127_482	1	2	0.002041	0.007806	0.002882	0.002666
181	LdDocent_Contig_879_336	0	1	0.006305	0.996799	0.005190	0.001791
181	LdDocent_Contig_879_336	1	2	0.993695	0.003201	0.005190	0.001791
182	LdDocent_Contig_30308_377	0	1	0.997892	0.989255	0.002971	0.003295
182	LdDocent_Contig_30308_377	1	2	0.002108	0.010745	0.002971	0.003295
183	LdDocent_Contig_1989_140	0	1	0.957986	0.999547	0.012693	0.000640
183	LdDocent_Contig_1989_140	1	2	0.042014	0.000453	0.012693	0.000640
184	LdDocent_Contig_5187_138	0	1	0.997924	0.980824	0.002926	0.004092
184	LdDocent_Contig_5187_138	1	2	0.002076	0.019176	0.002926	0.004092
185	LdDocent_Contig_61578_273	0	1	0.968737	0.999533	0.011223	0.000659
185	LdDocent_Contig_61578_273	1	2	0.031263	0.000467	0.011223	0.000659
186	LdDocent_Contig_270_430	0	1	0.997760	0.992362	0.003153	0.002778
186	LdDocent_Contig_270_430	1	2	0.002240	0.007638	0.003153	0.002778
187	LdDocent_Contig_260_407	0	1	0.997819	0.977538	0.003080	0.004578
187	LdDocent_Contig_260_407	1	2	0.002181	0.022462	0.003080	0.004578
188	LdDocent_Contig_3166_66	0	1	0.997824	0.968809	0.003065	0.005467
188	LdDocent_Contig_3166_66	1	2	0.002176	0.031191	0.003065	0.005467
189	LdDocent_Contig_22442_427	0	1	0.997852	0.971629	0.003030	0.005063
189	LdDocent_Contig_22442_427	1	2	0.002148	0.028371	0.003030	0.005063
190	LdDocent_Contig_12500_50	0	1	0.997956	0.989580	0.002888	0.003055
190	LdDocent_Contig_12500_50	1	2	0.002044	0.010420	0.002888	0.003055
191	LdDocent_Contig_12501_435	0	1	0.949068	0.992806	0.031144	0.002456
191	LdDocent_Contig_12501_435	1	2	0.050932	0.007194	0.031144	0.002456
192	LdDocent_Contig_729_126	0	1	0.998064	0.987272	0.002728	0.003322
192	LdDocent_Contig_729_126	1	2	0.001936	0.012728	0.002728	0.003322
193	LdDocent_Contig_26523_388	0	1	0.990872	0.956972	0.007062	0.006158
193	LdDocent_Contig_26523_388	1	2	0.009128	0.043028	0.007062	0.006158
194	LdDocent_Contig_34609_429	0	1	0.997676	0.987977	0.003279	0.003380
194	LdDocent_Contig_34609_429	1	2	0.002324	0.012023	0.003279	0.003380
195	LdDocent_Contig_27577_415	0	1	0.997514	0.954979	0.003500	0.006384
195	LdDocent_Contig_27577_415	1	2	0.002486	0.045021	0.003500	0.006384
196	LdDocent_Contig_2363_121	0	1	0.840642	0.996688	0.023864	0.001765
196	LdDocent_Contig_2363_121	1	2	0.159358	0.003312	0.023864	0.001765
197	LdDocent_Contig_74_323	0	1	0.997984	0.983599	0.002836	0.003781
197	LdDocent_Contig_74_323	1	2	0.002016	0.016401	0.002836	0.003781
198	LdDocent_Contig_64504_37	0	1	0.997959	0.965896	0.002874	0.005871
198	LdDocent_Contig_64504_37	1	2	0.002041	0.034104	0.002874	0.005871
199	LdDocent_Contig_860_423	0	1	0.971133	0.999554	0.010369	0.000629
199	LdDocent_Contig_860_423	1	2	0.028867	0.000446	0.010369	0.000629
