UponCompletionOf_1000000_sweeps
LocNumber LocName AlleleNumber AlleleName FreqInPop0 FreqInPop1 SDInPop0 SDinPop1
0	LdDocent_Contig_2017_52	0	1	0.045352	0.994257	0.013320	0.002275
0	LdDocent_Contig_2017_52	1	2	0.954648	0.005743	0.013320	0.002275
1	LdDocent_Contig_30158_257	0	1	0.997895	0.961281	0.002968	0.006195
1	LdDocent_Contig_30158_257	1	2	0.002105	0.038719	0.002968	0.006195
2	LdDocent_Contig_32321_134	0	1	0.135933	0.994559	0.023799	0.002131
2	LdDocent_Contig_32321_134	1	2	0.864067	0.005441	0.023799	0.002131
3	LdDocent_Contig_34845_506	0	1	0.974495	0.995089	0.015842	0.002088
3	LdDocent_Contig_34845_506	1	2	0.025505	0.004911	0.015842	0.002088
4	LdDocent_Contig_9812_52	0	1	0.993993	0.989881	0.004886	0.002966
4	LdDocent_Contig_9812_52	1	2	0.006007	0.010119	0.004886	0.002966
5	LdDocent_Contig_8446_432	0	1	0.997365	0.992934	0.003613	0.002610
5	LdDocent_Contig_8446_432	1	2	0.002635	0.007066	0.003613	0.002610
6	LdDocent_Contig_37885_42	0	1	0.993673	0.939978	0.005145	0.007189
6	LdDocent_Contig_37885_42	1	2	0.006327	0.060022	0.005145	0.007189
7	LdDocent_Contig_50531_445	0	1	0.997976	0.993507	0.002858	0.002363
7	LdDocent_Contig_50531_445	1	2	0.002024	0.006493	0.002858	0.002363
8	LdDocent_Contig_14500_389	0	1	0.983903	0.960934	0.008513	0.006007
8	LdDocent_Contig_14500_389	1	2	0.016097	0.039066	0.008513	0.006007
9	LdDocent_Contig_67427_465	0	1	0.997892	0.976188	0.002978	0.004660
9	LdDocent_Contig_67427_465	1	2	0.002108	0.023812	0.002978	0.004660
10	LdDocent_Contig_8071_81	0	1	0.997368	0.993326	0.003705	0.002430
10	LdDocent_Contig_8071_81	1	2	0.002632	0.006674	0.003705	0.002430
11	LdDocent_Contig_19946_25	0	1	0.948971	0.999518	0.014614	0.000680
11	LdDocent_Contig_19946_25	1	2	0.051029	0.000482	0.014614	0.000680
12	LdDocent_Contig_876_117	0	1	0.996945	0.987824	0.004297	0.003421
12	LdDocent_Contig_876_117	1	2	0.003055	0.012176	0.004297	0.003421
13	LdDocent_Contig_527_494	0	1	0.984898	0.993007	0.008001	0.002544
13	LdDocent_Contig_527_494	1	2	0.015102	0.006993	0.008001	0.002544
14	LdDocent_Contig_6758_133	0	1	0.200898	0.998124	0.028867	0.001609
14	LdDocent_Contig_6758_133	1	2	0.799102	0.001876	0.028867	0.001609
15	LdDocent_Contig_8958_53	0	1	0.997764	0.977777	0.003159	0.004630
15	LdDocent_Contig_8958_53	1	2	0.002236	0.022223	0.003159	0.004630
16	LdDocent_Contig_65667_417	0	1	0.942247	0.998663	0.014688	0.001090
16	LdDocent_Contig_65667_417	1	2	0.057753	0.001337	0.014688	0.001090
17	LdDocent_Contig_96182_330	0	1	0.992987	0.837343	0.005665	0.011224
17	LdDocent_Contig_96182_330	1	2	0.007013	0.162657	0.005665	0.011224
18	LdDocent_Contig_55556_440	0	1	0.282005	0.954287	0.042403	0.006348
18	LdDocent_Contig_55556_440	1	2	0.717995	0.045713	0.042403	0.006348
19	LdDocent_Contig_754_488	0	1	0.956552	0.999544	0.013095	0.000644
19	LdDocent_Contig_754_488	1	2	0.043448	0.000456	0.013095	0.000644
20	LdDocent_Contig_84956_118	0	1	0.972619	0.998654	0.010571	0.001098
20	LdDocent_Contig_84956_118	1	2	0.027381	0.001346	0.010571	0.001098
21	LdDocent_Contig_22010_387	0	1	0.997733	0.992541	0.003198	0.002711
21	LdDocent_Contig_22010_387	1	2	0.002267	0.007459	0.003198	0.002711
22	LdDocent_Contig_93511_376	0	1	0.951741	0.998539	0.013909	0.001192
22	LdDocent_Contig_93511_376	1	2	0.048259	0.001461	0.013909	0.001192
23	LdDocent_Contig_9162_69	0	1	0.997572	0.985704	0.003395	0.003616
23	LdDocent_Contig_9162_69	1	2	0.002428	0.014296	0.003395	0.003616
24	LdDocent_Contig_63523_351	0	2	0.997881	0.984587	0.002992	0.003764
24	LdDocent_Contig_63523_351	1	1	0.002119	0.015413	0.002992	0.003764
25	LdDocent_Contig_2363_121	0	1	0.839090	0.996696	0.024060	0.001763
25	LdDocent_Contig_2363_121	1	2	0.160910	0.003304	0.024060	0.001763
26	LdDocent_Contig_6837_8	0	1	0.977016	0.987095	0.009666	0.003625
26	LdDocent_Contig_6837_8	1	2	0.022984	0.012905	0.009666	0.003625
27	LdDocent_Contig_1402_439	0	1	0.932080	0.999566	0.016102	0.000614
27	LdDocent_Contig_1402_439	1	2	0.067920	0.000434	0.016102	0.000614
28	LdDocent_Contig_22935_394	0	1	0.737961	0.519032	0.034602	0.014682
28	LdDocent_Contig_22935_394	1	2	0.262039	0.480968	0.034602	0.014682
29	LdDocent_Contig_815_46	0	1	0.997947	0.992441	0.002892	0.002580
29	LdDocent_Contig_815_46	1	2	0.002053	0.007559	0.002892	0.002580
30	LdDocent_Contig_180_462	0	1	0.795575	0.997889	0.025158	0.001346
30	LdDocent_Contig_180_462	1	2	0.204425	0.002111	0.025158	0.001346
31	LdDocent_Contig_23_398	0	1	0.997752	0.908154	0.003162	0.008826
31	LdDocent_Contig_23_398	1	2	0.002248	0.091846	0.003162	0.008826
32	LdDocent_Contig_1175_79	0	1	0.996803	0.979576	0.004118	0.004129
32	LdDocent_Contig_1175_79	1	2	0.003197	0.020424	0.004118	0.004129
33	LdDocent_Contig_1765_362	0	1	0.963246	0.999522	0.012350	0.000675
33	LdDocent_Contig_1765_362	1	2	0.036754	0.000478	0.012350	0.000675
34	LdDocent_Contig_95152_97	0	1	0.997658	0.984860	0.003281	0.003828
34	LdDocent_Contig_95152_97	1	2	0.002342	0.015140	0.003281	0.003828
35	LdDocent_Contig_243_120	0	1	0.994290	0.992934	0.004636	0.002415
35	LdDocent_Contig_243_120	1	2	0.005710	0.007066	0.004636	0.002415
36	LdDocent_Contig_63199_84	0	1	0.921147	0.985751	0.018038	0.003668
36	LdDocent_Contig_63199_84	1	2	0.078853	0.014249	0.018038	0.003668
37	LdDocent_Contig_30206_114	0	1	0.973472	0.997804	0.011128	0.001387
37	LdDocent_Contig_30206_114	1	2	0.026528	0.002196	0.011128	0.001387
38	LdDocent_Contig_691_15	0	1	0.997766	0.970274	0.003145	0.005389
38	LdDocent_Contig_691_15	1	2	0.002234	0.029726	0.003145	0.005389
39	LdDocent_Contig_6224_75	0	1	0.993720	0.991059	0.005091	0.002889
39	LdDocent_Contig_6224_75	1	2	0.006280	0.008941	0.005091	0.002889
40	LdDocent_Contig_65986_50	0	1	0.997894	0.991298	0.002973	0.002968
40	LdDocent_Contig_65986_50	1	2	0.002106	0.008702	0.002973	0.002968
41	LdDocent_Contig_74710_31	0	1	0.993889	0.992982	0.004967	0.002550
41	LdDocent_Contig_74710_31	1	2	0.006111	0.007018	0.004967	0.002550
42	LdDocent_Contig_58901_116	0	1	0.012566	0.688283	0.007280	0.014675
42	LdDocent_Contig_58901_116	1	2	0.987434	0.311717	0.007280	0.014675
43	LdDocent_Contig_87054_34	0	1	0.997940	0.984946	0.002900	0.003680
43	LdDocent_Contig_87054_34	1	2	0.002060	0.015054	0.002900	0.003680
44	LdDocent_Contig_23069_13	0	1	0.997030	0.989035	0.003965	0.003253
44	LdDocent_Contig_23069_13	1	2	0.002970	0.010965	0.003965	0.003253
45	LdDocent_Contig_77100_313	0	1	0.997441	0.955932	0.003581	0.006468
45	LdDocent_Contig_77100_313	1	2	0.002559	0.044068	0.003581	0.006468
46	LdDocent_Contig_790_438	0	1	0.996549	0.988316	0.004187	0.003226
46	LdDocent_Contig_790_438	1	2	0.003451	0.011684	0.004187	0.003226
47	LdDocent_Contig_27_441	0	1	0.055333	0.997609	0.014596	0.001508
47	LdDocent_Contig_27_441	1	2	0.944667	0.002391	0.014596	0.001508
48	LdDocent_Contig_520_320	0	1	0.922498	0.998532	0.017767	0.001198
48	LdDocent_Contig_520_320	1	2	0.077502	0.001468	0.017767	0.001198
49	LdDocent_Contig_2768_140	0	1	0.993595	0.986708	0.008985	0.003351
49	LdDocent_Contig_2768_140	1	2	0.006405	0.013292	0.008985	0.003351
50	LdDocent_Contig_20225_464	0	1	0.998083	0.986672	0.002706	0.003361
50	LdDocent_Contig_20225_464	1	2	0.001917	0.013328	0.002706	0.003361
51	LdDocent_Contig_12112_370	0	1	0.919059	0.999566	0.017115	0.000613
51	LdDocent_Contig_12112_370	1	2	0.080941	0.000434	0.017115	0.000613
52	LdDocent_Contig_1546_110	0	1	0.998004	0.960754	0.002809	0.005703
52	LdDocent_Contig_1546_110	1	2	0.001996	0.039246	0.002809	0.005703
53	LdDocent_Contig_84942_33	0	1	0.985481	0.993838	0.007685	0.002409
53	LdDocent_Contig_84942_33	1	2	0.014519	0.006162	0.007685	0.002409
54	LdDocent_Contig_6522_393	0	1	0.436056	0.909617	0.033573	0.008689
54	LdDocent_Contig_6522_393	1	2	0.563944	0.090383	0.033573	0.008689
55	LdDocent_Contig_37945_58	0	1	0.571333	0.997741	0.033063	0.001425
55	LdDocent_Contig_37945_58	1	2	0.428667	0.002259	0.033063	0.001425
56	LdDocent_Contig_80193_479	0	1	0.997919	0.980976	0.002927	0.004061
56	LdDocent_Contig_80193_479	1	2	0.002081	0.019024	0.002927	0.004061
57	LdDocent_Contig_79535_306	0	1	0.997865	0.993107	0.003004	0.002504
57	LdDocent_Contig_79535_306	1	2	0.002135	0.006893	0.003004	0.002504
58	LdDocent_Contig_58774_132	0	1	0.997790	0.973288	0.003119	0.005021
58	LdDocent_Contig_58774_132	1	2	0.002210	0.026712	0.003119	0.005021
59	LdDocent_Contig_15609_391	0	1	0.884521	0.999510	0.021496	0.000693
59	LdDocent_Contig_15609_391	1	2	0.115479	0.000490	0.021496	0.000693
60	LdDocent_Contig_16107_139	0	1	0.997664	0.962414	0.003289	0.006103
60	LdDocent_Contig_16107_139	1	2	0.002336	0.037586	0.003289	0.006103
61	LdDocent_Contig_59656_344	0	1	0.583201	0.997449	0.033327	0.001612
61	LdDocent_Contig_59656_344	1	2	0.416799	0.002551	0.033327	0.001612
62	LdDocent_Contig_58042_41	0	1	0.997853	0.991985	0.003030	0.002739
62	LdDocent_Contig_58042_41	1	2	0.002147	0.008015	0.003030	0.002739
63	LdDocent_Contig_56630_399	0	1	0.997839	0.869086	0.003045	0.010298
63	LdDocent_Contig_56630_399	1	2	0.002161	0.130914	0.003045	0.010298
64	LdDocent_Contig_73096_334	0	1	0.997656	0.979945	0.003291	0.004390
64	LdDocent_Contig_73096_334	1	2	0.002344	0.020055	0.003291	0.004390
65	LdDocent_Contig_364_8	0	1	0.998098	0.988575	0.002681	0.003093
65	LdDocent_Contig_364_8	1	2	0.001902	0.011425	0.002681	0.003093
66	LdDocent_Contig_967_360	0	1	0.997878	0.896646	0.002995	0.009181
66	LdDocent_Contig_967_360	1	2	0.002122	0.103354	0.002995	0.009181
67	LdDocent_Contig_34179_10	0	1	0.997946	0.983780	0.002896	0.003848
67	LdDocent_Contig_34179_10	1	2	0.002054	0.016220	0.002896	0.003848
68	LdDocent_Contig_23284_87	0	1	0.984054	0.068577	0.008436	0.007878
68	LdDocent_Contig_23284_87	1	2	0.015946	0.931423	0.008436	0.007878
69	LdDocent_Contig_6647_39	0	1	0.954180	0.999510	0.014495	0.000694
69	LdDocent_Contig_6647_39	1	2	0.045820	0.000490	0.014495	0.000694
70	LdDocent_Contig_6220_132	0	1	0.997890	0.881177	0.002971	0.010121
70	LdDocent_Contig_6220_132	1	2	0.002110	0.118823	0.002971	0.010121
71	LdDocent_Contig_2726_40	0	1	0.998004	0.969505	0.002816	0.005186
71	LdDocent_Contig_2726_40	1	2	0.001996	0.030495	0.002816	0.005186
72	LdDocent_Contig_5274_54	0	1	0.950512	0.997808	0.014874	0.001383
72	LdDocent_Contig_5274_54	1	2	0.049488	0.002192	0.014874	0.001383
73	LdDocent_Contig_752_383	0	1	0.005686	0.996941	0.004631	0.001643
73	LdDocent_Contig_752_383	1	2	0.994314	0.003059	0.004631	0.001643
74	LdDocent_Contig_6009_395	0	1	0.965693	0.999539	0.011552	0.000652
74	LdDocent_Contig_6009_395	1	2	0.034307	0.000461	0.011552	0.000652
75	LdDocent_Contig_1508_470	0	1	0.913611	0.999519	0.018227	0.000679
75	LdDocent_Contig_1508_470	1	2	0.086389	0.000481	0.018227	0.000679
76	LdDocent_Contig_72321_142	0	1	0.997677	0.991319	0.003271	0.002962
76	LdDocent_Contig_72321_142	1	2	0.002323	0.008681	0.003271	0.002962
77	LdDocent_Contig_258_495	0	1	0.075185	0.996973	0.016752	0.001612
77	LdDocent_Contig_258_495	1	2	0.924815	0.003027	0.016752	0.001612
78	LdDocent_Contig_29834_411	0	1	0.989972	0.985793	0.006306	0.003582
78	LdDocent_Contig_29834_411	1	2	0.010028	0.014207	0.006306	0.003582
79	LdDocent_Contig_69562_71	0	1	0.942978	0.968642	0.034721	0.005108
79	LdDocent_Contig_69562_71	1	2	0.057022	0.031358	0.034721	0.005108
80	LdDocent_Contig_63017_408	0	1	0.998018	0.904432	0.002790	0.008753
80	LdDocent_Contig_63017_408	1	2	0.001982	0.095568	0.002790	0.008753
81	LdDocent_Contig_1754_390	0	1	0.993607	0.701756	0.005203	0.014027
81	LdDocent_Contig_1754_390	1	2	0.006393	0.298244	0.005203	0.014027
82	LdDocent_Contig_84309_371	0	1	0.997122	0.982850	0.004060	0.003949
82	LdDocent_Contig_84309_371	1	2	0.002878	0.017150	0.004060	0.003949
83	LdDocent_Contig_2571_8	0	1	0.997862	0.986275	0.003017	0.003579
83	LdDocent_Contig_2571_8	1	2	0.002138	0.013725	0.003017	0.003579
84	LdDocent_Contig_755_490	0	1	0.997795	0.975028	0.003109	0.004883
84	LdDocent_Contig_755_490	1	2	0.002205	0.024972	0.003109	0.004883
85	LdDocent_Contig_2987_461	0	1	0.899948	0.999473	0.020466	0.000747
85	LdDocent_Contig_2987_461	1	2	0.100052	0.000527	0.020466	0.000747
86	LdDocent_Contig_5879_36	0	1	0.013150	0.984990	0.007363	0.003788
86	LdDocent_Contig_5879_36	1	2	0.986850	0.015010	0.007363	0.003788
87	LdDocent_Contig_292_140	0	1	0.993354	0.874510	0.005390	0.010165
87	LdDocent_Contig_292_140	1	2	0.006646	0.125490	0.005390	0.010165
88	LdDocent_Contig_6146_81	0	2	0.206984	0.530172	0.026406	0.014632
88	LdDocent_Contig_6146_81	1	1	0.793016	0.469828	0.026406	0.014632
89	LdDocent_Contig_66_32	0	1	0.996942	0.987072	0.004301	0.003493
89	LdDocent_Contig_66_32	1	2	0.003058	0.012928	0.004301	0.003493
90	LdDocent_Contig_830_125	0	1	0.997913	0.504677	0.002945	0.014936
90	LdDocent_Contig_830_125	1	2	0.002087	0.495323	0.002945	0.014936
91	LdDocent_Contig_244_402	0	1	0.997950	0.989629	0.002895	0.003043
91	LdDocent_Contig_244_402	1	2	0.002050	0.010371	0.002895	0.003043
92	LdDocent_Contig_5061_132	0	1	0.957386	0.999504	0.013505	0.000702
92	LdDocent_Contig_5061_132	1	2	0.042614	0.000496	0.013505	0.000702
93	LdDocent_Contig_22591_94	0	1	0.996078	0.985554	0.005512	0.003634
93	LdDocent_Contig_22591_94	1	2	0.003922	0.014446	0.005512	0.003634
94	LdDocent_Contig_5815_452	0	1	0.989320	0.910131	0.006706	0.008688
94	LdDocent_Contig_5815_452	1	2	0.010680	0.089869	0.006706	0.008688
95	LdDocent_Contig_60410_392	0	1	0.985306	0.977149	0.007769	0.004489
95	LdDocent_Contig_60410_392	1	2	0.014694	0.022851	0.007769	0.004489
96	LdDocent_Contig_87_326	0	1	0.998050	0.977653	0.002748	0.004370
96	LdDocent_Contig_87_326	1	2	0.001950	0.022347	0.002748	0.004370
97	LdDocent_Contig_1135_355	0	1	0.726403	0.591445	0.044353	0.014255
97	LdDocent_Contig_1135_355	1	2	0.273597	0.408555	0.044353	0.014255
98	LdDocent_Contig_7538_103	0	1	0.996142	0.991529	0.004444	0.002839
98	LdDocent_Contig_7538_103	1	2	0.003858	0.008471	0.004444	0.002839
99	LdDocent_Contig_66831_458	0	1	0.997682	0.934736	0.003263	0.007786
99	LdDocent_Contig_66831_458	1	2	0.002318	0.065264	0.003263	0.007786
100	LdDocent_Contig_65005_143	0	1	0.952986	0.999517	0.014129	0.000682
100	LdDocent_Contig_65005_143	1	2	0.047014	0.000483	0.014129	0.000682
101	LdDocent_Contig_5869_45	0	1	0.009723	0.994133	0.006326	0.002367
101	LdDocent_Contig_5869_45	1	2	0.990277	0.005867	0.006326	0.002367
102	LdDocent_Contig_695_457	0	1	0.997967	0.855676	0.002869	0.010502
102	LdDocent_Contig_695_457	1	2	0.002033	0.144324	0.002869	0.010502
103	LdDocent_Contig_6145_343	0	1	0.989797	0.988586	0.006407	0.003207
103	LdDocent_Contig_6145_343	1	2	0.010203	0.011414	0.006407	0.003207
104	LdDocent_Contig_5790_351	0	1	0.009384	0.697259	0.006735	0.013743
104	LdDocent_Contig_5790_351	1	2	0.990616	0.302741	0.006735	0.013743
105	LdDocent_Contig_34198_66	0	1	0.993837	0.992319	0.005006	0.002621
105	LdDocent_Contig_34198_66	1	2	0.006163	0.007681	0.005006	0.002621
106	LdDocent_Contig_1787_380	0	1	0.850784	0.999576	0.021903	0.000600
106	LdDocent_Contig_1787_380	1	2	0.149216	0.000424	0.021903	0.000600
107	LdDocent_Contig_7411_142	0	1	0.016405	0.997051	0.008964	0.001682
107	LdDocent_Contig_7411_142	1	2	0.983595	0.002949	0.008964	0.001682
108	LdDocent_Contig_53104_11	0	1	0.992934	0.984116	0.005565	0.003821
108	LdDocent_Contig_53104_11	1	2	0.007066	0.015884	0.005565	0.003821
109	LdDocent_Contig_95596_78	0	1	0.997716	0.991227	0.003220	0.002989
109	LdDocent_Contig_95596_78	1	2	0.002284	0.008773	0.003220	0.002989
110	LdDocent_Contig_19494_420	0	1	0.997941	0.984220	0.002902	0.003745
110	LdDocent_Contig_19494_420	1	2	0.002059	0.015780	0.002902	0.003745
111	LdDocent_Contig_268_139	0	1	0.898338	0.999537	0.019852	0.000656
111	LdDocent_Contig_268_139	1	2	0.101662	0.000463	0.019852	0.000656
112	LdDocent_Contig_12687_339	0	1	0.997672	0.888401	0.003254	0.009785
112	LdDocent_Contig_12687_339	1	2	0.002328	0.111599	0.003254	0.009785
113	LdDocent_Contig_83998_365	0	1	0.957427	0.995882	0.013493	0.001938
113	LdDocent_Contig_83998_365	1	2	0.042573	0.004118	0.013493	0.001938
114	LdDocent_Contig_6137_407	0	1	0.932111	0.988164	0.034795	0.003206
114	LdDocent_Contig_6137_407	1	2	0.067889	0.011836	0.034795	0.003206
115	LdDocent_Contig_20128_26	0	1	0.996502	0.984108	0.004358	0.003957
115	LdDocent_Contig_20128_26	1	2	0.003498	0.015892	0.004358	0.003957
116	LdDocent_Contig_1289_121	0	1	0.959210	0.851981	0.017276	0.010646
116	LdDocent_Contig_1289_121	1	2	0.040790	0.148019	0.017276	0.010646
117	LdDocent_Contig_7552_346	0	1	0.997648	0.982403	0.003303	0.004067
117	LdDocent_Contig_7552_346	1	2	0.002352	0.017597	0.003303	0.004067
118	LdDocent_Contig_257_407	0	1	0.716832	0.997561	0.031601	0.001541
118	LdDocent_Contig_257_407	1	2	0.283168	0.002439	0.031601	0.001541
119	LdDocent_Contig_85_72	0	1	0.004925	0.995900	0.005069	0.002023
119	LdDocent_Contig_85_72	1	2	0.995075	0.004100	0.005069	0.002023
120	LdDocent_Contig_51338_419	0	1	0.997908	0.892950	0.002949	0.009262
120	LdDocent_Contig_51338_419	1	2	0.002092	0.107050	0.002949	0.009262
121	LdDocent_Contig_1338_35	0	1	0.997987	0.993277	0.002838	0.002446
121	LdDocent_Contig_1338_35	1	2	0.002013	0.006723	0.002838	0.002446
122	LdDocent_Contig_1311_419	0	1	0.997825	0.984656	0.003054	0.003649
122	LdDocent_Contig_1311_419	1	2	0.002175	0.015344	0.003054	0.003649
123	LdDocent_Contig_32743_325	0	1	0.963520	0.999586	0.012266	0.000586
123	LdDocent_Contig_32743_325	1	2	0.036480	0.000414	0.012266	0.000586
124	LdDocent_Contig_23347_338	0	1	0.959480	0.999570	0.012213	0.000609
124	LdDocent_Contig_23347_338	1	2	0.040520	0.000430	0.012213	0.000609
125	LdDocent_Contig_65895_364	0	1	0.997930	0.982973	0.002923	0.003925
125	LdDocent_Contig_65895_364	1	2	0.002070	0.017027	0.002923	0.003925
126	LdDocent_Contig_1069_388	0	1	0.998078	0.902037	0.002709	0.008630
126	LdDocent_Contig_1069_388	1	2	0.001922	0.097963	0.002709	0.008630
127	LdDocent_Contig_18110_444	0	1	0.969312	0.997517	0.011141	0.001565
127	LdDocent_Contig_18110_444	1	2	0.030688	0.002483	0.011141	0.001565
128	LdDocent_Contig_1517_115	0	2	0.993343	0.679140	0.005395	0.013931
128	LdDocent_Contig_1517_115	1	1	0.006657	0.320860	0.005395	0.013931
129	LdDocent_Contig_7276_503	0	1	0.997818	0.993109	0.003078	0.002504
129	LdDocent_Contig_7276_503	1	2	0.002182	0.006891	0.003078	0.002504
130	LdDocent_Contig_19870_351	0	1	0.997965	0.967619	0.002870	0.005343
130	LdDocent_Contig_19870_351	1	2	0.002035	0.032381	0.002870	0.005343
131	LdDocent_Contig_94840_462	0	1	0.997963	0.847096	0.002878	0.010477
131	LdDocent_Contig_94840_462	1	2	0.002037	0.152904	0.002878	0.010477
132	LdDocent_Contig_2983_350	0	1	0.907117	0.993139	0.020223	0.002675
132	LdDocent_Contig_2983_350	1	2	0.092883	0.006861	0.020223	0.002675
133	LdDocent_Contig_935_140	0	1	0.989331	0.588919	0.006734	0.014947
133	LdDocent_Contig_935_140	1	2	0.010669	0.411081	0.006734	0.014947
134	LdDocent_Contig_200_339	0	1	0.998094	0.983395	0.002688	0.003729
134	LdDocent_Contig_200_339	1	2	0.001906	0.016605	0.002688	0.003729
135	LdDocent_Contig_83483_102	0	1	0.998058	0.919033	0.002738	0.007996
135	LdDocent_Contig_83483_102	1	2	0.001942	0.080967	0.002738	0.007996
136	LdDocent_Contig_11713_433	0	1	0.584784	0.998532	0.032855	0.001196
136	LdDocent_Contig_11713_433	1	2	0.415216	0.001468	0.032855	0.001196
137	LdDocent_Contig_50075_322	0	1	0.235577	0.696695	0.027331	0.014243
137	LdDocent_Contig_50075_322	1	2	0.764423	0.303305	0.027331	0.014243
138	LdDocent_Contig_19_433	0	1	0.998033	0.984081	0.002776	0.003668
138	LdDocent_Contig_19_433	1	2	0.001967	0.015919	0.002776	0.003668
139	LdDocent_Contig_36097_16	0	1	0.988862	0.962318	0.006994	0.005952
139	LdDocent_Contig_36097_16	1	2	0.011138	0.037682	0.006994	0.005952
140	LdDocent_Contig_95004_457	0	1	0.997740	0.918257	0.003184	0.008683
140	LdDocent_Contig_95004_457	1	2	0.002260	0.081743	0.003184	0.008683
141	LdDocent_Contig_82370_364	0	1	0.964786	0.999527	0.011834	0.000668
141	LdDocent_Contig_82370_364	1	2	0.035214	0.000473	0.011834	0.000668
142	LdDocent_Contig_88450_464	0	2	0.981946	0.829544	0.009524	0.011908
142	LdDocent_Contig_88450_464	1	1	0.018054	0.170456	0.009524	0.011908
143	LdDocent_Contig_38880_108	0	1	0.997948	0.881719	0.002889	0.009609
143	LdDocent_Contig_38880_108	1	2	0.002052	0.118281	0.002889	0.009609
144	LdDocent_Contig_2368_113	0	1	0.957605	0.877201	0.012748	0.009588
144	LdDocent_Contig_2368_113	1	2	0.042395	0.122799	0.012748	0.009588
145	LdDocent_Contig_2426_50	0	2	0.997657	0.731908	0.003303	0.013568
145	LdDocent_Contig_2426_50	1	1	0.002343	0.268092	0.003303	0.013568
146	LdDocent_Contig_6079_434	0	1	0.148517	0.305669	0.022490	0.013601
146	LdDocent_Contig_6079_434	1	2	0.851483	0.694331	0.022490	0.013601
147	LdDocent_Contig_18521_68	0	1	0.997698	0.981985	0.003236	0.004147
147	LdDocent_Contig_18521_68	1	2	0.002302	0.018015	0.003236	0.004147
148	LdDocent_Contig_36542_62	0	1	0.988556	0.614337	0.007168	0.015392
148	LdDocent_Contig_36542_62	1	2	0.011444	0.385663	0.007168	0.015392
149	LdDocent_Contig_14698_433	0	1	0.996764	0.979490	0.004515	0.004295
149	LdDocent_Contig_14698_433	1	2	0.003236	0.020510	0.004515	0.004295
150	LdDocent_Contig_73938_438	0	1	0.997941	0.993057	0.002901	0.002524
150	LdDocent_Contig_73938_438	1	2	0.002059	0.006943	0.002901	0.002524
151	LdDocent_Contig_96151_9	0	1	0.997879	0.967445	0.002986	0.005229
151	LdDocent_Contig_96151_9	1	2	0.002121	0.032555	0.002986	0.005229
152	LdDocent_Contig_6081_81	0	1	0.989404	0.985862	0.008590	0.003562
152	LdDocent_Contig_6081_81	1	2	0.010596	0.014138	0.008590	0.003562
153	LdDocent_Contig_1473_354	0	1	0.774870	0.999551	0.027076	0.000634
153	LdDocent_Contig_1473_354	1	2	0.225130	0.000449	0.027076	0.000634
154	LdDocent_Contig_29041_10	0	1	0.878269	0.932249	0.021760	0.007573
154	LdDocent_Contig_29041_10	1	2	0.121731	0.067751	0.021760	0.007573
155	LdDocent_Contig_1144_357	0	1	0.964556	0.999504	0.012704	0.000702
155	LdDocent_Contig_1144_357	1	2	0.035444	0.000496	0.012704	0.000702
156	LdDocent_Contig_53301_366	0	2	0.006497	0.334099	0.005568	0.014362
156	LdDocent_Contig_53301_366	1	1	0.993503	0.665901	0.005568	0.014362
157	LdDocent_Contig_18650_24	0	1	0.997816	0.993313	0.003078	0.002611
157	LdDocent_Contig_18650_24	1	2	0.002184	0.006687	0.003078	0.002611
158	LdDocent_Contig_84424_439	0	2	0.997659	0.939138	0.003301	0.007286
158	LdDocent_Contig_84424_439	1	1	0.002341	0.060862	0.003301	0.007286
159	LdDocent_Contig_84483_18	0	1	0.850749	0.995981	0.023116	0.002077
159	LdDocent_Contig_84483_18	1	2	0.149251	0.004019	0.023116	0.002077
160	LdDocent_Contig_160_7	0	1	0.996272	0.988700	0.005248	0.003174
160	LdDocent_Contig_160_7	1	2	0.003728	0.011300	0.005248	0.003174
161	LdDocent_Contig_2755_439	0	1	0.997926	0.971541	0.002925	0.005162
161	LdDocent_Contig_2755_439	1	2	0.002074	0.028459	0.002925	0.005162
162	LdDocent_Contig_7527_139	0	1	0.997816	0.962073	0.003059	0.005927
162	LdDocent_Contig_7527_139	1	2	0.002184	0.037927	0.003059	0.005927
163	LdDocent_Contig_2317_16	0	1	0.997875	0.989812	0.002989	0.003126
163	LdDocent_Contig_2317_16	1	2	0.002125	0.010188	0.002989	0.003126
164	LdDocent_Contig_22707_96	0	2	0.006016	0.322603	0.004894	0.013834
164	LdDocent_Contig_22707_96	1	1	0.993984	0.677397	0.004894	0.013834
165	LdDocent_Contig_8080_113	0	1	0.997675	0.985410	0.003280	0.003570
165	LdDocent_Contig_8080_113	1	2	0.002325	0.014590	0.003280	0.003570
166	LdDocent_Contig_2326_368	0	1	0.997813	0.946115	0.003082	0.006735
166	LdDocent_Contig_2326_368	1	2	0.002187	0.053885	0.003082	0.006735
167	LdDocent_Contig_5780_110	0	1	0.887235	0.998642	0.019556	0.001108
167	LdDocent_Contig_5780_110	1	2	0.112765	0.001358	0.019556	0.001108
168	LdDocent_Contig_23681_58	0	1	0.997924	0.990696	0.002921	0.002998
168	LdDocent_Contig_23681_58	1	2	0.002076	0.009304	0.002921	0.002998
169	LdDocent_Contig_71737_93	0	1	0.994334	0.992553	0.004609	0.002544
169	LdDocent_Contig_71737_93	1	2	0.005666	0.007447	0.004609	0.002544
170	LdDocent_Contig_7303_480	0	1	0.997610	0.868727	0.003363	0.010521
170	LdDocent_Contig_7303_480	1	2	0.002390	0.131273	0.003363	0.010521
171	LdDocent_Contig_259_69	0	1	0.997984	0.992176	0.002847	0.002674
171	LdDocent_Contig_259_69	1	2	0.002016	0.007824	0.002847	0.002674
172	LdDocent_Contig_1232_390	0	1	0.964809	0.999536	0.011841	0.000656
172	LdDocent_Contig_1232_390	1	2	0.035191	0.000464	0.011841	0.000656
173	LdDocent_Contig_92144_320	0	1	0.997910	0.985544	0.002943	0.003648
173	LdDocent_Contig_92144_320	1	2	0.002090	0.014456	0.002943	0.003648
174	LdDocent_Contig_3006_430	0	1	0.997991	0.987466	0.002834	0.003386
174	LdDocent_Contig_3006_430	1	2	0.002009	0.012534	0.002834	0.003386
175	LdDocent_Contig_2918_449	0	1	0.997820	0.970226	0.003068	0.005309
175	LdDocent_Contig_2918_449	1	2	0.002180	0.029774	0.003068	0.005309
176	LdDocent_Contig_58804_430	0	1	0.997463	0.985902	0.003574	0.003667
176	LdDocent_Contig_58804_430	1	2	0.002537	0.014098	0.003574	0.003667
177	LdDocent_Contig_530_20	0	1	0.997478	0.942994	0.003541	0.007433
177	LdDocent_Contig_530_20	1	2	0.002522	0.057006	0.003541	0.007433
178	LdDocent_Contig_168_103	0	1	0.988837	0.771138	0.007004	0.012991
178	LdDocent_Contig_168_103	1	2	0.011163	0.228862	0.007004	0.012991
179	LdDocent_Contig_57511_116	0	1	0.965404	0.999556	0.011633	0.000628
179	LdDocent_Contig_57511_116	1	2	0.034596	0.000444	0.011633	0.000628
180	LdDocent_Contig_95_404	0	1	0.005937	0.996966	0.006162	0.001618
180	LdDocent_Contig_95_404	1	2	0.994063	0.003034	0.006162	0.001618
181	LdDocent_Contig_7318_394	0	1	0.997816	0.989112	0.003079	0.003194
181	LdDocent_Contig_7318_394	1	2	0.002184	0.010888	0.003079	0.003194
182	LdDocent_Contig_75509_60	0	1	0.997981	0.982145	0.002850	0.003902
182	LdDocent_Contig_75509_60	1	2	0.002019	0.017855	0.002850	0.003902
183	LdDocent_Contig_25166_474	0	1	0.992658	0.991014	0.005970	0.002900
183	LdDocent_Contig_25166_474	1	2	0.007342	0.008986	0.005970	0.002900
184	LdDocent_Contig_6049_412	0	1	0.997772	0.982828	0.003140	0.004195
184	LdDocent_Contig_6049_412	1	2	0.002228	0.017172	0.003140	0.004195
185	LdDocent_Contig_32_429	0	1	0.990402	0.972465	0.006237	0.004916
185	LdDocent_Contig_32_429	1	2	0.009598	0.027535	0.006237	0.004916
186	LdDocent_Contig_77008_93	0	1	0.876151	0.999583	0.030385	0.000589
186	LdDocent_Contig_77008_93	1	2	0.123849	0.000417	0.030385	0.000589
187	LdDocent_Contig_77480_115	0	1	0.997775	0.946623	0.003126	0.006976
187	LdDocent_Contig_77480_115	1	2	0.002225	0.053377	0.003126	0.006976
188	LdDocent_Contig_2969_133	0	1	0.869016	0.999522	0.021387	0.000675
188	LdDocent_Contig_2969_133	1	2	0.130984	0.000478	0.021387	0.000675
189	LdDocent_Contig_1795_134	0	1	0.077269	0.998543	0.020179	0.001193
189	LdDocent_Contig_1795_134	1	2	0.922731	0.001457	0.020179	0.001193
190	LdDocent_Contig_85847_414	0	1	0.997806	0.991656	0.003087	0.002846
190	LdDocent_Contig_85847_414	1	2	0.002194	0.008344	0.003087	0.002846
191	LdDocent_Contig_1852_85	0	1	0.951190	0.999517	0.014036	0.000682
191	LdDocent_Contig_1852_85	1	2	0.048810	0.000483	0.014036	0.000682
192	LdDocent_Contig_22239_72	0	2	0.528543	0.704698	0.032175	0.013780
192	LdDocent_Contig_22239_72	1	1	0.471457	0.295302	0.032175	0.013780
193	LdDocent_Contig_14707_509	0	1	0.964102	0.938841	0.012037	0.007623
193	LdDocent_Contig_14707_509	1	2	0.035898	0.061159	0.012037	0.007623
194	LdDocent_Contig_2752_8	0	1	0.997768	0.933518	0.003142	0.007885
194	LdDocent_Contig_2752_8	1	2	0.002232	0.066482	0.003142	0.007885
195	LdDocent_Contig_24246_437	0	1	0.989692	0.931215	0.008102	0.007759
195	LdDocent_Contig_24246_437	1	2	0.010308	0.068785	0.008102	0.007759
196	LdDocent_Contig_880_369	0	1	0.086523	0.997677	0.023813	0.001469
196	LdDocent_Contig_880_369	1	2	0.913477	0.002323	0.023813	0.001469
197	LdDocent_Contig_94363_340	0	1	0.609696	0.978536	0.030317	0.004379
197	LdDocent_Contig_94363_340	1	2	0.390304	0.021464	0.030317	0.004379
198	LdDocent_Contig_36644_140	0	1	0.997712	0.986817	0.003224	0.003564
198	LdDocent_Contig_36644_140	1	2	0.002288	0.013183	0.003224	0.003564
199	LdDocent_Contig_934_99	0	1	0.936381	0.998707	0.015154	0.001056
199	LdDocent_Contig_934_99	1	2	0.063619	0.001293	0.015154	0.001056
