UponCompletionOf_1000000_sweeps
LocNumber LocName AlleleNumber AlleleName FreqInPop0 FreqInPop1 SDInPop0 SDinPop1
0	LdDocent_Contig_77297_395	0	1	0.981478	0.993125	0.009163	0.002669
0	LdDocent_Contig_77297_395	1	2	0.018522	0.006875	0.009163	0.002669
1	LdDocent_Contig_68384_345	0	2	0.954279	0.933196	0.017247	0.007604
1	LdDocent_Contig_68384_345	1	1	0.045721	0.066804	0.017247	0.007604
2	LdDocent_Contig_2225_409	0	1	0.001919	0.998755	0.002705	0.001030
2	LdDocent_Contig_2225_409	1	2	0.998081	0.001245	0.002705	0.001030
3	LdDocent_Contig_1724_19	0	1	0.997935	0.983303	0.002909	0.003849
3	LdDocent_Contig_1724_19	1	2	0.002065	0.016697	0.002909	0.003849
4	LdDocent_Contig_667_404	0	1	0.998001	0.991841	0.002824	0.002786
4	LdDocent_Contig_667_404	1	2	0.001999	0.008159	0.002824	0.002786
5	LdDocent_Contig_3427_65	0	1	0.977081	0.995967	0.009636	0.001896
5	LdDocent_Contig_3427_65	1	2	0.022919	0.004033	0.009636	0.001896
6	LdDocent_Contig_254_411	0	1	0.002000	0.994275	0.002816	0.002383
6	LdDocent_Contig_254_411	1	2	0.998000	0.005725	0.002816	0.002383
7	LdDocent_Contig_84179_359	0	1	0.964727	0.999533	0.011845	0.000661
7	LdDocent_Contig_84179_359	1	2	0.035273	0.000467	0.011845	0.000661
8	LdDocent_Contig_1769_471	0	1	0.997945	0.986270	0.002879	0.003360
8	LdDocent_Contig_1769_471	1	2	0.002055	0.013730	0.002879	0.003360
9	LdDocent_Contig_943_15	0	1	0.997980	0.985711	0.002851	0.003603
9	LdDocent_Contig_943_15	1	2	0.002020	0.014289	0.002851	0.003603
10	LdDocent_Contig_1438_37	0	1	0.998043	0.992494	0.002763	0.002565
10	LdDocent_Contig_1438_37	1	2	0.001957	0.007506	0.002763	0.002565
11	LdDocent_Contig_2452_429	0	1	0.993502	0.977162	0.005280	0.004665
11	LdDocent_Contig_2452_429	1	2	0.006498	0.022838	0.005280	0.004665
12	LdDocent_Contig_1745_380	0	1	0.997882	0.949160	0.002977	0.006649
12	LdDocent_Contig_1745_380	1	2	0.002118	0.050840	0.002977	0.006649
13	LdDocent_Contig_884_523	0	1	0.997762	0.990521	0.003165	0.003054
13	LdDocent_Contig_884_523	1	2	0.002238	0.009479	0.003165	0.003054
14	LdDocent_Contig_63079_138	0	1	0.981003	0.985394	0.008846	0.003675
14	LdDocent_Contig_63079_138	1	2	0.018997	0.014606	0.008846	0.003675
15	LdDocent_Contig_10193_124	0	1	0.993883	0.978257	0.004961	0.004532
15	LdDocent_Contig_10193_124	1	2	0.006117	0.021743	0.004961	0.004532
16	LdDocent_Contig_7302_328	0	1	0.997310	0.989781	0.003605	0.003038
16	LdDocent_Contig_7302_328	1	2	0.002690	0.010219	0.003605	0.003038
17	LdDocent_Contig_65311_356	0	1	0.997234	0.958977	0.003834	0.006404
17	LdDocent_Contig_65311_356	1	2	0.002766	0.041023	0.003834	0.006404
18	LdDocent_Contig_1254_90	0	1	0.997868	0.987985	0.003006	0.003376
18	LdDocent_Contig_1254_90	1	2	0.002132	0.012015	0.003006	0.003376
19	LdDocent_Contig_71786_94	0	1	0.947229	0.932369	0.021495	0.007555
19	LdDocent_Contig_71786_94	1	2	0.052771	0.067631	0.021495	0.007555
20	LdDocent_Contig_18650_24	0	1	0.997836	0.993306	0.003050	0.002614
20	LdDocent_Contig_18650_24	1	2	0.002164	0.006694	0.003050	0.002614
21	LdDocent_Contig_1513_76	0	1	0.997867	0.989873	0.003017	0.003111
21	LdDocent_Contig_1513_76	1	2	0.002133	0.010127	0.003017	0.003111
22	LdDocent_Contig_7303_480	0	1	0.997625	0.868547	0.003346	0.010524
22	LdDocent_Contig_7303_480	1	2	0.002375	0.131453	0.003346	0.010524
23	LdDocent_Contig_2095_448	0	1	0.988893	0.993480	0.006969	0.002548
23	LdDocent_Contig_2095_448	1	2	0.011107	0.006520	0.006969	0.002548
24	LdDocent_Contig_6159_50	0	1	0.953898	0.989624	0.013867	0.003185
24	LdDocent_Contig_6159_50	1	2	0.046102	0.010376	0.013867	0.003185
25	LdDocent_Contig_1284_68	0	1	0.998015	0.990991	0.002794	0.002906
25	LdDocent_Contig_1284_68	1	2	0.001985	0.009009	0.002794	0.002906
26	LdDocent_Contig_91203_358	0	1	0.010043	0.997167	0.006315	0.001584
26	LdDocent_Contig_91203_358	1	2	0.989957	0.002833	0.006315	0.001584
27	LdDocent_Contig_66831_458	0	1	0.997684	0.934731	0.003266	0.007794
27	LdDocent_Contig_66831_458	1	2	0.002316	0.065269	0.003266	0.007794
28	LdDocent_Contig_2090_55	0	1	0.998007	0.932068	0.002813	0.007591
28	LdDocent_Contig_2090_55	1	2	0.001993	0.067932	0.002813	0.007591
29	LdDocent_Contig_34180_70	0	1	0.997911	0.989271	0.002948	0.003142
29	LdDocent_Contig_34180_70	1	2	0.002089	0.010729	0.002948	0.003142
30	LdDocent_Contig_86476_29	0	1	0.997759	0.992568	0.003155	0.002701
30	LdDocent_Contig_86476_29	1	2	0.002241	0.007432	0.003155	0.002701
31	LdDocent_Contig_754_488	0	1	0.956935	0.999543	0.012971	0.000645
31	LdDocent_Contig_754_488	1	2	0.043065	0.000457	0.012971	0.000645
32	LdDocent_Contig_86538_360	0	1	0.966956	0.976914	0.011841	0.004613
32	LdDocent_Contig_86538_360	1	2	0.033044	0.023086	0.011841	0.004613
33	LdDocent_Contig_60380_375	0	1	0.998085	0.983892	0.002700	0.003715
33	LdDocent_Contig_60380_375	1	2	0.001915	0.016108	0.002700	0.003715
34	LdDocent_Contig_63157_15	0	1	0.997859	0.992103	0.003020	0.002695
34	LdDocent_Contig_63157_15	1	2	0.002141	0.007897	0.003020	0.002695
35	LdDocent_Contig_6528_36	0	1	0.997694	0.979801	0.003247	0.004413
35	LdDocent_Contig_6528_36	1	2	0.002306	0.020199	0.003247	0.004413
36	LdDocent_Contig_10275_57	0	1	0.265439	0.852161	0.029611	0.010872
36	LdDocent_Contig_10275_57	1	2	0.734561	0.147839	0.029611	0.010872
37	LdDocent_Contig_52721_451	0	1	0.963724	0.997889	0.011537	0.001331
37	LdDocent_Contig_52721_451	1	2	0.036276	0.002111	0.011537	0.001331
38	LdDocent_Contig_93959_359	0	1	0.993444	0.981194	0.005332	0.004210
38	LdDocent_Contig_93959_359	1	2	0.006556	0.018806	0.005332	0.004210
39	LdDocent_Contig_64713_69	0	1	0.927592	0.999533	0.017141	0.000659
39	LdDocent_Contig_64713_69	1	2	0.072408	0.000467	0.017141	0.000659
40	LdDocent_Contig_86318_504	0	1	0.859645	0.962546	0.021741	0.005689
40	LdDocent_Contig_86318_504	1	2	0.140355	0.037454	0.021741	0.005689
41	LdDocent_Contig_68637_134	0	1	0.997569	0.338238	0.003415	0.014649
41	LdDocent_Contig_68637_134	1	2	0.002431	0.661762	0.003415	0.014649
42	LdDocent_Contig_95448_16	0	1	0.997869	0.964255	0.003005	0.005978
42	LdDocent_Contig_95448_16	1	2	0.002131	0.035745	0.003005	0.005978
43	LdDocent_Contig_59308_379	0	1	0.995985	0.993028	0.005648	0.002535
43	LdDocent_Contig_59308_379	1	2	0.004015	0.006972	0.005648	0.002535
44	LdDocent_Contig_53755_135	0	1	0.993655	0.992163	0.005252	0.002675
44	LdDocent_Contig_53755_135	1	2	0.006345	0.007837	0.005252	0.002675
45	LdDocent_Contig_8037_376	0	1	0.024987	0.993620	0.010556	0.002493
45	LdDocent_Contig_8037_376	1	2	0.975013	0.006380	0.010556	0.002493
46	LdDocent_Contig_1118_8	0	1	0.925771	0.999547	0.016581	0.000639
46	LdDocent_Contig_1118_8	1	2	0.074229	0.000453	0.016581	0.000639
47	LdDocent_Contig_948_375	0	1	0.997610	0.963729	0.003374	0.005816
47	LdDocent_Contig_948_375	1	2	0.002390	0.036271	0.003374	0.005816
48	LdDocent_Contig_38898_83	0	1	0.997761	0.955312	0.003156	0.006400
48	LdDocent_Contig_38898_83	1	2	0.002239	0.044688	0.003156	0.006400
49	LdDocent_Contig_92672_101	0	1	0.947521	0.798881	0.014778	0.012726
49	LdDocent_Contig_92672_101	1	2	0.052479	0.201119	0.014778	0.012726
50	LdDocent_Contig_73_392	0	1	0.981911	0.596357	0.008436	0.014203
50	LdDocent_Contig_73_392	1	2	0.018089	0.403643	0.008436	0.014203
51	LdDocent_Contig_3155_425	0	1	0.865103	0.998661	0.021345	0.001093
51	LdDocent_Contig_3155_425	1	2	0.134897	0.001339	0.021345	0.001093
52	LdDocent_Contig_92358_102	0	1	0.993787	0.989357	0.005049	0.003115
52	LdDocent_Contig_92358_102	1	2	0.006213	0.010643	0.005049	0.003115
53	LdDocent_Contig_1814_354	0	1	0.961183	0.999492	0.012362	0.000716
53	LdDocent_Contig_1814_354	1	2	0.038817	0.000508	0.012362	0.000716
54	LdDocent_Contig_96750_119	0	1	0.026116	0.996943	0.010126	0.001632
54	LdDocent_Contig_96750_119	1	2	0.973884	0.003057	0.010126	0.001632
55	LdDocent_Contig_5644_464	0	1	0.989368	0.994251	0.014814	0.002249
55	LdDocent_Contig_5644_464	1	2	0.010632	0.005749	0.014814	0.002249
56	LdDocent_Contig_192_122	0	1	0.997884	0.787773	0.002982	0.012680
56	LdDocent_Contig_192_122	1	2	0.002116	0.212227	0.002982	0.012680
57	LdDocent_Contig_80781_76	0	1	0.034701	0.650055	0.011673	0.013894
57	LdDocent_Contig_80781_76	1	2	0.965299	0.349945	0.011673	0.013894
58	LdDocent_Contig_64504_37	0	1	0.997943	0.965964	0.002899	0.005864
58	LdDocent_Contig_64504_37	1	2	0.002057	0.034036	0.002899	0.005864
59	LdDocent_Contig_7157_468	0	1	0.994143	0.942656	0.004765	0.007278
59	LdDocent_Contig_7157_468	1	2	0.005857	0.057344	0.004765	0.007278
60	LdDocent_Contig_16_120	0	1	0.994481	0.980018	0.004479	0.004071
60	LdDocent_Contig_16_120	1	2	0.005519	0.019982	0.004479	0.004071
61	LdDocent_Contig_1195_372	0	1	0.861287	0.999521	0.023660	0.000677
61	LdDocent_Contig_1195_372	1	2	0.138713	0.000479	0.023660	0.000677
62	LdDocent_Contig_88403_16	0	1	0.998123	0.965469	0.002650	0.005393
62	LdDocent_Contig_88403_16	1	2	0.001877	0.034531	0.002650	0.005393
63	LdDocent_Contig_1523_70	0	1	0.997947	0.993112	0.002892	0.002504
63	LdDocent_Contig_1523_70	1	2	0.002053	0.006888	0.002892	0.002504
64	LdDocent_Contig_93081_398	0	1	0.997677	0.988509	0.003271	0.003369
64	LdDocent_Contig_93081_398	1	2	0.002323	0.011491	0.003271	0.003369
65	LdDocent_Contig_1696_362	0	1	0.929158	0.999549	0.016302	0.000637
65	LdDocent_Contig_1696_362	1	2	0.070842	0.000451	0.016302	0.000637
66	LdDocent_Contig_84162_115	0	1	0.997889	0.993214	0.002979	0.002467
66	LdDocent_Contig_84162_115	1	2	0.002111	0.006786	0.002979	0.002467
67	LdDocent_Contig_32321_134	0	1	0.138551	0.994730	0.023538	0.002128
67	LdDocent_Contig_32321_134	1	2	0.861449	0.005270	0.023538	0.002128
68	LdDocent_Contig_75509_60	0	1	0.997981	0.982135	0.002858	0.003910
68	LdDocent_Contig_75509_60	1	2	0.002019	0.017865	0.002858	0.003910
69	LdDocent_Contig_1949_86	0	1	0.997981	0.978514	0.002842	0.004385
69	LdDocent_Contig_1949_86	1	2	0.002019	0.021486	0.002842	0.004385
70	LdDocent_Contig_1754_390	0	1	0.993575	0.701788	0.005213	0.014025
70	LdDocent_Contig_1754_390	1	2	0.006425	0.298212	0.005213	0.014025
71	LdDocent_Contig_32388_350	0	1	0.997681	0.977851	0.003275	0.004512
71	LdDocent_Contig_32388_350	1	2	0.002319	0.022149	0.003275	0.004512
72	LdDocent_Contig_12602_422	0	1	0.997914	0.992434	0.002942	0.002585
72	LdDocent_Contig_12602_422	1	2	0.002086	0.007566	0.002942	0.002585
73	LdDocent_Contig_93561_362	0	1	0.993561	0.992121	0.005228	0.002690
73	LdDocent_Contig_93561_362	1	2	0.006439	0.007879	0.005228	0.002690
74	LdDocent_Contig_63087_64	0	1	0.997866	0.990054	0.002999	0.003053
74	LdDocent_Contig_63087_64	1	2	0.002134	0.009946	0.002999	0.003053
75	LdDocent_Contig_1648_467	0	1	0.993071	0.987773	0.005623	0.003432
75	LdDocent_Contig_1648_467	1	2	0.006929	0.012227	0.005623	0.003432
76	LdDocent_Contig_693_381	0	1	0.997572	0.982435	0.003409	0.004058
76	LdDocent_Contig_693_381	1	2	0.002428	0.017565	0.003409	0.004058
77	LdDocent_Contig_132_427	0	1	0.023288	0.996701	0.009826	0.001761
77	LdDocent_Contig_132_427	1	2	0.976712	0.003299	0.009826	0.001761
78	LdDocent_Contig_905_57	0	1	0.013863	0.920584	0.007387	0.007924
78	LdDocent_Contig_905_57	1	2	0.986137	0.079416	0.007387	0.007924
79	LdDocent_Contig_6342_311	0	1	0.964153	0.999527	0.012036	0.000670
79	LdDocent_Contig_6342_311	1	2	0.035847	0.000473	0.012036	0.000670
80	LdDocent_Contig_24232_389	0	1	0.958756	0.901636	0.013690	0.009107
80	LdDocent_Contig_24232_389	1	2	0.041244	0.098364	0.013690	0.009107
81	LdDocent_Contig_642_418	0	1	0.996506	0.986421	0.004501	0.003500
81	LdDocent_Contig_642_418	1	2	0.003494	0.013579	0.004501	0.003500
82	LdDocent_Contig_6748_453	0	1	0.997882	0.991971	0.002981	0.002741
82	LdDocent_Contig_6748_453	1	2	0.002118	0.008029	0.002981	0.002741
83	LdDocent_Contig_1573_343	0	1	0.993405	0.946038	0.005363	0.007045
83	LdDocent_Contig_1573_343	1	2	0.006595	0.053962	0.005363	0.007045
84	LdDocent_Contig_6838_318	0	1	0.998049	0.975932	0.002746	0.004452
84	LdDocent_Contig_6838_318	1	2	0.001951	0.024068	0.002746	0.004452
85	LdDocent_Contig_26046_373	0	1	0.997534	0.987154	0.003470	0.003611
85	LdDocent_Contig_26046_373	1	2	0.002466	0.012846	0.003470	0.003611
86	LdDocent_Contig_51286_373	0	1	0.983838	0.969424	0.008407	0.005495
86	LdDocent_Contig_51286_373	1	2	0.016162	0.030576	0.008407	0.005495
87	LdDocent_Contig_64241_356	0	1	0.997801	0.980193	0.003096	0.004329
87	LdDocent_Contig_64241_356	1	2	0.002199	0.019807	0.003096	0.004329
88	LdDocent_Contig_38880_108	0	1	0.997976	0.881475	0.002847	0.009636
88	LdDocent_Contig_38880_108	1	2	0.002024	0.118525	0.002847	0.009636
89	LdDocent_Contig_83735_31	0	1	0.820586	0.996607	0.025203	0.001811
89	LdDocent_Contig_83735_31	1	2	0.179414	0.003393	0.025203	0.001811
90	LdDocent_Contig_376_468	0	1	0.993910	0.985755	0.004952	0.003586
90	LdDocent_Contig_376_468	1	2	0.006090	0.014245	0.004952	0.003586
91	LdDocent_Contig_5816_487	0	1	0.997759	0.947565	0.003151	0.006793
91	LdDocent_Contig_5816_487	1	2	0.002241	0.052435	0.003151	0.006793
92	LdDocent_Contig_67854_95	0	1	0.998074	0.987989	0.002717	0.003247
92	LdDocent_Contig_67854_95	1	2	0.001926	0.012011	0.002717	0.003247
93	LdDocent_Contig_55987_437	0	1	0.997985	0.974457	0.002839	0.004802
93	LdDocent_Contig_55987_437	1	2	0.002015	0.025543	0.002839	0.004802
94	LdDocent_Contig_512_462	0	1	0.997182	0.991153	0.003729	0.002763
94	LdDocent_Contig_512_462	1	2	0.002818	0.008847	0.003729	0.002763
95	LdDocent_Contig_969_369	0	1	0.969734	0.999540	0.010860	0.000650
95	LdDocent_Contig_969_369	1	2	0.030266	0.000460	0.010860	0.000650
96	LdDocent_Contig_71848_436	0	1	0.983189	0.987588	0.009613	0.003619
96	LdDocent_Contig_71848_436	1	2	0.016811	0.012412	0.009613	0.003619
97	LdDocent_Contig_64774_370	0	2	0.126328	0.182992	0.021809	0.011810
97	LdDocent_Contig_64774_370	1	1	0.873672	0.817008	0.021809	0.011810
98	LdDocent_Contig_25628_107	0	1	0.802660	0.997490	0.025665	0.001585
98	LdDocent_Contig_25628_107	1	2	0.197340	0.002510	0.025665	0.001585
99	LdDocent_Contig_14970_362	0	1	0.998026	0.988892	0.002784	0.003122
99	LdDocent_Contig_14970_362	1	2	0.001974	0.011108	0.002784	0.003122
100	LdDocent_Contig_6752_358	0	1	0.997637	0.987143	0.003329	0.003473
100	LdDocent_Contig_6752_358	1	2	0.002363	0.012857	0.003329	0.003473
101	LdDocent_Contig_68003_459	0	1	0.997663	0.986259	0.003290	0.003712
101	LdDocent_Contig_68003_459	1	2	0.002337	0.013741	0.003290	0.003712
102	LdDocent_Contig_23413_464	0	1	0.060183	0.995124	0.015866	0.002082
102	LdDocent_Contig_23413_464	1	2	0.939817	0.004876	0.015866	0.002082
103	LdDocent_Contig_91691_466	0	1	0.996883	0.986229	0.004214	0.003762
103	LdDocent_Contig_91691_466	1	2	0.003117	0.013771	0.004214	0.003762
104	LdDocent_Contig_8071_81	0	1	0.997379	0.993322	0.003685	0.002430
104	LdDocent_Contig_8071_81	1	2	0.002621	0.006678	0.003685	0.002430
105	LdDocent_Contig_194_40	0	1	0.998008	0.975018	0.002814	0.004707
105	LdDocent_Contig_194_40	1	2	0.001992	0.024982	0.002814	0.004707
106	LdDocent_Contig_748_8	0	1	0.997857	0.985273	0.003021	0.003709
106	LdDocent_Contig_748_8	1	2	0.002143	0.014727	0.003021	0.003709
107	LdDocent_Contig_1260_354	0	1	0.473739	0.904856	0.032056	0.008793
107	LdDocent_Contig_1260_354	1	2	0.526261	0.095144	0.032056	0.008793
108	LdDocent_Contig_20798_104	0	1	0.997960	0.990298	0.002870	0.002979
108	LdDocent_Contig_20798_104	1	2	0.002040	0.009702	0.002870	0.002979
109	LdDocent_Contig_5307_467	0	1	0.993970	0.993088	0.004894	0.002514
109	LdDocent_Contig_5307_467	1	2	0.006030	0.006912	0.004894	0.002514
110	LdDocent_Contig_2003_49	0	1	0.760673	0.999495	0.029022	0.000713
110	LdDocent_Contig_2003_49	1	2	0.239327	0.000505	0.029022	0.000713
111	LdDocent_Contig_1217_447	0	1	0.953379	0.999505	0.014036	0.000700
111	LdDocent_Contig_1217_447	1	2	0.046621	0.000495	0.014036	0.000700
112	LdDocent_Contig_36984_18	0	1	0.934454	0.996503	0.016156	0.001861
112	LdDocent_Contig_36984_18	1	2	0.065546	0.003497	0.016156	0.001861
113	LdDocent_Contig_68153_66	0	2	0.575503	0.388294	0.032625	0.015001
113	LdDocent_Contig_68153_66	1	1	0.424497	0.611706	0.032625	0.015001
114	LdDocent_Contig_92640_436	0	1	0.955775	0.997872	0.012721	0.001344
114	LdDocent_Contig_92640_436	1	2	0.044225	0.002128	0.012721	0.001344
115	LdDocent_Contig_74577_57	0	1	0.998134	0.992650	0.002629	0.002512
115	LdDocent_Contig_74577_57	1	2	0.001866	0.007350	0.002629	0.002512
116	LdDocent_Contig_326_330	0	1	0.804023	0.997808	0.025973	0.001479
116	LdDocent_Contig_326_330	1	2	0.195977	0.002192	0.025973	0.001479
117	LdDocent_Contig_1787_380	0	1	0.851101	0.999576	0.021808	0.000600
117	LdDocent_Contig_1787_380	1	2	0.148899	0.000424	0.021808	0.000600
118	LdDocent_Contig_892_115	0	1	0.968464	0.999543	0.011316	0.000647
118	LdDocent_Contig_892_115	1	2	0.031536	0.000457	0.011316	0.000647
119	LdDocent_Contig_10633_334	0	1	0.997937	0.948711	0.002896	0.006534
119	LdDocent_Contig_10633_334	1	2	0.002063	0.051289	0.002896	0.006534
120	LdDocent_Contig_743_434	0	1	0.880658	0.997557	0.020255	0.001542
120	LdDocent_Contig_743_434	1	2	0.119342	0.002443	0.020255	0.001542
121	LdDocent_Contig_15237_23	0	1	0.997504	0.949620	0.003512	0.006531
121	LdDocent_Contig_15237_23	1	2	0.002496	0.050380	0.003512	0.006531
122	LdDocent_Contig_6059_390	0	1	0.992390	0.992542	0.006179	0.002709
122	LdDocent_Contig_6059_390	1	2	0.007610	0.007458	0.006179	0.002709
123	LdDocent_Contig_2053_115	0	1	0.997942	0.990143	0.002899	0.003027
123	LdDocent_Contig_2053_115	1	2	0.002058	0.009857	0.002899	0.003027
124	LdDocent_Contig_93236_63	0	1	0.997853	0.991706	0.003027	0.002830
124	LdDocent_Contig_93236_63	1	2	0.002147	0.008294	0.003027	0.002830
125	LdDocent_Contig_2757_399	0	1	0.899075	0.999500	0.020146	0.000707
125	LdDocent_Contig_2757_399	1	2	0.100925	0.000500	0.020146	0.000707
126	LdDocent_Contig_3106_83	0	1	0.997461	0.988671	0.003577	0.003323
126	LdDocent_Contig_3106_83	1	2	0.002539	0.011329	0.003577	0.003323
127	LdDocent_Contig_8958_53	0	1	0.997775	0.977742	0.003144	0.004634
127	LdDocent_Contig_8958_53	1	2	0.002225	0.022258	0.003144	0.004634
128	LdDocent_Contig_22707_96	0	2	0.006014	0.323028	0.004887	0.013833
128	LdDocent_Contig_22707_96	1	1	0.993986	0.676972	0.004887	0.013833
129	LdDocent_Contig_56926_348	0	1	0.998048	0.987440	0.002747	0.003396
129	LdDocent_Contig_56926_348	1	2	0.001952	0.012560	0.002747	0.003396
130	LdDocent_Contig_202_400	0	1	0.997897	0.983959	0.002965	0.003913
130	LdDocent_Contig_202_400	1	2	0.002103	0.016041	0.002965	0.003913
131	LdDocent_Contig_186_79	0	1	0.947168	0.998678	0.013969	0.001077
131	LdDocent_Contig_186_79	1	2	0.052832	0.001322	0.013969	0.001077
132	LdDocent_Contig_20556_416	0	1	0.989633	0.972339	0.006523	0.004936
132	LdDocent_Contig_20556_416	1	2	0.010367	0.027661	0.006523	0.004936
133	LdDocent_Contig_1158_113	0	1	0.997965	0.922770	0.002870	0.007799
133	LdDocent_Contig_1158_113	1	2	0.002035	0.077230	0.002870	0.007799
134	LdDocent_Contig_65614_7	0	1	0.942844	0.998652	0.014570	0.001101
134	LdDocent_Contig_65614_7	1	2	0.057156	0.001348	0.014570	0.001101
135	LdDocent_Contig_5832_22	0	1	0.997819	0.986963	0.003071	0.003660
135	LdDocent_Contig_5832_22	1	2	0.002181	0.013037	0.003071	0.003660
136	LdDocent_Contig_1183_492	0	1	0.978738	0.997625	0.009218	0.001494
136	LdDocent_Contig_1183_492	1	2	0.021262	0.002375	0.009218	0.001494
137	LdDocent_Contig_323_126	0	1	0.694841	0.999545	0.029008	0.000642
137	LdDocent_Contig_323_126	1	2	0.305159	0.000455	0.029008	0.000642
138	LdDocent_Contig_66891_104	0	1	0.998054	0.981706	0.002742	0.004219
138	LdDocent_Contig_66891_104	1	2	0.001946	0.018294	0.002742	0.004219
139	LdDocent_Contig_64793_130	0	1	0.998076	0.971640	0.002710	0.004980
139	LdDocent_Contig_64793_130	1	2	0.001924	0.028360	0.002710	0.004980
140	LdDocent_Contig_56003_57	0	1	0.012658	0.997758	0.007538	0.001415
140	LdDocent_Contig_56003_57	1	2	0.987342	0.002242	0.007538	0.001415
141	LdDocent_Contig_18290_404	0	1	0.908780	0.999560	0.017919	0.000622
141	LdDocent_Contig_18290_404	1	2	0.091220	0.000440	0.017919	0.000622
142	LdDocent_Contig_60535_398	0	1	0.997812	0.978610	0.003082	0.004563
142	LdDocent_Contig_60535_398	1	2	0.002188	0.021390	0.003082	0.004563
143	LdDocent_Contig_683_19	0	1	0.998022	0.990718	0.002789	0.002851
143	LdDocent_Contig_683_19	1	2	0.001978	0.009282	0.002789	0.002851
144	LdDocent_Contig_503_92	0	1	0.917188	0.999544	0.017943	0.000644
144	LdDocent_Contig_503_92	1	2	0.082812	0.000456	0.017943	0.000644
145	LdDocent_Contig_7527_139	0	1	0.997837	0.962028	0.003025	0.005934
145	LdDocent_Contig_7527_139	1	2	0.002163	0.037972	0.003025	0.005934
146	LdDocent_Contig_24538_94	0	1	0.998088	0.990864	0.002696	0.002806
146	LdDocent_Contig_24538_94	1	2	0.001912	0.009136	0.002696	0.002806
147	LdDocent_Contig_12505_264	0	1	0.997910	0.991686	0.002944	0.002836
147	LdDocent_Contig_12505_264	1	2	0.002090	0.008314	0.002944	0.002836
148	LdDocent_Contig_52503_494	0	1	0.932239	0.995690	0.017780	0.002027
148	LdDocent_Contig_52503_494	1	2	0.067761	0.004310	0.017780	0.002027
149	LdDocent_Contig_91731_367	0	1	0.997982	0.978079	0.002848	0.004377
149	LdDocent_Contig_91731_367	1	2	0.002018	0.021921	0.002848	0.004377
150	LdDocent_Contig_52538_70	0	1	0.997724	0.883429	0.003204	0.010015
150	LdDocent_Contig_52538_70	1	2	0.002276	0.116571	0.003204	0.010015
151	LdDocent_Contig_64_322	0	1	0.898496	0.986977	0.041695	0.003391
151	LdDocent_Contig_64_322	1	2	0.101504	0.013023	0.041695	0.003391
152	LdDocent_Contig_92674_381	0	1	0.997786	0.981327	0.003121	0.004190
152	LdDocent_Contig_92674_381	1	2	0.002214	0.018673	0.003121	0.004190
153	LdDocent_Contig_15676_383	0	1	0.997938	0.993237	0.002905	0.002458
153	LdDocent_Contig_15676_383	1	2	0.002062	0.006763	0.002905	0.002458
154	LdDocent_Contig_71196_455	0	1	0.997962	0.960638	0.002874	0.005843
154	LdDocent_Contig_71196_455	1	2	0.002038	0.039362	0.002874	0.005843
155	LdDocent_Contig_5775_134	0	1	0.997934	0.992216	0.002913	0.002661
155	LdDocent_Contig_5775_134	1	2	0.002066	0.007784	0.002913	0.002661
156	LdDocent_Contig_96192_356	0	1	0.190942	0.994814	0.024283	0.002137
156	LdDocent_Contig_96192_356	1	2	0.809058	0.005186	0.024283	0.002137
157	LdDocent_Contig_22232_67	0	1	0.966412	0.999500	0.012029	0.000706
157	LdDocent_Contig_22232_67	1	2	0.033588	0.000500	0.012029	0.000706
158	LdDocent_Contig_1236_34	0	1	0.993760	0.990993	0.008753	0.002767
158	LdDocent_Contig_1236_34	1	2	0.006240	0.009007	0.008753	0.002767
159	LdDocent_Contig_6079_434	0	1	0.151320	0.305351	0.022538	0.013619
159	LdDocent_Contig_6079_434	1	2	0.848680	0.694649	0.022538	0.013619
160	LdDocent_Contig_114_407	0	1	0.996592	0.990925	0.004801	0.002931
160	LdDocent_Contig_114_407	1	2	0.003408	0.009075	0.004801	0.002931
161	LdDocent_Contig_19364_448	0	1	0.020080	0.991318	0.009357	0.002969
161	LdDocent_Contig_19364_448	1	2	0.979920	0.008682	0.009357	0.002969
162	LdDocent_Contig_25631_95	0	1	0.961277	0.997857	0.012273	0.001438
162	LdDocent_Contig_25631_95	1	2	0.038723	0.002143	0.012273	0.001438
163	LdDocent_Contig_15025_409	0	1	0.993846	0.863429	0.005054	0.009923
163	LdDocent_Contig_15025_409	1	2	0.006154	0.136571	0.005054	0.009923
164	LdDocent_Contig_2392_19	0	1	0.666860	0.751479	0.060504	0.012946
164	LdDocent_Contig_2392_19	1	2	0.333140	0.248521	0.060504	0.012946
165	LdDocent_Contig_73960_330	0	1	0.997928	0.986753	0.002927	0.003454
165	LdDocent_Contig_73960_330	1	2	0.002072	0.013247	0.002927	0.003454
166	LdDocent_Contig_24534_432	0	1	0.984581	0.991806	0.008182	0.002797
166	LdDocent_Contig_24534_432	1	2	0.015419	0.008194	0.008182	0.002797
167	LdDocent_Contig_6056_54	0	1	0.997642	0.988403	0.003328	0.003261
167	LdDocent_Contig_6056_54	1	2	0.002358	0.011597	0.003328	0.003261
168	LdDocent_Contig_64588_406	0	1	0.997676	0.989534	0.003244	0.003083
168	LdDocent_Contig_64588_406	1	2	0.002324	0.010466	0.003244	0.003083
169	LdDocent_Contig_1516_126	0	1	0.877725	0.999543	0.020727	0.000644
169	LdDocent_Contig_1516_126	1	2	0.122275	0.000457	0.020727	0.000644
170	LdDocent_Contig_577_423	0	1	0.998045	0.984253	0.002756	0.003632
170	LdDocent_Contig_577_423	1	2	0.001955	0.015747	0.002756	0.003632
171	LdDocent_Contig_85159_67	0	1	0.997105	0.992169	0.004070	0.002674
171	LdDocent_Contig_85159_67	1	2	0.002895	0.007831	0.004070	0.002674
172	LdDocent_Contig_836_77	0	1	0.005869	0.501375	0.004768	0.014633
172	LdDocent_Contig_836_77	1	2	0.994131	0.498625	0.004768	0.014633
173	LdDocent_Contig_3582_360	0	1	0.990315	0.810750	0.006076	0.011307
173	LdDocent_Contig_3582_360	1	2	0.009685	0.189250	0.006076	0.011307
174	LdDocent_Contig_22783_366	0	1	0.998013	0.934884	0.002796	0.007241
174	LdDocent_Contig_22783_366	1	2	0.001987	0.065116	0.002796	0.007241
175	LdDocent_Contig_1939_424	0	1	0.997861	0.972373	0.003017	0.005014
175	LdDocent_Contig_1939_424	1	2	0.002139	0.027627	0.003017	0.005014
176	LdDocent_Contig_8309_329	0	1	0.998045	0.983052	0.002757	0.003811
176	LdDocent_Contig_8309_329	1	2	0.001955	0.016948	0.002757	0.003811
177	LdDocent_Contig_7718_137	0	1	0.998053	0.993291	0.002749	0.002439
177	LdDocent_Contig_7718_137	1	2	0.001947	0.006709	0.002749	0.002439
178	LdDocent_Contig_1337_22	0	1	0.997838	0.962762	0.003044	0.005811
178	LdDocent_Contig_1337_22	1	2	0.002162	0.037238	0.003044	0.005811
179	LdDocent_Contig_7564_403	0	1	0.993416	0.975862	0.005342	0.004923
179	LdDocent_Contig_7564_403	1	2	0.006584	0.024138	0.005342	0.004923
180	LdDocent_Contig_3016_389	0	1	0.977719	0.993343	0.017892	0.002421
180	LdDocent_Contig_3016_389	1	2	0.022281	0.006657	0.017892	0.002421
181	LdDocent_Contig_66635_480	0	1	0.993886	0.910250	0.004984	0.008626
181	LdDocent_Contig_66635_480	1	2	0.006114	0.089750	0.004984	0.008626
182	LdDocent_Contig_12821_467	0	1	0.997763	0.984013	0.003155	0.003786
182	LdDocent_Contig_12821_467	1	2	0.002237	0.015987	0.003155	0.003786
183	LdDocent_Contig_95871_394	0	1	0.992793	0.982571	0.005810	0.004153
183	LdDocent_Contig_95871_394	1	2	0.007207	0.017429	0.005810	0.004153
184	LdDocent_Contig_12899_65	0	1	0.998021	0.513979	0.002793	0.014743
184	LdDocent_Contig_12899_65	1	2	0.001979	0.486021	0.002793	0.014743
185	LdDocent_Contig_72187_88	0	1	0.188195	0.997362	0.025354	0.001688
185	LdDocent_Contig_72187_88	1	2	0.811805	0.002638	0.025354	0.001688
186	LdDocent_Contig_797_407	0	1	0.997535	0.947524	0.003391	0.006686
186	LdDocent_Contig_797_407	1	2	0.002465	0.052476	0.003391	0.006686
187	LdDocent_Contig_133_465	0	1	0.118818	0.999516	0.023906	0.000683
187	LdDocent_Contig_133_465	1	2	0.881182	0.000484	0.023906	0.000683
188	LdDocent_Contig_13985_367	0	1	0.997932	0.893828	0.002915	0.009337
188	LdDocent_Contig_13985_367	1	2	0.002068	0.106172	0.002915	0.009337
189	LdDocent_Contig_2200_66	0	1	0.921284	0.999510	0.017102	0.000693
189	LdDocent_Contig_2200_66	1	2	0.078716	0.000490	0.017102	0.000693
190	LdDocent_Contig_967_360	0	1	0.997880	0.896522	0.002992	0.009186
190	LdDocent_Contig_967_360	1	2	0.002120	0.103478	0.002992	0.009186
191	LdDocent_Contig_1799_68	0	1	0.992886	0.686987	0.005768	0.014488
191	LdDocent_Contig_1799_68	1	2	0.007114	0.313013	0.005768	0.014488
192	LdDocent_Contig_13066_328	0	1	0.917526	0.960625	0.019427	0.005732
192	LdDocent_Contig_13066_328	1	2	0.082474	0.039375	0.019427	0.005732
193	LdDocent_Contig_2723_376	0	1	0.992163	0.991810	0.010959	0.002642
193	LdDocent_Contig_2723_376	1	2	0.007837	0.008190	0.010959	0.002642
194	LdDocent_Contig_19870_351	0	1	0.997978	0.967584	0.002845	0.005350
194	LdDocent_Contig_19870_351	1	2	0.002022	0.032416	0.002845	0.005350
195	LdDocent_Contig_628_49	0	1	0.997812	0.907255	0.003084	0.008638
195	LdDocent_Contig_628_49	1	2	0.002188	0.092745	0.003084	0.008638
196	LdDocent_Contig_1795_134	0	1	0.086771	0.998542	0.020998	0.001189
196	LdDocent_Contig_1795_134	1	2	0.913229	0.001458	0.020998	0.001189
197	LdDocent_Contig_13628_392	0	1	0.996032	0.990462	0.004634	0.003020
197	LdDocent_Contig_13628_392	1	2	0.003968	0.009538	0.004634	0.003020
198	LdDocent_Contig_714_530	0	1	0.988650	0.993517	0.007117	0.002535
198	LdDocent_Contig_714_530	1	2	0.011350	0.006483	0.007117	0.002535
199	LdDocent_Contig_75288_327	0	1	0.026107	0.995910	0.010124	0.001924
199	LdDocent_Contig_75288_327	1	2	0.973893	0.004090	0.010124	0.001924
