1000000_sweeps	IndivName	1.000/0.000/0.000/0.000	0.000/0.000/0.000/1.000	0.000/0.500/0.500/0.000	0.250/0.250/0.250/0.250	0.500/0.250/0.250/0.000	0.000/0.250/0.250/0.500
1	NoName	0.00000	1.00000	0.00000	0.00000	0.00000	0.00000
2	NoName	0.00000	1.00000	0.00000	0.00000	0.00000	0.00000
3	NoName	0.00000	1.00000	0.00000	0.00000	0.00000	0.00000
4	NoName	0.00000	0.99829	0.00001	0.00010	0.00000	0.00160
5	NoName	0.00000	1.00000	0.00000	0.00000	0.00000	0.00000
6	NoName	0.00000	1.00000	0.00000	0.00000	0.00000	0.00000
7	NoName	0.00000	0.99999	0.00000	0.00000	0.00000	0.00001
8	NoName	0.00000	0.99989	0.00000	0.00000	0.00000	0.00011
9	NoName	0.00000	1.00000	0.00000	0.00000	0.00000	0.00000
10	NoName	0.82150	0.00000	0.00000	0.00030	0.17820	0.00000
11	NoName	1.00000	0.00000	0.00000	0.00000	0.00000	0.00000
12	NoName	0.00000	0.99086	0.00000	0.00031	0.00000	0.00883
13	NoName	0.00000	1.00000	0.00000	0.00000	0.00000	0.00000
14	NoName	0.00000	1.00000	0.00000	0.00000	0.00000	0.00000
15	NoName	0.00000	1.00000	0.00000	0.00000	0.00000	0.00000
16	NoName	0.00000	0.99994	0.00000	0.00000	0.00000	0.00006
17	NoName	1.00000	0.00000	0.00000	0.00000	0.00000	0.00000
18	NoName	0.91424	0.06151	0.00306	0.00747	0.01037	0.00336
19	NoName	0.00000	0.99975	0.00000	0.00000	0.00000	0.00025
20	NoName	1.00000	0.00000	0.00000	0.00000	0.00000	0.00000
21	NoName	0.57174	0.39979	0.00657	0.00627	0.00765	0.00798
22	NoName	0.00000	0.99999	0.00000	0.00000	0.00000	0.00001
23	NoName	0.99995	0.00000	0.00000	0.00000	0.00005	0.00000
24	NoName	1.00000	0.00000	0.00000	0.00000	0.00000	0.00000
25	NoName	1.00000	0.00000	0.00000	0.00000	0.00000	0.00000
26	NoName	0.00000	1.00000	0.00000	0.00000	0.00000	0.00000
27	NoName	0.00000	1.00000	0.00000	0.00000	0.00000	0.00000
28	NoName	0.00000	0.99987	0.00000	0.00000	0.00000	0.00013
29	NoName	0.00000	1.00000	0.00000	0.00000	0.00000	0.00000
30	NoName	0.99996	0.00000	0.00000	0.00000	0.00004	0.00000
31	NoName	1.00000	0.00000	0.00000	0.00000	0.00000	0.00000
32	NoName	0.00000	0.99937	0.00000	0.00002	0.00000	0.00061
33	NoName	0.99988	0.00000	0.00000	0.00000	0.00012	0.00000
34	NoName	0.00602	0.98349	0.00100	0.00203	0.00044	0.00703
35	NoName	0.00000	0.99906	0.00000	0.00002	0.00000	0.00092
36	NoName	0.00000	0.99996	0.00000	0.00000	0.00000	0.00004
37	NoName	1.00000	0.00000	0.00000	0.00000	0.00000	0.00000
38	NoName	1.00000	0.00000	0.00000	0.00000	0.00000	0.00000
39	NoName	0.00000	0.99999	0.00000	0.00000	0.00000	0.00001
40	NoName	0.00000	0.99999	0.00000	0.00000	0.00000	0.00001
41	NoName	0.00000	1.00000	0.00000	0.00000	0.00000	0.00000
42	NoName	0.00000	1.00000	0.00000	0.00000	0.00000	0.00000
43	NoName	0.99070	0.00000	0.00000	0.00000	0.00930	0.00000
44	NoName	0.00000	1.00000	0.00000	0.00000	0.00000	0.00000
45	NoName	1.00000	0.00000	0.00000	0.00000	0.00000	0.00000
46	NoName	0.00000	0.99996	0.00000	0.00000	0.00000	0.00004
47	NoName	0.00000	1.00000	0.00000	0.00000	0.00000	0.00000
48	NoName	0.99975	0.00000	0.00000	0.00000	0.00025	0.00000
49	NoName	0.99994	0.00000	0.00000	0.00000	0.00006	0.00000
50	NoName	0.00000	0.99977	0.00000	0.00000	0.00000	0.00023
51	NoName	0.00000	1.00000	0.00000	0.00000	0.00000	0.00000
52	NoName	0.00000	1.00000	0.00000	0.00000	0.00000	0.00000
53	NoName	0.02178	0.00000	0.00000	0.83928	0.13894	0.00000
54	NoName	0.00000	0.99999	0.00000	0.00000	0.00000	0.00001
55	NoName	0.00000	1.00000	0.00000	0.00000	0.00000	0.00000
56	NoName	0.81523	0.00000	0.00000	0.15051	0.03426	0.00000
57	NoName	0.00000	0.99999	0.00000	0.00000	0.00000	0.00001
58	NoName	0.00000	1.00000	0.00000	0.00000	0.00000	0.00000
59	NoName	0.00000	0.99992	0.00000	0.00000	0.00000	0.00008
60	NoName	0.00000	1.00000	0.00000	0.00000	0.00000	0.00000
61	NoName	0.00000	1.00000	0.00000	0.00000	0.00000	0.00000
62	NoName	0.00000	0.99999	0.00000	0.00000	0.00000	0.00001
63	NoName	0.00000	1.00000	0.00000	0.00000	0.00000	0.00000
64	NoName	0.00000	1.00000	0.00000	0.00000	0.00000	0.00000
65	NoName	0.00000	0.99999	0.00000	0.00000	0.00000	0.00001
66	NoName	0.99999	0.00000	0.00000	0.00000	0.00001	0.00000
67	NoName	0.00000	1.00000	0.00000	0.00000	0.00000	0.00000
68	NoName	0.00000	1.00000	0.00000	0.00000	0.00000	0.00000
69	NoName	0.00000	0.99949	0.00000	0.00001	0.00000	0.00050
70	NoName	0.00000	1.00000	0.00000	0.00000	0.00000	0.00000
71	NoName	0.00000	1.00000	0.00000	0.00000	0.00000	0.00000
72	NoName	0.00000	1.00000	0.00000	0.00000	0.00000	0.00000
73	NoName	0.00000	0.99979	0.00000	0.00000	0.00000	0.00021
74	NoName	0.00000	1.00000	0.00000	0.00000	0.00000	0.00000
75	NoName	0.00000	1.00000	0.00000	0.00000	0.00000	0.00000
76	NoName	0.00000	1.00000	0.00000	0.00000	0.00000	0.00000
77	NoName	1.00000	0.00000	0.00000	0.00000	0.00000	0.00000
78	NoName	0.99999	0.00000	0.00000	0.00000	0.00001	0.00000
79	NoName	0.99999	0.00000	0.00000	0.00000	0.00001	0.00000
80	NoName	0.00000	0.99979	0.00000	0.00000	0.00000	0.00021
81	NoName	0.00000	0.99937	0.00000	0.00000	0.00000	0.00063
82	NoName	0.07977	0.90247	0.00352	0.00341	0.00208	0.00874
83	NoName	0.99999	0.00000	0.00000	0.00000	0.00001	0.00000
84	NoName	0.00000	0.99999	0.00000	0.00000	0.00000	0.00001
85	NoName	1.00000	0.00000	0.00000	0.00000	0.00000	0.00000
86	NoName	0.99999	0.00000	0.00000	0.00000	0.00001	0.00000
87	NoName	0.00000	1.00000	0.00000	0.00000	0.00000	0.00000
88	NoName	0.99999	0.00000	0.00000	0.00000	0.00001	0.00000
89	NoName	0.00000	0.99999	0.00000	0.00000	0.00000	0.00001
90	NoName	0.00000	1.00000	0.00000	0.00000	0.00000	0.00000
91	NoName	0.99909	0.00000	0.00000	0.00005	0.00086	0.00000
92	NoName	0.00000	0.00000	0.00000	0.00072	0.00000	0.99927
93	NoName	0.00000	1.00000	0.00000	0.00000	0.00000	0.00000
94	NoName	0.99884	0.00000	0.00000	0.00004	0.00112	0.00000
95	NoName	0.00000	1.00000	0.00000	0.00000	0.00000	0.00000
96	NoName	0.00000	0.18506	0.00000	0.00447	0.00000	0.81047
97	NoName	0.99999	0.00000	0.00000	0.00000	0.00001	0.00000
98	NoName	0.00000	0.99985	0.00000	0.00000	0.00000	0.00015
99	NoName	0.00405	0.98819	0.00091	0.00116	0.00028	0.00541
100	NoName	0.00000	1.00000	0.00000	0.00000	0.00000	0.00000
101	NoName	0.00000	0.99999	0.00000	0.00000	0.00000	0.00001
102	NoName	0.00000	0.99999	0.00000	0.00000	0.00000	0.00001
103	NoName	0.00000	1.00000	0.00000	0.00000	0.00000	0.00000
104	NoName	0.00000	1.00000	0.00000	0.00000	0.00000	0.00000
105	NoName	0.00008	0.99631	0.00016	0.00035	0.00003	0.00307
106	NoName	0.00000	0.99998	0.00000	0.00000	0.00000	0.00002
107	NoName	0.00000	0.99987	0.00000	0.00000	0.00000	0.00013
108	NoName	1.00000	0.00000	0.00000	0.00000	0.00000	0.00000
109	NoName	0.00000	1.00000	0.00000	0.00000	0.00000	0.00000
110	NoName	0.00000	1.00000	0.00000	0.00000	0.00000	0.00000
111	NoName	0.00000	1.00000	0.00000	0.00000	0.00000	0.00000
112	NoName	0.99950	0.00000	0.00000	0.00000	0.00050	0.00000
113	NoName	0.99856	0.00000	0.00000	0.00002	0.00142	0.00000
114	NoName	0.00000	1.00000	0.00000	0.00000	0.00000	0.00000
115	NoName	0.00000	1.00000	0.00000	0.00000	0.00000	0.00000
116	NoName	0.99941	0.00000	0.00000	0.00000	0.00059	0.00000
117	NoName	0.00000	0.99999	0.00000	0.00000	0.00000	0.00001
118	NoName	0.99999	0.00000	0.00000	0.00000	0.00001	0.00000
119	NoName	1.00000	0.00000	0.00000	0.00000	0.00000	0.00000
120	NoName	0.00000	1.00000	0.00000	0.00000	0.00000	0.00000
121	NoName	0.00000	1.00000	0.00000	0.00000	0.00000	0.00000
122	NoName	0.00000	0.99959	0.00000	0.00000	0.00000	0.00041
123	NoName	0.27648	0.69710	0.00577	0.00570	0.00502	0.00993
124	NoName	0.00000	1.00000	0.00000	0.00000	0.00000	0.00000
125	NoName	0.00000	0.99948	0.00000	0.00000	0.00000	0.00052
126	NoName	0.00000	1.00000	0.00000	0.00000	0.00000	0.00000
127	NoName	0.00000	1.00000	0.00000	0.00000	0.00000	0.00000
128	NoName	0.00000	0.99991	0.00000	0.00000	0.00000	0.00009
129	NoName	0.00000	1.00000	0.00000	0.00000	0.00000	0.00000
130	NoName	0.00000	0.99993	0.00000	0.00000	0.00000	0.00007
131	NoName	0.99995	0.00000	0.00000	0.00000	0.00005	0.00000
132	NoName	0.00000	1.00000	0.00000	0.00000	0.00000	0.00000
133	NoName	0.00000	1.00000	0.00000	0.00000	0.00000	0.00000
134	NoName	0.00000	1.00000	0.00000	0.00000	0.00000	0.00000
135	NoName	0.00000	1.00000	0.00000	0.00000	0.00000	0.00000
136	NoName	0.00000	1.00000	0.00000	0.00000	0.00000	0.00000
137	NoName	0.00000	1.00000	0.00000	0.00000	0.00000	0.00000
138	NoName	0.99990	0.00000	0.00000	0.00000	0.00010	0.00000
139	NoName	0.99996	0.00000	0.00000	0.00000	0.00004	0.00000
140	NoName	0.99999	0.00000	0.00000	0.00000	0.00001	0.00000
141	NoName	0.99792	0.00000	0.00000	0.00022	0.00186	0.00000
142	NoName	0.99979	0.00000	0.00000	0.00000	0.00021	0.00000
143	NoName	0.00000	1.00000	0.00000	0.00000	0.00000	0.00000
144	NoName	0.99985	0.00000	0.00000	0.00000	0.00015	0.00000
145	NoName	0.99997	0.00000	0.00000	0.00000	0.00003	0.00000
146	NoName	0.99995	0.00000	0.00000	0.00000	0.00005	0.00000
147	NoName	0.99578	0.00000	0.00000	0.00045	0.00377	0.00000
148	NoName	1.00000	0.00000	0.00000	0.00000	0.00000	0.00000
149	NoName	1.00000	0.00000	0.00000	0.00000	0.00000	0.00000
150	NoName	0.99999	0.00000	0.00000	0.00000	0.00001	0.00000
151	NoName	0.00000	0.99965	0.00000	0.00000	0.00000	0.00034
152	NoName	0.00000	0.99601	0.00001	0.00056	0.00000	0.00341
153	NoName	0.00000	0.99999	0.00000	0.00000	0.00000	0.00001
154	NoName	0.00000	0.99995	0.00000	0.00000	0.00000	0.00005
155	NoName	0.00000	0.99993	0.00000	0.00000	0.00000	0.00007
156	NoName	0.00000	1.00000	0.00000	0.00000	0.00000	0.00000
157	NoName	0.00000	1.00000	0.00000	0.00000	0.00000	0.00000
158	NoName	0.00000	1.00000	0.00000	0.00000	0.00000	0.00000
159	NoName	0.00000	0.99998	0.00000	0.00000	0.00000	0.00002
160	NoName	0.00000	1.00000	0.00000	0.00000	0.00000	0.00000
161	NoName	0.00000	1.00000	0.00000	0.00000	0.00000	0.00000
162	NoName	1.00000	0.00000	0.00000	0.00000	0.00000	0.00000
163	NoName	0.00000	1.00000	0.00000	0.00000	0.00000	0.00000
164	NoName	0.00000	0.99990	0.00000	0.00000	0.00000	0.00010
165	NoName	0.00000	0.99868	0.00000	0.00006	0.00000	0.00126
166	NoName	1.00000	0.00000	0.00000	0.00000	0.00000	0.00000
167	NoName	0.99999	0.00000	0.00000	0.00000	0.00001	0.00000
168	NoName	1.00000	0.00000	0.00000	0.00000	0.00000	0.00000
169	NoName	0.00000	0.99991	0.00000	0.00000	0.00000	0.00009
170	NoName	0.00000	0.99998	0.00000	0.00000	0.00000	0.00002
171	NoName	0.00000	1.00000	0.00000	0.00000	0.00000	0.00000
172	NoName	0.00000	0.99955	0.00000	0.00000	0.00000	0.00045
173	NoName	1.00000	0.00000	0.00000	0.00000	0.00000	0.00000
174	NoName	0.00000	0.99987	0.00000	0.00000	0.00000	0.00013
175	NoName	0.00000	0.99998	0.00000	0.00000	0.00000	0.00002
176	NoName	0.00000	1.00000	0.00000	0.00000	0.00000	0.00000
177	NoName	0.00000	1.00000	0.00000	0.00000	0.00000	0.00000
178	NoName	1.00000	0.00000	0.00000	0.00000	0.00000	0.00000
179	NoName	1.00000	0.00000	0.00000	0.00000	0.00000	0.00000
180	NoName	0.00000	0.99999	0.00000	0.00000	0.00000	0.00001
181	NoName	0.00000	1.00000	0.00000	0.00000	0.00000	0.00000
182	NoName	0.99988	0.00000	0.00000	0.00000	0.00012	0.00000
183	NoName	0.00000	0.99988	0.00000	0.00000	0.00000	0.00012
184	NoName	0.00000	0.99996	0.00000	0.00000	0.00000	0.00004
185	NoName	0.00000	1.00000	0.00000	0.00000	0.00000	0.00000
186	NoName	0.99999	0.00000	0.00000	0.00000	0.00001	0.00000
187	NoName	0.00000	1.00000	0.00000	0.00000	0.00000	0.00000
188	NoName	0.00000	0.99999	0.00000	0.00000	0.00000	0.00001
189	NoName	0.00000	1.00000	0.00000	0.00000	0.00000	0.00000
190	NoName	0.00000	0.99999	0.00000	0.00000	0.00000	0.00001
191	NoName	0.99998	0.00000	0.00000	0.00000	0.00002	0.00000
192	NoName	0.99998	0.00000	0.00000	0.00000	0.00002	0.00000
193	NoName	1.00000	0.00000	0.00000	0.00000	0.00000	0.00000
194	NoName	0.00000	1.00000	0.00000	0.00000	0.00000	0.00000
195	NoName	0.00000	1.00000	0.00000	0.00000	0.00000	0.00000
196	NoName	0.00000	1.00000	0.00000	0.00000	0.00000	0.00000
197	NoName	0.00000	0.99993	0.00000	0.00000	0.00000	0.00007
198	NoName	0.00000	1.00000	0.00000	0.00000	0.00000	0.00000
199	NoName	0.00000	1.00000	0.00000	0.00000	0.00000	0.00000
200	NoName	0.00000	0.00000	0.99239	0.00318	0.00005	0.00438
201	NoName	0.00000	0.99995	0.00000	0.00000	0.00000	0.00005
202	NoName	0.00000	1.00000	0.00000	0.00000	0.00000	0.00000
203	NoName	0.00000	0.99893	0.00000	0.00004	0.00000	0.00103
204	NoName	0.00000	1.00000	0.00000	0.00000	0.00000	0.00000
205	NoName	0.00000	1.00000	0.00000	0.00000	0.00000	0.00000
206	NoName	0.00000	0.99998	0.00000	0.00000	0.00000	0.00002
207	NoName	0.00000	1.00000	0.00000	0.00000	0.00000	0.00000
208	NoName	0.00000	1.00000	0.00000	0.00000	0.00000	0.00000
209	NoName	0.00000	0.99999	0.00000	0.00000	0.00000	0.00001
210	NoName	0.00000	1.00000	0.00000	0.00000	0.00000	0.00000
211	NoName	0.00000	0.83192	0.00000	0.00001	0.00000	0.16807
212	NoName	0.00000	1.00000	0.00000	0.00000	0.00000	0.00000
213	NoName	0.99937	0.00000	0.00000	0.00000	0.00063	0.00000
214	NoName	0.99998	0.00000	0.00000	0.00000	0.00002	0.00000
215	NoName	0.00000	0.99999	0.00000	0.00000	0.00000	0.00001
216	NoName	0.00000	1.00000	0.00000	0.00000	0.00000	0.00000
217	NoName	0.00000	0.99999	0.00000	0.00000	0.00000	0.00001
218	NoName	0.00000	1.00000	0.00000	0.00000	0.00000	0.00000
219	NoName	0.00000	0.99998	0.00000	0.00000	0.00000	0.00002
220	NoName	0.00286	0.99017	0.00048	0.00112	0.00018	0.00519
221	NoName	0.00000	1.00000	0.00000	0.00000	0.00000	0.00000
222	NoName	0.00000	1.00000	0.00000	0.00000	0.00000	0.00000
223	NoName	0.00000	0.99973	0.00000	0.00000	0.00000	0.00027
224	NoName	0.00000	1.00000	0.00000	0.00000	0.00000	0.00000
225	NoName	0.00000	0.99958	0.00000	0.00000	0.00000	0.00042
226	NoName	1.00000	0.00000	0.00000	0.00000	0.00000	0.00000
227	NoName	0.00000	1.00000	0.00000	0.00000	0.00000	0.00000
228	NoName	0.00000	0.99998	0.00000	0.00000	0.00000	0.00002
229	NoName	0.88391	0.07277	0.01048	0.01027	0.01278	0.00979
230	NoName	0.00000	1.00000	0.00000	0.00000	0.00000	0.00000
231	NoName	0.00000	1.00000	0.00000	0.00000	0.00000	0.00000
232	NoName	0.00000	0.99964	0.00000	0.00000	0.00000	0.00036
233	NoName	0.99993	0.00000	0.00000	0.00000	0.00007	0.00000
234	NoName	0.00000	1.00000	0.00000	0.00000	0.00000	0.00000
235	NoName	0.00000	0.99993	0.00000	0.00000	0.00000	0.00007
236	NoName	0.00000	1.00000	0.00000	0.00000	0.00000	0.00000
237	NoName	0.00000	1.00000	0.00000	0.00000	0.00000	0.00000
238	NoName	0.00000	1.00000	0.00000	0.00000	0.00000	0.00000
239	NoName	0.99997	0.00000	0.00000	0.00000	0.00003	0.00000
240	NoName	0.99994	0.00000	0.00000	0.00000	0.00006	0.00000
241	NoName	1.00000	0.00000	0.00000	0.00000	0.00000	0.00000
242	NoName	0.99999	0.00000	0.00000	0.00000	0.00001	0.00000
243	NoName	0.00000	1.00000	0.00000	0.00000	0.00000	0.00000
244	NoName	1.00000	0.00000	0.00000	0.00000	0.00000	0.00000
245	NoName	1.00000	0.00000	0.00000	0.00000	0.00000	0.00000
246	NoName	0.00000	1.00000	0.00000	0.00000	0.00000	0.00000
247	NoName	0.00000	1.00000	0.00000	0.00000	0.00000	0.00000
248	NoName	0.00000	0.99999	0.00000	0.00000	0.00000	0.00001
249	NoName	0.00000	0.99961	0.00000	0.00000	0.00000	0.00039
250	NoName	0.00000	0.99999	0.00000	0.00000	0.00000	0.00001
251	NoName	0.00000	1.00000	0.00000	0.00000	0.00000	0.00000
252	NoName	0.00000	1.00000	0.00000	0.00000	0.00000	0.00000
253	NoName	0.00000	1.00000	0.00000	0.00000	0.00000	0.00000
254	NoName	0.00000	1.00000	0.00000	0.00000	0.00000	0.00000
255	NoName	0.00000	1.00000	0.00000	0.00000	0.00000	0.00000
256	NoName	0.00000	0.99999	0.00000	0.00000	0.00000	0.00001
257	NoName	0.00000	1.00000	0.00000	0.00000	0.00000	0.00000
258	NoName	0.00000	1.00000	0.00000	0.00000	0.00000	0.00000
259	NoName	0.00000	1.00000	0.00000	0.00000	0.00000	0.00000
260	NoName	0.00000	0.99997	0.00000	0.00000	0.00000	0.00003
261	NoName	0.00000	1.00000	0.00000	0.00000	0.00000	0.00000
262	NoName	0.00000	1.00000	0.00000	0.00000	0.00000	0.00000
263	NoName	0.00000	0.99999	0.00000	0.00000	0.00000	0.00001
264	NoName	0.00000	1.00000	0.00000	0.00000	0.00000	0.00000
265	NoName	0.08197	0.82025	0.00327	0.05344	0.00820	0.03286
266	NoName	0.00000	1.00000	0.00000	0.00000	0.00000	0.00000
267	NoName	0.00000	1.00000	0.00000	0.00000	0.00000	0.00000
268	NoName	0.00000	0.99999	0.00000	0.00000	0.00000	0.00001
269	NoName	0.00000	0.99999	0.00000	0.00000	0.00000	0.00001
270	NoName	0.00000	0.99999	0.00000	0.00000	0.00000	0.00001
271	NoName	0.00000	1.00000	0.00000	0.00000	0.00000	0.00000
272	NoName	0.00000	1.00000	0.00000	0.00000	0.00000	0.00000
273	NoName	0.00000	0.99997	0.00000	0.00000	0.00000	0.00003
274	NoName	0.00000	0.99999	0.00000	0.00000	0.00000	0.00001
275	NoName	0.00000	0.99991	0.00000	0.00000	0.00000	0.00009
276	NoName	0.00000	1.00000	0.00000	0.00000	0.00000	0.00000
277	NoName	0.00000	0.99997	0.00000	0.00000	0.00000	0.00003
278	NoName	0.00000	1.00000	0.00000	0.00000	0.00000	0.00000
279	NoName	0.00000	1.00000	0.00000	0.00000	0.00000	0.00000
280	NoName	0.00000	0.99998	0.00000	0.00000	0.00000	0.00002
281	NoName	0.00000	1.00000	0.00000	0.00000	0.00000	0.00000
282	NoName	0.00000	1.00000	0.00000	0.00000	0.00000	0.00000
283	NoName	1.00000	0.00000	0.00000	0.00000	0.00000	0.00000
284	NoName	0.00000	0.99996	0.00000	0.00000	0.00000	0.00004
285	NoName	0.00000	0.99999	0.00000	0.00000	0.00000	0.00001
286	NoName	0.00000	1.00000	0.00000	0.00000	0.00000	0.00000
287	NoName	0.00000	1.00000	0.00000	0.00000	0.00000	0.00000
288	NoName	0.00000	0.99998	0.00000	0.00000	0.00000	0.00002
289	NoName	0.00000	1.00000	0.00000	0.00000	0.00000	0.00000
290	NoName	0.00000	1.00000	0.00000	0.00000	0.00000	0.00000
291	NoName	0.00000	1.00000	0.00000	0.00000	0.00000	0.00000
292	NoName	0.00000	0.99999	0.00000	0.00000	0.00000	0.00001
293	NoName	0.00000	0.99999	0.00000	0.00000	0.00000	0.00001
294	NoName	0.00000	1.00000	0.00000	0.00000	0.00000	0.00000
295	NoName	0.00000	0.99998	0.00000	0.00000	0.00000	0.00002
296	NoName	0.99999	0.00000	0.00000	0.00000	0.00001	0.00000
297	NoName	0.00000	1.00000	0.00000	0.00000	0.00000	0.00000
298	NoName	0.00000	0.99577	0.00002	0.00054	0.00000	0.00366
299	NoName	0.99999	0.00000	0.00000	0.00000	0.00001	0.00000
300	NoName	0.00000	1.00000	0.00000	0.00000	0.00000	0.00000
301	NoName	0.00000	0.99993	0.00000	0.00000	0.00000	0.00007
302	NoName	0.00000	1.00000	0.00000	0.00000	0.00000	0.00000
303	NoName	0.00000	1.00000	0.00000	0.00000	0.00000	0.00000
304	NoName	0.00000	1.00000	0.00000	0.00000	0.00000	0.00000
305	NoName	0.00000	1.00000	0.00000	0.00000	0.00000	0.00000
306	NoName	0.00000	0.99999	0.00000	0.00000	0.00000	0.00001
307	NoName	0.00000	1.00000	0.00000	0.00000	0.00000	0.00000
308	NoName	0.00000	1.00000	0.00000	0.00000	0.00000	0.00000
309	NoName	0.00000	1.00000	0.00000	0.00000	0.00000	0.00000
310	NoName	0.00000	1.00000	0.00000	0.00000	0.00000	0.00000
311	NoName	0.00000	0.99895	0.00000	0.00004	0.00000	0.00101
312	NoName	0.00000	1.00000	0.00000	0.00000	0.00000	0.00000
313	NoName	0.00000	1.00000	0.00000	0.00000	0.00000	0.00000
314	NoName	0.00000	1.00000	0.00000	0.00000	0.00000	0.00000
315	NoName	0.00000	0.10092	0.00000	0.00383	0.00000	0.89525
316	NoName	0.00000	1.00000	0.00000	0.00000	0.00000	0.00000
317	NoName	0.00000	1.00000	0.00000	0.00000	0.00000	0.00000
318	NoName	0.00000	1.00000	0.00000	0.00000	0.00000	0.00000
319	NoName	0.00000	1.00000	0.00000	0.00000	0.00000	0.00000
320	NoName	0.00000	1.00000	0.00000	0.00000	0.00000	0.00000
321	NoName	0.00000	1.00000	0.00000	0.00000	0.00000	0.00000
322	NoName	0.00000	1.00000	0.00000	0.00000	0.00000	0.00000
323	NoName	0.00000	0.99999	0.00000	0.00000	0.00000	0.00001
324	NoName	0.00000	1.00000	0.00000	0.00000	0.00000	0.00000
325	NoName	0.00000	0.99999	0.00000	0.00000	0.00000	0.00001
326	NoName	0.00000	0.99831	0.00000	0.00010	0.00000	0.00159
327	NoName	0.00000	1.00000	0.00000	0.00000	0.00000	0.00000
328	NoName	0.00000	1.00000	0.00000	0.00000	0.00000	0.00000
329	NoName	0.00000	0.99999	0.00000	0.00000	0.00000	0.00001
330	NoName	0.00000	0.99984	0.00000	0.00000	0.00000	0.00016
331	NoName	0.00000	1.00000	0.00000	0.00000	0.00000	0.00000
332	NoName	0.00000	1.00000	0.00000	0.00000	0.00000	0.00000
333	NoName	0.00000	0.99999	0.00000	0.00000	0.00000	0.00001
334	NoName	0.00000	1.00000	0.00000	0.00000	0.00000	0.00000
335	NoName	0.00000	0.99999	0.00000	0.00000	0.00000	0.00001
336	NoName	0.00000	0.99688	0.00001	0.00032	0.00000	0.00279
337	NoName	0.00000	1.00000	0.00000	0.00000	0.00000	0.00000
338	NoName	0.00000	1.00000	0.00000	0.00000	0.00000	0.00000
339	NoName	0.00000	0.99999	0.00000	0.00000	0.00000	0.00001
340	NoName	0.00000	0.00000	0.99957	0.00017	0.00001	0.00024
341	NoName	0.00000	0.99998	0.00000	0.00000	0.00000	0.00002
342	NoName	0.00000	1.00000	0.00000	0.00000	0.00000	0.00000
343	NoName	0.00000	0.00001	0.00000	0.00152	0.00000	0.99847
344	NoName	0.00000	1.00000	0.00000	0.00000	0.00000	0.00000
345	NoName	0.00000	1.00000	0.00000	0.00000	0.00000	0.00000
346	NoName	0.00000	0.99900	0.00000	0.00004	0.00000	0.00096
347	NoName	0.00000	0.14787	0.00000	0.00062	0.00000	0.85151
348	NoName	0.00000	0.99999	0.00000	0.00000	0.00000	0.00001
349	NoName	0.00000	0.99996	0.00000	0.00000	0.00000	0.00004
350	NoName	0.00000	1.00000	0.00000	0.00000	0.00000	0.00000
351	NoName	0.00000	0.99996	0.00000	0.00000	0.00000	0.00004
352	NoName	0.00000	1.00000	0.00000	0.00000	0.00000	0.00000
353	NoName	0.00000	0.99988	0.00000	0.00000	0.00000	0.00012
354	NoName	0.00001	0.99540	0.00003	0.00063	0.00001	0.00393
355	NoName	1.00000	0.00000	0.00000	0.00000	0.00000	0.00000
356	NoName	0.00000	0.99999	0.00000	0.00000	0.00000	0.00001
357	NoName	0.00000	1.00000	0.00000	0.00000	0.00000	0.00000
358	NoName	0.00001	0.99403	0.00003	0.00098	0.00001	0.00493
359	NoName	0.00000	1.00000	0.00000	0.00000	0.00000	0.00000
360	NoName	0.00000	0.99968	0.00000	0.00000	0.00000	0.00032
361	NoName	0.99998	0.00000	0.00000	0.00000	0.00002	0.00000
362	NoName	1.00000	0.00000	0.00000	0.00000	0.00000	0.00000
363	NoName	0.00000	1.00000	0.00000	0.00000	0.00000	0.00000
364	NoName	0.00000	0.99999	0.00000	0.00000	0.00000	0.00001
365	NoName	0.00000	1.00000	0.00000	0.00000	0.00000	0.00000
366	NoName	0.00000	0.99995	0.00000	0.00000	0.00000	0.00005
367	NoName	0.00000	1.00000	0.00000	0.00000	0.00000	0.00000
368	NoName	1.00000	0.00000	0.00000	0.00000	0.00000	0.00000
369	NoName	0.00000	0.99999	0.00000	0.00000	0.00000	0.00001
370	NoName	0.00000	1.00000	0.00000	0.00000	0.00000	0.00000
371	NoName	0.00000	0.99994	0.00000	0.00000	0.00000	0.00006
372	NoName	0.00000	0.99999	0.00000	0.00000	0.00000	0.00001
373	NoName	0.00000	0.99990	0.00000	0.00000	0.00000	0.00010
374	NoName	1.00000	0.00000	0.00000	0.00000	0.00000	0.00000
375	NoName	0.00000	0.99994	0.00000	0.00000	0.00000	0.00006
376	NoName	0.02305	0.96420	0.00195	0.00236	0.00093	0.00751
377	NoName	0.99997	0.00000	0.00000	0.00000	0.00003	0.00000
378	NoName	0.99944	0.00000	0.00000	0.00001	0.00055	0.00000
379	NoName	0.00000	0.99999	0.00000	0.00000	0.00000	0.00001
380	NoName	0.00000	1.00000	0.00000	0.00000	0.00000	0.00000
381	NoName	0.00000	0.99991	0.00000	0.00000	0.00000	0.00009
382	NoName	0.99975	0.00000	0.00000	0.00000	0.00025	0.00000
383	NoName	0.00000	1.00000	0.00000	0.00000	0.00000	0.00000
384	NoName	0.00000	1.00000	0.00000	0.00000	0.00000	0.00000
385	NoName	0.00000	0.99900	0.00000	0.00000	0.00000	0.00100
386	NoName	0.00000	1.00000	0.00000	0.00000	0.00000	0.00000
387	NoName	0.99986	0.00000	0.00000	0.00000	0.00013	0.00000
388	NoName	0.00000	1.00000	0.00000	0.00000	0.00000	0.00000
389	NoName	0.00000	1.00000	0.00000	0.00000	0.00000	0.00000
390	NoName	0.00000	1.00000	0.00000	0.00000	0.00000	0.00000
391	NoName	0.00000	0.99905	0.00000	0.00003	0.00000	0.00091
392	NoName	0.00000	0.99944	0.00000	0.00001	0.00000	0.00054
393	NoName	0.00000	0.99999	0.00000	0.00000	0.00000	0.00001
394	NoName	0.00000	1.00000	0.00000	0.00000	0.00000	0.00000
395	NoName	0.00000	0.99999	0.00000	0.00000	0.00000	0.00001
396	NoName	0.00000	1.00000	0.00000	0.00000	0.00000	0.00000
397	NoName	0.00000	1.00000	0.00000	0.00000	0.00000	0.00000
398	NoName	0.04061	0.94333	0.00253	0.00330	0.00146	0.00876
399	NoName	0.00000	1.00000	0.00000	0.00000	0.00000	0.00000
400	NoName	0.00000	1.00000	0.00000	0.00000	0.00000	0.00000
401	NoName	0.02418	0.96392	0.00200	0.00204	0.00089	0.00698
402	NoName	0.00000	1.00000	0.00000	0.00000	0.00000	0.00000
403	NoName	0.00000	1.00000	0.00000	0.00000	0.00000	0.00000
404	NoName	0.00000	0.99999	0.00000	0.00000	0.00000	0.00001
405	NoName	0.00000	1.00000	0.00000	0.00000	0.00000	0.00000
406	NoName	0.00000	1.00000	0.00000	0.00000	0.00000	0.00000
407	NoName	0.00000	1.00000	0.00000	0.00000	0.00000	0.00000
408	NoName	0.00000	1.00000	0.00000	0.00000	0.00000	0.00000
409	NoName	0.00000	1.00000	0.00000	0.00000	0.00000	0.00000
410	NoName	0.00000	0.99998	0.00000	0.00000	0.00000	0.00002
411	NoName	0.99984	0.00000	0.00000	0.00000	0.00016	0.00000
412	NoName	0.00000	1.00000	0.00000	0.00000	0.00000	0.00000
413	NoName	0.00000	0.99995	0.00000	0.00000	0.00000	0.00005
414	NoName	0.00000	1.00000	0.00000	0.00000	0.00000	0.00000
415	NoName	0.00000	0.99971	0.00000	0.00000	0.00000	0.00029
416	NoName	0.00000	1.00000	0.00000	0.00000	0.00000	0.00000
417	NoName	0.00000	1.00000	0.00000	0.00000	0.00000	0.00000
418	NoName	0.00000	0.99999	0.00000	0.00000	0.00000	0.00001
419	NoName	0.00000	1.00000	0.00000	0.00000	0.00000	0.00000
420	NoName	0.00000	1.00000	0.00000	0.00000	0.00000	0.00000
421	NoName	0.00000	0.99999	0.00000	0.00000	0.00000	0.00001
422	NoName	0.00000	0.99986	0.00000	0.00000	0.00000	0.00014
423	NoName	0.00000	0.99993	0.00000	0.00000	0.00000	0.00007
424	NoName	0.00000	0.99999	0.00000	0.00000	0.00000	0.00001
425	NoName	0.00000	1.00000	0.00000	0.00000	0.00000	0.00000
426	NoName	0.00000	1.00000	0.00000	0.00000	0.00000	0.00000
427	NoName	0.00000	1.00000	0.00000	0.00000	0.00000	0.00000
428	NoName	0.00000	1.00000	0.00000	0.00000	0.00000	0.00000
429	NoName	0.00000	1.00000	0.00000	0.00000	0.00000	0.00000
430	NoName	0.00000	1.00000	0.00000	0.00000	0.00000	0.00000
431	NoName	0.00000	0.99999	0.00000	0.00000	0.00000	0.00001
432	NoName	0.00000	0.99998	0.00000	0.00000	0.00000	0.00002
433	NoName	0.00000	1.00000	0.00000	0.00000	0.00000	0.00000
434	NoName	0.00000	0.99999	0.00000	0.00000	0.00000	0.00001
435	NoName	0.00000	1.00000	0.00000	0.00000	0.00000	0.00000
436	NoName	0.99990	0.00000	0.00000	0.00000	0.00010	0.00000
437	NoName	0.00000	1.00000	0.00000	0.00000	0.00000	0.00000
438	NoName	0.00000	0.99999	0.00000	0.00000	0.00000	0.00001
439	NoName	0.00000	1.00000	0.00000	0.00000	0.00000	0.00000
440	NoName	0.00000	0.99999	0.00000	0.00000	0.00000	0.00001
441	NoName	0.00000	1.00000	0.00000	0.00000	0.00000	0.00000
442	NoName	0.00000	0.99992	0.00000	0.00000	0.00000	0.00008
443	NoName	0.00000	1.00000	0.00000	0.00000	0.00000	0.00000
444	NoName	0.00000	1.00000	0.00000	0.00000	0.00000	0.00000
445	NoName	0.00000	1.00000	0.00000	0.00000	0.00000	0.00000
446	NoName	0.00000	0.99999	0.00000	0.00000	0.00000	0.00001
447	NoName	0.00000	0.99980	0.00000	0.00000	0.00000	0.00020
448	NoName	0.00000	1.00000	0.00000	0.00000	0.00000	0.00000
449	NoName	0.00000	1.00000	0.00000	0.00000	0.00000	0.00000
450	NoName	0.00000	0.99998	0.00000	0.00000	0.00000	0.00002
451	NoName	0.00000	1.00000	0.00000	0.00000	0.00000	0.00000
452	NoName	0.00002	0.99736	0.00006	0.00021	0.00001	0.00234
453	NoName	0.00000	1.00000	0.00000	0.00000	0.00000	0.00000
454	NoName	0.00000	1.00000	0.00000	0.00000	0.00000	0.00000
455	NoName	0.00000	0.99817	0.00000	0.00010	0.00000	0.00173
456	NoName	0.00000	1.00000	0.00000	0.00000	0.00000	0.00000
457	NoName	0.00000	1.00000	0.00000	0.00000	0.00000	0.00000
458	NoName	0.00000	1.00000	0.00000	0.00000	0.00000	0.00000
459	NoName	0.00000	1.00000	0.00000	0.00000	0.00000	0.00000
460	NoName	1.00000	0.00000	0.00000	0.00000	0.00000	0.00000
461	NoName	0.00000	1.00000	0.00000	0.00000	0.00000	0.00000
462	NoName	0.00000	1.00000	0.00000	0.00000	0.00000	0.00000
463	NoName	0.08876	0.89304	0.00366	0.00352	0.00223	0.00880
464	NoName	0.99997	0.00000	0.00000	0.00000	0.00003	0.00000
465	NoName	0.00000	1.00000	0.00000	0.00000	0.00000	0.00000
466	NoName	0.00000	1.00000	0.00000	0.00000	0.00000	0.00000
467	NoName	0.00001	0.99620	0.00002	0.00057	0.00001	0.00320
468	NoName	0.00000	1.00000	0.00000	0.00000	0.00000	0.00000
469	NoName	0.00000	1.00000	0.00000	0.00000	0.00000	0.00000
470	NoName	0.00000	1.00000	0.00000	0.00000	0.00000	0.00000
471	NoName	0.00000	1.00000	0.00000	0.00000	0.00000	0.00000
472	NoName	0.00000	1.00000	0.00000	0.00000	0.00000	0.00000
473	NoName	0.00000	0.99998	0.00000	0.00000	0.00000	0.00002
474	NoName	0.02318	0.96370	0.00196	0.00249	0.00096	0.00772
475	NoName	0.00000	1.00000	0.00000	0.00000	0.00000	0.00000
476	NoName	0.00000	1.00000	0.00000	0.00000	0.00000	0.00000
477	NoName	0.00000	1.00000	0.00000	0.00000	0.00000	0.00000
478	NoName	0.00000	1.00000	0.00000	0.00000	0.00000	0.00000
479	NoName	0.00000	0.99997	0.00000	0.00000	0.00000	0.00003
480	NoName	0.00000	0.99999	0.00000	0.00000	0.00000	0.00001
481	NoName	0.00000	1.00000	0.00000	0.00000	0.00000	0.00000
482	NoName	0.00000	1.00000	0.00000	0.00000	0.00000	0.00000
483	NoName	0.00000	1.00000	0.00000	0.00000	0.00000	0.00000
484	NoName	0.00000	1.00000	0.00000	0.00000	0.00000	0.00000
485	NoName	0.00000	0.99999	0.00000	0.00000	0.00000	0.00001
486	NoName	0.00000	0.99999	0.00000	0.00000	0.00000	0.00001
487	NoName	0.00000	1.00000	0.00000	0.00000	0.00000	0.00000
488	NoName	0.00000	1.00000	0.00000	0.00000	0.00000	0.00000
489	NoName	0.00000	1.00000	0.00000	0.00000	0.00000	0.00000
490	NoName	0.00000	1.00000	0.00000	0.00000	0.00000	0.00000
491	NoName	0.00000	1.00000	0.00000	0.00000	0.00000	0.00000
492	NoName	0.00000	0.99972	0.00000	0.00000	0.00000	0.00028
493	NoName	0.00000	0.99998	0.00000	0.00000	0.00000	0.00002
494	NoName	0.57491	0.00646	0.00174	0.30516	0.10567	0.00606
495	NoName	0.00000	1.00000	0.00000	0.00000	0.00000	0.00000
496	NoName	0.00000	0.99891	0.00000	0.00000	0.00000	0.00109
497	NoName	0.00000	1.00000	0.00000	0.00000	0.00000	0.00000
498	NoName	0.00000	1.00000	0.00000	0.00000	0.00000	0.00000
499	NoName	0.00000	0.99999	0.00000	0.00000	0.00000	0.00001
500	NoName	0.00000	0.99855	0.00000	0.00007	0.00000	0.00138
501	NoName	0.00000	0.99999	0.00000	0.00000	0.00000	0.00001
502	NoName	0.00712	0.96570	0.00107	0.00978	0.00103	0.01529
503	NoName	0.00000	0.99996	0.00000	0.00000	0.00000	0.00004
504	NoName	0.00000	1.00000	0.00000	0.00000	0.00000	0.00000
505	NoName	0.00000	1.00000	0.00000	0.00000	0.00000	0.00000
506	NoName	1.00000	0.00000	0.00000	0.00000	0.00000	0.00000
507	NoName	1.00000	0.00000	0.00000	0.00000	0.00000	0.00000
508	NoName	0.00000	0.99999	0.00000	0.00000	0.00000	0.00001
509	NoName	0.00000	1.00000	0.00000	0.00000	0.00000	0.00000
510	NoName	0.00000	1.00000	0.00000	0.00000	0.00000	0.00000
511	NoName	0.00000	1.00000	0.00000	0.00000	0.00000	0.00000
512	NoName	0.00000	0.99994	0.00000	0.00000	0.00000	0.00006
513	NoName	0.96828	0.00000	0.00000	0.00000	0.03172	0.00000
514	NoName	0.00000	0.99999	0.00000	0.00000	0.00000	0.00001
515	NoName	0.99998	0.00000	0.00000	0.00000	0.00002	0.00000
516	NoName	0.00000	0.99916	0.00000	0.00003	0.00000	0.00081
517	NoName	0.00000	0.99996	0.00000	0.00000	0.00000	0.00004
518	NoName	0.99998	0.00000	0.00000	0.00000	0.00002	0.00000
519	NoName	0.00000	1.00000	0.00000	0.00000	0.00000	0.00000
520	NoName	0.00000	1.00000	0.00000	0.00000	0.00000	0.00000
521	NoName	0.00000	1.00000	0.00000	0.00000	0.00000	0.00000
522	NoName	0.00000	1.00000	0.00000	0.00000	0.00000	0.00000
523	NoName	0.00000	1.00000	0.00000	0.00000	0.00000	0.00000
524	NoName	0.00000	1.00000	0.00000	0.00000	0.00000	0.00000
525	NoName	0.00000	0.99997	0.00000	0.00000	0.00000	0.00003
526	NoName	0.00000	0.99993	0.00000	0.00000	0.00000	0.00007
527	NoName	0.00000	1.00000	0.00000	0.00000	0.00000	0.00000
528	NoName	0.00000	0.99985	0.00000	0.00000	0.00000	0.00014
529	NoName	0.00000	0.99749	0.00001	0.00021	0.00000	0.00229
530	NoName	0.00000	1.00000	0.00000	0.00000	0.00000	0.00000
531	NoName	0.00000	1.00000	0.00000	0.00000	0.00000	0.00000
532	NoName	0.00000	0.97888	0.00000	0.00000	0.00000	0.02112
533	NoName	0.99999	0.00000	0.00000	0.00000	0.00001	0.00000
534	NoName	0.00000	1.00000	0.00000	0.00000	0.00000	0.00000
535	NoName	0.00000	1.00000	0.00000	0.00000	0.00000	0.00000
536	NoName	0.00000	1.00000	0.00000	0.00000	0.00000	0.00000
537	NoName	0.99999	0.00000	0.00000	0.00000	0.00001	0.00000
538	NoName	0.00000	0.99993	0.00000	0.00000	0.00000	0.00007
539	NoName	0.00000	0.99999	0.00000	0.00000	0.00000	0.00001
540	NoName	0.99420	0.00000	0.00000	0.00129	0.00451	0.00000
541	NoName	1.00000	0.00000	0.00000	0.00000	0.00000	0.00000
542	NoName	1.00000	0.00000	0.00000	0.00000	0.00000	0.00000
543	NoName	0.00000	1.00000	0.00000	0.00000	0.00000	0.00000
544	NoName	0.00000	1.00000	0.00000	0.00000	0.00000	0.00000
545	NoName	0.00000	1.00000	0.00000	0.00000	0.00000	0.00000
546	NoName	0.00000	1.00000	0.00000	0.00000	0.00000	0.00000
547	NoName	0.00000	1.00000	0.00000	0.00000	0.00000	0.00000
548	NoName	0.99987	0.00000	0.00000	0.00000	0.00013	0.00000
549	NoName	0.00000	0.99857	0.00000	0.00000	0.00000	0.00143
550	NoName	0.00000	0.99999	0.00000	0.00000	0.00000	0.00001
551	NoName	1.00000	0.00000	0.00000	0.00000	0.00000	0.00000
552	NoName	0.00000	1.00000	0.00000	0.00000	0.00000	0.00000
553	NoName	0.00000	0.99999	0.00000	0.00000	0.00000	0.00001
554	NoName	0.00000	1.00000	0.00000	0.00000	0.00000	0.00000
555	NoName	0.00000	1.00000	0.00000	0.00000	0.00000	0.00000
556	NoName	0.00000	0.00000	0.83098	0.05342	0.11558	0.00002
557	NoName	0.00000	1.00000	0.00000	0.00000	0.00000	0.00000
558	NoName	0.00000	0.99942	0.00000	0.00000	0.00000	0.00058
559	NoName	1.00000	0.00000	0.00000	0.00000	0.00000	0.00000
560	NoName	0.99999	0.00000	0.00000	0.00000	0.00001	0.00000
561	NoName	0.99999	0.00000	0.00000	0.00000	0.00001	0.00000
562	NoName	1.00000	0.00000	0.00000	0.00000	0.00000	0.00000
563	NoName	0.00000	0.99904	0.00000	0.00000	0.00000	0.00096
564	NoName	0.00000	1.00000	0.00000	0.00000	0.00000	0.00000
565	NoName	0.99999	0.00000	0.00000	0.00000	0.00001	0.00000
566	NoName	0.00000	1.00000	0.00000	0.00000	0.00000	0.00000
567	NoName	0.18861	0.78869	0.00508	0.00452	0.00369	0.00941
568	NoName	0.99998	0.00000	0.00000	0.00000	0.00002	0.00000
569	NoName	0.00000	1.00000	0.00000	0.00000	0.00000	0.00000
570	NoName	0.00000	1.00000	0.00000	0.00000	0.00000	0.00000
571	NoName	0.00000	0.99999	0.00000	0.00000	0.00000	0.00001
572	NoName	0.00000	1.00000	0.00000	0.00000	0.00000	0.00000
573	NoName	0.00000	0.99995	0.00000	0.00000	0.00000	0.00005
574	NoName	0.00000	0.99998	0.00000	0.00000	0.00000	0.00002
575	NoName	0.00006	0.00000	0.00001	0.02775	0.97217	0.00000
576	NoName	0.00000	0.99998	0.00000	0.00000	0.00000	0.00002
577	NoName	0.99996	0.00000	0.00000	0.00000	0.00004	0.00000
578	NoName	0.00000	1.00000	0.00000	0.00000	0.00000	0.00000
579	NoName	0.00000	0.72178	0.00000	0.00007	0.00000	0.27815
580	NoName	0.00000	0.99915	0.00000	0.00003	0.00000	0.00083
581	NoName	0.00000	1.00000	0.00000	0.00000	0.00000	0.00000
582	NoName	0.00000	0.99994	0.00000	0.00000	0.00000	0.00006
583	NoName	0.00000	0.99987	0.00000	0.00000	0.00000	0.00013
584	NoName	0.00000	1.00000	0.00000	0.00000	0.00000	0.00000
585	NoName	0.00000	0.99985	0.00000	0.00000	0.00000	0.00015
586	NoName	0.00000	1.00000	0.00000	0.00000	0.00000	0.00000
587	NoName	0.00000	1.00000	0.00000	0.00000	0.00000	0.00000
588	NoName	0.00000	1.00000	0.00000	0.00000	0.00000	0.00000
589	NoName	0.00000	1.00000	0.00000	0.00000	0.00000	0.00000
590	NoName	0.00000	1.00000	0.00000	0.00000	0.00000	0.00000
591	NoName	0.00000	0.99949	0.00000	0.00001	0.00000	0.00050
592	NoName	0.00000	0.99982	0.00000	0.00000	0.00000	0.00018
593	NoName	0.00000	1.00000	0.00000	0.00000	0.00000	0.00000
594	NoName	0.00000	1.00000	0.00000	0.00000	0.00000	0.00000
595	NoName	0.00000	1.00000	0.00000	0.00000	0.00000	0.00000
596	NoName	0.00000	0.99947	0.00000	0.00001	0.00000	0.00052
597	NoName	0.00000	0.99999	0.00000	0.00000	0.00000	0.00001
598	NoName	0.00000	0.99949	0.00000	0.00001	0.00000	0.00050
599	NoName	0.00000	0.99806	0.00000	0.00002	0.00000	0.00192
600	NoName	0.00000	1.00000	0.00000	0.00000	0.00000	0.00000
601	NoName	0.03207	0.95483	0.00229	0.00232	0.00109	0.00741
602	NoName	0.99990	0.00000	0.00000	0.00000	0.00010	0.00000
603	NoName	0.99936	0.00000	0.00000	0.00002	0.00061	0.00000
604	NoName	0.00000	0.99999	0.00000	0.00000	0.00000	0.00001
605	NoName	0.00000	0.99986	0.00000	0.00000	0.00000	0.00014
606	NoName	0.00000	1.00000	0.00000	0.00000	0.00000	0.00000
607	NoName	0.00000	1.00000	0.00000	0.00000	0.00000	0.00000
608	NoName	0.00000	1.00000	0.00000	0.00000	0.00000	0.00000
609	NoName	0.00000	0.99996	0.00000	0.00000	0.00000	0.00004
610	NoName	0.99994	0.00000	0.00000	0.00000	0.00006	0.00000
611	NoName	0.00000	0.99979	0.00000	0.00000	0.00000	0.00021
612	NoName	0.00000	1.00000	0.00000	0.00000	0.00000	0.00000
613	NoName	0.00000	1.00000	0.00000	0.00000	0.00000	0.00000
614	NoName	0.00000	0.99978	0.00000	0.00000	0.00000	0.00022
615	NoName	0.00000	1.00000	0.00000	0.00000	0.00000	0.00000
616	NoName	0.00000	1.00000	0.00000	0.00000	0.00000	0.00000
617	NoName	0.00000	1.00000	0.00000	0.00000	0.00000	0.00000
618	NoName	0.00000	1.00000	0.00000	0.00000	0.00000	0.00000
619	NoName	0.00000	0.99999	0.00000	0.00000	0.00000	0.00001
620	NoName	0.00000	1.00000	0.00000	0.00000	0.00000	0.00000
621	NoName	0.00000	1.00000	0.00000	0.00000	0.00000	0.00000
622	NoName	0.00000	0.99972	0.00000	0.00000	0.00000	0.00028
623	NoName	0.00000	1.00000	0.00000	0.00000	0.00000	0.00000
624	NoName	0.00000	1.00000	0.00000	0.00000	0.00000	0.00000
625	NoName	0.00000	0.99998	0.00000	0.00000	0.00000	0.00002
626	NoName	0.00115	0.98041	0.00041	0.00583	0.00031	0.01189
627	NoName	0.00000	1.00000	0.00000	0.00000	0.00000	0.00000
628	NoName	0.00000	1.00000	0.00000	0.00000	0.00000	0.00000
629	NoName	0.00000	1.00000	0.00000	0.00000	0.00000	0.00000
630	NoName	0.00000	0.99999	0.00000	0.00000	0.00000	0.00001
631	NoName	0.00000	1.00000	0.00000	0.00000	0.00000	0.00000
632	NoName	1.00000	0.00000	0.00000	0.00000	0.00000	0.00000
633	NoName	0.00000	1.00000	0.00000	0.00000	0.00000	0.00000
634	NoName	0.00000	1.00000	0.00000	0.00000	0.00000	0.00000
635	NoName	0.00000	0.99999	0.00000	0.00000	0.00000	0.00001
636	NoName	0.00000	0.99902	0.00000	0.00004	0.00000	0.00094
637	NoName	0.00000	0.99998	0.00000	0.00000	0.00000	0.00002
638	NoName	0.00000	1.00000	0.00000	0.00000	0.00000	0.00000
639	NoName	0.00000	0.99998	0.00000	0.00000	0.00000	0.00002
640	NoName	0.00000	0.99997	0.00000	0.00000	0.00000	0.00003
641	NoName	0.00000	1.00000	0.00000	0.00000	0.00000	0.00000
642	NoName	0.00000	0.99998	0.00000	0.00000	0.00000	0.00002
643	NoName	0.00000	0.99992	0.00000	0.00000	0.00000	0.00008
644	NoName	0.00000	0.00000	0.00001	0.00319	0.00000	0.99680
645	NoName	0.00000	0.99998	0.00000	0.00000	0.00000	0.00002
646	NoName	0.00000	1.00000	0.00000	0.00000	0.00000	0.00000
647	NoName	0.00000	0.99999	0.00000	0.00000	0.00000	0.00001
648	NoName	0.00000	1.00000	0.00000	0.00000	0.00000	0.00000
649	NoName	0.00000	0.99960	0.00000	0.00000	0.00000	0.00039
650	NoName	0.89710	0.00000	0.00000	0.00072	0.10218	0.00000
651	NoName	0.00000	1.00000	0.00000	0.00000	0.00000	0.00000
652	NoName	0.00000	1.00000	0.00000	0.00000	0.00000	0.00000
653	NoName	0.99869	0.00000	0.00000	0.00004	0.00127	0.00000
654	NoName	0.00000	1.00000	0.00000	0.00000	0.00000	0.00000
655	NoName	0.00000	1.00000	0.00000	0.00000	0.00000	0.00000
656	NoName	0.00000	1.00000	0.00000	0.00000	0.00000	0.00000
657	NoName	0.00000	0.99999	0.00000	0.00000	0.00000	0.00001
658	NoName	0.00000	1.00000	0.00000	0.00000	0.00000	0.00000
659	NoName	0.99964	0.00000	0.00000	0.00001	0.00035	0.00000
660	NoName	0.00000	0.99342	0.00000	0.00029	0.00000	0.00629
661	NoName	0.00000	1.00000	0.00000	0.00000	0.00000	0.00000
662	NoName	0.00000	1.00000	0.00000	0.00000	0.00000	0.00000
663	NoName	0.00116	0.99369	0.00044	0.00064	0.00011	0.00396
664	NoName	1.00000	0.00000	0.00000	0.00000	0.00000	0.00000
665	NoName	0.00000	0.99980	0.00000	0.00000	0.00000	0.00020
666	NoName	1.00000	0.00000	0.00000	0.00000	0.00000	0.00000
667	NoName	1.00000	0.00000	0.00000	0.00000	0.00000	0.00000
668	NoName	0.99999	0.00000	0.00000	0.00000	0.00001	0.00000
669	NoName	0.99942	0.00000	0.00000	0.00000	0.00058	0.00000
670	NoName	0.99996	0.00000	0.00000	0.00000	0.00004	0.00000
671	NoName	0.00000	0.99988	0.00000	0.00000	0.00000	0.00012
672	NoName	0.00000	1.00000	0.00000	0.00000	0.00000	0.00000
673	NoName	0.00000	0.99995	0.00000	0.00000	0.00000	0.00005
674	NoName	0.15321	0.82043	0.00329	0.00745	0.00356	0.01206
675	NoName	0.00000	0.99994	0.00000	0.00000	0.00000	0.00006
676	NoName	0.00000	0.99992	0.00000	0.00000	0.00000	0.00008
677	NoName	0.00000	1.00000	0.00000	0.00000	0.00000	0.00000
678	NoName	0.99978	0.00000	0.00000	0.00000	0.00022	0.00000
679	NoName	0.00000	0.99999	0.00000	0.00000	0.00000	0.00001
680	NoName	0.00000	0.99981	0.00000	0.00000	0.00000	0.00019
681	NoName	0.00000	1.00000	0.00000	0.00000	0.00000	0.00000
682	NoName	0.00000	1.00000	0.00000	0.00000	0.00000	0.00000
683	NoName	0.00000	0.99999	0.00000	0.00000	0.00000	0.00001
684	NoName	0.00000	0.99989	0.00000	0.00000	0.00000	0.00011
685	NoName	0.00000	1.00000	0.00000	0.00000	0.00000	0.00000
686	NoName	0.00000	0.99996	0.00000	0.00000	0.00000	0.00004
687	NoName	0.00000	0.99995	0.00000	0.00000	0.00000	0.00005
688	NoName	0.00000	1.00000	0.00000	0.00000	0.00000	0.00000
689	NoName	0.00000	0.99999	0.00000	0.00000	0.00000	0.00001
690	NoName	0.00000	1.00000	0.00000	0.00000	0.00000	0.00000
691	NoName	0.00000	1.00000	0.00000	0.00000	0.00000	0.00000
692	NoName	0.00000	0.99998	0.00000	0.00000	0.00000	0.00002
693	NoName	0.00000	1.00000	0.00000	0.00000	0.00000	0.00000
694	NoName	0.00000	0.99534	0.00001	0.00065	0.00000	0.00400
695	NoName	0.00000	1.00000	0.00000	0.00000	0.00000	0.00000
696	NoName	0.00000	0.99999	0.00000	0.00000	0.00000	0.00001
697	NoName	0.00000	0.99609	0.00000	0.00012	0.00000	0.00379
698	NoName	0.00000	0.99997	0.00000	0.00000	0.00000	0.00003
699	NoName	0.00000	1.00000	0.00000	0.00000	0.00000	0.00000
700	NoName	0.00000	0.99999	0.00000	0.00000	0.00000	0.00001
701	NoName	1.00000	0.00000	0.00000	0.00000	0.00000	0.00000
702	NoName	0.99998	0.00000	0.00000	0.00000	0.00002	0.00000
703	NoName	0.99998	0.00000	0.00000	0.00000	0.00002	0.00000
704	NoName	0.99932	0.00000	0.00000	0.00002	0.00066	0.00000
705	NoName	0.00000	0.99988	0.00000	0.00000	0.00000	0.00012
706	NoName	0.00000	0.99987	0.00000	0.00000	0.00000	0.00013
707	NoName	0.99995	0.00000	0.00000	0.00000	0.00005	0.00000
708	NoName	0.00000	1.00000	0.00000	0.00000	0.00000	0.00000
709	NoName	0.00000	0.92741	0.00000	0.00033	0.00000	0.07226
710	NoName	0.00000	1.00000	0.00000	0.00000	0.00000	0.00000
711	NoName	0.00000	0.99995	0.00000	0.00000	0.00000	0.00005
712	NoName	0.00000	1.00000	0.00000	0.00000	0.00000	0.00000
713	NoName	0.00000	1.00000	0.00000	0.00000	0.00000	0.00000
714	NoName	1.00000	0.00000	0.00000	0.00000	0.00000	0.00000
715	NoName	0.00000	0.99990	0.00000	0.00000	0.00000	0.00010
716	NoName	0.00000	1.00000	0.00000	0.00000	0.00000	0.00000
717	NoName	0.00000	0.99999	0.00000	0.00000	0.00000	0.00001
718	NoName	1.00000	0.00000	0.00000	0.00000	0.00000	0.00000
719	NoName	0.00000	0.99999	0.00000	0.00000	0.00000	0.00001
720	NoName	0.00000	1.00000	0.00000	0.00000	0.00000	0.00000
721	NoName	0.00000	1.00000	0.00000	0.00000	0.00000	0.00000
722	NoName	0.00000	1.00000	0.00000	0.00000	0.00000	0.00000
723	NoName	0.00000	1.00000	0.00000	0.00000	0.00000	0.00000
724	NoName	0.00000	0.99505	0.00001	0.00073	0.00000	0.00419
725	NoName	0.24850	0.71683	0.00551	0.00978	0.00622	0.01316
726	NoName	0.00000	1.00000	0.00000	0.00000	0.00000	0.00000
727	NoName	0.00000	1.00000	0.00000	0.00000	0.00000	0.00000
728	NoName	0.00000	0.99936	0.00000	0.00001	0.00000	0.00063
729	NoName	0.00000	1.00000	0.00000	0.00000	0.00000	0.00000
730	NoName	0.00000	1.00000	0.00000	0.00000	0.00000	0.00000
731	NoName	0.00000	1.00000	0.00000	0.00000	0.00000	0.00000
732	NoName	0.99998	0.00000	0.00000	0.00000	0.00002	0.00000
733	NoName	0.00000	1.00000	0.00000	0.00000	0.00000	0.00000
734	NoName	0.00000	0.99995	0.00000	0.00000	0.00000	0.00005
735	NoName	0.00000	1.00000	0.00000	0.00000	0.00000	0.00000
736	NoName	0.00000	0.99991	0.00000	0.00000	0.00000	0.00009
737	NoName	0.00000	1.00000	0.00000	0.00000	0.00000	0.00000
738	NoName	0.99992	0.00000	0.00000	0.00000	0.00008	0.00000
739	NoName	0.00000	0.99664	0.00000	0.00036	0.00000	0.00299
740	NoName	0.00000	1.00000	0.00000	0.00000	0.00000	0.00000
741	NoName	0.99998	0.00000	0.00000	0.00000	0.00002	0.00000
742	NoName	0.00000	1.00000	0.00000	0.00000	0.00000	0.00000
743	NoName	0.00000	0.99999	0.00000	0.00000	0.00000	0.00001
744	NoName	0.00000	0.99995	0.00000	0.00000	0.00000	0.00005
745	NoName	1.00000	0.00000	0.00000	0.00000	0.00000	0.00000
746	NoName	0.00000	1.00000	0.00000	0.00000	0.00000	0.00000
747	NoName	0.00000	1.00000	0.00000	0.00000	0.00000	0.00000
748	NoName	0.00000	1.00000	0.00000	0.00000	0.00000	0.00000
749	NoName	0.00000	0.99996	0.00000	0.00000	0.00000	0.00004
750	NoName	0.18847	0.78885	0.00508	0.00451	0.00369	0.00940
751	NoName	0.00000	0.99999	0.00000	0.00000	0.00000	0.00001
752	NoName	0.00000	0.99992	0.00000	0.00000	0.00000	0.00008
753	NoName	0.00000	0.99999	0.00000	0.00000	0.00000	0.00001
754	NoName	0.00000	1.00000	0.00000	0.00000	0.00000	0.00000
755	NoName	0.00000	0.99996	0.00000	0.00000	0.00000	0.00004
756	NoName	0.00000	1.00000	0.00000	0.00000	0.00000	0.00000
757	NoName	0.00000	0.99899	0.00000	0.00003	0.00000	0.00097
758	NoName	0.00000	0.99987	0.00000	0.00000	0.00000	0.00013
759	NoName	0.99998	0.00000	0.00000	0.00000	0.00002	0.00000
760	NoName	1.00000	0.00000	0.00000	0.00000	0.00000	0.00000
761	NoName	0.00000	0.00150	0.00000	0.93567	0.00000	0.06283
762	NoName	0.00000	1.00000	0.00000	0.00000	0.00000	0.00000
763	NoName	0.00000	1.00000	0.00000	0.00000	0.00000	0.00000
764	NoName	0.00000	1.00000	0.00000	0.00000	0.00000	0.00000
765	NoName	0.00000	0.99999	0.00000	0.00000	0.00000	0.00001
766	NoName	0.00000	1.00000	0.00000	0.00000	0.00000	0.00000
767	NoName	0.00000	1.00000	0.00000	0.00000	0.00000	0.00000
768	NoName	0.00000	0.99998	0.00000	0.00000	0.00000	0.00002
769	NoName	0.00000	0.99984	0.00000	0.00000	0.00000	0.00016
770	NoName	0.00000	1.00000	0.00000	0.00000	0.00000	0.00000
771	NoName	0.00000	1.00000	0.00000	0.00000	0.00000	0.00000
772	NoName	0.00000	1.00000	0.00000	0.00000	0.00000	0.00000
773	NoName	0.00000	0.99991	0.00000	0.00000	0.00000	0.00009
774	NoName	0.00000	0.99999	0.00000	0.00000	0.00000	0.00001
775	NoName	0.00000	1.00000	0.00000	0.00000	0.00000	0.00000
776	NoName	0.00000	1.00000	0.00000	0.00000	0.00000	0.00000
