999901_sweeps	1.000/0.000/0.000/0.000	0.000/0.000/0.000/1.000	0.000/0.500/0.500/0.000	0.250/0.250/0.250/0.250	0.500/0.250/0.250/0.000	0.000/0.250/0.250/0.500
1	0.00000	0.99979	0.00000	0.00000	0.00000	0.00021
2	0.00000	0.99999	0.00000	0.00000	0.00000	0.00001
3	0.00000	0.99996	0.00000	0.00000	0.00000	0.00004
4	0.00000	0.86412	0.00108	0.01641	0.00016	0.11821
5	0.00000	0.99980	0.00000	0.00000	0.00000	0.00020
6	0.00000	0.99966	0.00000	0.00000	0.00000	0.00034
7	0.00000	0.99927	0.00000	0.00000	0.00000	0.00073
8	0.00000	0.99099	0.00000	0.00000	0.00000	0.00901
9	0.00000	0.99984	0.00000	0.00000	0.00000	0.00016
10	0.11092	0.00000	0.00000	0.00104	0.88804	0.00000
11	0.99997	0.00000	0.00000	0.00000	0.00003	0.00000
12	0.00000	0.55812	0.00005	0.03071	0.00000	0.41112
13	0.00000	0.99993	0.00000	0.00000	0.00000	0.00007
14	0.00000	0.99999	0.00000	0.00000	0.00000	0.00001
15	0.00000	0.99983	0.00000	0.00000	0.00000	0.00017
16	0.00000	0.99523	0.00000	0.00002	0.00000	0.00475
17	0.99987	0.00000	0.00000	0.00000	0.00013	0.00000
18	0.48074	0.00686	0.05608	0.15388	0.27015	0.03229
19	0.00000	0.97858	0.00000	0.00054	0.00000	0.02089
20	0.99982	0.00000	0.00000	0.00000	0.00018	0.00000
21	0.34127	0.05228	0.13928	0.14959	0.22810	0.08947
22	0.00000	0.99938	0.00000	0.00000	0.00000	0.00062
23	0.99741	0.00000	0.00000	0.00000	0.00259	0.00000
24	0.99993	0.00000	0.00000	0.00000	0.00007	0.00000
25	0.99999	0.00000	0.00000	0.00000	0.00001	0.00000
26	0.00000	0.99997	0.00000	0.00000	0.00000	0.00003
27	0.00000	0.99998	0.00000	0.00000	0.00000	0.00002
28	0.00000	0.98942	0.00000	0.00000	0.00000	0.01058
29	0.00000	0.99988	0.00000	0.00000	0.00000	0.00012
30	0.99826	0.00000	0.00000	0.00000	0.00174	0.00000
31	0.99995	0.00000	0.00000	0.00000	0.00005	0.00000
32	0.00000	0.94773	0.00000	0.00265	0.00000	0.04962
33	0.99418	0.00000	0.00000	0.00001	0.00580	0.00000
34	0.01205	0.43899	0.07146	0.16473	0.04397	0.26879
35	0.00000	0.92339	0.00001	0.00412	0.00000	0.07249
36	0.00000	0.99638	0.00000	0.00000	0.00000	0.00362
37	0.99999	0.00000	0.00000	0.00000	0.00001	0.00000
38	0.99998	0.00000	0.00000	0.00000	0.00002	0.00000
39	0.00000	0.99956	0.00000	0.00000	0.00000	0.00044
40	0.00000	0.99956	0.00000	0.00000	0.00000	0.00044
41	0.00000	0.99996	0.00000	0.00000	0.00000	0.00004
42	0.00000	0.99989	0.00000	0.00000	0.00000	0.00011
43	0.73426	0.00000	0.00000	0.00001	0.26573	0.00000
44	0.00000	0.99993	0.00000	0.00000	0.00000	0.00007
45	0.99996	0.00000	0.00000	0.00000	0.00004	0.00000
46	0.00000	0.99647	0.00000	0.00000	0.00000	0.00353
47	0.00000	0.99994	0.00000	0.00000	0.00000	0.00006
48	0.98814	0.00000	0.00000	0.00000	0.01186	0.00000
49	0.99692	0.00000	0.00000	0.00000	0.00308	0.00000
50	0.00000	0.98013	0.00000	0.00037	0.00000	0.01950
51	0.00000	0.99998	0.00000	0.00000	0.00000	0.00002
52	0.00000	0.99990	0.00000	0.00000	0.00000	0.00010
53	0.00045	0.00000	0.00000	0.86340	0.13616	0.00000
54	0.00000	0.99935	0.00000	0.00000	0.00000	0.00065
55	0.00000	0.99994	0.00000	0.00000	0.00000	0.00006
56	0.22326	0.00000	0.00000	0.48699	0.28975	0.00000
57	0.00000	0.99917	0.00000	0.00000	0.00000	0.00083
58	0.00000	0.99997	0.00000	0.00000	0.00000	0.00003
59	0.00000	0.99316	0.00000	0.00005	0.00000	0.00679
60	0.00000	0.99996	0.00000	0.00000	0.00000	0.00004
61	0.00000	0.99999	0.00000	0.00000	0.00000	0.00001
62	0.00000	0.99903	0.00000	0.00000	0.00000	0.00097
63	0.00000	0.99991	0.00000	0.00000	0.00000	0.00009
64	0.00000	0.99975	0.00000	0.00000	0.00000	0.00025
65	0.00000	0.99938	0.00000	0.00000	0.00000	0.00062
66	0.99967	0.00000	0.00000	0.00000	0.00033	0.00000
67	0.00000	0.99999	0.00000	0.00000	0.00000	0.00001
68	0.00000	0.99975	0.00000	0.00000	0.00000	0.00025
69	0.00000	0.95716	0.00000	0.00179	0.00000	0.04104
70	0.00000	0.99979	0.00000	0.00000	0.00000	0.00021
71	0.00000	0.99986	0.00000	0.00000	0.00000	0.00014
72	0.00000	0.99992	0.00000	0.00000	0.00000	0.00008
73	0.00000	0.98222	0.00000	0.00031	0.00000	0.01747
74	0.00000	0.99962	0.00000	0.00000	0.00000	0.00038
75	0.00000	0.99995	0.00000	0.00000	0.00000	0.00005
76	0.00000	0.99999	0.00000	0.00000	0.00000	0.00001
77	0.99989	0.00000	0.00000	0.00000	0.00011	0.00000
78	0.99940	0.00000	0.00000	0.00000	0.00060	0.00000
79	0.99951	0.00000	0.00000	0.00000	0.00049	0.00000
80	0.00000	0.98208	0.00000	0.00031	0.00000	0.01761
81	0.00000	0.94990	0.00000	0.00008	0.00000	0.05002
82	0.09829	0.24547	0.15489	0.16900	0.12876	0.20357
83	0.99963	0.00000	0.00000	0.00000	0.00037	0.00000
84	0.00000	0.99878	0.00000	0.00000	0.00000	0.00122
85	0.99988	0.00000	0.00000	0.00000	0.00012	0.00000
86	0.99944	0.00000	0.00000	0.00000	0.00056	0.00000
87	0.00000	0.99986	0.00000	0.00000	0.00000	0.00014
88	0.99929	0.00000	0.00000	0.00000	0.00071	0.00000
89	0.00000	0.99923	0.00000	0.00000	0.00000	0.00077
90	0.00000	0.99998	0.00000	0.00000	0.00000	0.00002
91	0.95718	0.00000	0.00000	0.00178	0.04104	0.00000
92	0.00000	0.00000	0.00000	0.00129	0.00000	0.99871
93	0.00000	0.99990	0.00000	0.00000	0.00000	0.00010
94	0.94585	0.00000	0.00000	0.00146	0.05268	0.00000
95	0.00000	0.99960	0.00000	0.00000	0.00000	0.00040
96	0.00000	0.00321	0.00000	0.00957	0.00000	0.98722
97	0.99967	0.00000	0.00000	0.00000	0.00033	0.00000
98	0.00000	0.98744	0.00000	0.00007	0.00000	0.01249
99	0.00955	0.52379	0.07744	0.11090	0.03362	0.24471
100	0.00000	0.99998	0.00000	0.00000	0.00000	0.00002
101	0.00000	0.99920	0.00000	0.00000	0.00000	0.00080
102	0.00000	0.99932	0.00000	0.00000	0.00000	0.00068
103	0.00000	0.99982	0.00000	0.00000	0.00000	0.00018
104	0.00000	0.99997	0.00000	0.00000	0.00000	0.00003
105	0.00024	0.73716	0.01894	0.04673	0.00407	0.19286
106	0.00000	0.99846	0.00000	0.00000	0.00000	0.00154
107	0.00000	0.98942	0.00000	0.00000	0.00000	0.01058
108	0.99983	0.00000	0.00000	0.00000	0.00017	0.00000
109	0.00000	0.99994	0.00000	0.00000	0.00000	0.00006
110	0.00000	1.00000	0.00000	0.00000	0.00000	0.00000
111	0.00000	0.99999	0.00000	0.00000	0.00000	0.00001
112	0.97591	0.00000	0.00000	0.00002	0.02407	0.00000
113	0.93428	0.00000	0.00000	0.00080	0.06492	0.00000
114	0.00000	0.99988	0.00000	0.00000	0.00000	0.00012
115	0.00000	0.99996	0.00000	0.00000	0.00000	0.00004
116	0.97396	0.00000	0.00000	0.00000	0.02604	0.00000
117	0.00000	0.99914	0.00000	0.00000	0.00000	0.00086
118	0.99968	0.00000	0.00000	0.00000	0.00032	0.00000
119	0.99993	0.00000	0.00000	0.00000	0.00007	0.00000
120	0.00000	0.99979	0.00000	0.00000	0.00000	0.00021
121	0.00000	0.99978	0.00000	0.00000	0.00000	0.00022
122	0.00000	0.96670	0.00000	0.00002	0.00000	0.03329
123	0.21243	0.11764	0.15783	0.17548	0.19299	0.14362
124	0.00000	0.99988	0.00000	0.00000	0.00000	0.00012
125	0.00000	0.95817	0.00000	0.00048	0.00000	0.04135
126	0.00000	0.99992	0.00000	0.00000	0.00000	0.00008
127	0.00000	0.99959	0.00000	0.00000	0.00000	0.00041
128	0.00000	0.99228	0.00000	0.00001	0.00000	0.00771
129	0.00000	0.99974	0.00000	0.00000	0.00000	0.00026
130	0.00000	0.99396	0.00000	0.00000	0.00000	0.00604
131	0.99757	0.00000	0.00000	0.00000	0.00243	0.00000
132	0.00000	0.99998	0.00000	0.00000	0.00000	0.00002
133	0.00000	0.99997	0.00000	0.00000	0.00000	0.00003
134	0.00000	0.99993	0.00000	0.00000	0.00000	0.00007
135	0.00000	0.99988	0.00000	0.00000	0.00000	0.00012
136	0.00000	0.99999	0.00000	0.00000	0.00000	0.00001
137	0.00000	0.99997	0.00000	0.00000	0.00000	0.00003
138	0.99503	0.00000	0.00000	0.00002	0.00496	0.00000
139	0.99788	0.00000	0.00000	0.00000	0.00212	0.00000
140	0.99949	0.00000	0.00000	0.00000	0.00051	0.00000
141	0.90854	0.00000	0.00000	0.00793	0.08353	0.00000
142	0.99011	0.00000	0.00000	0.00000	0.00989	0.00000
143	0.00000	0.99994	0.00000	0.00000	0.00000	0.00006
144	0.99254	0.00000	0.00000	0.00000	0.00746	0.00000
145	0.99871	0.00000	0.00000	0.00000	0.00129	0.00000
146	0.99761	0.00000	0.00000	0.00000	0.00239	0.00000
147	0.83139	0.00000	0.00000	0.01447	0.15414	0.00000
148	0.99998	0.00000	0.00000	0.00000	0.00002	0.00000
149	0.99990	0.00000	0.00000	0.00000	0.00010	0.00000
150	0.99934	0.00000	0.00000	0.00000	0.00066	0.00000
151	0.00000	0.97104	0.00000	0.00056	0.00000	0.02840
152	0.00001	0.73088	0.00112	0.06490	0.00045	0.20264
153	0.00000	0.99934	0.00000	0.00000	0.00000	0.00066
154	0.00000	0.99605	0.00000	0.00000	0.00000	0.00395
155	0.00000	0.99377	0.00000	0.00001	0.00000	0.00622
156	0.00000	0.99975	0.00000	0.00000	0.00000	0.00025
157	0.00000	0.99972	0.00000	0.00000	0.00000	0.00028
158	0.00000	0.99999	0.00000	0.00000	0.00000	0.00001
159	0.00000	0.99805	0.00000	0.00000	0.00000	0.00195
160	0.00000	0.99993	0.00000	0.00000	0.00000	0.00007
161	0.00000	0.99998	0.00000	0.00000	0.00000	0.00002
162	0.99995	0.00000	0.00000	0.00000	0.00005	0.00000
163	0.00000	0.99996	0.00000	0.00000	0.00000	0.00004
164	0.00000	0.99151	0.00000	0.00000	0.00000	0.00849
165	0.00000	0.89339	0.00003	0.01048	0.00000	0.09610
166	0.99986	0.00000	0.00000	0.00000	0.00014	0.00000
167	0.99959	0.00000	0.00000	0.00000	0.00041	0.00000
168	0.99997	0.00000	0.00000	0.00000	0.00003	0.00000
169	0.00000	0.99252	0.00000	0.00002	0.00000	0.00746
170	0.00000	0.99801	0.00000	0.00000	0.00000	0.00199
171	0.00000	0.99988	0.00000	0.00000	0.00000	0.00012
172	0.00000	0.96341	0.00000	0.00000	0.00000	0.03659
173	0.99991	0.00000	0.00000	0.00000	0.00009	0.00000
174	0.00000	0.98905	0.00000	0.00000	0.00000	0.01095
175	0.00000	0.99871	0.00000	0.00000	0.00000	0.00129
176	0.00000	0.99996	0.00000	0.00000	0.00000	0.00004
177	0.00000	0.99996	0.00000	0.00000	0.00000	0.00004
178	0.99997	0.00000	0.00000	0.00000	0.00003	0.00000
179	0.99985	0.00000	0.00000	0.00000	0.00015	0.00000
180	0.00000	0.99941	0.00000	0.00000	0.00000	0.00059
181	0.00000	0.99996	0.00000	0.00000	0.00000	0.00004
182	0.99428	0.00000	0.00000	0.00002	0.00571	0.00000
183	0.00000	0.99017	0.00000	0.00000	0.00000	0.00983
184	0.00000	0.99640	0.00000	0.00000	0.00000	0.00360
185	0.00000	0.99997	0.00000	0.00000	0.00000	0.00003
186	0.99958	0.00000	0.00000	0.00000	0.00042	0.00000
187	0.00000	0.99989	0.00000	0.00000	0.00000	0.00011
188	0.00000	0.99876	0.00000	0.00000	0.00000	0.00124
189	0.00000	0.99990	0.00000	0.00000	0.00000	0.00010
190	0.00000	0.99931	0.00000	0.00000	0.00000	0.00069
191	0.99885	0.00000	0.00000	0.00000	0.00115	0.00000
192	0.99888	0.00000	0.00000	0.00000	0.00111	0.00000
193	0.99999	0.00000	0.00000	0.00000	0.00001	0.00000
194	0.00000	0.99994	0.00000	0.00000	0.00000	0.00006
195	0.00000	0.99976	0.00000	0.00000	0.00000	0.00024
196	0.00000	0.99992	0.00000	0.00000	0.00000	0.00008
197	0.00000	0.99405	0.00000	0.00004	0.00000	0.00590
198	0.00000	0.99964	0.00000	0.00000	0.00000	0.00036
199	0.00000	0.99979	0.00000	0.00000	0.00000	0.00021
200	0.00000	0.00000	0.99567	0.00258	0.00005	0.00169
201	0.00000	0.99591	0.00000	0.00000	0.00000	0.00409
202	0.00000	0.99999	0.00000	0.00000	0.00000	0.00001
203	0.00000	0.91239	0.00000	0.00713	0.00000	0.08048
204	0.00000	0.99980	0.00000	0.00000	0.00000	0.00020
205	0.00000	0.99975	0.00000	0.00000	0.00000	0.00025
206	0.00000	0.99862	0.00000	0.00000	0.00000	0.00138
207	0.00000	0.99999	0.00000	0.00000	0.00000	0.00001
208	0.00000	0.99978	0.00000	0.00000	0.00000	0.00022
209	0.00000	0.99932	0.00000	0.00000	0.00000	0.00068
210	0.00000	0.99997	0.00000	0.00000	0.00000	0.00003
211	0.00000	0.07140	0.00000	0.00016	0.00000	0.92844
212	0.00000	0.99986	0.00000	0.00000	0.00000	0.00014
213	0.97125	0.00000	0.00000	0.00000	0.02875	0.00000
214	0.99897	0.00000	0.00000	0.00000	0.00103	0.00000
215	0.00000	0.99948	0.00000	0.00000	0.00000	0.00052
216	0.00000	0.99986	0.00000	0.00000	0.00000	0.00014
217	0.00000	0.99949	0.00000	0.00000	0.00000	0.00051
218	0.00000	0.99976	0.00000	0.00000	0.00000	0.00024
219	0.00000	0.99864	0.00000	0.00000	0.00000	0.00136
220	0.00578	0.56989	0.03975	0.11308	0.01979	0.25170
221	0.00000	0.99983	0.00000	0.00000	0.00000	0.00017
222	0.00000	0.99990	0.00000	0.00000	0.00000	0.00010
223	0.00000	0.97730	0.00000	0.00052	0.00000	0.02217
224	0.00000	0.99989	0.00000	0.00000	0.00000	0.00011
225	0.00000	0.96555	0.00000	0.00001	0.00000	0.03443
226	0.99994	0.00000	0.00000	0.00000	0.00006	0.00000
227	0.00000	0.99999	0.00000	0.00000	0.00000	0.00001
228	0.00000	0.99855	0.00000	0.00000	0.00000	0.00145
229	0.35351	0.00651	0.14824	0.16352	0.25501	0.07320
230	0.00000	0.99987	0.00000	0.00000	0.00000	0.00013
231	0.00000	0.99958	0.00000	0.00000	0.00000	0.00042
232	0.00000	0.96948	0.00000	0.00061	0.00000	0.02991
233	0.99639	0.00000	0.00000	0.00000	0.00361	0.00000
234	0.00000	0.99961	0.00000	0.00000	0.00000	0.00039
235	0.00000	0.99379	0.00000	0.00000	0.00000	0.00621
236	0.00000	0.99980	0.00000	0.00000	0.00000	0.00020
237	0.00000	0.99994	0.00000	0.00000	0.00000	0.00006
238	0.00000	0.99980	0.00000	0.00000	0.00000	0.00020
239	0.99861	0.00000	0.00000	0.00000	0.00139	0.00000
240	0.99723	0.00000	0.00000	0.00000	0.00277	0.00000
241	0.99989	0.00000	0.00000	0.00000	0.00011	0.00000
242	0.99948	0.00000	0.00000	0.00000	0.00052	0.00000
243	0.00000	0.99999	0.00000	0.00000	0.00000	0.00001
244	0.99988	0.00000	0.00000	0.00000	0.00012	0.00000
245	0.99983	0.00000	0.00000	0.00000	0.00017	0.00000
246	0.00000	0.99992	0.00000	0.00000	0.00000	0.00008
247	0.00000	1.00000	0.00000	0.00000	0.00000	0.00000
248	0.00000	0.99909	0.00000	0.00000	0.00000	0.00091
249	0.00000	0.97046	0.00000	0.00002	0.00000	0.02953
250	0.00000	0.99897	0.00000	0.00000	0.00000	0.00103
251	0.00000	0.99984	0.00000	0.00000	0.00000	0.00016
252	0.00000	0.99987	0.00000	0.00000	0.00000	0.00013
253	0.00000	0.99969	0.00000	0.00000	0.00000	0.00031
254	0.00000	0.99994	0.00000	0.00000	0.00000	0.00006
255	0.00000	0.99968	0.00000	0.00000	0.00000	0.00032
256	0.00000	0.99877	0.00000	0.00000	0.00000	0.00123
257	0.00000	0.99998	0.00000	0.00000	0.00000	0.00002
258	0.00000	0.99963	0.00000	0.00000	0.00000	0.00037
259	0.00000	0.99998	0.00000	0.00000	0.00000	0.00002
260	0.00000	0.99736	0.00000	0.00001	0.00000	0.00263
261	0.00000	0.99999	0.00000	0.00000	0.00000	0.00001
262	0.00000	0.99963	0.00000	0.00000	0.00000	0.00037
263	0.00000	0.99916	0.00000	0.00000	0.00000	0.00084
264	0.00000	0.99990	0.00000	0.00000	0.00000	0.00010
265	0.02220	0.05251	0.03268	0.60352	0.11277	0.17632
266	0.00000	0.99998	0.00000	0.00000	0.00000	0.00002
267	0.00000	0.99992	0.00000	0.00000	0.00000	0.00008
268	0.00000	0.99925	0.00000	0.00000	0.00000	0.00075
269	0.00000	0.99892	0.00000	0.00000	0.00000	0.00108
270	0.00000	0.99935	0.00000	0.00000	0.00000	0.00065
271	0.00000	0.99972	0.00000	0.00000	0.00000	0.00028
272	0.00000	0.99965	0.00000	0.00000	0.00000	0.00035
273	0.00000	0.99731	0.00000	0.00000	0.00000	0.00268
274	0.00000	0.99948	0.00000	0.00000	0.00000	0.00052
275	0.00000	0.99233	0.00000	0.00000	0.00000	0.00767
276	0.00000	0.99992	0.00000	0.00000	0.00000	0.00008
277	0.00000	0.99757	0.00000	0.00000	0.00000	0.00243
278	0.00000	0.99990	0.00000	0.00000	0.00000	0.00010
279	0.00000	0.99993	0.00000	0.00000	0.00000	0.00007
280	0.00000	0.99801	0.00000	0.00000	0.00000	0.00199
281	0.00000	0.99960	0.00000	0.00000	0.00000	0.00040
282	0.00000	0.99991	0.00000	0.00000	0.00000	0.00009
283	0.99998	0.00000	0.00000	0.00000	0.00002	0.00000
284	0.00000	0.99678	0.00000	0.00001	0.00000	0.00321
285	0.00000	0.99911	0.00000	0.00000	0.00000	0.00089
286	0.00000	0.99997	0.00000	0.00000	0.00000	0.00003
287	0.00000	0.99994	0.00000	0.00000	0.00000	0.00006
288	0.00000	0.99820	0.00000	0.00000	0.00000	0.00180
289	0.00000	0.99994	0.00000	0.00000	0.00000	0.00006
290	0.00000	0.99992	0.00000	0.00000	0.00000	0.00008
291	0.00000	0.99991	0.00000	0.00000	0.00000	0.00009
292	0.00000	0.99948	0.00000	0.00000	0.00000	0.00052
293	0.00000	0.99896	0.00000	0.00000	0.00000	0.00104
294	0.00000	0.99994	0.00000	0.00000	0.00000	0.00006
295	0.00000	0.99864	0.00000	0.00000	0.00000	0.00136
296	0.99964	0.00000	0.00000	0.00000	0.00036	0.00000
297	0.00000	0.99970	0.00000	0.00000	0.00000	0.00030
298	0.00001	0.70590	0.00208	0.07003	0.00067	0.22131
299	0.99960	0.00000	0.00000	0.00000	0.00040	0.00000
300	0.00000	0.99994	0.00000	0.00000	0.00000	0.00006
301	0.00000	0.99380	0.00000	0.00001	0.00000	0.00619
302	0.00000	0.99990	0.00000	0.00000	0.00000	0.00010
303	0.00000	1.00000	0.00000	0.00000	0.00000	0.00000
304	0.00000	0.99976	0.00000	0.00000	0.00000	0.00024
305	0.00000	0.99996	0.00000	0.00000	0.00000	0.00004
306	0.00000	0.99938	0.00000	0.00000	0.00000	0.00062
307	0.00000	0.99981	0.00000	0.00000	0.00000	0.00019
308	0.00000	0.99996	0.00000	0.00000	0.00000	0.00004
309	0.00000	0.99994	0.00000	0.00000	0.00000	0.00006
310	0.00000	0.99978	0.00000	0.00000	0.00000	0.00022
311	0.00000	0.91394	0.00000	0.00694	0.00000	0.07912
312	0.00000	0.99999	0.00000	0.00000	0.00000	0.00001
313	0.00000	0.99999	0.00000	0.00000	0.00000	0.00001
314	0.00000	0.99992	0.00000	0.00000	0.00000	0.00008
315	0.00000	0.00128	0.00000	0.00765	0.00000	0.99107
316	0.00000	0.99987	0.00000	0.00000	0.00000	0.00013
317	0.00000	0.99987	0.00000	0.00000	0.00000	0.00013
318	0.00000	0.99999	0.00000	0.00000	0.00000	0.00001
319	0.00000	0.99972	0.00000	0.00000	0.00000	0.00028
320	0.00000	0.99999	0.00000	0.00000	0.00000	0.00001
321	0.00000	0.99981	0.00000	0.00000	0.00000	0.00019
322	0.00000	0.99994	0.00000	0.00000	0.00000	0.00006
323	0.00000	0.99884	0.00000	0.00000	0.00000	0.00116
324	0.00000	0.99979	0.00000	0.00000	0.00000	0.00021
325	0.00000	0.99955	0.00000	0.00000	0.00000	0.00045
326	0.00000	0.86743	0.00000	0.01548	0.00000	0.11709
327	0.00000	1.00000	0.00000	0.00000	0.00000	0.00000
328	0.00000	0.99990	0.00000	0.00000	0.00000	0.00010
329	0.00000	0.99931	0.00000	0.00000	0.00000	0.00069
330	0.00000	0.98600	0.00000	0.00019	0.00000	0.01381
331	0.00000	0.99999	0.00000	0.00000	0.00000	0.00001
332	0.00000	0.99981	0.00000	0.00000	0.00000	0.00019
333	0.00000	0.99929	0.00000	0.00000	0.00000	0.00071
334	0.00000	0.99997	0.00000	0.00000	0.00000	0.00003
335	0.00000	0.99946	0.00000	0.00000	0.00000	0.00054
336	0.00000	0.76928	0.00139	0.04441	0.00034	0.18459
337	0.00000	0.99983	0.00000	0.00000	0.00000	0.00017
338	0.00000	0.99993	0.00000	0.00000	0.00000	0.00007
339	0.00000	0.99922	0.00000	0.00000	0.00000	0.00078
340	0.00000	0.00000	0.99975	0.00014	0.00001	0.00009
341	0.00000	0.99789	0.00000	0.00000	0.00000	0.00211
342	0.00000	1.00000	0.00000	0.00000	0.00000	0.00000
343	0.00000	0.00000	0.00000	0.00270	0.00000	0.99730
344	0.00000	0.99993	0.00000	0.00000	0.00000	0.00007
345	0.00000	0.99975	0.00000	0.00000	0.00000	0.00025
346	0.00000	0.91785	0.00000	0.00630	0.00000	0.07585
347	0.00000	0.00193	0.00000	0.00132	0.00000	0.99675
348	0.00000	0.99949	0.00000	0.00000	0.00000	0.00051
349	0.00000	0.99651	0.00000	0.00000	0.00000	0.00348
350	0.00000	0.99993	0.00000	0.00000	0.00000	0.00007
351	0.00000	0.99690	0.00000	0.00001	0.00000	0.00309
352	0.00000	0.99993	0.00000	0.00000	0.00000	0.00007
353	0.00000	0.98991	0.00000	0.00010	0.00000	0.00999
354	0.00002	0.68564	0.00293	0.07853	0.00100	0.23188
355	0.99992	0.00000	0.00000	0.00000	0.00008	0.00000
356	0.00000	0.99942	0.00000	0.00000	0.00000	0.00058
357	0.00000	0.99976	0.00000	0.00000	0.00000	0.00024
358	0.00003	0.61979	0.00340	0.11197	0.00145	0.26335
359	0.00000	0.99990	0.00000	0.00000	0.00000	0.00010
360	0.00000	0.97335	0.00000	0.00015	0.00000	0.02650
361	0.99896	0.00000	0.00000	0.00000	0.00104	0.00000
362	0.99999	0.00000	0.00000	0.00000	0.00001	0.00000
363	0.00000	0.99982	0.00000	0.00000	0.00000	0.00018
364	0.00000	0.99957	0.00000	0.00000	0.00000	0.00043
365	0.00000	0.99992	0.00000	0.00000	0.00000	0.00008
366	0.00000	0.99615	0.00000	0.00000	0.00000	0.00385
367	0.00000	0.99998	0.00000	0.00000	0.00000	0.00002
368	0.99992	0.00000	0.00000	0.00000	0.00008	0.00000
369	0.00000	0.99900	0.00000	0.00000	0.00000	0.00100
370	0.00000	0.99996	0.00000	0.00000	0.00000	0.00004
371	0.00000	0.99500	0.00000	0.00000	0.00000	0.00499
372	0.00000	0.99954	0.00000	0.00000	0.00000	0.00046
373	0.00000	0.99145	0.00000	0.00004	0.00000	0.00851
374	0.99990	0.00000	0.00000	0.00000	0.00010	0.00000
375	0.00000	0.99483	0.00000	0.00002	0.00000	0.00515
376	0.03910	0.36147	0.11832	0.16091	0.07911	0.24109
377	0.99871	0.00000	0.00000	0.00000	0.00129	0.00000
378	0.97313	0.00000	0.00000	0.00049	0.02638	0.00000
379	0.00000	0.99942	0.00000	0.00000	0.00000	0.00058
380	0.00000	0.99986	0.00000	0.00000	0.00000	0.00014
381	0.00000	0.99248	0.00000	0.00001	0.00000	0.00751
382	0.98806	0.00000	0.00000	0.00007	0.01187	0.00000
383	0.00000	0.99998	0.00000	0.00000	0.00000	0.00002
384	0.00000	0.99993	0.00000	0.00000	0.00000	0.00007
385	0.00000	0.92241	0.00000	0.00007	0.00000	0.07752
386	0.00000	0.99988	0.00000	0.00000	0.00000	0.00012
387	0.99336	0.00000	0.00000	0.00004	0.00660	0.00000
388	0.00000	0.99998	0.00000	0.00000	0.00000	0.00002
389	0.00000	0.99989	0.00000	0.00000	0.00000	0.00011
390	0.00000	0.99999	0.00000	0.00000	0.00000	0.00001
391	0.00000	0.92224	0.00000	0.00580	0.00000	0.07195
392	0.00000	0.95366	0.00000	0.00234	0.00000	0.04400
393	0.00000	0.99913	0.00000	0.00000	0.00000	0.00087
394	0.00000	0.99974	0.00000	0.00000	0.00000	0.00026
395	0.00000	0.99899	0.00000	0.00000	0.00000	0.00101
396	0.00000	0.99999	0.00000	0.00000	0.00000	0.00001
397	0.00000	0.99993	0.00000	0.00000	0.00000	0.00007
398	0.05593	0.29630	0.12649	0.18600	0.10142	0.23387
399	0.00000	0.99975	0.00000	0.00000	0.00000	0.00025
400	0.00000	0.99999	0.00000	0.00000	0.00000	0.00001
401	0.04248	0.37628	0.12561	0.14453	0.07819	0.23291
402	0.00000	0.99991	0.00000	0.00000	0.00000	0.00009
403	0.00000	0.99989	0.00000	0.00000	0.00000	0.00011
404	0.00000	0.99936	0.00000	0.00000	0.00000	0.00064
405	0.00000	0.99997	0.00000	0.00000	0.00000	0.00003
406	0.00000	0.99992	0.00000	0.00000	0.00000	0.00008
407	0.00000	0.99996	0.00000	0.00000	0.00000	0.00004
408	0.00000	0.99999	0.00000	0.00000	0.00000	0.00001
409	0.00000	0.99994	0.00000	0.00000	0.00000	0.00006
410	0.00000	0.99841	0.00000	0.00000	0.00000	0.00158
411	0.99250	0.00000	0.00000	0.00000	0.00750	0.00000
412	0.00000	0.99991	0.00000	0.00000	0.00000	0.00009
413	0.00000	0.99546	0.00000	0.00001	0.00000	0.00453
414	0.00000	0.99999	0.00000	0.00000	0.00000	0.00001
415	0.00000	0.97579	0.00000	0.00036	0.00000	0.02385
416	0.00000	0.99992	0.00000	0.00000	0.00000	0.00008
417	0.00000	0.99995	0.00000	0.00000	0.00000	0.00005
418	0.00000	0.99892	0.00000	0.00000	0.00000	0.00108
419	0.00000	0.99999	0.00000	0.00000	0.00000	0.00001
420	0.00000	0.99967	0.00000	0.00000	0.00000	0.00033
421	0.00000	0.99952	0.00000	0.00000	0.00000	0.00048
422	0.00000	0.98777	0.00000	0.00012	0.00000	0.01210
423	0.00000	0.99417	0.00000	0.00004	0.00000	0.00579
424	0.00000	0.99944	0.00000	0.00000	0.00000	0.00056
425	0.00000	0.99981	0.00000	0.00000	0.00000	0.00019
426	0.00000	0.99998	0.00000	0.00000	0.00000	0.00002
427	0.00000	0.99995	0.00000	0.00000	0.00000	0.00005
428	0.00000	0.99971	0.00000	0.00000	0.00000	0.00029
429	0.00000	0.99972	0.00000	0.00000	0.00000	0.00028
430	0.00000	0.99980	0.00000	0.00000	0.00000	0.00020
431	0.00000	0.99934	0.00000	0.00000	0.00000	0.00066
432	0.00000	0.99833	0.00000	0.00000	0.00000	0.00167
433	0.00000	0.99985	0.00000	0.00000	0.00000	0.00015
434	0.00000	0.99938	0.00000	0.00000	0.00000	0.00062
435	0.00000	0.99982	0.00000	0.00000	0.00000	0.00018
436	0.99517	0.00000	0.00000	0.00000	0.00483	0.00000
437	0.00000	0.99993	0.00000	0.00000	0.00000	0.00007
438	0.00000	0.99919	0.00000	0.00000	0.00000	0.00081
439	0.00000	0.99985	0.00000	0.00000	0.00000	0.00015
440	0.00000	0.99900	0.00000	0.00000	0.00000	0.00100
441	0.00000	0.99978	0.00000	0.00000	0.00000	0.00022
442	0.00000	0.99350	0.00000	0.00000	0.00000	0.00650
443	0.00000	0.99989	0.00000	0.00000	0.00000	0.00011
444	0.00000	0.99987	0.00000	0.00000	0.00000	0.00013
445	0.00000	0.99994	0.00000	0.00000	0.00000	0.00006
446	0.00000	0.99884	0.00000	0.00000	0.00000	0.00115
447	0.00000	0.98315	0.00000	0.00003	0.00000	0.01681
448	0.00000	0.99977	0.00000	0.00000	0.00000	0.00023
449	0.00000	0.99995	0.00000	0.00000	0.00000	0.00005
450	0.00000	0.99867	0.00000	0.00000	0.00000	0.00133
451	0.00000	0.99995	0.00000	0.00000	0.00000	0.00005
452	0.00005	0.80028	0.00796	0.03044	0.00141	0.15986
453	0.00000	0.99996	0.00000	0.00000	0.00000	0.00004
454	0.00000	0.99970	0.00000	0.00000	0.00000	0.00030
455	0.00000	0.85759	0.00019	0.01571	0.00002	0.12650
456	0.00000	0.99997	0.00000	0.00000	0.00000	0.00003
457	0.00000	0.99994	0.00000	0.00000	0.00000	0.00006
458	0.00000	0.99965	0.00000	0.00000	0.00000	0.00035
459	0.00000	0.99980	0.00000	0.00000	0.00000	0.00020
460	1.00000	0.00000	0.00000	0.00000	0.00000	0.00000
461	0.00000	0.99990	0.00000	0.00000	0.00000	0.00010
462	0.00000	0.99975	0.00000	0.00000	0.00000	0.00025
463	0.10470	0.23834	0.15602	0.16864	0.13247	0.19983
464	0.99876	0.00000	0.00000	0.00000	0.00124	0.00000
465	0.00000	0.99995	0.00000	0.00000	0.00000	0.00005
466	0.00000	0.99971	0.00000	0.00000	0.00000	0.00029
467	0.00001	0.74958	0.00188	0.06144	0.00075	0.18634
468	0.00000	0.99999	0.00000	0.00000	0.00000	0.00001
469	0.00000	0.99990	0.00000	0.00000	0.00000	0.00010
470	0.00000	0.99993	0.00000	0.00000	0.00000	0.00007
471	0.00000	0.99998	0.00000	0.00000	0.00000	0.00002
472	0.00000	0.99990	0.00000	0.00000	0.00000	0.00010
473	0.00000	0.99812	0.00000	0.00000	0.00000	0.00188
474	0.03852	0.35506	0.11619	0.16697	0.07993	0.24333
475	0.00000	0.99999	0.00000	0.00000	0.00000	0.00001
476	0.00000	0.99993	0.00000	0.00000	0.00000	0.00007
477	0.00000	0.99988	0.00000	0.00000	0.00000	0.00012
478	0.00000	0.99996	0.00000	0.00000	0.00000	0.00004
479	0.00000	0.99709	0.00000	0.00001	0.00000	0.00290
480	0.00000	0.99874	0.00000	0.00000	0.00000	0.00126
481	0.00000	1.00000	0.00000	0.00000	0.00000	0.00000
482	0.00000	0.99996	0.00000	0.00000	0.00000	0.00004
483	0.00000	0.99973	0.00000	0.00000	0.00000	0.00027
484	0.00000	0.99964	0.00000	0.00000	0.00000	0.00036
485	0.00000	0.99948	0.00000	0.00000	0.00000	0.00052
486	0.00000	0.99919	0.00000	0.00000	0.00000	0.00081
487	0.00000	0.99987	0.00000	0.00000	0.00000	0.00013
488	0.00000	0.99999	0.00000	0.00000	0.00000	0.00001
489	0.00000	0.99993	0.00000	0.00000	0.00000	0.00007
490	0.00000	0.99997	0.00000	0.00000	0.00000	0.00003
491	0.00000	0.99995	0.00000	0.00000	0.00000	0.00005
492	0.00000	0.97658	0.00000	0.00044	0.00000	0.02298
493	0.00000	0.99859	0.00000	0.00000	0.00000	0.00141
494	0.03584	0.00007	0.00308	0.67485	0.28042	0.00573
495	0.00000	0.99983	0.00000	0.00000	0.00000	0.00017
496	0.00000	0.91603	0.00000	0.00005	0.00000	0.08392
497	0.00000	0.99991	0.00000	0.00000	0.00000	0.00009
498	0.00000	0.99998	0.00000	0.00000	0.00000	0.00002
499	0.00000	0.99910	0.00000	0.00000	0.00000	0.00090
500	0.00000	0.88451	0.00007	0.01120	0.00001	0.10421
501	0.00000	0.99902	0.00000	0.00000	0.00000	0.00098
502	0.00689	0.21935	0.03810	0.39199	0.05084	0.29284
503	0.00000	0.99699	0.00000	0.00000	0.00000	0.00301
504	0.00000	0.99997	0.00000	0.00000	0.00000	0.00003
505	0.00000	0.99981	0.00000	0.00000	0.00000	0.00019
506	0.99986	0.00000	0.00000	0.00000	0.00014	0.00000
507	0.99998	0.00000	0.00000	0.00000	0.00002	0.00000
508	0.00000	0.99896	0.00000	0.00000	0.00000	0.00103
509	0.00000	0.99980	0.00000	0.00000	0.00000	0.00020
510	0.00000	0.99999	0.00000	0.00000	0.00000	0.00001
511	0.00000	0.99996	0.00000	0.00000	0.00000	0.00004
512	0.00000	0.99470	0.00000	0.00000	0.00000	0.00530
513	0.52976	0.00000	0.00000	0.00004	0.47020	0.00000
514	0.00000	0.99937	0.00000	0.00000	0.00000	0.00063
515	0.99895	0.00000	0.00000	0.00000	0.00105	0.00000
516	0.00000	0.93159	0.00006	0.00489	0.00001	0.06345
517	0.00000	0.99657	0.00000	0.00000	0.00000	0.00343
518	0.99890	0.00000	0.00000	0.00000	0.00110	0.00000
519	0.00000	0.99975	0.00000	0.00000	0.00000	0.00025
520	0.00000	0.99994	0.00000	0.00000	0.00000	0.00006
521	0.00000	0.99959	0.00000	0.00000	0.00000	0.00041
522	0.00000	0.99996	0.00000	0.00000	0.00000	0.00004
523	0.00000	0.99992	0.00000	0.00000	0.00000	0.00008
524	0.00000	0.99994	0.00000	0.00000	0.00000	0.00006
525	0.00000	0.99747	0.00000	0.00000	0.00000	0.00253
526	0.00000	0.99376	0.00000	0.00001	0.00000	0.00623
527	0.00000	0.99998	0.00000	0.00000	0.00000	0.00002
528	0.00000	0.98764	0.00000	0.00015	0.00000	0.01221
529	0.00000	0.80847	0.00142	0.03119	0.00028	0.15864
530	0.00000	0.99980	0.00000	0.00000	0.00000	0.00020
531	0.00000	0.99976	0.00000	0.00000	0.00000	0.00024
532	0.00000	0.47575	0.00000	0.00003	0.00000	0.52422
533	0.99943	0.00000	0.00000	0.00000	0.00057	0.00000
534	0.00000	0.99991	0.00000	0.00000	0.00000	0.00009
535	0.00000	0.99990	0.00000	0.00000	0.00000	0.00010
536	0.00000	0.99988	0.00000	0.00000	0.00000	0.00012
537	0.99953	0.00000	0.00000	0.00000	0.00047	0.00000
538	0.00000	0.99408	0.00000	0.00004	0.00000	0.00588
539	0.00000	0.99880	0.00000	0.00000	0.00000	0.00120
540	0.78356	0.00000	0.00000	0.04009	0.17635	0.00000
541	0.99998	0.00000	0.00000	0.00000	0.00002	0.00000
542	0.99977	0.00000	0.00000	0.00000	0.00023	0.00000
543	0.00000	0.99973	0.00000	0.00000	0.00000	0.00027
544	0.00000	0.99998	0.00000	0.00000	0.00000	0.00002
545	0.00000	0.99997	0.00000	0.00000	0.00000	0.00003
546	0.00000	0.99998	0.00000	0.00000	0.00000	0.00002
547	0.00000	0.99995	0.00000	0.00000	0.00000	0.00005
548	0.99361	0.00000	0.00000	0.00004	0.00635	0.00000
549	0.00000	0.89811	0.00000	0.00000	0.00000	0.10189
550	0.00000	0.99887	0.00000	0.00000	0.00000	0.00113
551	1.00000	0.00000	0.00000	0.00000	0.00000	0.00000
552	0.00000	0.99978	0.00000	0.00000	0.00000	0.00022
553	0.00000	0.99915	0.00000	0.00000	0.00000	0.00085
554	0.00000	0.99996	0.00000	0.00000	0.00000	0.00004
555	0.00000	0.99997	0.00000	0.00000	0.00000	0.00003
556	0.00000	0.00000	0.82065	0.04705	0.13229	0.00001
557	0.00000	0.99999	0.00000	0.00000	0.00000	0.00001
558	0.00000	0.95356	0.00000	0.00000	0.00000	0.04644
559	0.99999	0.00000	0.00000	0.00000	0.00001	0.00000
560	0.99962	0.00000	0.00000	0.00000	0.00038	0.00000
561	0.99971	0.00000	0.00000	0.00000	0.00029	0.00000
562	0.99993	0.00000	0.00000	0.00000	0.00007	0.00000
563	0.00000	0.92530	0.00000	0.00003	0.00000	0.07467
564	0.00000	0.99970	0.00000	0.00000	0.00000	0.00030
565	0.99962	0.00000	0.00000	0.00000	0.00038	0.00000
566	0.00000	0.99986	0.00000	0.00000	0.00000	0.00014
567	0.17384	0.15942	0.16640	0.16691	0.17032	0.16310
568	0.99886	0.00000	0.00000	0.00000	0.00114	0.00000
569	0.00000	0.99980	0.00000	0.00000	0.00000	0.00020
570	0.00000	0.99978	0.00000	0.00000	0.00000	0.00022
571	0.00000	0.99890	0.00000	0.00000	0.00000	0.00110
572	0.00000	0.99984	0.00000	0.00000	0.00000	0.00016
573	0.00000	0.99546	0.00000	0.00000	0.00000	0.00454
574	0.00000	0.99828	0.00000	0.00000	0.00000	0.00172
575	0.00000	0.00000	0.00000	0.01173	0.98827	0.00000
576	0.00000	0.99844	0.00000	0.00000	0.00000	0.00156
577	0.99827	0.00000	0.00000	0.00000	0.00173	0.00000
578	0.00000	0.99993	0.00000	0.00000	0.00000	0.00007
579	0.00000	0.05452	0.00000	0.00046	0.00000	0.94503
580	0.00000	0.92964	0.00000	0.00469	0.00000	0.06566
581	0.00000	0.99995	0.00000	0.00000	0.00000	0.00005
582	0.00000	0.99497	0.00000	0.00001	0.00000	0.00502
583	0.00000	0.98895	0.00000	0.00011	0.00000	0.01094
584	0.00000	0.99995	0.00000	0.00000	0.00000	0.00005
585	0.00000	0.98777	0.00000	0.00000	0.00000	0.01223
586	0.00000	0.99976	0.00000	0.00000	0.00000	0.00024
587	0.00000	0.99995	0.00000	0.00000	0.00000	0.00005
588	0.00000	0.99995	0.00000	0.00000	0.00000	0.00005
589	0.00000	0.99985	0.00000	0.00000	0.00000	0.00015
590	0.00000	0.99980	0.00000	0.00000	0.00000	0.00020
591	0.00000	0.95725	0.00000	0.00177	0.00000	0.04098
592	0.00000	0.98502	0.00000	0.00022	0.00000	0.01476
593	0.00000	0.99992	0.00000	0.00000	0.00000	0.00008
594	0.00000	0.99964	0.00000	0.00000	0.00000	0.00036
595	0.00000	0.99963	0.00000	0.00000	0.00000	0.00037
596	0.00000	0.95554	0.00000	0.00167	0.00000	0.04279
597	0.00000	0.99952	0.00000	0.00000	0.00000	0.00048
598	0.00000	0.95714	0.00000	0.00178	0.00000	0.04108
599	0.00000	0.86259	0.00000	0.00214	0.00000	0.13527
600	0.00000	0.99991	0.00000	0.00000	0.00000	0.00009
601	0.05215	0.34497	0.13333	0.15199	0.08887	0.22870
602	0.99516	0.00000	0.00000	0.00000	0.00484	0.00000
603	0.96965	0.00000	0.00000	0.00090	0.02945	0.00000
604	0.00000	0.99949	0.00000	0.00000	0.00000	0.00051
605	0.00000	0.98821	0.00000	0.00012	0.00000	0.01167
606	0.00000	0.99996	0.00000	0.00000	0.00000	0.00004
607	0.00000	0.99993	0.00000	0.00000	0.00000	0.00007
608	0.00000	0.99997	0.00000	0.00000	0.00000	0.00003
609	0.00000	0.99618	0.00000	0.00001	0.00000	0.00381
610	0.99693	0.00000	0.00000	0.00000	0.00307	0.00000
611	0.00000	0.98263	0.00000	0.00002	0.00000	0.01735
612	0.00000	0.99999	0.00000	0.00000	0.00000	0.00001
613	0.00000	0.99989	0.00000	0.00000	0.00000	0.00011
614	0.00000	0.98127	0.00000	0.00023	0.00000	0.01849
615	0.00000	0.99995	0.00000	0.00000	0.00000	0.00005
616	0.00000	0.99991	0.00000	0.00000	0.00000	0.00009
617	0.00000	0.99995	0.00000	0.00000	0.00000	0.00005
618	0.00000	0.99975	0.00000	0.00000	0.00000	0.00025
619	0.00000	0.99903	0.00000	0.00000	0.00000	0.00097
620	0.00000	0.99988	0.00000	0.00000	0.00000	0.00012
621	0.00000	0.99992	0.00000	0.00000	0.00000	0.00008
622	0.00000	0.97613	0.00000	0.00059	0.00000	0.02327
623	0.00000	0.99976	0.00000	0.00000	0.00000	0.00024
624	0.00000	0.99999	0.00000	0.00000	0.00000	0.00001
625	0.00000	0.99857	0.00000	0.00000	0.00000	0.00143
626	0.00158	0.30770	0.02046	0.33070	0.02145	0.31811
627	0.00000	0.99990	0.00000	0.00000	0.00000	0.00010
628	0.00000	0.99994	0.00000	0.00000	0.00000	0.00006
629	0.00000	0.99995	0.00000	0.00000	0.00000	0.00005
630	0.00000	0.99934	0.00000	0.00000	0.00000	0.00066
631	0.00000	0.99990	0.00000	0.00000	0.00000	0.00010
632	0.99997	0.00000	0.00000	0.00000	0.00003	0.00000
633	0.00000	0.99997	0.00000	0.00000	0.00000	0.00003
634	0.00000	0.99986	0.00000	0.00000	0.00000	0.00014
635	0.00000	0.99903	0.00000	0.00000	0.00000	0.00097
636	0.00000	0.91966	0.00013	0.00615	0.00001	0.07405
637	0.00000	0.99851	0.00000	0.00000	0.00000	0.00149
638	0.00000	0.99978	0.00000	0.00000	0.00000	0.00022
639	0.00000	0.99846	0.00000	0.00000	0.00000	0.00154
640	0.00000	0.99751	0.00000	0.00000	0.00000	0.00249
641	0.00000	0.99999	0.00000	0.00000	0.00000	0.00001
642	0.00000	0.99818	0.00000	0.00000	0.00000	0.00182
643	0.00000	0.99307	0.00000	0.00000	0.00000	0.00693
644	0.00000	0.00000	0.00001	0.00569	0.00000	0.99430
645	0.00000	0.99857	0.00000	0.00000	0.00000	0.00143
646	0.00000	0.99993	0.00000	0.00000	0.00000	0.00007
647	0.00000	0.99907	0.00000	0.00000	0.00000	0.00093
648	0.00000	0.99997	0.00000	0.00000	0.00000	0.00003
649	0.00000	0.96708	0.00000	0.00050	0.00000	0.03242
650	0.18525	0.00000	0.00000	0.00381	0.81094	0.00000
651	0.00000	0.99996	0.00000	0.00000	0.00000	0.00004
652	0.00000	0.99998	0.00000	0.00000	0.00000	0.00002
653	0.93973	0.00000	0.00000	0.00135	0.05891	0.00000
654	0.00000	0.99996	0.00000	0.00000	0.00000	0.00004
655	0.00000	0.99975	0.00000	0.00000	0.00000	0.00025
656	0.00000	0.99999	0.00000	0.00000	0.00000	0.00001
657	0.00000	0.99898	0.00000	0.00000	0.00000	0.00102
658	0.00000	0.99992	0.00000	0.00000	0.00000	0.00008
659	0.98272	0.00000	0.00000	0.00026	0.01702	0.00000
660	0.00000	0.65106	0.00000	0.02820	0.00000	0.32074
661	0.00000	0.99989	0.00000	0.00000	0.00000	0.00011
662	0.00000	0.99985	0.00000	0.00000	0.00000	0.00015
663	0.00334	0.64248	0.04516	0.07493	0.01568	0.21842
664	0.99997	0.00000	0.00000	0.00000	0.00003	0.00000
665	0.00000	0.98277	0.00000	0.00021	0.00000	0.01701
666	0.99998	0.00000	0.00000	0.00000	0.00002	0.00000
667	0.99991	0.00000	0.00000	0.00000	0.00009	0.00000
668	0.99956	0.00000	0.00000	0.00000	0.00044	0.00000
669	0.97254	0.00000	0.00000	0.00001	0.02745	0.00000
670	0.99794	0.00000	0.00000	0.00000	0.00206	0.00000
671	0.00000	0.99020	0.00000	0.00000	0.00000	0.00980
672	0.00000	0.99967	0.00000	0.00000	0.00000	0.00033
673	0.00000	0.99592	0.00000	0.00000	0.00000	0.00408
674	0.09939	0.18482	0.09087	0.27348	0.13038	0.22106
675	0.00000	0.99499	0.00000	0.00003	0.00000	0.00498
676	0.00000	0.99311	0.00000	0.00002	0.00000	0.00687
677	0.00000	1.00000	0.00000	0.00000	0.00000	0.00000
678	0.98991	0.00000	0.00000	0.00000	0.01009	0.00000
679	0.00000	0.99916	0.00000	0.00000	0.00000	0.00084
680	0.00000	0.98384	0.00000	0.00001	0.00000	0.01615
681	0.00000	0.99983	0.00000	0.00000	0.00000	0.00017
682	0.00000	0.99962	0.00000	0.00000	0.00000	0.00038
683	0.00000	0.99909	0.00000	0.00000	0.00000	0.00091
684	0.00000	0.99035	0.00000	0.00006	0.00000	0.00960
685	0.00000	1.00000	0.00000	0.00000	0.00000	0.00000
686	0.00000	0.99664	0.00000	0.00000	0.00000	0.00336
687	0.00000	0.99612	0.00000	0.00000	0.00000	0.00387
688	0.00000	0.99996	0.00000	0.00000	0.00000	0.00004
689	0.00000	0.99942	0.00000	0.00000	0.00000	0.00058
690	0.00000	0.99999	0.00000	0.00000	0.00000	0.00001
691	0.00000	0.99995	0.00000	0.00000	0.00000	0.00005
692	0.00000	0.99867	0.00000	0.00000	0.00000	0.00133
693	0.00000	0.99994	0.00000	0.00000	0.00000	0.00006
694	0.00000	0.68291	0.00070	0.08107	0.00024	0.23507
695	0.00000	0.99994	0.00000	0.00000	0.00000	0.00006
696	0.00000	0.99928	0.00000	0.00000	0.00000	0.00072
697	0.00000	0.81628	0.00000	0.00752	0.00000	0.17620
698	0.00000	0.99751	0.00000	0.00000	0.00000	0.00249
699	0.00000	0.99995	0.00000	0.00000	0.00000	0.00005
700	0.00000	0.99949	0.00000	0.00000	0.00000	0.00051
701	0.99992	0.00000	0.00000	0.00000	0.00008	0.00000
702	0.99911	0.00000	0.00000	0.00000	0.00089	0.00000
703	0.99914	0.00000	0.00000	0.00000	0.00086	0.00000
704	0.96746	0.00000	0.00000	0.00095	0.03159	0.00000
705	0.00000	0.98985	0.00000	0.00005	0.00000	0.01010
706	0.00000	0.98925	0.00000	0.00008	0.00000	0.01067
707	0.99757	0.00000	0.00000	0.00000	0.00242	0.00000
708	0.00000	0.99999	0.00000	0.00000	0.00000	0.00001
709	0.00000	0.16819	0.00000	0.00726	0.00000	0.82455
710	0.00000	0.99997	0.00000	0.00000	0.00000	0.00003
711	0.00000	0.99568	0.00000	0.00001	0.00000	0.00431
712	0.00000	0.99999	0.00000	0.00000	0.00000	0.00001
713	0.00000	0.99998	0.00000	0.00000	0.00000	0.00002
714	0.99986	0.00000	0.00000	0.00000	0.00014	0.00000
715	0.00000	0.99149	0.00000	0.00007	0.00000	0.00844
716	0.00000	0.99993	0.00000	0.00000	0.00000	0.00007
717	0.00000	0.99939	0.00000	0.00000	0.00000	0.00061
718	0.99998	0.00000	0.00000	0.00000	0.00002	0.00000
719	0.00000	0.99921	0.00000	0.00000	0.00000	0.00079
720	0.00000	0.99977	0.00000	0.00000	0.00000	0.00023
721	0.00000	0.99988	0.00000	0.00000	0.00000	0.00012
722	0.00000	0.99999	0.00000	0.00000	0.00000	0.00001
723	0.00000	0.99997	0.00000	0.00000	0.00000	0.00003
724	0.00001	0.67545	0.00123	0.08544	0.00051	0.23737
725	0.15865	0.10232	0.12619	0.25274	0.19971	0.16039
726	0.00000	0.99975	0.00000	0.00000	0.00000	0.00025
727	0.00000	0.99999	0.00000	0.00000	0.00000	0.00001
728	0.00000	0.94688	0.00000	0.00168	0.00000	0.05144
729	0.00000	0.99998	0.00000	0.00000	0.00000	0.00002
730	0.00000	0.99979	0.00000	0.00000	0.00000	0.00021
731	0.00000	0.99999	0.00000	0.00000	0.00000	0.00001
732	0.99880	0.00000	0.00000	0.00000	0.00120	0.00000
733	0.00000	0.99996	0.00000	0.00000	0.00000	0.00004
734	0.00000	0.99541	0.00000	0.00001	0.00000	0.00458
735	0.00000	0.99991	0.00000	0.00000	0.00000	0.00009
736	0.00000	0.99228	0.00000	0.00005	0.00000	0.00766
737	0.00000	0.99993	0.00000	0.00000	0.00000	0.00007
738	0.99621	0.00000	0.00000	0.00000	0.00379	0.00000
739	0.00000	0.75647	0.00001	0.04991	0.00000	0.19361
740	0.00000	1.00000	0.00000	0.00000	0.00000	0.00000
741	0.99891	0.00000	0.00000	0.00000	0.00109	0.00000
742	0.00000	0.99999	0.00000	0.00000	0.00000	0.00001
743	0.00000	0.99931	0.00000	0.00000	0.00000	0.00069
744	0.00000	0.99604	0.00000	0.00000	0.00000	0.00396
745	0.99993	0.00000	0.00000	0.00000	0.00007	0.00000
746	0.00000	0.99996	0.00000	0.00000	0.00000	0.00004
747	0.00000	0.99976	0.00000	0.00000	0.00000	0.00024
748	0.00000	0.99997	0.00000	0.00000	0.00000	0.00003
749	0.00000	0.99692	0.00000	0.00000	0.00000	0.00307
750	0.17393	0.15954	0.16656	0.16666	0.17025	0.16306
751	0.00000	0.99914	0.00000	0.00000	0.00000	0.00086
752	0.00000	0.99284	0.00000	0.00000	0.00000	0.00716
753	0.00000	0.99929	0.00000	0.00000	0.00000	0.00071
754	0.00000	0.99993	0.00000	0.00000	0.00000	0.00007
755	0.00000	0.99695	0.00000	0.00001	0.00000	0.00304
756	0.00000	0.99999	0.00000	0.00000	0.00000	0.00001
757	0.00000	0.91782	0.00000	0.00582	0.00000	0.07636
758	0.00000	0.98916	0.00000	0.00013	0.00000	0.01071
759	0.99899	0.00000	0.00000	0.00000	0.00101	0.00000
760	0.99996	0.00000	0.00000	0.00000	0.00004	0.00000
761	0.00000	0.00001	0.00000	0.97897	0.00000	0.02102
762	0.00000	0.99991	0.00000	0.00000	0.00000	0.00009
763	0.00000	0.99995	0.00000	0.00000	0.00000	0.00005
764	0.00000	0.99968	0.00000	0.00000	0.00000	0.00032
765	0.00000	0.99881	0.00000	0.00000	0.00000	0.00119
766	0.00000	0.99990	0.00000	0.00000	0.00000	0.00010
767	0.00000	1.00000	0.00000	0.00000	0.00000	0.00000
768	0.00000	0.99850	0.00000	0.00000	0.00000	0.00149
769	0.00000	0.98673	0.00000	0.00012	0.00000	0.01315
770	0.00000	0.99986	0.00000	0.00000	0.00000	0.00014
771	0.00000	0.99977	0.00000	0.00000	0.00000	0.00023
772	0.00000	0.99990	0.00000	0.00000	0.00000	0.00010
773	0.00000	0.99219	0.00000	0.00006	0.00000	0.00774
774	0.00000	0.99956	0.00000	0.00000	0.00000	0.00044
775	0.00000	0.99996	0.00000	0.00000	0.00000	0.00004
776	0.00000	0.99993	0.00000	0.00000	0.00000	0.00007
