UponCompletionOf_1000000_sweeps
LocNumber LocName AlleleNumber AlleleName FreqInPop0 FreqInPop1 SDInPop0 SDinPop1
0	L1466_329	0	1	0.996115	0.982613	0.003873	0.003854
0	L1466_329	1	2	0.003885	0.017387	0.003873	0.003854
1	L529_102	0	1	0.987840	0.993379	0.006965	0.002495
1	L529_102	1	2	0.012160	0.006621	0.006965	0.002495
2	L428_55	0	1	0.996067	0.931531	0.003923	0.007633
2	L428_55	1	2	0.003933	0.068469	0.003923	0.007633
3	L780_141	0	1	0.995209	0.989174	0.004558	0.003039
3	L780_141	1	2	0.004791	0.010826	0.004558	0.003039
4	L5_35	0	1	0.995811	0.980395	0.004170	0.004453
4	L5_35	1	2	0.004189	0.019605	0.004170	0.004453
5	L1589_392	0	1	0.651827	0.984357	0.030787	0.003765
5	L1589_392	1	2	0.348173	0.015643	0.030787	0.003765
6	L998_29	0	1	0.994782	0.979441	0.005197	0.004338
6	L998_29	1	2	0.005218	0.020559	0.005197	0.004338
7	L1339_480	0	1	0.995793	0.992376	0.004184	0.002684
7	L1339_480	1	2	0.004207	0.007624	0.004184	0.002684
8	L1025_348	0	1	0.995687	0.990946	0.004297	0.003003
8	L1025_348	1	2	0.004313	0.009054	0.004297	0.003003
9	L1503_332	0	1	0.995485	0.960037	0.004497	0.006192
9	L1503_332	1	2	0.004515	0.039963	0.004497	0.006192
10	L1668_112	0	1	0.996056	0.986292	0.003929	0.003515
10	L1668_112	1	2	0.003944	0.013708	0.003929	0.003515
11	L502_425	0	1	0.991123	0.876186	0.006221	0.009954
11	L502_425	1	2	0.008877	0.123814	0.006221	0.009954
12	L1463_143	0	1	0.799649	0.982904	0.026214	0.004109
12	L1463_143	1	2	0.200351	0.017096	0.026214	0.004109
13	L803_118	0	1	0.971151	0.829340	0.012527	0.011376
13	L803_118	1	2	0.028849	0.170660	0.012527	0.011376
14	L1402_395	0	1	0.956687	0.999109	0.012770	0.000890
14	L1402_395	1	2	0.043313	0.000891	0.012770	0.000890
15	L712_385	0	1	0.995725	0.976484	0.004241	0.004569
15	L712_385	1	2	0.004275	0.023516	0.004241	0.004569
16	L1343_480	0	1	0.992045	0.941594	0.005586	0.007144
16	L1343_480	1	2	0.007955	0.058406	0.005586	0.007144
17	L1700_365	0	1	0.996168	0.971330	0.003815	0.004920
17	L1700_365	1	2	0.003832	0.028670	0.003815	0.004920
18	L255_128	0	2	0.561072	0.483495	0.074272	0.014738
18	L255_128	1	1	0.438928	0.516505	0.074272	0.014738
19	L1684_129	0	1	0.155281	0.248910	0.024234	0.013283
19	L1684_129	1	2	0.844719	0.751090	0.024234	0.013283
20	L70_471	0	1	0.990339	0.992531	0.006657	0.002700
20	L70_471	1	2	0.009661	0.007469	0.006657	0.002700
21	L729_429	0	1	0.995402	0.987482	0.004581	0.003446
21	L729_429	1	2	0.004598	0.012518	0.004581	0.003446
22	L1256_71	0	1	0.938897	0.968127	0.033958	0.005147
22	L1256_71	1	2	0.061103	0.031873	0.033958	0.005147
23	L651_37	0	1	0.950343	0.998045	0.015268	0.001381
23	L651_37	1	2	0.049657	0.001955	0.015268	0.001381
24	L253_134	0	1	0.941317	0.999064	0.014682	0.000935
24	L253_134	1	2	0.058683	0.000936	0.014682	0.000935
25	L1283_403	0	1	0.965751	0.913435	0.016088	0.008421
25	L1283_403	1	2	0.034249	0.086565	0.016088	0.008421
26	L1295_388	0	1	0.995123	0.989455	0.004847	0.003161
26	L1295_388	1	2	0.004877	0.010545	0.004847	0.003161
27	L918_406	0	1	0.995756	0.986475	0.004223	0.003590
27	L918_406	1	2	0.004244	0.013525	0.004223	0.003590
28	L743_404	0	1	0.910816	0.986196	0.019392	0.003526
28	L743_404	1	2	0.089184	0.013804	0.019392	0.003526
29	L1164_36	0	1	0.995439	0.979309	0.004536	0.004464
29	L1164_36	1	2	0.004561	0.020691	0.004536	0.004464
30	L1405_407	0	1	0.869893	0.999065	0.021772	0.000935
30	L1405_407	1	2	0.130107	0.000935	0.021772	0.000935
31	L154_449	0	1	0.995727	0.987181	0.004254	0.003534
31	L154_449	1	2	0.004273	0.012819	0.004254	0.003534
32	L1687_127	0	2	0.967339	0.922795	0.010691	0.007621
32	L1687_127	1	1	0.032661	0.077205	0.010691	0.007621
33	L1333_413	0	1	0.995530	0.972401	0.004442	0.005238
33	L1333_413	1	2	0.004470	0.027599	0.004442	0.005238
34	L552_407	0	1	0.720821	0.997068	0.031085	0.001696
34	L552_407	1	2	0.279179	0.002932	0.031085	0.001696
35	L960_436	0	1	0.947184	0.999134	0.013733	0.000864
35	L960_436	1	2	0.052816	0.000866	0.013733	0.000864
36	L1087_463	0	1	0.995131	0.992040	0.004841	0.002643
36	L1087_463	1	2	0.004869	0.007960	0.004841	0.002643
37	L930_105	0	1	0.109040	0.760160	0.020206	0.013025
37	L930_105	1	2	0.890960	0.239840	0.020206	0.013025
38	L1252_455	0	1	0.991425	0.955499	0.006021	0.006557
38	L1252_455	1	2	0.008575	0.044501	0.006021	0.006557
39	L1536_120	0	1	0.995291	0.989850	0.004636	0.003229
39	L1536_120	1	2	0.004709	0.010150	0.004636	0.003229
40	L470_131	0	1	0.995871	0.991044	0.004109	0.002821
40	L470_131	1	2	0.004129	0.008956	0.004109	0.002821
41	L690_422	0	1	0.048834	0.872254	0.013996	0.010217
41	L690_422	1	2	0.951166	0.127746	0.013996	0.010217
42	L402_19	0	1	0.995692	0.992377	0.004289	0.002682
42	L402_19	1	2	0.004308	0.007623	0.004289	0.002682
43	L879_370	0	2	0.995136	0.580850	0.004790	0.014883
43	L879_370	1	1	0.004864	0.419150	0.004790	0.014883
44	L812_51	0	1	0.961182	0.999066	0.012091	0.000930
44	L812_51	1	2	0.038818	0.000934	0.012091	0.000930
45	L356_379	0	1	0.995507	0.835929	0.004464	0.011460
45	L356_379	1	2	0.004493	0.164071	0.004464	0.011460
46	L1304_412	0	1	0.609235	0.927775	0.031261	0.007863
46	L1304_412	1	2	0.390765	0.072225	0.031261	0.007863
47	L539_474	0	1	0.990362	0.990530	0.006762	0.002980
47	L539_474	1	2	0.009638	0.009470	0.006762	0.002980
48	L1320_14	0	1	0.994447	0.991790	0.005227	0.002812
48	L1320_14	1	2	0.005553	0.008210	0.005227	0.002812
49	L144_391	0	1	0.950814	0.976999	0.014145	0.004534
49	L144_391	1	2	0.049186	0.023001	0.014145	0.004534
50	L1261_378	0	1	0.996083	0.991961	0.003897	0.002668
50	L1261_378	1	2	0.003917	0.008039	0.003897	0.002668
51	L605_363	0	1	0.942720	0.927024	0.020048	0.007713
51	L605_363	1	2	0.057280	0.072976	0.020048	0.007713
52	L897_9	0	1	0.992444	0.990401	0.005320	0.002881
52	L897_9	1	2	0.007556	0.009599	0.005320	0.002881
53	L65_457	0	2	0.025878	0.194494	0.010393	0.011815
53	L65_457	1	1	0.974122	0.805506	0.010393	0.011815
54	L1683_99	0	1	0.988864	0.797267	0.007144	0.012294
54	L1683_99	1	2	0.011136	0.202733	0.007144	0.012294
55	L1646_99	0	1	0.936303	0.998210	0.015011	0.001263
55	L1646_99	1	2	0.063697	0.001790	0.015011	0.001263
56	L323_477	0	1	0.995262	0.989936	0.004726	0.003165
56	L323_477	1	2	0.004738	0.010064	0.004726	0.003165
57	L1498_393	0	1	0.988781	0.908169	0.007863	0.008710
57	L1498_393	1	2	0.011219	0.091831	0.007863	0.008710
58	L808_408	0	1	0.995245	0.977541	0.004729	0.004733
58	L808_408	1	2	0.004755	0.022459	0.004729	0.004733
59	L279_352	0	1	0.995895	0.992368	0.004082	0.002689
59	L279_352	1	2	0.004105	0.007632	0.004082	0.002689
60	L1520_59	0	1	0.995829	0.989582	0.004162	0.003121
60	L1520_59	1	2	0.004171	0.010418	0.004162	0.003121
61	L1365_327	0	1	0.028083	0.995701	0.010582	0.002016
61	L1365_327	1	2	0.971917	0.004299	0.010582	0.002016
62	L140_45	0	1	0.995852	0.976788	0.004129	0.004790
62	L140_45	1	2	0.004148	0.023212	0.004129	0.004790
63	L1334_465	0	1	0.995612	0.992744	0.004369	0.002556
63	L1334_465	1	2	0.004388	0.007256	0.004369	0.002556
64	L1615_422	0	1	0.972071	0.886863	0.010386	0.009434
64	L1615_422	1	2	0.027929	0.113137	0.010386	0.009434
65	L635_133	0	1	0.869094	0.999057	0.021211	0.000944
65	L635_133	1	2	0.130906	0.000943	0.021211	0.000944
66	L994_28	0	1	0.995467	0.970441	0.004469	0.005248
66	L994_28	1	2	0.004533	0.029559	0.004469	0.005248
67	L1413_70	0	1	0.995592	0.980165	0.004390	0.004286
67	L1413_70	1	2	0.004408	0.019835	0.004390	0.004286
68	L109_144	0	1	0.995238	0.972068	0.004671	0.004891
68	L109_144	1	2	0.004762	0.027932	0.004671	0.004891
69	L471_369	0	1	0.974043	0.844271	0.012757	0.010950
69	L471_369	1	2	0.025957	0.155729	0.012757	0.010950
70	L169_75	0	2	0.988737	0.582360	0.006454	0.014510
70	L169_75	1	1	0.011263	0.417640	0.006454	0.014510
71	L777_307	0	1	0.995541	0.966539	0.004429	0.005497
71	L777_307	1	2	0.004459	0.033461	0.004429	0.005497
72	L1162_333	0	1	0.036074	0.991453	0.012948	0.002932
72	L1162_333	1	2	0.963926	0.008547	0.012948	0.002932
73	L1063_329	0	1	0.995730	0.922245	0.004264	0.008341
73	L1063_329	1	2	0.004270	0.077755	0.004264	0.008341
74	L559_459	0	1	0.204129	0.947698	0.027058	0.006933
74	L559_459	1	2	0.795871	0.052302	0.027058	0.006933
75	L105_96	0	1	0.983572	0.985421	0.008139	0.003737
75	L105_96	1	2	0.016428	0.014579	0.008139	0.003737
76	L846_362	0	2	0.986263	0.979741	0.013543	0.004093
76	L846_362	1	1	0.013737	0.020259	0.013543	0.004093
77	L1475_34	0	1	0.994064	0.987993	0.005600	0.003515
77	L1475_34	1	2	0.005936	0.012007	0.005600	0.003515
78	L384_364	0	1	0.910448	0.999103	0.017793	0.000896
78	L384_364	1	2	0.089552	0.000897	0.017793	0.000896
79	L1515_21	0	1	0.990646	0.972671	0.006570	0.005181
79	L1515_21	1	2	0.009354	0.027329	0.006570	0.005181
80	L733_110	0	1	0.912803	0.998068	0.018216	0.001364
80	L733_110	1	2	0.087197	0.001932	0.018216	0.001364
81	L66_78	0	1	0.991725	0.993279	0.005822	0.002533
81	L66_78	1	2	0.008275	0.006721	0.005822	0.002533
82	L1492_366	0	1	0.996193	0.991189	0.003793	0.002776
82	L1492_366	1	2	0.003807	0.008811	0.003793	0.002776
83	L1562_448	0	1	0.975110	0.997015	0.010003	0.001719
83	L1562_448	1	2	0.024890	0.002985	0.010003	0.001719
84	L753_62	0	1	0.995626	0.986048	0.004347	0.003697
84	L753_62	1	2	0.004374	0.013952	0.004347	0.003697
85	L569_351	0	1	0.873020	0.822834	0.021434	0.011907
85	L569_351	1	2	0.126980	0.177166	0.021434	0.011907
86	L1070_75	0	1	0.902634	0.998069	0.018883	0.001363
86	L1070_75	1	2	0.097366	0.001931	0.018883	0.001363
87	L367_408	0	1	0.994956	0.944354	0.004993	0.007182
87	L367_408	1	2	0.005044	0.055646	0.004993	0.007182
88	L1313_365	0	1	0.942405	0.965690	0.014531	0.005504
88	L1313_365	1	2	0.057595	0.034310	0.014531	0.005504
89	L801_53	0	1	0.995541	0.983388	0.004445	0.004118
89	L801_53	1	2	0.004459	0.016612	0.004445	0.004118
90	L676_425	0	1	0.864363	0.998216	0.021305	0.001259
90	L676_425	1	2	0.135637	0.001784	0.021305	0.001259
91	L373_367	0	1	0.995874	0.984793	0.004105	0.003660
91	L373_367	1	2	0.004126	0.015207	0.004105	0.003660
92	L482_368	0	1	0.995757	0.945546	0.004224	0.006783
92	L482_368	1	2	0.004243	0.054454	0.004224	0.006783
93	L967_405	0	1	0.402181	0.994333	0.031613	0.002399
93	L967_405	1	2	0.597819	0.005667	0.031613	0.002399
94	L646_351	0	1	0.996135	0.992851	0.003853	0.002515
94	L646_351	1	2	0.003865	0.007149	0.003853	0.002515
95	L135_370	0	1	0.995533	0.975154	0.004447	0.004806
95	L135_370	1	2	0.004467	0.024846	0.004447	0.004806
96	L208_23	0	1	0.995070	0.949154	0.004903	0.006560
96	L208_23	1	2	0.004930	0.050846	0.004903	0.006560
97	L1634_400	0	1	0.945302	0.999060	0.014780	0.000937
97	L1634_400	1	2	0.054698	0.000940	0.014780	0.000937
98	L1183_128	0	1	0.319139	0.989929	0.030515	0.003162
98	L1183_128	1	2	0.680861	0.010071	0.030515	0.003162
99	L1052_394	0	1	0.994543	0.972998	0.005438	0.005029
99	L1052_394	1	2	0.005457	0.027002	0.005438	0.005029
100	L435_66	0	1	0.920408	0.999017	0.017074	0.000981
100	L435_66	1	2	0.079592	0.000983	0.017074	0.000981
101	L157_120	0	1	0.995607	0.981115	0.004346	0.004194
101	L157_120	1	2	0.004393	0.018885	0.004346	0.004194
102	L272_19	0	1	0.995898	0.982854	0.004086	0.003897
102	L272_19	1	2	0.004102	0.017146	0.004086	0.003897
103	L883_450	0	1	0.996012	0.992900	0.003972	0.002497
103	L883_450	1	2	0.003988	0.007100	0.003972	0.002497
104	L683_120	0	1	0.695905	0.999127	0.028601	0.000873
104	L683_120	1	2	0.304095	0.000873	0.028601	0.000873
105	L945_313	0	2	0.991494	0.354061	0.005984	0.014684
105	L945_313	1	1	0.008506	0.645939	0.005984	0.014684
106	L931_480	0	1	0.995719	0.975809	0.004253	0.004891
106	L931_480	1	2	0.004281	0.024191	0.004253	0.004891
107	L674_366	0	1	0.995853	0.987925	0.004132	0.003328
107	L674_366	1	2	0.004147	0.012075	0.004132	0.003328
108	L325_369	0	1	0.811500	0.992045	0.045277	0.002640
108	L325_369	1	2	0.188500	0.007955	0.045277	0.002640
109	L138_392	0	1	0.993208	0.990150	0.005786	0.003070
109	L138_392	1	2	0.006792	0.009850	0.005786	0.003070
110	L197_89	0	1	0.008114	0.998447	0.005790	0.001254
110	L197_89	1	2	0.991886	0.001553	0.005790	0.001254
111	L1678_12	0	1	0.995877	0.991583	0.004113	0.002791
111	L1678_12	1	2	0.004123	0.008417	0.004113	0.002791
112	L351_55	0	1	0.995313	0.992745	0.004664	0.002731
112	L351_55	1	2	0.004687	0.007255	0.004664	0.002731
113	L759_16	0	1	0.986713	0.961801	0.007602	0.006005
113	L759_16	1	2	0.013287	0.038199	0.007602	0.006005
114	L283_432	0	1	0.995566	0.983275	0.004406	0.004025
114	L283_432	1	2	0.004434	0.016725	0.004406	0.004025
115	L55_426	0	1	0.966868	0.999044	0.011486	0.000954
115	L55_426	1	2	0.033132	0.000956	0.011486	0.000954
116	L1332_371	0	1	0.283556	0.984630	0.031292	0.003691
116	L1332_371	1	2	0.716444	0.015370	0.031292	0.003691
117	L1317_463	0	1	0.981878	0.991367	0.017828	0.002714
117	L1317_463	1	2	0.018122	0.008633	0.017828	0.002714
118	L1555_141	0	1	0.981066	0.985142	0.013187	0.003578
118	L1555_141	1	2	0.018934	0.014858	0.013187	0.003578
119	L115_145	0	1	0.991628	0.866219	0.005879	0.010311
119	L115_145	1	2	0.008372	0.133781	0.005879	0.010311
120	L444_13	0	1	0.994828	0.979017	0.005123	0.004546
120	L444_13	1	2	0.005172	0.020983	0.005123	0.004546
121	L394_26	0	1	0.902793	0.999055	0.019656	0.000946
121	L394_26	1	2	0.097207	0.000945	0.019656	0.000946
122	L1382_93	0	1	0.878708	0.999165	0.029347	0.000833
122	L1382_93	1	2	0.121292	0.000835	0.029347	0.000833
123	L1_519	0	1	0.600046	0.999035	0.033889	0.000963
123	L1_519	1	2	0.399954	0.000965	0.033889	0.000963
124	L431_104	0	1	0.078527	0.998042	0.018903	0.001381
124	L431_104	1	2	0.921473	0.001958	0.018903	0.001381
125	L36_357	0	1	0.963299	0.999009	0.012708	0.000990
125	L36_357	1	2	0.036701	0.000991	0.012708	0.000990
126	L188_425	0	1	0.993820	0.986078	0.005785	0.003689
126	L188_425	1	2	0.006180	0.013922	0.005785	0.003689
127	L503_19	0	1	0.636975	0.753088	0.060513	0.012946
127	L503_19	1	2	0.363025	0.246912	0.060513	0.012946
128	L1556_523	0	1	0.995567	0.990030	0.004414	0.003140
128	L1556_523	1	2	0.004433	0.009970	0.004414	0.003140
129	L1105_11	0	1	0.996085	0.988919	0.003902	0.003180
129	L1105_11	1	2	0.003915	0.011081	0.003902	0.003180
130	L1497_432	0	1	0.995787	0.992324	0.004198	0.002703
130	L1497_432	1	2	0.004213	0.007676	0.004198	0.002703
131	L933_82	0	1	0.961033	0.999022	0.012709	0.000976
131	L933_82	1	2	0.038967	0.000978	0.012709	0.000976
132	L1196_29	0	1	0.995694	0.987300	0.004286	0.003496
132	L1196_29	1	2	0.004306	0.012700	0.004286	0.003496
133	L1082_50	0	1	0.951721	0.989186	0.014166	0.003253
133	L1082_50	1	2	0.048279	0.010814	0.014166	0.003253
134	L505_385	0	1	0.995573	0.985687	0.004415	0.003668
134	L505_385	1	2	0.004427	0.014313	0.004415	0.003668
135	L1089_136	0	1	0.995566	0.958345	0.004391	0.006220
135	L1089_136	1	2	0.004434	0.041655	0.004391	0.006220
136	L638_350	0	1	0.907147	0.992605	0.019898	0.002777
136	L638_350	1	2	0.092853	0.007395	0.019898	0.002777
137	L1172_140	0	1	0.987772	0.987950	0.007004	0.003323
137	L1172_140	1	2	0.012228	0.012050	0.007004	0.003323
138	L888_7	0	1	0.995954	0.833458	0.004018	0.011279
138	L888_7	1	2	0.004046	0.166542	0.004018	0.011279
139	L189_48	0	1	0.996247	0.985802	0.003738	0.003421
139	L189_48	1	2	0.003753	0.014198	0.003738	0.003421
140	L11_140	0	1	0.995814	0.967520	0.004171	0.005483
140	L11_140	1	2	0.004186	0.032480	0.004171	0.005483
141	L765_10	0	1	0.995217	0.989970	0.004761	0.003156
141	L765_10	1	2	0.004783	0.010030	0.004761	0.003156
142	L1459_449	0	1	0.996116	0.969895	0.003869	0.005009
142	L1459_449	1	2	0.003884	0.030105	0.003869	0.005009
143	L190_331	0	1	0.018931	0.979011	0.009488	0.004373
143	L190_331	1	2	0.981069	0.020989	0.009488	0.004373
144	L880_327	0	1	0.995905	0.951174	0.004079	0.006488
144	L880_327	1	2	0.004095	0.048826	0.004079	0.006488
145	L1003_344	0	1	0.996195	0.992575	0.003794	0.002617
145	L1003_344	1	2	0.003805	0.007425	0.003794	0.002617
146	L1501_83	0	1	0.959625	0.999018	0.012482	0.000980
146	L1501_83	1	2	0.040375	0.000982	0.012482	0.000980
147	L1030_352	0	1	0.012691	0.998858	0.007264	0.001128
147	L1030_352	1	2	0.987309	0.001142	0.007264	0.001128
148	L521_458	0	1	0.996235	0.986014	0.003751	0.003471
148	L521_458	1	2	0.003765	0.013986	0.003751	0.003471
149	L1375_60	0	1	0.996061	0.981637	0.003921	0.003968
149	L1375_60	1	2	0.003939	0.018363	0.003921	0.003968
150	L372_420	0	1	0.994898	0.987722	0.005031	0.003551
150	L372_420	1	2	0.005102	0.012278	0.005031	0.003551
151	L233_413	0	1	0.991771	0.953079	0.005747	0.006249
151	L233_413	1	2	0.008229	0.046921	0.005747	0.006249
152	L890_420	0	1	0.962688	0.999055	0.012185	0.000943
152	L890_420	1	2	0.037312	0.000945	0.012185	0.000943
153	L1420_44	0	1	0.929148	0.998983	0.017054	0.001017
153	L1420_44	1	2	0.070852	0.001017	0.017054	0.001017
154	L1481_64	0	1	0.995679	0.947402	0.004303	0.007104
154	L1481_64	1	2	0.004321	0.052598	0.004303	0.007104
155	L511_50	0	2	0.995413	0.730732	0.004558	0.013591
155	L511_50	1	1	0.004587	0.269268	0.004558	0.013591
156	L857_9	0	1	0.995952	0.990899	0.004031	0.002862
156	L857_9	1	2	0.004048	0.009101	0.004031	0.002862
157	L992_41	0	1	0.995766	0.991512	0.004219	0.002816
157	L992_41	1	2	0.004234	0.008488	0.004219	0.002816
158	L663_429	0	1	0.982044	0.956433	0.008881	0.006344
158	L663_429	1	2	0.017956	0.043567	0.008881	0.006344
159	L224_334	0	1	0.915976	0.992728	0.043137	0.002534
159	L224_334	1	2	0.084024	0.007272	0.043137	0.002534
160	L1438_14	0	1	0.995866	0.970429	0.004115	0.005233
160	L1438_14	1	2	0.004134	0.029571	0.004115	0.005233
161	L1578_130	0	1	0.996214	0.989583	0.003773	0.002991
161	L1578_130	1	2	0.003786	0.010417	0.003773	0.002991
162	L203_76	0	1	0.995706	0.989407	0.004278	0.003186
162	L203_76	1	2	0.004294	0.010593	0.004278	0.003186
163	L1121_64	0	1	0.995423	0.971423	0.004565	0.005322
163	L1121_64	1	2	0.004577	0.028577	0.004565	0.005322
164	L1279_468	0	1	0.992250	0.942132	0.005451	0.007306
164	L1279_468	1	2	0.007750	0.057868	0.005451	0.007306
165	L395_435	0	1	0.995177	0.774994	0.004795	0.013032
165	L395_435	1	2	0.004823	0.225006	0.004795	0.013032
166	L947_376	0	1	0.008728	0.292796	0.006131	0.014769
166	L947_376	1	2	0.991272	0.707204	0.006131	0.014769
167	L584_376	0	1	0.985204	0.991363	0.014589	0.002718
167	L584_376	1	2	0.014796	0.008637	0.014589	0.002718
168	L768_389	0	1	0.962088	0.986587	0.012368	0.003447
168	L768_389	1	2	0.037912	0.013413	0.012368	0.003447
169	L853_365	0	1	0.995415	0.962000	0.004563	0.006124
169	L853_365	1	2	0.004585	0.038000	0.004563	0.006124
170	L1599_80	0	1	0.952363	0.998031	0.013984	0.001390
170	L1599_80	1	2	0.047637	0.001969	0.013984	0.001390
171	L1131_418	0	1	0.993586	0.986151	0.005792	0.003554
171	L1131_418	1	2	0.006414	0.013849	0.005792	0.003554
172	L1190_112	0	1	0.994876	0.982438	0.005084	0.004098
172	L1190_112	1	2	0.005124	0.017562	0.005084	0.004098
173	L1707_349	0	1	0.981423	0.985816	0.009081	0.003698
173	L1707_349	1	2	0.018577	0.014184	0.009081	0.003698
174	L168_463	0	1	0.994320	0.991387	0.005524	0.002755
174	L168_463	1	2	0.005680	0.008613	0.005524	0.002755
175	L1440_125	0	1	0.995274	0.984186	0.004672	0.003823
175	L1440_125	1	2	0.004726	0.015814	0.004672	0.003823
176	L1218_130	0	1	0.995632	0.992253	0.004345	0.002728
176	L1218_130	1	2	0.004368	0.007747	0.004345	0.002728
177	L735_420	0	1	0.898721	0.986984	0.018895	0.003453
177	L735_420	1	2	0.101279	0.013016	0.018895	0.003453
178	L1005_87	0	1	0.995835	0.992362	0.004150	0.002687
178	L1005_87	1	2	0.004165	0.007638	0.004150	0.002687
179	L1617_35	0	1	0.995822	0.987512	0.004160	0.003438
179	L1617_35	1	2	0.004178	0.012488	0.004160	0.003438
180	L1134_27	0	1	0.987774	0.962955	0.007925	0.005926
180	L1134_27	1	2	0.012226	0.037045	0.007925	0.005926
181	L326_85	0	1	0.950146	0.999037	0.014033	0.000963
181	L326_85	1	2	0.049854	0.000963	0.014033	0.000963
182	L1386_137	0	1	0.996124	0.992847	0.003861	0.002521
182	L1386_137	1	2	0.003876	0.007153	0.003861	0.002521
183	L576_326	0	1	0.995965	0.934626	0.004009	0.007298
183	L576_326	1	2	0.004035	0.065374	0.004009	0.007298
184	L1048_103	0	1	0.995798	0.880739	0.004184	0.009855
184	L1048_103	1	2	0.004202	0.119261	0.004184	0.009855
185	L265_362	0	1	0.927889	0.999096	0.016370	0.000902
185	L265_362	1	2	0.072111	0.000904	0.016370	0.000902
186	L762_8	0	1	0.996260	0.988121	0.003733	0.003159
186	L762_8	1	2	0.003740	0.011879	0.003733	0.003159
187	L1595_358	0	1	0.011976	0.997156	0.006947	0.001622
187	L1595_358	1	2	0.988024	0.002844	0.006947	0.001622
188	L390_452	0	1	0.987958	0.994440	0.006902	0.002260
188	L390_452	1	2	0.012042	0.005560	0.006902	0.002260
189	L1049_342	0	1	0.996480	0.950166	0.003505	0.006165
189	L1049_342	1	2	0.003520	0.049834	0.003505	0.006165
190	L1097_478	0	1	0.959716	0.999022	0.013121	0.000978
190	L1097_478	1	2	0.040284	0.000978	0.013121	0.000978
191	L285_471	0	1	0.995993	0.985842	0.003966	0.003424
191	L285_471	1	2	0.004007	0.014158	0.003966	0.003424
192	L1055_54	0	1	0.995344	0.987934	0.004638	0.003324
192	L1055_54	1	2	0.004656	0.012066	0.004638	0.003324
193	L954_309	0	1	0.995468	0.985433	0.004501	0.003860
193	L954_309	1	2	0.004532	0.014567	0.004501	0.003860
194	L1098_446	0	1	0.996125	0.989494	0.003859	0.003013
194	L1098_446	1	2	0.003875	0.010506	0.003859	0.003013
195	L1231_450	0	1	0.995596	0.949983	0.004375	0.006703
195	L1231_450	1	2	0.004404	0.050017	0.004375	0.006703
196	L823_362	0	1	0.995583	0.984521	0.004396	0.003836
196	L823_362	1	2	0.004417	0.015479	0.004396	0.003836
197	L340_40	0	1	0.995716	0.943820	0.004251	0.007053
197	L340_40	1	2	0.004284	0.056180	0.004251	0.007053
198	L730_11	0	1	0.991854	0.972394	0.005728	0.004975
198	L730_11	1	2	0.008146	0.027606	0.005728	0.004975
199	L462_74	0	1	0.569844	0.999137	0.030951	0.000863
199	L462_74	1	2	0.430156	0.000863	0.030951	0.000863
