749401_sweeps	IndivName	1.000/0.000/0.000/0.000	0.000/0.000/0.000/1.000	0.000/0.500/0.500/0.000	0.250/0.250/0.250/0.250	0.500/0.250/0.250/0.000	0.000/0.250/0.250/0.500
1	NoName	0.00000	0.99998	0.00000	0.00000	0.00000	0.00002
2	NoName	0.00000	1.00000	0.00000	0.00000	0.00000	0.00000
3	NoName	0.00000	0.99998	0.00000	0.00000	0.00000	0.00002
4	NoName	0.00000	0.99708	0.00000	0.00107	0.00000	0.00185
5	NoName	0.00000	0.99999	0.00000	0.00000	0.00000	0.00001
6	NoName	0.00000	1.00000	0.00000	0.00000	0.00000	0.00000
7	NoName	0.00000	0.99745	0.00000	0.00001	0.00000	0.00254
8	NoName	0.00000	0.99997	0.00000	0.00000	0.00000	0.00002
9	NoName	0.00000	1.00000	0.00000	0.00000	0.00000	0.00000
10	NoName	0.00012	0.00000	0.00009	0.86569	0.13409	0.00001
11	NoName	0.99994	0.00000	0.00000	0.00000	0.00006	0.00000
12	NoName	0.00000	0.99965	0.00000	0.00003	0.00000	0.00032
13	NoName	0.00000	1.00000	0.00000	0.00000	0.00000	0.00000
14	NoName	0.00000	1.00000	0.00000	0.00000	0.00000	0.00000
15	NoName	0.00000	0.99998	0.00000	0.00000	0.00000	0.00002
16	NoName	0.00000	0.99988	0.00000	0.00000	0.00000	0.00012
17	NoName	0.99999	0.00000	0.00000	0.00000	0.00001	0.00000
18	NoName	0.98183	0.00004	0.00001	0.01231	0.00577	0.00004
19	NoName	0.00000	0.99810	0.00000	0.00056	0.00000	0.00135
20	NoName	1.00000	0.00000	0.00000	0.00000	0.00000	0.00000
21	NoName	0.98540	0.00002	0.00001	0.00948	0.00507	0.00002
22	NoName	0.00000	0.99825	0.00000	0.00050	0.00000	0.00126
23	NoName	0.99987	0.00000	0.00000	0.00000	0.00013	0.00000
24	NoName	1.00000	0.00000	0.00000	0.00000	0.00000	0.00000
25	NoName	0.99999	0.00000	0.00000	0.00000	0.00001	0.00000
26	NoName	0.00000	0.99999	0.00000	0.00000	0.00000	0.00001
27	NoName	0.00000	0.99999	0.00000	0.00000	0.00000	0.00001
28	NoName	0.00000	1.00000	0.00000	0.00000	0.00000	0.00000
29	NoName	0.00000	0.99990	0.00000	0.00000	0.00000	0.00010
30	NoName	1.00000	0.00000	0.00000	0.00000	0.00000	0.00000
31	NoName	0.99994	0.00000	0.00000	0.00000	0.00006	0.00000
32	NoName	0.00000	0.99988	0.00000	0.00000	0.00000	0.00011
33	NoName	0.99998	0.00000	0.00000	0.00000	0.00002	0.00000
34	NoName	0.26656	0.70910	0.00106	0.01435	0.00323	0.00570
35	NoName	0.00000	0.99992	0.00000	0.00000	0.00000	0.00008
36	NoName	0.00000	0.99999	0.00000	0.00000	0.00000	0.00001
37	NoName	0.99998	0.00000	0.00000	0.00000	0.00002	0.00000
38	NoName	1.00000	0.00000	0.00000	0.00000	0.00000	0.00000
39	NoName	0.00000	0.99996	0.00000	0.00000	0.00000	0.00004
40	NoName	0.00000	0.99979	0.00000	0.00000	0.00000	0.00021
41	NoName	0.00000	1.00000	0.00000	0.00000	0.00000	0.00000
42	NoName	0.00000	0.97539	0.00000	0.00101	0.00000	0.02361
43	NoName	0.99943	0.00000	0.00000	0.00001	0.00056	0.00000
44	NoName	0.00000	0.99999	0.00000	0.00000	0.00000	0.00001
45	NoName	1.00000	0.00000	0.00000	0.00000	0.00000	0.00000
46	NoName	0.00000	0.99909	0.00000	0.00000	0.00000	0.00091
47	NoName	0.00000	1.00000	0.00000	0.00000	0.00000	0.00000
48	NoName	0.99999	0.00000	0.00000	0.00000	0.00001	0.00000
49	NoName	0.99995	0.00000	0.00000	0.00000	0.00005	0.00000
50	NoName	0.00000	0.99997	0.00000	0.00000	0.00000	0.00003
51	NoName	0.00000	1.00000	0.00000	0.00000	0.00000	0.00000
52	NoName	0.00000	1.00000	0.00000	0.00000	0.00000	0.00000
53	NoName	0.63600	0.00000	0.00000	0.03454	0.32945	0.00000
54	NoName	0.00000	1.00000	0.00000	0.00000	0.00000	0.00000
55	NoName	0.00000	0.99999	0.00000	0.00000	0.00000	0.00001
56	NoName	0.93523	0.00000	0.00000	0.05377	0.01100	0.00000
57	NoName	0.00000	0.99991	0.00000	0.00000	0.00000	0.00009
58	NoName	0.00000	1.00000	0.00000	0.00000	0.00000	0.00000
59	NoName	0.00000	0.99996	0.00000	0.00000	0.00000	0.00004
60	NoName	0.00000	1.00000	0.00000	0.00000	0.00000	0.00000
61	NoName	0.00000	1.00000	0.00000	0.00000	0.00000	0.00000
62	NoName	0.00000	1.00000	0.00000	0.00000	0.00000	0.00000
63	NoName	0.00000	1.00000	0.00000	0.00000	0.00000	0.00000
64	NoName	0.00000	0.99999	0.00000	0.00000	0.00000	0.00001
65	NoName	0.00000	0.99999	0.00000	0.00000	0.00000	0.00001
66	NoName	1.00000	0.00000	0.00000	0.00000	0.00000	0.00000
67	NoName	0.00000	1.00000	0.00000	0.00000	0.00000	0.00000
68	NoName	0.00000	1.00000	0.00000	0.00000	0.00000	0.00000
69	NoName	0.00000	0.99866	0.00000	0.00032	0.00000	0.00102
70	NoName	0.00000	0.99999	0.00000	0.00000	0.00000	0.00001
71	NoName	0.00000	1.00000	0.00000	0.00000	0.00000	0.00000
72	NoName	0.00000	0.99999	0.00000	0.00000	0.00000	0.00001
73	NoName	0.00000	0.99995	0.00000	0.00000	0.00000	0.00005
74	NoName	0.00000	1.00000	0.00000	0.00000	0.00000	0.00000
75	NoName	0.00000	1.00000	0.00000	0.00000	0.00000	0.00000
76	NoName	0.00000	0.99997	0.00000	0.00000	0.00000	0.00003
77	NoName	0.99981	0.00000	0.00000	0.00001	0.00018	0.00000
78	NoName	0.99993	0.00000	0.00000	0.00000	0.00007	0.00000
79	NoName	0.99893	0.00000	0.00000	0.00017	0.00089	0.00000
80	NoName	0.00000	0.99872	0.00000	0.00002	0.00000	0.00126
81	NoName	0.00000	0.99978	0.00000	0.00000	0.00000	0.00022
82	NoName	0.98330	0.00050	0.00005	0.01066	0.00537	0.00013
83	NoName	1.00000	0.00000	0.00000	0.00000	0.00000	0.00000
84	NoName	0.00000	1.00000	0.00000	0.00000	0.00000	0.00000
85	NoName	0.99999	0.00000	0.00000	0.00000	0.00001	0.00000
86	NoName	0.99632	0.00000	0.00000	0.00047	0.00320	0.00000
87	NoName	0.00000	0.99999	0.00000	0.00000	0.00000	0.00001
88	NoName	0.99991	0.00000	0.00000	0.00000	0.00009	0.00000
89	NoName	0.00000	0.99991	0.00000	0.00000	0.00000	0.00009
90	NoName	0.00000	0.99999	0.00000	0.00000	0.00000	0.00001
91	NoName	0.99922	0.00000	0.00000	0.00015	0.00064	0.00000
92	NoName	0.00000	0.00000	0.00190	0.04418	0.00000	0.95392
93	NoName	0.00000	0.99999	0.00000	0.00000	0.00000	0.00001
94	NoName	0.62493	0.00000	0.00000	0.35030	0.02476	0.00000
95	NoName	0.00000	1.00000	0.00000	0.00000	0.00000	0.00000
96	NoName	0.00000	0.99997	0.00000	0.00000	0.00000	0.00003
97	NoName	0.99561	0.00000	0.00000	0.00164	0.00275	0.00000
98	NoName	0.00000	0.99996	0.00000	0.00000	0.00000	0.00004
99	NoName	0.00000	0.99820	0.00000	0.00050	0.00000	0.00130
100	NoName	0.00000	0.99999	0.00000	0.00000	0.00000	0.00001
101	NoName	0.00000	1.00000	0.00000	0.00000	0.00000	0.00000
102	NoName	0.00000	0.99998	0.00000	0.00000	0.00000	0.00002
103	NoName	0.00000	1.00000	0.00000	0.00000	0.00000	0.00000
104	NoName	0.00000	0.99999	0.00000	0.00000	0.00000	0.00001
105	NoName	0.00000	0.99903	0.00000	0.00018	0.00000	0.00080
106	NoName	0.00000	0.99999	0.00000	0.00000	0.00000	0.00001
107	NoName	0.00000	1.00000	0.00000	0.00000	0.00000	0.00000
108	NoName	0.99997	0.00000	0.00000	0.00000	0.00003	0.00000
109	NoName	0.00000	1.00000	0.00000	0.00000	0.00000	0.00000
110	NoName	0.00000	0.99999	0.00000	0.00000	0.00000	0.00001
111	NoName	0.00000	0.99999	0.00000	0.00000	0.00000	0.00001
112	NoName	1.00000	0.00000	0.00000	0.00000	0.00000	0.00000
113	NoName	1.00000	0.00000	0.00000	0.00000	0.00000	0.00000
114	NoName	0.00000	0.99998	0.00000	0.00000	0.00000	0.00002
115	NoName	0.00000	0.99999	0.00000	0.00000	0.00000	0.00001
116	NoName	0.90654	0.00000	0.00000	0.00117	0.09229	0.00000
117	NoName	0.00000	1.00000	0.00000	0.00000	0.00000	0.00000
118	NoName	0.99998	0.00000	0.00000	0.00000	0.00002	0.00000
119	NoName	0.99994	0.00000	0.00000	0.00000	0.00006	0.00000
120	NoName	0.00000	1.00000	0.00000	0.00000	0.00000	0.00000
121	NoName	0.00000	0.99996	0.00000	0.00000	0.00000	0.00004
122	NoName	0.00000	0.99999	0.00000	0.00000	0.00000	0.00001
123	NoName	0.23339	0.01166	0.00007	0.73597	0.01404	0.00488
124	NoName	0.00000	0.99999	0.00000	0.00000	0.00000	0.00001
125	NoName	0.00000	0.99998	0.00000	0.00000	0.00000	0.00002
126	NoName	0.00000	1.00000	0.00000	0.00000	0.00000	0.00000
127	NoName	0.00000	1.00000	0.00000	0.00000	0.00000	0.00000
128	NoName	0.00000	1.00000	0.00000	0.00000	0.00000	0.00000
129	NoName	0.00000	0.99988	0.00000	0.00000	0.00000	0.00011
130	NoName	0.00000	0.99995	0.00000	0.00000	0.00000	0.00005
131	NoName	0.99893	0.00000	0.00000	0.00010	0.00096	0.00000
132	NoName	0.00000	1.00000	0.00000	0.00000	0.00000	0.00000
133	NoName	0.00000	1.00000	0.00000	0.00000	0.00000	0.00000
134	NoName	0.00000	0.99999	0.00000	0.00000	0.00000	0.00001
135	NoName	0.00000	1.00000	0.00000	0.00000	0.00000	0.00000
136	NoName	0.00000	0.99999	0.00000	0.00000	0.00000	0.00001
137	NoName	0.00000	1.00000	0.00000	0.00000	0.00000	0.00000
138	NoName	0.99991	0.00000	0.00000	0.00000	0.00009	0.00000
139	NoName	0.99999	0.00000	0.00000	0.00000	0.00001	0.00000
140	NoName	0.99999	0.00000	0.00000	0.00000	0.00001	0.00000
141	NoName	0.80332	0.00000	0.00000	0.18423	0.01244	0.00000
142	NoName	0.99998	0.00000	0.00000	0.00000	0.00002	0.00000
143	NoName	0.00000	1.00000	0.00000	0.00000	0.00000	0.00000
144	NoName	1.00000	0.00000	0.00000	0.00000	0.00000	0.00000
145	NoName	1.00000	0.00000	0.00000	0.00000	0.00000	0.00000
146	NoName	1.00000	0.00000	0.00000	0.00000	0.00000	0.00000
147	NoName	0.99976	0.00000	0.00000	0.00002	0.00022	0.00000
148	NoName	1.00000	0.00000	0.00000	0.00000	0.00000	0.00000
149	NoName	0.99999	0.00000	0.00000	0.00000	0.00001	0.00000
150	NoName	0.99964	0.00000	0.00000	0.00002	0.00033	0.00000
151	NoName	0.00000	1.00000	0.00000	0.00000	0.00000	0.00000
152	NoName	0.00003	0.99006	0.00001	0.00566	0.00001	0.00423
153	NoName	0.00000	1.00000	0.00000	0.00000	0.00000	0.00000
154	NoName	0.00000	0.99996	0.00000	0.00000	0.00000	0.00004
155	NoName	0.00000	0.99998	0.00000	0.00000	0.00000	0.00002
156	NoName	0.00000	0.99999	0.00000	0.00000	0.00000	0.00001
157	NoName	0.00000	1.00000	0.00000	0.00000	0.00000	0.00000
158	NoName	0.00000	1.00000	0.00000	0.00000	0.00000	0.00000
159	NoName	0.00000	0.99998	0.00000	0.00000	0.00000	0.00002
160	NoName	0.00000	0.99999	0.00000	0.00000	0.00000	0.00001
161	NoName	0.00000	0.99999	0.00000	0.00000	0.00000	0.00001
162	NoName	0.99998	0.00000	0.00000	0.00000	0.00002	0.00000
163	NoName	0.00000	0.99999	0.00000	0.00000	0.00000	0.00001
164	NoName	0.00000	1.00000	0.00000	0.00000	0.00000	0.00000
165	NoName	0.00000	0.99890	0.00000	0.00024	0.00000	0.00086
166	NoName	0.99998	0.00000	0.00000	0.00000	0.00002	0.00000
167	NoName	0.99987	0.00000	0.00000	0.00000	0.00013	0.00000
168	NoName	1.00000	0.00000	0.00000	0.00000	0.00000	0.00000
169	NoName	0.00000	1.00000	0.00000	0.00000	0.00000	0.00000
170	NoName	0.00000	0.99999	0.00000	0.00000	0.00000	0.00001
171	NoName	0.00000	0.99999	0.00000	0.00000	0.00000	0.00001
172	NoName	0.00000	0.99998	0.00000	0.00000	0.00000	0.00002
173	NoName	0.99991	0.00000	0.00000	0.00000	0.00009	0.00000
174	NoName	0.00000	1.00000	0.00000	0.00000	0.00000	0.00000
175	NoName	0.00000	0.99999	0.00000	0.00000	0.00000	0.00001
176	NoName	0.00000	1.00000	0.00000	0.00000	0.00000	0.00000
177	NoName	0.00000	1.00000	0.00000	0.00000	0.00000	0.00000
178	NoName	0.99996	0.00000	0.00000	0.00000	0.00004	0.00000
179	NoName	1.00000	0.00000	0.00000	0.00000	0.00000	0.00000
180	NoName	0.00000	0.99999	0.00000	0.00000	0.00000	0.00001
181	NoName	0.00000	1.00000	0.00000	0.00000	0.00000	0.00000
182	NoName	0.99995	0.00000	0.00000	0.00000	0.00005	0.00000
183	NoName	0.00000	0.99928	0.00000	0.00001	0.00000	0.00071
184	NoName	0.00000	1.00000	0.00000	0.00000	0.00000	0.00000
185	NoName	0.00000	0.99997	0.00000	0.00000	0.00000	0.00003
186	NoName	0.99979	0.00000	0.00000	0.00000	0.00021	0.00000
187	NoName	0.00000	0.99977	0.00000	0.00000	0.00000	0.00023
188	NoName	0.00000	1.00000	0.00000	0.00000	0.00000	0.00000
189	NoName	0.00000	0.99994	0.00000	0.00000	0.00000	0.00006
190	NoName	0.00000	0.99939	0.00000	0.00008	0.00000	0.00052
191	NoName	0.99998	0.00000	0.00000	0.00000	0.00002	0.00000
192	NoName	1.00000	0.00000	0.00000	0.00000	0.00000	0.00000
193	NoName	0.99833	0.00000	0.00000	0.00003	0.00163	0.00000
194	NoName	0.00000	0.99990	0.00000	0.00000	0.00000	0.00010
195	NoName	0.00000	1.00000	0.00000	0.00000	0.00000	0.00000
196	NoName	0.00000	0.99999	0.00000	0.00000	0.00000	0.00001
197	NoName	0.00000	1.00000	0.00000	0.00000	0.00000	0.00000
198	NoName	0.00000	1.00000	0.00000	0.00000	0.00000	0.00000
199	NoName	0.00000	1.00000	0.00000	0.00000	0.00000	0.00000
200	NoName	0.00000	0.00000	0.04156	0.95127	0.00294	0.00423
201	NoName	0.00000	0.99999	0.00000	0.00000	0.00000	0.00001
202	NoName	0.00000	0.99987	0.00000	0.00000	0.00000	0.00013
203	NoName	0.00000	0.99965	0.00000	0.00003	0.00000	0.00032
204	NoName	0.00000	1.00000	0.00000	0.00000	0.00000	0.00000
205	NoName	0.00000	1.00000	0.00000	0.00000	0.00000	0.00000
206	NoName	0.00000	1.00000	0.00000	0.00000	0.00000	0.00000
207	NoName	0.00000	1.00000	0.00000	0.00000	0.00000	0.00000
208	NoName	0.00000	0.99992	0.00000	0.00000	0.00000	0.00008
209	NoName	0.00000	1.00000	0.00000	0.00000	0.00000	0.00000
210	NoName	0.00000	1.00000	0.00000	0.00000	0.00000	0.00000
211	NoName	0.00000	0.99993	0.00000	0.00000	0.00000	0.00007
212	NoName	0.00000	1.00000	0.00000	0.00000	0.00000	0.00000
213	NoName	0.99996	0.00000	0.00000	0.00000	0.00004	0.00000
214	NoName	0.99996	0.00000	0.00000	0.00000	0.00004	0.00000
215	NoName	0.00000	1.00000	0.00000	0.00000	0.00000	0.00000
216	NoName	0.00000	0.99990	0.00000	0.00000	0.00000	0.00010
217	NoName	0.00000	1.00000	0.00000	0.00000	0.00000	0.00000
218	NoName	0.00000	1.00000	0.00000	0.00000	0.00000	0.00000
219	NoName	0.00000	1.00000	0.00000	0.00000	0.00000	0.00000
220	NoName	0.00000	0.99745	0.00000	0.00096	0.00000	0.00159
221	NoName	0.00000	1.00000	0.00000	0.00000	0.00000	0.00000
222	NoName	0.00000	0.99999	0.00000	0.00000	0.00000	0.00001
223	NoName	0.00000	0.99986	0.00000	0.00001	0.00000	0.00013
224	NoName	0.00000	1.00000	0.00000	0.00000	0.00000	0.00000
225	NoName	0.00000	1.00000	0.00000	0.00000	0.00000	0.00000
226	NoName	0.99998	0.00000	0.00000	0.00000	0.00002	0.00000
227	NoName	0.00000	0.99999	0.00000	0.00000	0.00000	0.00001
228	NoName	0.00000	0.99997	0.00000	0.00000	0.00000	0.00003
229	NoName	0.98446	0.00002	0.00001	0.01023	0.00526	0.00002
230	NoName	0.00000	0.99997	0.00000	0.00000	0.00000	0.00003
231	NoName	0.00000	0.99999	0.00000	0.00000	0.00000	0.00001
232	NoName	0.00000	0.99992	0.00000	0.00000	0.00000	0.00008
233	NoName	1.00000	0.00000	0.00000	0.00000	0.00000	0.00000
234	NoName	0.00000	0.99990	0.00000	0.00000	0.00000	0.00010
235	NoName	0.00000	1.00000	0.00000	0.00000	0.00000	0.00000
236	NoName	0.00000	0.99997	0.00000	0.00000	0.00000	0.00003
237	NoName	0.00000	0.99996	0.00000	0.00000	0.00000	0.00004
238	NoName	0.00000	0.99991	0.00000	0.00000	0.00000	0.00009
239	NoName	0.99999	0.00000	0.00000	0.00000	0.00001	0.00000
240	NoName	0.99998	0.00000	0.00000	0.00000	0.00002	0.00000
241	NoName	0.99990	0.00000	0.00000	0.00000	0.00010	0.00000
242	NoName	0.99999	0.00000	0.00000	0.00000	0.00001	0.00000
243	NoName	0.00000	1.00000	0.00000	0.00000	0.00000	0.00000
244	NoName	0.99991	0.00000	0.00000	0.00000	0.00009	0.00000
245	NoName	0.99996	0.00000	0.00000	0.00000	0.00004	0.00000
246	NoName	0.00000	1.00000	0.00000	0.00000	0.00000	0.00000
247	NoName	0.00000	0.99999	0.00000	0.00000	0.00000	0.00001
248	NoName	0.00000	1.00000	0.00000	0.00000	0.00000	0.00000
249	NoName	0.00000	1.00000	0.00000	0.00000	0.00000	0.00000
250	NoName	0.00000	0.99999	0.00000	0.00000	0.00000	0.00001
251	NoName	0.00000	0.99999	0.00000	0.00000	0.00000	0.00001
252	NoName	0.00000	1.00000	0.00000	0.00000	0.00000	0.00000
253	NoName	0.00000	0.99999	0.00000	0.00000	0.00000	0.00001
254	NoName	0.00000	1.00000	0.00000	0.00000	0.00000	0.00000
255	NoName	0.00000	0.99999	0.00000	0.00000	0.00000	0.00001
256	NoName	0.00000	0.99414	0.00000	0.00005	0.00000	0.00581
257	NoName	0.00000	1.00000	0.00000	0.00000	0.00000	0.00000
258	NoName	0.00000	1.00000	0.00000	0.00000	0.00000	0.00000
259	NoName	0.00000	1.00000	0.00000	0.00000	0.00000	0.00000
260	NoName	0.00000	0.99993	0.00000	0.00000	0.00000	0.00006
261	NoName	0.00000	0.99999	0.00000	0.00000	0.00000	0.00001
262	NoName	0.00000	1.00000	0.00000	0.00000	0.00000	0.00000
263	NoName	0.00000	0.99999	0.00000	0.00000	0.00000	0.00001
264	NoName	0.00000	0.99995	0.00000	0.00000	0.00000	0.00005
265	NoName	0.00079	0.02179	0.00004	0.96485	0.00429	0.00824
266	NoName	0.00000	1.00000	0.00000	0.00000	0.00000	0.00000
267	NoName	0.00000	0.99997	0.00000	0.00000	0.00000	0.00003
268	NoName	0.00000	1.00000	0.00000	0.00000	0.00000	0.00000
269	NoName	0.00000	0.99949	0.00000	0.00001	0.00000	0.00050
270	NoName	0.00000	0.99999	0.00000	0.00000	0.00000	0.00001
271	NoName	0.00000	1.00000	0.00000	0.00000	0.00000	0.00000
272	NoName	0.00000	0.99999	0.00000	0.00000	0.00000	0.00001
273	NoName	0.00000	1.00000	0.00000	0.00000	0.00000	0.00000
274	NoName	0.00000	0.99999	0.00000	0.00000	0.00000	0.00001
275	NoName	0.00000	1.00000	0.00000	0.00000	0.00000	0.00000
276	NoName	0.00000	0.99997	0.00000	0.00000	0.00000	0.00003
277	NoName	0.00000	1.00000	0.00000	0.00000	0.00000	0.00000
278	NoName	0.00000	1.00000	0.00000	0.00000	0.00000	0.00000
279	NoName	0.00000	0.99998	0.00000	0.00000	0.00000	0.00002
280	NoName	0.00000	1.00000	0.00000	0.00000	0.00000	0.00000
281	NoName	0.00000	0.99959	0.00000	0.00003	0.00000	0.00037
282	NoName	0.00000	0.99998	0.00000	0.00000	0.00000	0.00002
283	NoName	1.00000	0.00000	0.00000	0.00000	0.00000	0.00000
284	NoName	0.00000	0.99926	0.00000	0.00016	0.00000	0.00058
285	NoName	0.00000	1.00000	0.00000	0.00000	0.00000	0.00000
286	NoName	0.00000	0.99998	0.00000	0.00000	0.00000	0.00002
287	NoName	0.00000	0.99999	0.00000	0.00000	0.00000	0.00001
288	NoName	0.00000	1.00000	0.00000	0.00000	0.00000	0.00000
289	NoName	0.00000	1.00000	0.00000	0.00000	0.00000	0.00000
290	NoName	0.00000	0.99999	0.00000	0.00000	0.00000	0.00001
291	NoName	0.00000	0.99983	0.00000	0.00001	0.00000	0.00016
292	NoName	0.00000	0.99998	0.00000	0.00000	0.00000	0.00002
293	NoName	0.00000	0.99997	0.00000	0.00000	0.00000	0.00003
294	NoName	0.00000	1.00000	0.00000	0.00000	0.00000	0.00000
295	NoName	0.00000	1.00000	0.00000	0.00000	0.00000	0.00000
296	NoName	0.99999	0.00000	0.00000	0.00000	0.00001	0.00000
297	NoName	0.00000	0.99999	0.00000	0.00000	0.00000	0.00001
298	NoName	0.00000	0.99494	0.00000	0.00234	0.00000	0.00272
299	NoName	0.99999	0.00000	0.00000	0.00000	0.00001	0.00000
300	NoName	0.00000	0.99996	0.00000	0.00000	0.00000	0.00004
301	NoName	0.00000	0.99999	0.00000	0.00000	0.00000	0.00001
302	NoName	0.00000	1.00000	0.00000	0.00000	0.00000	0.00000
303	NoName	0.00000	0.99999	0.00000	0.00000	0.00000	0.00001
304	NoName	0.00000	1.00000	0.00000	0.00000	0.00000	0.00000
305	NoName	0.00000	0.99999	0.00000	0.00000	0.00000	0.00001
306	NoName	0.00000	0.99999	0.00000	0.00000	0.00000	0.00001
307	NoName	0.00000	1.00000	0.00000	0.00000	0.00000	0.00000
308	NoName	0.00000	1.00000	0.00000	0.00000	0.00000	0.00000
309	NoName	0.00000	0.99999	0.00000	0.00000	0.00000	0.00001
310	NoName	0.00000	0.99999	0.00000	0.00000	0.00000	0.00001
311	NoName	0.00000	0.99966	0.00000	0.00003	0.00000	0.00031
312	NoName	0.00000	0.99999	0.00000	0.00000	0.00000	0.00001
313	NoName	0.00000	1.00000	0.00000	0.00000	0.00000	0.00000
314	NoName	0.00000	0.99961	0.00000	0.00000	0.00000	0.00039
315	NoName	0.00000	0.98867	0.00000	0.00014	0.00000	0.01119
316	NoName	0.00000	1.00000	0.00000	0.00000	0.00000	0.00000
317	NoName	0.00000	0.99999	0.00000	0.00000	0.00000	0.00001
318	NoName	0.00000	1.00000	0.00000	0.00000	0.00000	0.00000
319	NoName	0.00000	0.99997	0.00000	0.00000	0.00000	0.00003
320	NoName	0.00000	0.99998	0.00000	0.00000	0.00000	0.00002
321	NoName	0.00000	0.99997	0.00000	0.00000	0.00000	0.00003
322	NoName	0.00000	1.00000	0.00000	0.00000	0.00000	0.00000
323	NoName	0.00000	0.99906	0.00000	0.00002	0.00000	0.00092
324	NoName	0.00000	0.99999	0.00000	0.00000	0.00000	0.00001
325	NoName	0.00000	0.99806	0.00000	0.00000	0.00000	0.00194
326	NoName	0.00395	0.98373	0.00030	0.00677	0.00040	0.00485
327	NoName	0.00000	1.00000	0.00000	0.00000	0.00000	0.00000
328	NoName	0.00000	1.00000	0.00000	0.00000	0.00000	0.00000
329	NoName	0.00000	1.00000	0.00000	0.00000	0.00000	0.00000
330	NoName	0.00000	0.99417	0.00000	0.00283	0.00000	0.00300
331	NoName	0.00000	0.99997	0.00000	0.00000	0.00000	0.00003
332	NoName	0.00000	0.99998	0.00000	0.00000	0.00000	0.00002
333	NoName	0.00000	0.99998	0.00000	0.00000	0.00000	0.00002
334	NoName	0.00000	0.99996	0.00000	0.00000	0.00000	0.00004
335	NoName	0.00000	1.00000	0.00000	0.00000	0.00000	0.00000
336	NoName	0.00023	0.99347	0.00003	0.00309	0.00004	0.00313
337	NoName	0.00000	0.99998	0.00000	0.00000	0.00000	0.00002
338	NoName	0.00000	0.99996	0.00000	0.00000	0.00000	0.00004
339	NoName	0.00000	1.00000	0.00000	0.00000	0.00000	0.00000
340	NoName	0.00000	0.00000	0.47770	0.24328	0.00032	0.27870
341	NoName	0.00000	1.00000	0.00000	0.00000	0.00000	0.00000
342	NoName	0.00000	0.99996	0.00000	0.00000	0.00000	0.00004
343	NoName	0.00000	0.00001	0.00002	0.10183	0.00000	0.89814
344	NoName	0.00000	0.99998	0.00000	0.00000	0.00000	0.00002
345	NoName	0.00000	1.00000	0.00000	0.00000	0.00000	0.00000
346	NoName	0.00000	0.99956	0.00000	0.00004	0.00000	0.00040
347	NoName	0.00000	0.26416	0.00000	0.00347	0.00000	0.73237
348	NoName	0.00000	0.99999	0.00000	0.00000	0.00000	0.00001
349	NoName	0.00000	0.99999	0.00000	0.00000	0.00000	0.00001
350	NoName	0.00000	1.00000	0.00000	0.00000	0.00000	0.00000
351	NoName	0.00000	0.99996	0.00000	0.00000	0.00000	0.00004
352	NoName	0.00000	1.00000	0.00000	0.00000	0.00000	0.00000
353	NoName	0.00000	0.99991	0.00000	0.00000	0.00000	0.00009
354	NoName	0.00000	0.99847	0.00000	0.00040	0.00000	0.00113
355	NoName	0.99999	0.00000	0.00000	0.00000	0.00001	0.00000
356	NoName	0.00000	1.00000	0.00000	0.00000	0.00000	0.00000
357	NoName	0.00000	0.99997	0.00000	0.00000	0.00000	0.00003
358	NoName	0.00000	0.99873	0.00000	0.00029	0.00000	0.00097
359	NoName	0.00000	0.99997	0.00000	0.00000	0.00000	0.00003
360	NoName	0.00000	0.99998	0.00000	0.00000	0.00000	0.00002
361	NoName	0.99999	0.00000	0.00000	0.00000	0.00001	0.00000
362	NoName	1.00000	0.00000	0.00000	0.00000	0.00000	0.00000
363	NoName	0.00000	1.00000	0.00000	0.00000	0.00000	0.00000
364	NoName	0.00000	0.99995	0.00000	0.00000	0.00000	0.00005
365	NoName	0.00000	0.99682	0.00000	0.00003	0.00000	0.00314
366	NoName	0.00000	1.00000	0.00000	0.00000	0.00000	0.00000
367	NoName	0.00000	1.00000	0.00000	0.00000	0.00000	0.00000
368	NoName	0.99981	0.00000	0.00000	0.00000	0.00019	0.00000
369	NoName	0.00000	0.99999	0.00000	0.00000	0.00000	0.00001
370	NoName	0.00000	1.00000	0.00000	0.00000	0.00000	0.00000
371	NoName	0.00000	1.00000	0.00000	0.00000	0.00000	0.00000
372	NoName	0.00000	1.00000	0.00000	0.00000	0.00000	0.00000
373	NoName	0.00000	0.99518	0.00000	0.00218	0.00000	0.00263
374	NoName	0.99874	0.00000	0.00000	0.00002	0.00125	0.00000
375	NoName	0.00000	0.99999	0.00000	0.00000	0.00000	0.00001
376	NoName	0.00089	0.99051	0.00007	0.00460	0.00010	0.00382
377	NoName	0.99993	0.00000	0.00000	0.00000	0.00007	0.00000
378	NoName	0.99997	0.00000	0.00000	0.00000	0.00003	0.00000
379	NoName	0.00000	1.00000	0.00000	0.00000	0.00000	0.00000
380	NoName	0.00000	1.00000	0.00000	0.00000	0.00000	0.00000
381	NoName	0.00000	0.99990	0.00000	0.00000	0.00000	0.00010
382	NoName	1.00000	0.00000	0.00000	0.00000	0.00000	0.00000
383	NoName	0.00000	0.99999	0.00000	0.00000	0.00000	0.00001
384	NoName	0.00000	0.99993	0.00000	0.00000	0.00000	0.00007
385	NoName	0.00000	0.99999	0.00000	0.00000	0.00000	0.00001
386	NoName	0.00000	1.00000	0.00000	0.00000	0.00000	0.00000
387	NoName	0.99977	0.00000	0.00000	0.00002	0.00021	0.00000
388	NoName	0.00000	1.00000	0.00000	0.00000	0.00000	0.00000
389	NoName	0.00000	1.00000	0.00000	0.00000	0.00000	0.00000
390	NoName	0.00000	1.00000	0.00000	0.00000	0.00000	0.00000
391	NoName	0.00000	0.99982	0.00000	0.00001	0.00000	0.00017
392	NoName	0.00000	0.99890	0.00000	0.00019	0.00000	0.00091
393	NoName	0.00000	0.98483	0.00000	0.00027	0.00000	0.01490
394	NoName	0.00000	1.00000	0.00000	0.00000	0.00000	0.00000
395	NoName	0.00000	0.99998	0.00000	0.00000	0.00000	0.00002
396	NoName	0.00000	0.99963	0.00000	0.00000	0.00000	0.00037
397	NoName	0.00000	1.00000	0.00000	0.00000	0.00000	0.00000
398	NoName	0.09625	0.88576	0.00071	0.01025	0.00164	0.00539
399	NoName	0.00000	1.00000	0.00000	0.00000	0.00000	0.00000
400	NoName	0.00000	1.00000	0.00000	0.00000	0.00000	0.00000
401	NoName	0.22442	0.75030	0.00100	0.01520	0.00305	0.00603
402	NoName	0.00000	0.99997	0.00000	0.00000	0.00000	0.00003
403	NoName	0.00000	0.99999	0.00000	0.00000	0.00000	0.00001
404	NoName	0.00000	0.99998	0.00000	0.00000	0.00000	0.00002
405	NoName	0.00000	0.99997	0.00000	0.00000	0.00000	0.00003
406	NoName	0.00000	1.00000	0.00000	0.00000	0.00000	0.00000
407	NoName	0.00000	0.99989	0.00000	0.00000	0.00000	0.00011
408	NoName	0.00000	1.00000	0.00000	0.00000	0.00000	0.00000
409	NoName	0.00000	0.99999	0.00000	0.00000	0.00000	0.00001
410	NoName	0.00000	1.00000	0.00000	0.00000	0.00000	0.00000
411	NoName	0.99962	0.00000	0.00000	0.00000	0.00038	0.00000
412	NoName	0.00000	1.00000	0.00000	0.00000	0.00000	0.00000
413	NoName	0.00000	0.99993	0.00000	0.00000	0.00000	0.00007
414	NoName	0.00000	1.00000	0.00000	0.00000	0.00000	0.00000
415	NoName	0.00000	0.99992	0.00000	0.00000	0.00000	0.00007
416	NoName	0.00000	1.00000	0.00000	0.00000	0.00000	0.00000
417	NoName	0.00000	1.00000	0.00000	0.00000	0.00000	0.00000
418	NoName	0.00000	1.00000	0.00000	0.00000	0.00000	0.00000
419	NoName	0.00000	1.00000	0.00000	0.00000	0.00000	0.00000
420	NoName	0.00000	1.00000	0.00000	0.00000	0.00000	0.00000
421	NoName	0.00000	1.00000	0.00000	0.00000	0.00000	0.00000
422	NoName	0.00000	0.99931	0.00000	0.00011	0.00000	0.00058
423	NoName	0.00000	0.99943	0.00000	0.00008	0.00000	0.00049
424	NoName	0.00000	0.99999	0.00000	0.00000	0.00000	0.00001
425	NoName	0.00000	0.99999	0.00000	0.00000	0.00000	0.00001
426	NoName	0.00000	0.99999	0.00000	0.00000	0.00000	0.00001
427	NoName	0.00000	0.99999	0.00000	0.00000	0.00000	0.00001
428	NoName	0.00000	1.00000	0.00000	0.00000	0.00000	0.00000
429	NoName	0.00000	0.99999	0.00000	0.00000	0.00000	0.00001
430	NoName	0.00000	1.00000	0.00000	0.00000	0.00000	0.00000
431	NoName	0.00000	1.00000	0.00000	0.00000	0.00000	0.00000
432	NoName	0.00000	0.99999	0.00000	0.00000	0.00000	0.00001
433	NoName	0.00000	0.99999	0.00000	0.00000	0.00000	0.00001
434	NoName	0.00000	0.99988	0.00000	0.00000	0.00000	0.00011
435	NoName	0.00000	0.99999	0.00000	0.00000	0.00000	0.00001
436	NoName	1.00000	0.00000	0.00000	0.00000	0.00000	0.00000
437	NoName	0.00000	1.00000	0.00000	0.00000	0.00000	0.00000
438	NoName	0.00000	0.99999	0.00000	0.00000	0.00000	0.00001
439	NoName	0.00000	1.00000	0.00000	0.00000	0.00000	0.00000
440	NoName	0.00000	1.00000	0.00000	0.00000	0.00000	0.00000
441	NoName	0.00000	1.00000	0.00000	0.00000	0.00000	0.00000
442	NoName	0.00000	1.00000	0.00000	0.00000	0.00000	0.00000
443	NoName	0.00000	0.99998	0.00000	0.00000	0.00000	0.00002
444	NoName	0.00000	1.00000	0.00000	0.00000	0.00000	0.00000
445	NoName	0.00000	0.99999	0.00000	0.00000	0.00000	0.00001
446	NoName	0.00000	0.99999	0.00000	0.00000	0.00000	0.00001
447	NoName	0.00000	0.99999	0.00000	0.00000	0.00000	0.00001
448	NoName	0.00000	1.00000	0.00000	0.00000	0.00000	0.00000
449	NoName	0.00000	0.99998	0.00000	0.00000	0.00000	0.00002
450	NoName	0.00000	1.00000	0.00000	0.00000	0.00000	0.00000
451	NoName	0.00000	1.00000	0.00000	0.00000	0.00000	0.00000
452	NoName	0.00020	0.99360	0.00002	0.00305	0.00002	0.00311
453	NoName	0.00000	0.99551	0.00000	0.00164	0.00000	0.00284
454	NoName	0.00000	1.00000	0.00000	0.00000	0.00000	0.00000
455	NoName	0.00000	0.99999	0.00000	0.00000	0.00000	0.00001
456	NoName	0.00000	0.99999	0.00000	0.00000	0.00000	0.00001
457	NoName	0.00000	1.00000	0.00000	0.00000	0.00000	0.00000
458	NoName	0.00000	1.00000	0.00000	0.00000	0.00000	0.00000
459	NoName	0.00000	0.99991	0.00000	0.00000	0.00000	0.00009
460	NoName	1.00000	0.00000	0.00000	0.00000	0.00000	0.00000
461	NoName	0.00000	1.00000	0.00000	0.00000	0.00000	0.00000
462	NoName	0.00000	0.99999	0.00000	0.00000	0.00000	0.00001
463	NoName	0.00000	0.99871	0.00000	0.00031	0.00000	0.00099
464	NoName	0.99985	0.00000	0.00000	0.00000	0.00015	0.00000
465	NoName	0.00000	0.99999	0.00000	0.00000	0.00000	0.00001
466	NoName	0.00000	1.00000	0.00000	0.00000	0.00000	0.00000
467	NoName	0.00000	0.99979	0.00000	0.00001	0.00000	0.00020
468	NoName	0.00000	0.99929	0.00000	0.00000	0.00000	0.00071
469	NoName	0.00000	1.00000	0.00000	0.00000	0.00000	0.00000
470	NoName	0.00000	0.99677	0.00000	0.00107	0.00000	0.00216
471	NoName	0.00000	0.99999	0.00000	0.00000	0.00000	0.00001
472	NoName	0.00000	1.00000	0.00000	0.00000	0.00000	0.00000
473	NoName	0.00000	0.99920	0.00000	0.00000	0.00000	0.00079
474	NoName	0.00000	0.99659	0.00000	0.00134	0.00000	0.00207
475	NoName	0.00000	0.99833	0.00000	0.00001	0.00000	0.00165
476	NoName	0.00000	1.00000	0.00000	0.00000	0.00000	0.00000
477	NoName	0.00000	0.99996	0.00000	0.00000	0.00000	0.00004
478	NoName	0.00000	0.99999	0.00000	0.00000	0.00000	0.00001
479	NoName	0.00000	0.99992	0.00000	0.00000	0.00000	0.00008
480	NoName	0.00000	1.00000	0.00000	0.00000	0.00000	0.00000
481	NoName	0.00000	0.99990	0.00000	0.00000	0.00000	0.00010
482	NoName	0.00000	1.00000	0.00000	0.00000	0.00000	0.00000
483	NoName	0.00000	1.00000	0.00000	0.00000	0.00000	0.00000
484	NoName	0.00000	0.99996	0.00000	0.00000	0.00000	0.00004
485	NoName	0.00000	1.00000	0.00000	0.00000	0.00000	0.00000
486	NoName	0.00000	1.00000	0.00000	0.00000	0.00000	0.00000
487	NoName	0.00000	0.99997	0.00000	0.00000	0.00000	0.00003
488	NoName	0.00000	1.00000	0.00000	0.00000	0.00000	0.00000
489	NoName	0.00000	0.99989	0.00000	0.00000	0.00000	0.00011
490	NoName	0.00000	0.99999	0.00000	0.00000	0.00000	0.00001
491	NoName	0.00000	0.99999	0.00000	0.00000	0.00000	0.00001
492	NoName	0.00000	0.99990	0.00000	0.00000	0.00000	0.00010
493	NoName	0.00000	0.99999	0.00000	0.00000	0.00000	0.00001
494	NoName	0.00000	0.06310	0.00000	0.92552	0.00003	0.01135
495	NoName	0.00000	1.00000	0.00000	0.00000	0.00000	0.00000
496	NoName	0.00000	1.00000	0.00000	0.00000	0.00000	0.00000
497	NoName	0.00000	1.00000	0.00000	0.00000	0.00000	0.00000
498	NoName	0.00000	0.99999	0.00000	0.00000	0.00000	0.00001
499	NoName	0.00000	1.00000	0.00000	0.00000	0.00000	0.00000
500	NoName	0.00006	0.99344	0.00001	0.00328	0.00001	0.00321
501	NoName	0.00000	0.99999	0.00000	0.00000	0.00000	0.00001
502	NoName	0.02490	0.96316	0.00038	0.00645	0.00066	0.00445
503	NoName	0.00000	1.00000	0.00000	0.00000	0.00000	0.00000
504	NoName	0.00000	0.99994	0.00000	0.00000	0.00000	0.00006
505	NoName	0.00000	0.99999	0.00000	0.00000	0.00000	0.00001
506	NoName	0.99997	0.00000	0.00000	0.00000	0.00003	0.00000
507	NoName	1.00000	0.00000	0.00000	0.00000	0.00000	0.00000
508	NoName	0.00000	0.99999	0.00000	0.00000	0.00000	0.00001
509	NoName	0.00000	0.99998	0.00000	0.00000	0.00000	0.00002
510	NoName	0.00000	1.00000	0.00000	0.00000	0.00000	0.00000
511	NoName	0.00000	1.00000	0.00000	0.00000	0.00000	0.00000
512	NoName	0.00000	1.00000	0.00000	0.00000	0.00000	0.00000
513	NoName	0.38525	0.00000	0.00000	0.02472	0.59003	0.00000
514	NoName	0.00000	0.99999	0.00000	0.00000	0.00000	0.00001
515	NoName	0.99999	0.00000	0.00000	0.00000	0.00001	0.00000
516	NoName	0.00000	0.99943	0.00000	0.00009	0.00000	0.00049
517	NoName	0.00000	0.99999	0.00000	0.00000	0.00000	0.00001
518	NoName	0.99998	0.00000	0.00000	0.00000	0.00002	0.00000
519	NoName	0.00000	1.00000	0.00000	0.00000	0.00000	0.00000
520	NoName	0.00000	1.00000	0.00000	0.00000	0.00000	0.00000
521	NoName	0.00000	0.99998	0.00000	0.00000	0.00000	0.00002
522	NoName	0.00000	0.99999	0.00000	0.00000	0.00000	0.00001
523	NoName	0.00000	1.00000	0.00000	0.00000	0.00000	0.00000
524	NoName	0.00000	0.99999	0.00000	0.00000	0.00000	0.00001
525	NoName	0.00000	0.99999	0.00000	0.00000	0.00000	0.00001
526	NoName	0.00000	0.99994	0.00000	0.00000	0.00000	0.00006
527	NoName	0.00000	1.00000	0.00000	0.00000	0.00000	0.00000
528	NoName	0.00000	0.99992	0.00000	0.00000	0.00000	0.00008
529	NoName	0.00000	0.99951	0.00000	0.00006	0.00000	0.00043
530	NoName	0.00000	0.99999	0.00000	0.00000	0.00000	0.00001
531	NoName	0.00000	1.00000	0.00000	0.00000	0.00000	0.00000
532	NoName	0.00000	1.00000	0.00000	0.00000	0.00000	0.00000
533	NoName	1.00000	0.00000	0.00000	0.00000	0.00000	0.00000
534	NoName	0.00000	0.99998	0.00000	0.00000	0.00000	0.00002
535	NoName	0.00000	1.00000	0.00000	0.00000	0.00000	0.00000
536	NoName	0.00000	1.00000	0.00000	0.00000	0.00000	0.00000
537	NoName	0.99996	0.00000	0.00000	0.00000	0.00004	0.00000
538	NoName	0.00000	0.99946	0.00000	0.00007	0.00000	0.00047
539	NoName	0.00000	1.00000	0.00000	0.00000	0.00000	0.00000
540	NoName	0.99679	0.00000	0.00000	0.00133	0.00189	0.00000
541	NoName	0.99989	0.00000	0.00000	0.00000	0.00011	0.00000
542	NoName	0.99999	0.00000	0.00000	0.00000	0.00001	0.00000
543	NoName	0.00000	1.00000	0.00000	0.00000	0.00000	0.00000
544	NoName	0.00000	1.00000	0.00000	0.00000	0.00000	0.00000
545	NoName	0.00000	1.00000	0.00000	0.00000	0.00000	0.00000
546	NoName	0.00000	1.00000	0.00000	0.00000	0.00000	0.00000
547	NoName	0.00000	1.00000	0.00000	0.00000	0.00000	0.00000
548	NoName	0.99915	0.00000	0.00000	0.00014	0.00071	0.00000
549	NoName	0.00000	0.99999	0.00000	0.00000	0.00000	0.00001
550	NoName	0.00000	0.99999	0.00000	0.00000	0.00000	0.00001
551	NoName	1.00000	0.00000	0.00000	0.00000	0.00000	0.00000
552	NoName	0.00000	0.99850	0.00000	0.00000	0.00000	0.00150
553	NoName	0.00000	0.99994	0.00000	0.00000	0.00000	0.00006
554	NoName	0.00000	1.00000	0.00000	0.00000	0.00000	0.00000
555	NoName	0.00000	1.00000	0.00000	0.00000	0.00000	0.00000
556	NoName	0.00000	0.00000	0.02103	0.97337	0.00281	0.00279
557	NoName	0.00000	0.99980	0.00000	0.00000	0.00000	0.00020
558	NoName	0.00000	1.00000	0.00000	0.00000	0.00000	0.00000
559	NoName	0.99999	0.00000	0.00000	0.00000	0.00001	0.00000
560	NoName	0.99996	0.00000	0.00000	0.00000	0.00004	0.00000
561	NoName	0.99800	0.00000	0.00000	0.00001	0.00199	0.00000
562	NoName	0.99999	0.00000	0.00000	0.00000	0.00001	0.00000
563	NoName	0.00000	0.99992	0.00000	0.00000	0.00000	0.00008
564	NoName	0.00000	0.99999	0.00000	0.00000	0.00000	0.00001
565	NoName	0.99997	0.00000	0.00000	0.00000	0.00003	0.00000
566	NoName	0.00000	1.00000	0.00000	0.00000	0.00000	0.00000
567	NoName	0.16129	0.81813	0.00089	0.01185	0.00228	0.00557
568	NoName	0.99999	0.00000	0.00000	0.00000	0.00001	0.00000
569	NoName	0.00000	1.00000	0.00000	0.00000	0.00000	0.00000
570	NoName	0.00000	1.00000	0.00000	0.00000	0.00000	0.00000
571	NoName	0.00000	0.99998	0.00000	0.00000	0.00000	0.00002
572	NoName	0.00000	0.99995	0.00000	0.00000	0.00000	0.00005
573	NoName	0.00000	1.00000	0.00000	0.00000	0.00000	0.00000
574	NoName	0.00000	0.99999	0.00000	0.00000	0.00000	0.00001
575	NoName	0.03100	0.00000	0.00000	0.53214	0.43686	0.00000
576	NoName	0.00000	1.00000	0.00000	0.00000	0.00000	0.00000
577	NoName	0.99999	0.00000	0.00000	0.00000	0.00001	0.00000
578	NoName	0.00000	1.00000	0.00000	0.00000	0.00000	0.00000
579	NoName	0.00000	0.99806	0.00000	0.00000	0.00000	0.00194
580	NoName	0.00000	0.99805	0.00000	0.00055	0.00000	0.00140
581	NoName	0.00000	0.99997	0.00000	0.00000	0.00000	0.00003
582	NoName	0.00000	0.99999	0.00000	0.00000	0.00000	0.00001
583	NoName	0.00000	0.99991	0.00000	0.00000	0.00000	0.00009
584	NoName	0.00000	0.99994	0.00000	0.00000	0.00000	0.00006
585	NoName	0.00000	0.99997	0.00000	0.00000	0.00000	0.00003
586	NoName	0.00000	1.00000	0.00000	0.00000	0.00000	0.00000
587	NoName	0.00000	1.00000	0.00000	0.00000	0.00000	0.00000
588	NoName	0.00000	1.00000	0.00000	0.00000	0.00000	0.00000
589	NoName	0.00000	1.00000	0.00000	0.00000	0.00000	0.00000
590	NoName	0.00000	1.00000	0.00000	0.00000	0.00000	0.00000
591	NoName	0.00000	0.99927	0.00000	0.00012	0.00000	0.00061
592	NoName	0.00000	0.99990	0.00000	0.00000	0.00000	0.00010
593	NoName	0.00000	1.00000	0.00000	0.00000	0.00000	0.00000
594	NoName	0.00000	0.99999	0.00000	0.00000	0.00000	0.00001
595	NoName	0.00000	1.00000	0.00000	0.00000	0.00000	0.00000
596	NoName	0.00000	0.33631	0.00000	0.64850	0.00001	0.01518
597	NoName	0.00000	1.00000	0.00000	0.00000	0.00000	0.00000
598	NoName	0.00000	0.99985	0.00000	0.00001	0.00000	0.00015
599	NoName	0.00000	0.98984	0.00000	0.00033	0.00000	0.00982
600	NoName	0.00000	1.00000	0.00000	0.00000	0.00000	0.00000
601	NoName	0.00000	0.99969	0.00000	0.00003	0.00000	0.00029
602	NoName	1.00000	0.00000	0.00000	0.00000	0.00000	0.00000
603	NoName	0.99960	0.00000	0.00000	0.00004	0.00037	0.00000
604	NoName	0.00000	0.99998	0.00000	0.00000	0.00000	0.00002
605	NoName	0.00000	0.99998	0.00000	0.00000	0.00000	0.00002
606	NoName	0.00000	0.99999	0.00000	0.00000	0.00000	0.00001
607	NoName	0.00000	1.00000	0.00000	0.00000	0.00000	0.00000
608	NoName	0.00000	1.00000	0.00000	0.00000	0.00000	0.00000
609	NoName	0.00000	0.99996	0.00000	0.00000	0.00000	0.00004
610	NoName	0.99914	0.00000	0.00000	0.00001	0.00085	0.00000
611	NoName	0.00000	1.00000	0.00000	0.00000	0.00000	0.00000
612	NoName	0.00000	1.00000	0.00000	0.00000	0.00000	0.00000
613	NoName	0.00000	1.00000	0.00000	0.00000	0.00000	0.00000
614	NoName	0.00000	0.99998	0.00000	0.00000	0.00000	0.00002
615	NoName	0.00000	1.00000	0.00000	0.00000	0.00000	0.00000
616	NoName	0.00000	0.99961	0.00000	0.00001	0.00000	0.00037
617	NoName	0.00000	0.99999	0.00000	0.00000	0.00000	0.00001
618	NoName	0.00000	0.99999	0.00000	0.00000	0.00000	0.00001
619	NoName	0.00000	0.99988	0.00000	0.00000	0.00000	0.00012
620	NoName	0.00000	1.00000	0.00000	0.00000	0.00000	0.00000
621	NoName	0.00000	0.99999	0.00000	0.00000	0.00000	0.00001
622	NoName	0.00000	0.99912	0.00000	0.00017	0.00000	0.00072
623	NoName	0.00000	0.99995	0.00000	0.00000	0.00000	0.00005
624	NoName	0.00000	0.99999	0.00000	0.00000	0.00000	0.00001
625	NoName	0.00000	1.00000	0.00000	0.00000	0.00000	0.00000
626	NoName	0.00000	0.99933	0.00000	0.00010	0.00000	0.00057
627	NoName	0.00000	1.00000	0.00000	0.00000	0.00000	0.00000
628	NoName	0.00000	0.99999	0.00000	0.00000	0.00000	0.00001
629	NoName	0.00000	1.00000	0.00000	0.00000	0.00000	0.00000
630	NoName	0.00000	1.00000	0.00000	0.00000	0.00000	0.00000
631	NoName	0.00000	1.00000	0.00000	0.00000	0.00000	0.00000
632	NoName	1.00000	0.00000	0.00000	0.00000	0.00000	0.00000
633	NoName	0.00000	0.99999	0.00000	0.00000	0.00000	0.00001
634	NoName	0.00000	1.00000	0.00000	0.00000	0.00000	0.00000
635	NoName	0.00000	1.00000	0.00000	0.00000	0.00000	0.00000
636	NoName	0.00000	0.99995	0.00000	0.00000	0.00000	0.00005
637	NoName	0.00000	0.99995	0.00000	0.00000	0.00000	0.00004
638	NoName	0.00000	0.99997	0.00000	0.00000	0.00000	0.00003
639	NoName	0.00000	0.99999	0.00000	0.00000	0.00000	0.00001
640	NoName	0.00000	1.00000	0.00000	0.00000	0.00000	0.00000
641	NoName	0.00000	1.00000	0.00000	0.00000	0.00000	0.00000
642	NoName	0.00000	0.99999	0.00000	0.00000	0.00000	0.00001
643	NoName	0.00000	0.99999	0.00000	0.00000	0.00000	0.00001
644	NoName	0.00000	0.00431	0.00000	0.00278	0.00000	0.99291
645	NoName	0.00000	1.00000	0.00000	0.00000	0.00000	0.00000
646	NoName	0.00000	0.99976	0.00000	0.00000	0.00000	0.00024
647	NoName	0.00000	0.99999	0.00000	0.00000	0.00000	0.00001
648	NoName	0.00000	0.99999	0.00000	0.00000	0.00000	0.00001
649	NoName	0.00000	0.99960	0.00000	0.00002	0.00000	0.00037
650	NoName	0.99988	0.00000	0.00000	0.00000	0.00012	0.00000
651	NoName	0.00000	0.99999	0.00000	0.00000	0.00000	0.00001
652	NoName	0.00000	1.00000	0.00000	0.00000	0.00000	0.00000
653	NoName	0.99859	0.00000	0.00000	0.00039	0.00102	0.00000
654	NoName	0.00000	0.99984	0.00000	0.00001	0.00000	0.00015
655	NoName	0.00000	1.00000	0.00000	0.00000	0.00000	0.00000
656	NoName	0.00000	0.99745	0.00000	0.00001	0.00000	0.00255
657	NoName	0.00000	0.99910	0.00000	0.00001	0.00000	0.00089
658	NoName	0.00000	1.00000	0.00000	0.00000	0.00000	0.00000
659	NoName	0.99860	0.00000	0.00000	0.00038	0.00102	0.00000
660	NoName	0.00000	0.99996	0.00000	0.00000	0.00000	0.00004
661	NoName	0.00000	0.99999	0.00000	0.00000	0.00000	0.00001
662	NoName	0.00000	0.99999	0.00000	0.00000	0.00000	0.00001
663	NoName	0.00000	0.99164	0.00001	0.00424	0.00001	0.00410
664	NoName	0.99999	0.00000	0.00000	0.00000	0.00001	0.00000
665	NoName	0.00000	0.99970	0.00000	0.00000	0.00000	0.00029
666	NoName	1.00000	0.00000	0.00000	0.00000	0.00000	0.00000
667	NoName	1.00000	0.00000	0.00000	0.00000	0.00000	0.00000
668	NoName	1.00000	0.00000	0.00000	0.00000	0.00000	0.00000
669	NoName	0.99999	0.00000	0.00000	0.00000	0.00001	0.00000
670	NoName	0.99958	0.00000	0.00000	0.00002	0.00040	0.00000
671	NoName	0.00000	0.99999	0.00000	0.00000	0.00000	0.00001
672	NoName	0.00000	1.00000	0.00000	0.00000	0.00000	0.00000
673	NoName	0.00000	1.00000	0.00000	0.00000	0.00000	0.00000
674	NoName	0.00000	0.99883	0.00000	0.00026	0.00000	0.00091
675	NoName	0.00000	0.99996	0.00000	0.00000	0.00000	0.00004
676	NoName	0.00000	0.99986	0.00000	0.00000	0.00000	0.00013
677	NoName	0.00000	0.99997	0.00000	0.00000	0.00000	0.00003
678	NoName	1.00000	0.00000	0.00000	0.00000	0.00000	0.00000
679	NoName	0.00000	1.00000	0.00000	0.00000	0.00000	0.00000
680	NoName	0.00000	0.99998	0.00000	0.00000	0.00000	0.00002
681	NoName	0.00000	0.99991	0.00000	0.00000	0.00000	0.00009
682	NoName	0.00000	1.00000	0.00000	0.00000	0.00000	0.00000
683	NoName	0.00000	0.99997	0.00000	0.00000	0.00000	0.00003
684	NoName	0.00000	0.99987	0.00000	0.00000	0.00000	0.00012
685	NoName	0.00000	1.00000	0.00000	0.00000	0.00000	0.00000
686	NoName	0.00000	0.99980	0.00000	0.00000	0.00000	0.00020
687	NoName	0.00000	0.99999	0.00000	0.00000	0.00000	0.00001
688	NoName	0.00000	0.99992	0.00000	0.00000	0.00000	0.00008
689	NoName	0.00000	0.99994	0.00000	0.00000	0.00000	0.00005
690	NoName	0.00000	1.00000	0.00000	0.00000	0.00000	0.00000
691	NoName	0.00000	0.99999	0.00000	0.00000	0.00000	0.00001
692	NoName	0.00000	0.99986	0.00000	0.00000	0.00000	0.00014
693	NoName	0.00000	1.00000	0.00000	0.00000	0.00000	0.00000
694	NoName	0.00003	0.99429	0.00001	0.00273	0.00001	0.00294
695	NoName	0.00000	0.99997	0.00000	0.00000	0.00000	0.00003
696	NoName	0.00000	1.00000	0.00000	0.00000	0.00000	0.00000
697	NoName	0.00000	0.99988	0.00000	0.00000	0.00000	0.00012
698	NoName	0.00000	0.98480	0.00000	0.00069	0.00000	0.01451
699	NoName	0.00000	1.00000	0.00000	0.00000	0.00000	0.00000
700	NoName	0.00000	1.00000	0.00000	0.00000	0.00000	0.00000
701	NoName	1.00000	0.00000	0.00000	0.00000	0.00000	0.00000
702	NoName	0.99999	0.00000	0.00000	0.00000	0.00001	0.00000
703	NoName	0.99993	0.00000	0.00000	0.00000	0.00007	0.00000
704	NoName	0.96960	0.00003	0.00001	0.02261	0.00771	0.00004
705	NoName	0.00000	0.99997	0.00000	0.00000	0.00000	0.00003
706	NoName	0.00000	0.99993	0.00000	0.00000	0.00000	0.00007
707	NoName	0.99996	0.00000	0.00000	0.00000	0.00004	0.00000
708	NoName	0.00000	0.99517	0.00000	0.00002	0.00000	0.00481
709	NoName	0.00000	1.00000	0.00000	0.00000	0.00000	0.00000
710	NoName	0.00000	1.00000	0.00000	0.00000	0.00000	0.00000
711	NoName	0.00000	0.99995	0.00000	0.00000	0.00000	0.00005
712	NoName	0.00000	0.99993	0.00000	0.00000	0.00000	0.00007
713	NoName	0.00000	1.00000	0.00000	0.00000	0.00000	0.00000
714	NoName	0.95932	0.00000	0.00000	0.00053	0.04015	0.00000
715	NoName	0.00000	0.99760	0.00000	0.00080	0.00000	0.00160
716	NoName	0.00000	0.99999	0.00000	0.00000	0.00000	0.00001
717	NoName	0.00000	1.00000	0.00000	0.00000	0.00000	0.00000
718	NoName	0.99997	0.00000	0.00000	0.00000	0.00003	0.00000
719	NoName	0.00000	0.99997	0.00000	0.00000	0.00000	0.00003
720	NoName	0.00000	1.00000	0.00000	0.00000	0.00000	0.00000
721	NoName	0.00000	1.00000	0.00000	0.00000	0.00000	0.00000
722	NoName	0.00000	1.00000	0.00000	0.00000	0.00000	0.00000
723	NoName	0.00000	0.99958	0.00000	0.00001	0.00000	0.00040
724	NoName	0.00000	0.99959	0.00000	0.00004	0.00000	0.00037
725	NoName	0.00008	0.03813	0.00000	0.95495	0.00020	0.00663
726	NoName	0.00000	1.00000	0.00000	0.00000	0.00000	0.00000
727	NoName	0.00000	1.00000	0.00000	0.00000	0.00000	0.00000
728	NoName	0.00000	0.99884	0.00000	0.00026	0.00000	0.00090
729	NoName	0.00000	0.99932	0.00000	0.00000	0.00000	0.00068
730	NoName	0.00000	1.00000	0.00000	0.00000	0.00000	0.00000
731	NoName	0.00000	0.99999	0.00000	0.00000	0.00000	0.00001
732	NoName	0.99989	0.00000	0.00000	0.00000	0.00011	0.00000
733	NoName	0.00000	0.99999	0.00000	0.00000	0.00000	0.00001
734	NoName	0.00000	1.00000	0.00000	0.00000	0.00000	0.00000
735	NoName	0.00000	0.99988	0.00000	0.00000	0.00000	0.00012
736	NoName	0.00000	0.99881	0.00000	0.00025	0.00000	0.00094
737	NoName	0.00000	1.00000	0.00000	0.00000	0.00000	0.00000
738	NoName	0.99996	0.00000	0.00000	0.00000	0.00004	0.00000
739	NoName	0.00000	0.99710	0.00000	0.00099	0.00000	0.00190
740	NoName	0.00000	1.00000	0.00000	0.00000	0.00000	0.00000
741	NoName	1.00000	0.00000	0.00000	0.00000	0.00000	0.00000
742	NoName	0.00000	1.00000	0.00000	0.00000	0.00000	0.00000
743	NoName	0.00000	0.99998	0.00000	0.00000	0.00000	0.00002
744	NoName	0.00000	1.00000	0.00000	0.00000	0.00000	0.00000
745	NoName	0.99999	0.00000	0.00000	0.00000	0.00001	0.00000
746	NoName	0.00000	1.00000	0.00000	0.00000	0.00000	0.00000
747	NoName	0.00000	1.00000	0.00000	0.00000	0.00000	0.00000
748	NoName	0.00000	1.00000	0.00000	0.00000	0.00000	0.00000
749	NoName	0.00000	1.00000	0.00000	0.00000	0.00000	0.00000
750	NoName	0.20622	0.77149	0.00097	0.01295	0.00270	0.00565
751	NoName	0.00000	0.99981	0.00000	0.00000	0.00000	0.00019
752	NoName	0.00000	1.00000	0.00000	0.00000	0.00000	0.00000
753	NoName	0.00000	0.99999	0.00000	0.00000	0.00000	0.00001
754	NoName	0.00000	0.99999	0.00000	0.00000	0.00000	0.00001
755	NoName	0.00000	0.99990	0.00000	0.00000	0.00000	0.00010
756	NoName	0.00000	0.99999	0.00000	0.00000	0.00000	0.00001
757	NoName	0.00000	0.99989	0.00000	0.00000	0.00000	0.00011
758	NoName	0.00000	0.99973	0.00000	0.00002	0.00000	0.00025
759	NoName	0.99873	0.00000	0.00000	0.00000	0.00127	0.00000
760	NoName	0.99999	0.00000	0.00000	0.00000	0.00001	0.00000
761	NoName	0.00000	0.97793	0.00000	0.00164	0.00000	0.02042
762	NoName	0.00000	0.99999	0.00000	0.00000	0.00000	0.00001
763	NoName	0.00000	1.00000	0.00000	0.00000	0.00000	0.00000
764	NoName	0.00000	0.89215	0.00000	0.00047	0.00000	0.10738
765	NoName	0.00000	0.99999	0.00000	0.00000	0.00000	0.00001
766	NoName	0.00000	0.99999	0.00000	0.00000	0.00000	0.00001
767	NoName	0.00000	1.00000	0.00000	0.00000	0.00000	0.00000
768	NoName	0.00000	0.99998	0.00000	0.00000	0.00000	0.00002
769	NoName	0.00000	0.99986	0.00000	0.00000	0.00000	0.00013
770	NoName	0.00000	0.99999	0.00000	0.00000	0.00000	0.00001
771	NoName	0.00000	0.99997	0.00000	0.00000	0.00000	0.00003
772	NoName	0.00000	0.99999	0.00000	0.00000	0.00000	0.00001
773	NoName	0.00000	0.99971	0.00000	0.00002	0.00000	0.00027
774	NoName	0.00000	0.03326	0.00000	0.96182	0.00000	0.00493
775	NoName	0.00000	0.99999	0.00000	0.00000	0.00000	0.00001
776	NoName	0.00000	1.00000	0.00000	0.00000	0.00000	0.00000
