749401_sweeps	1.000/0.000/0.000/0.000	0.000/0.000/0.000/1.000	0.000/0.500/0.500/0.000	0.250/0.250/0.250/0.250	0.500/0.250/0.250/0.000	0.000/0.250/0.250/0.500
1	0.00000	0.99719	0.00000	0.00000	0.00000	0.00280
2	0.00000	0.99968	0.00000	0.00000	0.00000	0.00032
3	0.00000	0.99775	0.00000	0.00000	0.00000	0.00225
4	0.00000	0.74772	0.00005	0.05311	0.00001	0.19910
5	0.00000	0.99824	0.00000	0.00000	0.00000	0.00176
6	0.00000	0.99944	0.00000	0.00000	0.00000	0.00056
7	0.00000	0.81583	0.00000	0.00017	0.00000	0.18400
8	0.00000	0.99642	0.00000	0.00000	0.00000	0.00358
9	0.00000	0.99992	0.00000	0.00000	0.00000	0.00008
10	0.00000	0.00000	0.00066	0.56817	0.43116	0.00001
11	0.99564	0.00000	0.00000	0.00000	0.00436	0.00000
12	0.00000	0.95423	0.00000	0.00184	0.00000	0.04393
13	0.00000	0.99985	0.00000	0.00000	0.00000	0.00015
14	0.00000	0.99983	0.00000	0.00000	0.00000	0.00017
15	0.00000	0.99719	0.00000	0.00000	0.00000	0.00281
16	0.00000	0.98354	0.00000	0.00019	0.00000	0.01626
17	0.99950	0.00000	0.00000	0.00000	0.00050	0.00000
18	0.62291	0.00001	0.00173	0.11136	0.26327	0.00073
19	0.00000	0.81428	0.00014	0.02926	0.00002	0.15631
20	0.99972	0.00000	0.00000	0.00000	0.00028	0.00000
21	0.66274	0.00000	0.00117	0.09077	0.24488	0.00044
22	0.00000	0.82410	0.00006	0.02706	0.00001	0.14876
23	0.99093	0.00000	0.00000	0.00007	0.00901	0.00000
24	0.99995	0.00000	0.00000	0.00000	0.00005	0.00000
25	0.99938	0.00000	0.00000	0.00000	0.00062	0.00000
26	0.00000	0.99912	0.00000	0.00000	0.00000	0.00087
27	0.00000	0.99845	0.00000	0.00000	0.00000	0.00155
28	0.00000	0.99994	0.00000	0.00000	0.00000	0.00006
29	0.00000	0.98619	0.00000	0.00001	0.00000	0.01379
30	0.99991	0.00000	0.00000	0.00000	0.00009	0.00000
31	0.99590	0.00000	0.00000	0.00001	0.00409	0.00000
32	0.00000	0.98404	0.00000	0.00025	0.00000	0.01571
33	0.99851	0.00000	0.00000	0.00000	0.00149	0.00000
34	0.21475	0.12402	0.16309	0.16595	0.18875	0.14344
35	0.00000	0.98820	0.00000	0.00012	0.00000	0.01167
36	0.00000	0.99901	0.00000	0.00000	0.00000	0.00099
37	0.99801	0.00000	0.00000	0.00000	0.00199	0.00000
38	0.99988	0.00000	0.00000	0.00000	0.00012	0.00000
39	0.00000	0.99471	0.00000	0.00001	0.00000	0.00528
40	0.00000	0.97134	0.00000	0.00008	0.00000	0.02858
41	0.00000	0.99982	0.00000	0.00000	0.00000	0.00018
42	0.00000	0.39262	0.00000	0.01129	0.00000	0.59609
43	0.96129	0.00000	0.00000	0.00016	0.03855	0.00000
44	0.00000	0.99828	0.00000	0.00000	0.00000	0.00172
45	0.99988	0.00000	0.00000	0.00000	0.00012	0.00000
46	0.00000	0.89112	0.00000	0.00003	0.00000	0.10884
47	0.00000	0.99963	0.00000	0.00000	0.00000	0.00037
48	0.99962	0.00000	0.00000	0.00000	0.00038	0.00000
49	0.99637	0.00000	0.00000	0.00001	0.00362	0.00000
50	0.00000	0.99531	0.00000	0.00002	0.00000	0.00467
51	0.00000	0.99967	0.00000	0.00000	0.00000	0.00033
52	0.00000	0.99932	0.00000	0.00000	0.00000	0.00068
53	0.09578	0.00000	0.00000	0.01275	0.89147	0.00000
54	0.00000	0.99954	0.00000	0.00000	0.00000	0.00046
55	0.00000	0.99893	0.00000	0.00000	0.00000	0.00107
56	0.41156	0.00000	0.00000	0.27275	0.31569	0.00000
57	0.00000	0.98663	0.00000	0.00002	0.00000	0.01335
58	0.00000	0.99975	0.00000	0.00000	0.00000	0.00025
59	0.00000	0.99420	0.00000	0.00003	0.00000	0.00578
60	0.00000	0.99933	0.00000	0.00000	0.00000	0.00067
61	0.00000	0.99997	0.00000	0.00000	0.00000	0.00003
62	0.00000	0.99955	0.00000	0.00000	0.00000	0.00045
63	0.00000	0.99980	0.00000	0.00000	0.00000	0.00020
64	0.00000	0.99905	0.00000	0.00000	0.00000	0.00095
65	0.00000	0.99798	0.00000	0.00000	0.00000	0.00202
66	0.99970	0.00000	0.00000	0.00000	0.00030	0.00000
67	0.00000	0.99985	0.00000	0.00000	0.00000	0.00015
68	0.00000	0.99950	0.00000	0.00000	0.00000	0.00050
69	0.00000	0.85663	0.00001	0.01829	0.00000	0.12506
70	0.00000	0.99919	0.00000	0.00000	0.00000	0.00081
71	0.00000	0.99988	0.00000	0.00000	0.00000	0.00012
72	0.00000	0.99861	0.00000	0.00000	0.00000	0.00139
73	0.00000	0.99332	0.00000	0.00004	0.00000	0.00663
74	0.00000	0.99997	0.00000	0.00000	0.00000	0.00003
75	0.00000	0.99962	0.00000	0.00000	0.00000	0.00038
76	0.00000	0.99546	0.00000	0.00001	0.00000	0.00453
77	0.98755	0.00000	0.00000	0.00007	0.01237	0.00000
78	0.99477	0.00000	0.00000	0.00002	0.00521	0.00000
79	0.94317	0.00000	0.00000	0.00203	0.05480	0.00000
80	0.00000	0.84927	0.00000	0.00082	0.00000	0.14991
81	0.00000	0.96964	0.00000	0.00020	0.00000	0.03016
82	0.64034	0.00007	0.00648	0.09893	0.25162	0.00255
83	0.99971	0.00000	0.00000	0.00000	0.00029	0.00000
84	0.00000	0.99935	0.00000	0.00000	0.00000	0.00065
85	0.99951	0.00000	0.00000	0.00000	0.00049	0.00000
86	0.81206	0.00000	0.00000	0.00511	0.18283	0.00000
87	0.00000	0.99912	0.00000	0.00000	0.00000	0.00088
88	0.99360	0.00000	0.00000	0.00000	0.00640	0.00000
89	0.00000	0.98670	0.00000	0.00001	0.00000	0.01329
90	0.00000	0.99894	0.00000	0.00000	0.00000	0.00106
91	0.95447	0.00000	0.00000	0.00200	0.04353	0.00000
92	0.00000	0.00000	0.00751	0.01467	0.00000	0.97782
93	0.00000	0.99899	0.00000	0.00000	0.00000	0.00101
94	0.11985	0.00000	0.00000	0.61008	0.27007	0.00000
95	0.00000	0.99957	0.00000	0.00000	0.00000	0.00043
96	0.00000	0.99636	0.00000	0.00001	0.00000	0.00363
97	0.81864	0.00000	0.00032	0.01917	0.16184	0.00002
98	0.00000	0.99459	0.00000	0.00002	0.00000	0.00540
99	0.00000	0.81923	0.00051	0.02683	0.00008	0.15335
100	0.00000	0.99899	0.00000	0.00000	0.00000	0.00101
101	0.00000	0.99990	0.00000	0.00000	0.00000	0.00010
102	0.00000	0.99710	0.00000	0.00001	0.00000	0.00289
103	0.00000	0.99977	0.00000	0.00000	0.00000	0.00023
104	0.00000	0.99928	0.00000	0.00000	0.00000	0.00072
105	0.00000	0.88809	0.00000	0.01041	0.00000	0.10150
106	0.00000	0.99880	0.00000	0.00000	0.00000	0.00120
107	0.00000	0.99983	0.00000	0.00000	0.00000	0.00017
108	0.99821	0.00000	0.00000	0.00000	0.00179	0.00000
109	0.00000	0.99967	0.00000	0.00000	0.00000	0.00033
110	0.00000	0.99925	0.00000	0.00000	0.00000	0.00075
111	0.00000	0.99921	0.00000	0.00000	0.00000	0.00079
112	0.99991	0.00000	0.00000	0.00000	0.00009	0.00000
113	0.99974	0.00000	0.00000	0.00000	0.00026	0.00000
114	0.00000	0.99657	0.00000	0.00001	0.00000	0.00342
115	0.00000	0.99892	0.00000	0.00000	0.00000	0.00108
116	0.22006	0.00000	0.00000	0.00148	0.77846	0.00000
117	0.00000	0.99986	0.00000	0.00000	0.00000	0.00014
118	0.99885	0.00000	0.00000	0.00000	0.00115	0.00000
119	0.99571	0.00000	0.00000	0.00000	0.00428	0.00000
120	0.00000	0.99984	0.00000	0.00000	0.00000	0.00016
121	0.00000	0.99445	0.00000	0.00000	0.00000	0.00555
122	0.00000	0.99823	0.00000	0.00000	0.00000	0.00177
123	0.03321	0.00018	0.00126	0.85147	0.10288	0.01101
124	0.00000	0.99891	0.00000	0.00000	0.00000	0.00109
125	0.00000	0.99670	0.00000	0.00001	0.00000	0.00329
126	0.00000	0.99992	0.00000	0.00000	0.00000	0.00008
127	0.00000	0.99996	0.00000	0.00000	0.00000	0.00004
128	0.00000	0.99961	0.00000	0.00000	0.00000	0.00039
129	0.00000	0.98367	0.00000	0.00020	0.00000	0.01613
130	0.00000	0.99353	0.00000	0.00001	0.00000	0.00646
131	0.94798	0.00000	0.00000	0.00093	0.05109	0.00000
132	0.00000	0.99930	0.00000	0.00000	0.00000	0.00070
133	0.00000	0.99986	0.00000	0.00000	0.00000	0.00014
134	0.00000	0.99890	0.00000	0.00000	0.00000	0.00110
135	0.00000	0.99961	0.00000	0.00000	0.00000	0.00039
136	0.00000	0.99908	0.00000	0.00000	0.00000	0.00092
137	0.00000	0.99955	0.00000	0.00000	0.00000	0.00045
138	0.99367	0.00000	0.00000	0.00003	0.00629	0.00000
139	0.99943	0.00000	0.00000	0.00000	0.00057	0.00000
140	0.99918	0.00000	0.00000	0.00000	0.00082	0.00000
141	0.34486	0.00000	0.00000	0.38727	0.26787	0.00000
142	0.99891	0.00000	0.00000	0.00000	0.00109	0.00000
143	0.00000	0.99959	0.00000	0.00000	0.00000	0.00041
144	0.99979	0.00000	0.00000	0.00000	0.00021	0.00000
145	0.99980	0.00000	0.00000	0.00000	0.00020	0.00000
146	0.99978	0.00000	0.00000	0.00000	0.00022	0.00000
147	0.98417	0.00000	0.00000	0.00025	0.01558	0.00000
148	0.99971	0.00000	0.00000	0.00000	0.00029	0.00000
149	0.99937	0.00000	0.00000	0.00000	0.00063	0.00000
150	0.97630	0.00000	0.00000	0.00032	0.02338	0.00000
151	0.00000	0.99942	0.00000	0.00000	0.00000	0.00058
152	0.00008	0.49861	0.00444	0.18804	0.00275	0.30608
153	0.00000	0.99973	0.00000	0.00000	0.00000	0.00027
154	0.00000	0.99486	0.00000	0.00000	0.00000	0.00514
155	0.00000	0.99755	0.00000	0.00000	0.00000	0.00245
156	0.00000	0.99822	0.00000	0.00000	0.00000	0.00178
157	0.00000	0.99932	0.00000	0.00000	0.00000	0.00068
158	0.00000	0.99967	0.00000	0.00000	0.00000	0.00033
159	0.00000	0.99728	0.00000	0.00000	0.00000	0.00272
160	0.00000	0.99889	0.00000	0.00000	0.00000	0.00111
161	0.00000	0.99826	0.00000	0.00000	0.00000	0.00174
162	0.99850	0.00000	0.00000	0.00000	0.00150	0.00000
163	0.00000	0.99869	0.00000	0.00000	0.00000	0.00131
164	0.00000	0.99991	0.00000	0.00000	0.00000	0.00009
165	0.00000	0.87773	0.00000	0.01369	0.00000	0.10858
166	0.99821	0.00000	0.00000	0.00000	0.00179	0.00000
167	0.99164	0.00000	0.00000	0.00000	0.00835	0.00000
168	0.99969	0.00000	0.00000	0.00000	0.00031	0.00000
169	0.00000	0.99985	0.00000	0.00000	0.00000	0.00015
170	0.00000	0.99820	0.00000	0.00000	0.00000	0.00180
171	0.00000	0.99903	0.00000	0.00000	0.00000	0.00097
172	0.00000	0.99779	0.00000	0.00000	0.00000	0.00221
173	0.99341	0.00000	0.00000	0.00001	0.00658	0.00000
174	0.00000	0.99982	0.00000	0.00000	0.00000	0.00018
175	0.00000	0.99809	0.00000	0.00000	0.00000	0.00191
176	0.00000	0.99980	0.00000	0.00000	0.00000	0.00020
177	0.00000	0.99988	0.00000	0.00000	0.00000	0.00012
178	0.99736	0.00000	0.00000	0.00000	0.00263	0.00000
179	0.99979	0.00000	0.00000	0.00000	0.00021	0.00000
180	0.00000	0.99920	0.00000	0.00000	0.00000	0.00080
181	0.00000	0.99983	0.00000	0.00000	0.00000	0.00017
182	0.99648	0.00000	0.00000	0.00001	0.00350	0.00000
183	0.00000	0.91431	0.00000	0.00039	0.00000	0.08530
184	0.00000	0.99997	0.00000	0.00000	0.00000	0.00003
185	0.00000	0.99606	0.00000	0.00000	0.00000	0.00394
186	0.98564	0.00000	0.00000	0.00003	0.01433	0.00000
187	0.00000	0.96787	0.00000	0.00004	0.00000	0.03209
188	0.00000	0.99985	0.00000	0.00000	0.00000	0.00015
189	0.00000	0.99114	0.00000	0.00007	0.00000	0.00880
190	0.00000	0.92537	0.00000	0.00516	0.00000	0.06948
191	0.99829	0.00000	0.00000	0.00000	0.00171	0.00000
192	0.99987	0.00000	0.00000	0.00000	0.00013	0.00000
193	0.91599	0.00000	0.00000	0.00035	0.08366	0.00000
194	0.00000	0.98537	0.00000	0.00001	0.00000	0.01462
195	0.00000	0.99976	0.00000	0.00000	0.00000	0.00024
196	0.00000	0.99918	0.00000	0.00000	0.00000	0.00082
197	0.00000	0.99956	0.00000	0.00000	0.00000	0.00044
198	0.00000	0.99956	0.00000	0.00000	0.00000	0.00044
199	0.00000	0.99991	0.00000	0.00000	0.00000	0.00009
200	0.00000	0.00000	0.32244	0.66401	0.00806	0.00549
201	0.00000	0.99911	0.00000	0.00000	0.00000	0.00089
202	0.00000	0.98213	0.00000	0.00000	0.00000	0.01786
203	0.00000	0.95415	0.00000	0.00177	0.00000	0.04408
204	0.00000	0.99972	0.00000	0.00000	0.00000	0.00028
205	0.00000	0.99950	0.00000	0.00000	0.00000	0.00050
206	0.00000	0.99996	0.00000	0.00000	0.00000	0.00004
207	0.00000	0.99934	0.00000	0.00000	0.00000	0.00066
208	0.00000	0.98843	0.00000	0.00007	0.00000	0.01150
209	0.00000	0.99948	0.00000	0.00000	0.00000	0.00052
210	0.00000	0.99993	0.00000	0.00000	0.00000	0.00007
211	0.00000	0.99017	0.00000	0.00003	0.00000	0.00980
212	0.00000	0.99935	0.00000	0.00000	0.00000	0.00065
213	0.99681	0.00000	0.00000	0.00000	0.00318	0.00000
214	0.99714	0.00000	0.00000	0.00000	0.00285	0.00000
215	0.00000	0.99953	0.00000	0.00000	0.00000	0.00047
216	0.00000	0.98644	0.00000	0.00002	0.00000	0.01355
217	0.00000	0.99952	0.00000	0.00000	0.00000	0.00048
218	0.00000	0.99968	0.00000	0.00000	0.00000	0.00032
219	0.00000	0.99980	0.00000	0.00000	0.00000	0.00020
220	0.00000	0.78452	0.00025	0.04363	0.00010	0.17150
221	0.00000	0.99946	0.00000	0.00000	0.00000	0.00054
222	0.00000	0.99873	0.00000	0.00000	0.00000	0.00127
223	0.00000	0.98074	0.00000	0.00039	0.00000	0.01887
224	0.00000	0.99991	0.00000	0.00000	0.00000	0.00009
225	0.00000	0.99959	0.00000	0.00000	0.00000	0.00041
226	0.99889	0.00000	0.00000	0.00000	0.00110	0.00000
227	0.00000	0.99923	0.00000	0.00000	0.00000	0.00077
228	0.00000	0.99530	0.00000	0.00002	0.00000	0.00468
229	0.65138	0.00000	0.00113	0.09646	0.25059	0.00044
230	0.00000	0.99580	0.00000	0.00000	0.00000	0.00420
231	0.00000	0.99872	0.00000	0.00000	0.00000	0.00128
232	0.00000	0.98898	0.00000	0.00014	0.00000	0.01088
233	0.99993	0.00000	0.00000	0.00000	0.00007	0.00000
234	0.00000	0.98627	0.00000	0.00012	0.00000	0.01361
235	0.00000	0.99988	0.00000	0.00000	0.00000	0.00012
236	0.00000	0.99576	0.00000	0.00001	0.00000	0.00423
237	0.00000	0.99469	0.00000	0.00000	0.00000	0.00531
238	0.00000	0.98815	0.00000	0.00001	0.00000	0.01184
239	0.99918	0.00000	0.00000	0.00000	0.00082	0.00000
240	0.99870	0.00000	0.00000	0.00000	0.00130	0.00000
241	0.99306	0.00000	0.00000	0.00001	0.00693	0.00000
242	0.99955	0.00000	0.00000	0.00000	0.00045	0.00000
243	0.00000	0.99989	0.00000	0.00000	0.00000	0.00011
244	0.99353	0.00000	0.00000	0.00000	0.00646	0.00000
245	0.99739	0.00000	0.00000	0.00000	0.00261	0.00000
246	0.00000	0.99971	0.00000	0.00000	0.00000	0.00029
247	0.00000	0.99852	0.00000	0.00000	0.00000	0.00148
248	0.00000	0.99962	0.00000	0.00000	0.00000	0.00038
249	0.00000	0.99974	0.00000	0.00000	0.00000	0.00026
250	0.00000	0.99799	0.00000	0.00000	0.00000	0.00201
251	0.00000	0.99851	0.00000	0.00000	0.00000	0.00149
252	0.00000	0.99981	0.00000	0.00000	0.00000	0.00019
253	0.00000	0.99895	0.00000	0.00000	0.00000	0.00105
254	0.00000	0.99975	0.00000	0.00000	0.00000	0.00025
255	0.00000	0.99900	0.00000	0.00000	0.00000	0.00100
256	0.00000	0.57897	0.00000	0.00163	0.00000	0.41940
257	0.00000	0.99997	0.00000	0.00000	0.00000	0.00003
258	0.00000	0.99963	0.00000	0.00000	0.00000	0.00037
259	0.00000	0.99996	0.00000	0.00000	0.00000	0.00004
260	0.00000	0.99083	0.00000	0.00011	0.00000	0.00907
261	0.00000	0.99923	0.00000	0.00000	0.00000	0.00077
262	0.00000	0.99946	0.00000	0.00000	0.00000	0.00054
263	0.00000	0.99927	0.00000	0.00000	0.00000	0.00073
264	0.00000	0.99304	0.00000	0.00003	0.00000	0.00693
265	0.00005	0.00029	0.00039	0.96502	0.01842	0.01582
266	0.00000	0.99984	0.00000	0.00000	0.00000	0.00016
267	0.00000	0.99546	0.00000	0.00001	0.00000	0.00453
268	0.00000	0.99990	0.00000	0.00000	0.00000	0.00010
269	0.00000	0.93234	0.00000	0.00048	0.00000	0.06718
270	0.00000	0.99867	0.00000	0.00000	0.00000	0.00133
271	0.00000	0.99996	0.00000	0.00000	0.00000	0.00004
272	0.00000	0.99802	0.00000	0.00000	0.00000	0.00197
273	0.00000	0.99951	0.00000	0.00000	0.00000	0.00049
274	0.00000	0.99898	0.00000	0.00000	0.00000	0.00102
275	0.00000	0.99956	0.00000	0.00000	0.00000	0.00044
276	0.00000	0.99512	0.00000	0.00002	0.00000	0.00486
277	0.00000	0.99984	0.00000	0.00000	0.00000	0.00016
278	0.00000	0.99963	0.00000	0.00000	0.00000	0.00037
279	0.00000	0.99747	0.00000	0.00000	0.00000	0.00252
280	0.00000	0.99993	0.00000	0.00000	0.00000	0.00007
281	0.00000	0.94699	0.00000	0.00213	0.00000	0.05088
282	0.00000	0.99765	0.00000	0.00000	0.00000	0.00235
283	0.99973	0.00000	0.00000	0.00000	0.00027	0.00000
284	0.00000	0.91968	0.00000	0.00806	0.00000	0.07225
285	0.00000	0.99973	0.00000	0.00000	0.00000	0.00027
286	0.00000	0.99735	0.00000	0.00000	0.00000	0.00265
287	0.00000	0.99866	0.00000	0.00000	0.00000	0.00134
288	0.00000	0.99938	0.00000	0.00000	0.00000	0.00062
289	0.00000	0.99948	0.00000	0.00000	0.00000	0.00052
290	0.00000	0.99805	0.00000	0.00000	0.00000	0.00195
291	0.00000	0.97746	0.00000	0.00037	0.00000	0.02217
292	0.00000	0.99761	0.00000	0.00000	0.00000	0.00239
293	0.00000	0.99602	0.00000	0.00001	0.00000	0.00397
294	0.00000	0.99986	0.00000	0.00000	0.00000	0.00014
295	0.00000	0.99957	0.00000	0.00000	0.00000	0.00043
296	0.99945	0.00000	0.00000	0.00000	0.00055	0.00000
297	0.00000	0.99858	0.00000	0.00000	0.00000	0.00142
298	0.00000	0.64623	0.00121	0.09949	0.00050	0.25257
299	0.99952	0.00000	0.00000	0.00000	0.00048	0.00000
300	0.00000	0.99428	0.00000	0.00002	0.00000	0.00570
301	0.00000	0.99906	0.00000	0.00000	0.00000	0.00094
302	0.00000	0.99949	0.00000	0.00000	0.00000	0.00051
303	0.00000	0.99924	0.00000	0.00000	0.00000	0.00076
304	0.00000	0.99973	0.00000	0.00000	0.00000	0.00027
305	0.00000	0.99927	0.00000	0.00000	0.00000	0.00073
306	0.00000	0.99866	0.00000	0.00000	0.00000	0.00134
307	0.00000	0.99983	0.00000	0.00000	0.00000	0.00017
308	0.00000	0.99971	0.00000	0.00000	0.00000	0.00029
309	0.00000	0.99916	0.00000	0.00000	0.00000	0.00084
310	0.00000	0.99878	0.00000	0.00000	0.00000	0.00122
311	0.00000	0.95594	0.00000	0.00196	0.00000	0.04211
312	0.00000	0.99830	0.00000	0.00000	0.00000	0.00169
313	0.00000	0.99986	0.00000	0.00000	0.00000	0.00014
314	0.00000	0.94757	0.00000	0.00007	0.00000	0.05236
315	0.00000	0.43964	0.00000	0.00317	0.00000	0.55719
316	0.00000	0.99954	0.00000	0.00000	0.00000	0.00046
317	0.00000	0.99919	0.00000	0.00000	0.00000	0.00081
318	0.00000	0.99962	0.00000	0.00000	0.00000	0.00038
319	0.00000	0.99610	0.00000	0.00001	0.00000	0.00389
320	0.00000	0.99692	0.00000	0.00000	0.00000	0.00308
321	0.00000	0.99639	0.00000	0.00001	0.00000	0.00361
322	0.00000	0.99979	0.00000	0.00000	0.00000	0.00021
323	0.00000	0.91266	0.00000	0.00074	0.00000	0.08660
324	0.00000	0.99875	0.00000	0.00000	0.00000	0.00125
325	0.00000	0.85183	0.00000	0.00002	0.00000	0.14815
326	0.00670	0.38774	0.10402	0.17441	0.05360	0.27355
327	0.00000	0.99964	0.00000	0.00000	0.00000	0.00036
328	0.00000	0.99965	0.00000	0.00000	0.00000	0.00035
329	0.00000	0.99974	0.00000	0.00000	0.00000	0.00026
330	0.00000	0.61721	0.00017	0.11574	0.00007	0.26681
331	0.00000	0.99598	0.00000	0.00001	0.00000	0.00401
332	0.00000	0.99781	0.00000	0.00000	0.00000	0.00219
333	0.00000	0.99664	0.00000	0.00001	0.00000	0.00336
334	0.00000	0.99433	0.00000	0.00002	0.00000	0.00565
335	0.00000	0.99963	0.00000	0.00000	0.00000	0.00037
336	0.00062	0.58707	0.01798	0.12042	0.00819	0.26572
337	0.00000	0.99687	0.00000	0.00000	0.00000	0.00312
338	0.00000	0.99415	0.00000	0.00002	0.00000	0.00584
339	0.00000	0.99977	0.00000	0.00000	0.00000	0.00023
340	0.00000	0.00000	0.96239	0.01019	0.00006	0.02736
341	0.00000	0.99969	0.00000	0.00000	0.00000	0.00031
342	0.00000	0.99411	0.00000	0.00002	0.00000	0.00587
343	0.00000	0.00000	0.00009	0.03727	0.00000	0.96264
344	0.00000	0.99667	0.00000	0.00001	0.00000	0.00332
345	0.00000	0.99988	0.00000	0.00000	0.00000	0.00012
346	0.00000	0.94337	0.00000	0.00247	0.00000	0.05416
347	0.00000	0.00281	0.00000	0.00165	0.00000	0.99554
348	0.00000	0.99906	0.00000	0.00000	0.00000	0.00094
349	0.00000	0.99834	0.00000	0.00000	0.00000	0.00166
350	0.00000	0.99941	0.00000	0.00000	0.00000	0.00059
351	0.00000	0.99380	0.00000	0.00003	0.00000	0.00617
352	0.00000	0.99963	0.00000	0.00000	0.00000	0.00037
353	0.00000	0.98754	0.00000	0.00015	0.00000	0.01231
354	0.00000	0.84055	0.00013	0.02235	0.00002	0.13695
355	0.99960	0.00000	0.00000	0.00000	0.00040	0.00000
356	0.00000	0.99991	0.00000	0.00000	0.00000	0.00009
357	0.00000	0.99556	0.00000	0.00001	0.00000	0.00443
358	0.00000	0.86274	0.00001	0.01682	0.00000	0.12042
359	0.00000	0.99572	0.00000	0.00000	0.00000	0.00428
360	0.00000	0.99674	0.00000	0.00001	0.00000	0.00325
361	0.99925	0.00000	0.00000	0.00000	0.00075	0.00000
362	0.99996	0.00000	0.00000	0.00000	0.00004	0.00000
363	0.00000	0.99964	0.00000	0.00000	0.00000	0.00036
364	0.00000	0.99249	0.00000	0.00005	0.00000	0.00746
365	0.00000	0.69982	0.00000	0.00138	0.00000	0.29880
366	0.00000	0.99956	0.00000	0.00000	0.00000	0.00044
367	0.00000	0.99958	0.00000	0.00000	0.00000	0.00042
368	0.98686	0.00000	0.00000	0.00002	0.01312	0.00000
369	0.00000	0.99903	0.00000	0.00000	0.00000	0.00097
370	0.00000	0.99969	0.00000	0.00000	0.00000	0.00031
371	0.00000	0.99984	0.00000	0.00000	0.00000	0.00016
372	0.00000	0.99982	0.00000	0.00000	0.00000	0.00018
373	0.00000	0.65570	0.00053	0.09479	0.00021	0.24878
374	0.92327	0.00000	0.00000	0.00016	0.07657	0.00000
375	0.00000	0.99786	0.00000	0.00000	0.00000	0.00214
376	0.00209	0.51018	0.03126	0.15654	0.01740	0.28253
377	0.99512	0.00000	0.00000	0.00002	0.00486	0.00000
378	0.99788	0.00000	0.00000	0.00000	0.00211	0.00000
379	0.00000	0.99972	0.00000	0.00000	0.00000	0.00028
380	0.00000	0.99986	0.00000	0.00000	0.00000	0.00014
381	0.00000	0.98602	0.00000	0.00002	0.00000	0.01396
382	0.99979	0.00000	0.00000	0.00000	0.00021	0.00000
383	0.00000	0.99866	0.00000	0.00000	0.00000	0.00134
384	0.00000	0.98945	0.00000	0.00001	0.00000	0.01054
385	0.00000	0.99925	0.00000	0.00000	0.00000	0.00075
386	0.00000	0.99978	0.00000	0.00000	0.00000	0.00022
387	0.98477	0.00000	0.00000	0.00026	0.01497	0.00000
388	0.00000	0.99970	0.00000	0.00000	0.00000	0.00030
389	0.00000	0.99959	0.00000	0.00000	0.00000	0.00041
390	0.00000	0.99953	0.00000	0.00000	0.00000	0.00047
391	0.00000	0.97551	0.00000	0.00052	0.00000	0.02397
392	0.00000	0.87655	0.00000	0.01083	0.00000	0.11262
393	0.00000	0.49272	0.00000	0.00412	0.00000	0.50315
394	0.00000	0.99963	0.00000	0.00000	0.00000	0.00037
395	0.00000	0.99776	0.00000	0.00000	0.00000	0.00223
396	0.00000	0.95896	0.00000	0.00007	0.00000	0.04097
397	0.00000	0.99980	0.00000	0.00000	0.00000	0.00020
398	0.11179	0.22436	0.15805	0.17143	0.13832	0.19606
399	0.00000	0.99974	0.00000	0.00000	0.00000	0.00026
400	0.00000	0.99952	0.00000	0.00000	0.00000	0.00048
401	0.18532	0.13585	0.15787	0.18124	0.18298	0.15675
402	0.00000	0.99531	0.00000	0.00000	0.00000	0.00469
403	0.00000	0.99908	0.00000	0.00000	0.00000	0.00092
404	0.00000	0.99753	0.00000	0.00000	0.00000	0.00247
405	0.00000	0.99589	0.00000	0.00001	0.00000	0.00411
406	0.00000	0.99967	0.00000	0.00000	0.00000	0.00033
407	0.00000	0.98436	0.00000	0.00005	0.00000	0.01559
408	0.00000	0.99999	0.00000	0.00000	0.00000	0.00001
409	0.00000	0.99917	0.00000	0.00000	0.00000	0.00083
410	0.00000	0.99997	0.00000	0.00000	0.00000	0.00003
411	0.97462	0.00000	0.00000	0.00001	0.02537	0.00000
412	0.00000	0.99984	0.00000	0.00000	0.00000	0.00016
413	0.00000	0.99059	0.00000	0.00008	0.00000	0.00933
414	0.00000	0.99952	0.00000	0.00000	0.00000	0.00048
415	0.00000	0.98926	0.00000	0.00011	0.00000	0.01062
416	0.00000	0.99984	0.00000	0.00000	0.00000	0.00016
417	0.00000	0.99958	0.00000	0.00000	0.00000	0.00042
418	0.00000	0.99991	0.00000	0.00000	0.00000	0.00009
419	0.00000	0.99948	0.00000	0.00000	0.00000	0.00052
420	0.00000	0.99980	0.00000	0.00000	0.00000	0.00020
421	0.00000	0.99954	0.00000	0.00000	0.00000	0.00046
422	0.00000	0.91718	0.00000	0.00645	0.00000	0.07637
423	0.00000	0.92973	0.00000	0.00466	0.00000	0.06561
424	0.00000	0.99890	0.00000	0.00000	0.00000	0.00110
425	0.00000	0.99921	0.00000	0.00000	0.00000	0.00079
426	0.00000	0.99886	0.00000	0.00000	0.00000	0.00114
427	0.00000	0.99828	0.00000	0.00000	0.00000	0.00172
428	0.00000	0.99971	0.00000	0.00000	0.00000	0.00029
429	0.00000	0.99804	0.00000	0.00000	0.00000	0.00196
430	0.00000	0.99979	0.00000	0.00000	0.00000	0.00021
431	0.00000	0.99992	0.00000	0.00000	0.00000	0.00008
432	0.00000	0.99802	0.00000	0.00000	0.00000	0.00198
433	0.00000	0.99917	0.00000	0.00000	0.00000	0.00083
434	0.00000	0.98375	0.00000	0.00022	0.00000	0.01603
435	0.00000	0.99927	0.00000	0.00000	0.00000	0.00073
436	0.99981	0.00000	0.00000	0.00000	0.00019	0.00000
437	0.00000	0.99947	0.00000	0.00000	0.00000	0.00053
438	0.00000	0.99906	0.00000	0.00000	0.00000	0.00094
439	0.00000	0.99929	0.00000	0.00000	0.00000	0.00071
440	0.00000	0.99932	0.00000	0.00000	0.00000	0.00068
441	0.00000	0.99942	0.00000	0.00000	0.00000	0.00058
442	0.00000	0.99945	0.00000	0.00000	0.00000	0.00055
443	0.00000	0.99714	0.00000	0.00001	0.00000	0.00285
444	0.00000	0.99982	0.00000	0.00000	0.00000	0.00018
445	0.00000	0.99823	0.00000	0.00000	0.00000	0.00177
446	0.00000	0.99912	0.00000	0.00000	0.00000	0.00088
447	0.00000	0.99823	0.00000	0.00000	0.00000	0.00177
448	0.00000	0.99993	0.00000	0.00000	0.00000	0.00007
449	0.00000	0.99731	0.00000	0.00000	0.00000	0.00269
450	0.00000	0.99979	0.00000	0.00000	0.00000	0.00021
451	0.00000	0.99938	0.00000	0.00000	0.00000	0.00062
452	0.00050	0.59661	0.00991	0.12048	0.00467	0.26784
453	0.00000	0.67379	0.00000	0.06486	0.00000	0.26135
454	0.00000	0.99995	0.00000	0.00000	0.00000	0.00005
455	0.00000	0.99890	0.00000	0.00000	0.00000	0.00110
456	0.00000	0.99927	0.00000	0.00000	0.00000	0.00073
457	0.00000	0.99973	0.00000	0.00000	0.00000	0.00027
458	0.00000	0.99963	0.00000	0.00000	0.00000	0.00037
459	0.00000	0.98663	0.00000	0.00001	0.00000	0.01336
460	0.99993	0.00000	0.00000	0.00000	0.00007	0.00000
461	0.00000	0.99945	0.00000	0.00000	0.00000	0.00055
462	0.00000	0.99794	0.00000	0.00000	0.00000	0.00206
463	0.00000	0.86021	0.00007	0.01740	0.00001	0.12230
464	0.99009	0.00000	0.00000	0.00000	0.00990	0.00000
465	0.00000	0.99919	0.00000	0.00000	0.00000	0.00081
466	0.00000	0.99959	0.00000	0.00000	0.00000	0.00041
467	0.00000	0.97160	0.00000	0.00081	0.00000	0.02759
468	0.00000	0.91570	0.00000	0.00002	0.00000	0.08428
469	0.00000	0.99989	0.00000	0.00000	0.00000	0.00011
470	0.00000	0.72934	0.00000	0.04923	0.00000	0.22143
471	0.00000	0.99884	0.00000	0.00000	0.00000	0.00116
472	0.00000	0.99939	0.00000	0.00000	0.00000	0.00061
473	0.00000	0.89890	0.00000	0.00017	0.00000	0.10093
474	0.00000	0.72092	0.00007	0.06409	0.00002	0.21490
475	0.00000	0.81191	0.00000	0.00065	0.00000	0.18743
476	0.00000	0.99962	0.00000	0.00000	0.00000	0.00038
477	0.00000	0.99382	0.00000	0.00002	0.00000	0.00616
478	0.00000	0.99915	0.00000	0.00000	0.00000	0.00085
479	0.00000	0.98863	0.00000	0.00014	0.00000	0.01123
480	0.00000	0.99953	0.00000	0.00000	0.00000	0.00047
481	0.00000	0.98621	0.00000	0.00002	0.00000	0.01377
482	0.00000	0.99933	0.00000	0.00000	0.00000	0.00067
483	0.00000	0.99959	0.00000	0.00000	0.00000	0.00041
484	0.00000	0.99406	0.00000	0.00002	0.00000	0.00593
485	0.00000	0.99951	0.00000	0.00000	0.00000	0.00049
486	0.00000	0.99983	0.00000	0.00000	0.00000	0.00017
487	0.00000	0.99526	0.00000	0.00001	0.00000	0.00474
488	0.00000	0.99953	0.00000	0.00000	0.00000	0.00047
489	0.00000	0.98487	0.00000	0.00003	0.00000	0.01510
490	0.00000	0.99823	0.00000	0.00000	0.00000	0.00177
491	0.00000	0.99924	0.00000	0.00000	0.00000	0.00076
492	0.00000	0.98633	0.00000	0.00013	0.00000	0.01354
493	0.00000	0.99883	0.00000	0.00000	0.00000	0.00117
494	0.00000	0.00103	0.00000	0.97454	0.00012	0.02430
495	0.00000	0.99965	0.00000	0.00000	0.00000	0.00035
496	0.00000	0.99987	0.00000	0.00000	0.00000	0.00013
497	0.00000	0.99989	0.00000	0.00000	0.00000	0.00011
498	0.00000	0.99912	0.00000	0.00000	0.00000	0.00088
499	0.00000	0.99971	0.00000	0.00000	0.00000	0.00029
500	0.00013	0.59417	0.00292	0.12748	0.00161	0.27369
501	0.00000	0.99872	0.00000	0.00000	0.00000	0.00128
502	0.04222	0.35830	0.12236	0.15793	0.08150	0.23769
503	0.00000	0.99972	0.00000	0.00000	0.00000	0.00028
504	0.00000	0.99162	0.00000	0.00000	0.00000	0.00838
505	0.00000	0.99839	0.00000	0.00000	0.00000	0.00161
506	0.99819	0.00000	0.00000	0.00000	0.00181	0.00000
507	0.99994	0.00000	0.00000	0.00000	0.00006	0.00000
508	0.00000	0.99869	0.00000	0.00000	0.00000	0.00131
509	0.00000	0.99776	0.00000	0.00000	0.00000	0.00223
510	0.00000	0.99990	0.00000	0.00000	0.00000	0.00010
511	0.00000	0.99989	0.00000	0.00000	0.00000	0.00011
512	0.00000	0.99929	0.00000	0.00000	0.00000	0.00071
513	0.01049	0.00000	0.00000	0.00274	0.98677	0.00000
514	0.00000	0.99879	0.00000	0.00000	0.00000	0.00121
515	0.99942	0.00000	0.00000	0.00000	0.00058	0.00000
516	0.00000	0.93049	0.00000	0.00517	0.00000	0.06434
517	0.00000	0.99874	0.00000	0.00000	0.00000	0.00126
518	0.99836	0.00000	0.00000	0.00000	0.00164	0.00000
519	0.00000	0.99952	0.00000	0.00000	0.00000	0.00048
520	0.00000	0.99989	0.00000	0.00000	0.00000	0.00011
521	0.00000	0.99730	0.00000	0.00000	0.00000	0.00270
522	0.00000	0.99922	0.00000	0.00000	0.00000	0.00078
523	0.00000	0.99972	0.00000	0.00000	0.00000	0.00028
524	0.00000	0.99841	0.00000	0.00000	0.00000	0.00159
525	0.00000	0.99809	0.00000	0.00000	0.00000	0.00191
526	0.00000	0.99172	0.00000	0.00003	0.00000	0.00825
527	0.00000	0.99988	0.00000	0.00000	0.00000	0.00012
528	0.00000	0.98894	0.00000	0.00012	0.00000	0.01094
529	0.00000	0.93843	0.00000	0.00359	0.00000	0.05798
530	0.00000	0.99796	0.00000	0.00000	0.00000	0.00204
531	0.00000	0.99971	0.00000	0.00000	0.00000	0.00029
532	0.00000	0.99956	0.00000	0.00000	0.00000	0.00044
533	0.99981	0.00000	0.00000	0.00000	0.00019	0.00000
534	0.00000	0.99732	0.00000	0.00000	0.00000	0.00268
535	0.00000	0.99931	0.00000	0.00000	0.00000	0.00069
536	0.00000	0.99983	0.00000	0.00000	0.00000	0.00017
537	0.99698	0.00000	0.00000	0.00000	0.00302	0.00000
538	0.00000	0.93264	0.00000	0.00439	0.00000	0.06297
539	0.00000	0.99954	0.00000	0.00000	0.00000	0.00046
540	0.86621	0.00000	0.00000	0.01629	0.11750	0.00000
541	0.99300	0.00000	0.00000	0.00000	0.00699	0.00000
542	0.99928	0.00000	0.00000	0.00000	0.00072	0.00000
543	0.00000	0.99978	0.00000	0.00000	0.00000	0.00021
544	0.00000	0.99944	0.00000	0.00000	0.00000	0.00056
545	0.00000	0.99990	0.00000	0.00000	0.00000	0.00010
546	0.00000	0.99944	0.00000	0.00000	0.00000	0.00056
547	0.00000	0.99976	0.00000	0.00000	0.00000	0.00024
548	0.94991	0.00000	0.00000	0.00185	0.04824	0.00000
549	0.00000	0.99814	0.00000	0.00000	0.00000	0.00186
550	0.00000	0.99918	0.00000	0.00000	0.00000	0.00081
551	0.99991	0.00000	0.00000	0.00000	0.00009	0.00000
552	0.00000	0.84205	0.00000	0.00007	0.00000	0.15788
553	0.00000	0.99196	0.00000	0.00000	0.00000	0.00803
554	0.00000	0.99990	0.00000	0.00000	0.00000	0.00010
555	0.00000	0.99977	0.00000	0.00000	0.00000	0.00023
556	0.00000	0.00000	0.18441	0.80215	0.00916	0.00428
557	0.00000	0.97234	0.00000	0.00004	0.00000	0.02762
558	0.00000	0.99985	0.00000	0.00000	0.00000	0.00015
559	0.99933	0.00000	0.00000	0.00000	0.00067	0.00000
560	0.99743	0.00000	0.00000	0.00000	0.00257	0.00000
561	0.88501	0.00000	0.00000	0.00008	0.11491	0.00000
562	0.99931	0.00000	0.00000	0.00000	0.00069	0.00000
563	0.00000	0.98886	0.00000	0.00001	0.00000	0.01113
564	0.00000	0.99924	0.00000	0.00000	0.00000	0.00076
565	0.99790	0.00000	0.00000	0.00000	0.00210	0.00000
566	0.00000	0.99985	0.00000	0.00000	0.00000	0.00015
567	0.15844	0.17460	0.16624	0.16717	0.16273	0.17082
568	0.99961	0.00000	0.00000	0.00000	0.00039	0.00000
569	0.00000	0.99944	0.00000	0.00000	0.00000	0.00056
570	0.00000	0.99984	0.00000	0.00000	0.00000	0.00016
571	0.00000	0.99730	0.00000	0.00000	0.00000	0.00270
572	0.00000	0.99268	0.00000	0.00003	0.00000	0.00730
573	0.00000	0.99946	0.00000	0.00000	0.00000	0.00054
574	0.00000	0.99840	0.00000	0.00000	0.00000	0.00160
575	0.00038	0.00000	0.00000	0.15356	0.84607	0.00000
576	0.00000	0.99932	0.00000	0.00000	0.00000	0.00068
577	0.99943	0.00000	0.00000	0.00000	0.00057	0.00000
578	0.00000	0.99963	0.00000	0.00000	0.00000	0.00037
579	0.00000	0.85106	0.00000	0.00003	0.00000	0.14892
580	0.00000	0.80815	0.00005	0.02923	0.00001	0.16257
581	0.00000	0.99547	0.00000	0.00001	0.00000	0.00451
582	0.00000	0.99786	0.00000	0.00000	0.00000	0.00213
583	0.00000	0.98775	0.00000	0.00013	0.00000	0.01211
584	0.00000	0.99094	0.00000	0.00000	0.00000	0.00905
585	0.00000	0.99539	0.00000	0.00000	0.00000	0.00461
586	0.00000	0.99988	0.00000	0.00000	0.00000	0.00012
587	0.00000	0.99981	0.00000	0.00000	0.00000	0.00019
588	0.00000	0.99939	0.00000	0.00000	0.00000	0.00061
589	0.00000	0.99975	0.00000	0.00000	0.00000	0.00025
590	0.00000	0.99961	0.00000	0.00000	0.00000	0.00039
591	0.00000	0.91307	0.00000	0.00701	0.00000	0.07992
592	0.00000	0.98563	0.00000	0.00021	0.00000	0.01417
593	0.00000	0.99988	0.00000	0.00000	0.00000	0.00012
594	0.00000	0.99786	0.00000	0.00000	0.00000	0.00214
595	0.00000	0.99975	0.00000	0.00000	0.00000	0.00025
596	0.00000	0.02640	0.00001	0.88453	0.00011	0.08895
597	0.00000	0.99963	0.00000	0.00000	0.00000	0.00037
598	0.00000	0.97876	0.00000	0.00035	0.00000	0.02089
599	0.00000	0.45199	0.00000	0.00843	0.00000	0.53959
600	0.00000	0.99950	0.00000	0.00000	0.00000	0.00050
601	0.00000	0.95905	0.00000	0.00162	0.00000	0.03933
602	0.99965	0.00000	0.00000	0.00000	0.00035	0.00000
603	0.97393	0.00000	0.00000	0.00051	0.02556	0.00000
604	0.00000	0.99754	0.00000	0.00000	0.00000	0.00246
605	0.00000	0.99711	0.00000	0.00001	0.00000	0.00288
606	0.00000	0.99900	0.00000	0.00000	0.00000	0.00100
607	0.00000	0.99973	0.00000	0.00000	0.00000	0.00027
608	0.00000	0.99967	0.00000	0.00000	0.00000	0.00033
609	0.00000	0.99481	0.00000	0.00002	0.00000	0.00517
610	0.94963	0.00000	0.00000	0.00013	0.05024	0.00000
611	0.00000	0.99983	0.00000	0.00000	0.00000	0.00017
612	0.00000	0.99955	0.00000	0.00000	0.00000	0.00045
613	0.00000	0.99950	0.00000	0.00000	0.00000	0.00050
614	0.00000	0.99735	0.00000	0.00001	0.00000	0.00265
615	0.00000	0.99949	0.00000	0.00000	0.00000	0.00051
616	0.00000	0.94847	0.00000	0.00088	0.00000	0.05065
617	0.00000	0.99791	0.00000	0.00000	0.00000	0.00209
618	0.00000	0.99905	0.00000	0.00000	0.00000	0.00095
619	0.00000	0.98302	0.00000	0.00029	0.00000	0.01669
620	0.00000	0.99972	0.00000	0.00000	0.00000	0.00028
621	0.00000	0.99899	0.00000	0.00000	0.00000	0.00101
622	0.00000	0.89818	0.00000	0.00974	0.00000	0.09208
623	0.00000	0.99345	0.00000	0.00000	0.00000	0.00655
624	0.00000	0.99829	0.00000	0.00000	0.00000	0.00171
625	0.00000	0.99996	0.00000	0.00000	0.00000	0.00004
626	0.00000	0.91889	0.00000	0.00617	0.00000	0.07494
627	0.00000	0.99987	0.00000	0.00000	0.00000	0.00013
628	0.00000	0.99880	0.00000	0.00000	0.00000	0.00120
629	0.00000	0.99967	0.00000	0.00000	0.00000	0.00033
630	0.00000	0.99964	0.00000	0.00000	0.00000	0.00036
631	0.00000	0.99948	0.00000	0.00000	0.00000	0.00052
632	0.99994	0.00000	0.00000	0.00000	0.00006	0.00000
633	0.00000	0.99914	0.00000	0.00000	0.00000	0.00086
634	0.00000	0.99953	0.00000	0.00000	0.00000	0.00047
635	0.00000	0.99980	0.00000	0.00000	0.00000	0.00020
636	0.00000	0.99319	0.00000	0.00005	0.00000	0.00676
637	0.00000	0.99356	0.00000	0.00003	0.00000	0.00641
638	0.00000	0.99548	0.00000	0.00000	0.00000	0.00452
639	0.00000	0.99839	0.00000	0.00000	0.00000	0.00161
640	0.00000	0.99968	0.00000	0.00000	0.00000	0.00032
641	0.00000	0.99981	0.00000	0.00000	0.00000	0.00019
642	0.00000	0.99839	0.00000	0.00000	0.00000	0.00160
643	0.00000	0.99922	0.00000	0.00000	0.00000	0.00078
644	0.00000	0.00002	0.00000	0.00082	0.00000	0.99916
645	0.00000	0.99973	0.00000	0.00000	0.00000	0.00027
646	0.00000	0.96735	0.00000	0.00002	0.00000	0.03264
647	0.00000	0.99899	0.00000	0.00000	0.00000	0.00101
648	0.00000	0.99865	0.00000	0.00000	0.00000	0.00135
649	0.00000	0.94747	0.00000	0.00152	0.00000	0.05100
650	0.99187	0.00000	0.00000	0.00001	0.00812	0.00000
651	0.00000	0.99897	0.00000	0.00000	0.00000	0.00103
652	0.00000	0.99965	0.00000	0.00000	0.00000	0.00035
653	0.92759	0.00000	0.00000	0.00510	0.06731	0.00000
654	0.00000	0.97883	0.00000	0.00028	0.00000	0.02090
655	0.00000	0.99967	0.00000	0.00000	0.00000	0.00033
656	0.00000	0.73705	0.00000	0.00044	0.00000	0.26251
657	0.00000	0.91391	0.00000	0.00026	0.00000	0.08583
658	0.00000	0.99973	0.00000	0.00000	0.00000	0.00027
659	0.92711	0.00000	0.00000	0.00499	0.06790	0.00000
660	0.00000	0.99430	0.00000	0.00002	0.00000	0.00568
661	0.00000	0.99908	0.00000	0.00000	0.00000	0.00092
662	0.00000	0.99846	0.00000	0.00000	0.00000	0.00154
663	0.00000	0.53073	0.00399	0.14931	0.00120	0.31476
664	0.99903	0.00000	0.00000	0.00000	0.00097	0.00000
665	0.00000	0.95959	0.00000	0.00024	0.00000	0.04017
666	0.99975	0.00000	0.00000	0.00000	0.00025	0.00000
667	0.99996	0.00000	0.00000	0.00000	0.00004	0.00000
668	0.99979	0.00000	0.00000	0.00000	0.00021	0.00000
669	0.99912	0.00000	0.00000	0.00000	0.00088	0.00000
670	0.97388	0.00000	0.00000	0.00020	0.02592	0.00000
671	0.00000	0.99796	0.00000	0.00000	0.00000	0.00203
672	0.00000	0.99974	0.00000	0.00000	0.00000	0.00026
673	0.00000	0.99972	0.00000	0.00000	0.00000	0.00028
674	0.00000	0.87084	0.00001	0.01501	0.00000	0.11415
675	0.00000	0.99492	0.00000	0.00002	0.00000	0.00505
676	0.00000	0.98085	0.00000	0.00020	0.00000	0.01895
677	0.00000	0.99542	0.00000	0.00000	0.00000	0.00457
678	0.99976	0.00000	0.00000	0.00000	0.00024	0.00000
679	0.00000	0.99966	0.00000	0.00000	0.00000	0.00034
680	0.00000	0.99704	0.00000	0.00000	0.00000	0.00296
681	0.00000	0.98749	0.00000	0.00006	0.00000	0.01245
682	0.00000	0.99979	0.00000	0.00000	0.00000	0.00021
683	0.00000	0.99597	0.00000	0.00001	0.00000	0.00403
684	0.00000	0.98223	0.00000	0.00031	0.00000	0.01746
685	0.00000	0.99967	0.00000	0.00000	0.00000	0.00033
686	0.00000	0.97188	0.00000	0.00007	0.00000	0.02805
687	0.00000	0.99918	0.00000	0.00000	0.00000	0.00082
688	0.00000	0.98924	0.00000	0.00000	0.00000	0.01076
689	0.00000	0.99217	0.00000	0.00001	0.00000	0.00782
690	0.00000	0.99984	0.00000	0.00000	0.00000	0.00016
691	0.00000	0.99901	0.00000	0.00000	0.00000	0.00099
692	0.00000	0.98274	0.00000	0.00001	0.00000	0.01725
693	0.00000	0.99949	0.00000	0.00000	0.00000	0.00051
694	0.00007	0.61894	0.00491	0.11173	0.00221	0.26214
695	0.00000	0.99605	0.00000	0.00001	0.00000	0.00394
696	0.00000	0.99991	0.00000	0.00000	0.00000	0.00009
697	0.00000	0.98287	0.00000	0.00029	0.00000	0.01683
698	0.00000	0.36505	0.00000	0.01327	0.00000	0.62167
699	0.00000	0.99981	0.00000	0.00000	0.00000	0.00019
700	0.00000	0.99967	0.00000	0.00000	0.00000	0.00033
701	0.99978	0.00000	0.00000	0.00000	0.00022	0.00000
702	0.99948	0.00000	0.00000	0.00000	0.00052	0.00000
703	0.99529	0.00000	0.00000	0.00000	0.00471	0.00000
704	0.52629	0.00000	0.00105	0.17259	0.29946	0.00061
705	0.00000	0.99573	0.00000	0.00000	0.00000	0.00427
706	0.00000	0.99042	0.00000	0.00009	0.00000	0.00950
707	0.99716	0.00000	0.00000	0.00001	0.00283	0.00000
708	0.00000	0.60719	0.00000	0.00066	0.00000	0.39216
709	0.00000	0.99985	0.00000	0.00000	0.00000	0.00015
710	0.00000	0.99984	0.00000	0.00000	0.00000	0.00016
711	0.00000	0.99224	0.00000	0.00004	0.00000	0.00772
712	0.00000	0.99150	0.00000	0.00000	0.00000	0.00850
713	0.00000	0.99964	0.00000	0.00000	0.00000	0.00036
714	0.56439	0.00000	0.00000	0.00126	0.43435	0.00000
715	0.00000	0.77918	0.00003	0.04136	0.00001	0.17942
716	0.00000	0.99898	0.00000	0.00000	0.00000	0.00102
717	0.00000	0.99972	0.00000	0.00000	0.00000	0.00028
718	0.99758	0.00000	0.00000	0.00000	0.00242	0.00000
719	0.00000	0.99538	0.00000	0.00001	0.00000	0.00461
720	0.00000	0.99956	0.00000	0.00000	0.00000	0.00044
721	0.00000	0.99996	0.00000	0.00000	0.00000	0.00004
722	0.00000	0.99981	0.00000	0.00000	0.00000	0.00019
723	0.00000	0.94494	0.00000	0.00089	0.00000	0.05417
724	0.00000	0.94685	0.00000	0.00261	0.00000	0.05053
725	0.00001	0.00071	0.00001	0.98366	0.00105	0.01457
726	0.00000	0.99954	0.00000	0.00000	0.00000	0.00046
727	0.00000	0.99940	0.00000	0.00000	0.00000	0.00059
728	0.00000	0.87229	0.00001	0.01476	0.00000	0.11293
729	0.00000	0.91516	0.00000	0.00002	0.00000	0.08482
730	0.00000	0.99943	0.00000	0.00000	0.00000	0.00057
731	0.00000	0.99913	0.00000	0.00000	0.00000	0.00087
732	0.99232	0.00000	0.00000	0.00000	0.00768	0.00000
733	0.00000	0.99790	0.00000	0.00000	0.00000	0.00210
734	0.00000	0.99979	0.00000	0.00000	0.00000	0.00021
735	0.00000	0.98282	0.00000	0.00001	0.00000	0.01717
736	0.00000	0.86814	0.00005	0.01431	0.00000	0.11750
737	0.00000	0.99964	0.00000	0.00000	0.00000	0.00036
738	0.99701	0.00000	0.00000	0.00001	0.00298	0.00000
739	0.00000	0.74555	0.00126	0.04892	0.00023	0.20403
740	0.00000	0.99953	0.00000	0.00000	0.00000	0.00047
741	0.99975	0.00000	0.00000	0.00000	0.00025	0.00000
742	0.00000	0.99930	0.00000	0.00000	0.00000	0.00070
743	0.00000	0.99693	0.00000	0.00001	0.00000	0.00307
744	0.00000	0.99949	0.00000	0.00000	0.00000	0.00051
745	0.99954	0.00000	0.00000	0.00000	0.00046	0.00000
746	0.00000	0.99944	0.00000	0.00000	0.00000	0.00056
747	0.00000	0.99929	0.00000	0.00000	0.00000	0.00071
748	0.00000	0.99946	0.00000	0.00000	0.00000	0.00054
749	0.00000	0.99960	0.00000	0.00000	0.00000	0.00040
750	0.18453	0.14978	0.16622	0.16639	0.17522	0.15786
751	0.00000	0.97335	0.00000	0.00004	0.00000	0.02661
752	0.00000	0.99997	0.00000	0.00000	0.00000	0.00003
753	0.00000	0.99889	0.00000	0.00000	0.00000	0.00111
754	0.00000	0.99867	0.00000	0.00000	0.00000	0.00133
755	0.00000	0.98571	0.00000	0.00017	0.00000	0.01413
756	0.00000	0.99884	0.00000	0.00000	0.00000	0.00116
757	0.00000	0.98474	0.00000	0.00017	0.00000	0.01509
758	0.00000	0.96443	0.00000	0.00149	0.00000	0.03408
759	0.93565	0.00000	0.00000	0.00004	0.06431	0.00000
760	0.99952	0.00000	0.00000	0.00000	0.00048	0.00000
761	0.00000	0.30047	0.00000	0.02251	0.00000	0.67702
762	0.00000	0.99923	0.00000	0.00000	0.00000	0.00077
763	0.00000	0.99950	0.00000	0.00000	0.00000	0.00050
764	0.00000	0.13178	0.00000	0.00164	0.00000	0.86658
765	0.00000	0.99866	0.00000	0.00000	0.00000	0.00134
766	0.00000	0.99796	0.00000	0.00000	0.00000	0.00204
767	0.00000	0.99972	0.00000	0.00000	0.00000	0.00028
768	0.00000	0.99781	0.00000	0.00000	0.00000	0.00219
769	0.00000	0.98128	0.00000	0.00032	0.00000	0.01840
770	0.00000	0.99896	0.00000	0.00000	0.00000	0.00104
771	0.00000	0.99594	0.00000	0.00001	0.00000	0.00405
772	0.00000	0.99833	0.00000	0.00000	0.00000	0.00167
773	0.00000	0.96199	0.00000	0.00126	0.00000	0.03675
774	0.00000	0.00126	0.00000	0.98528	0.00000	0.01346
775	0.00000	0.99914	0.00000	0.00000	0.00000	0.00086
776	0.00000	0.99975	0.00000	0.00000	0.00000	0.00025
