1000000_sweeps	IndivName	1.000/0.000/0.000/0.000	0.000/0.000/0.000/1.000	0.000/0.500/0.500/0.000	0.250/0.250/0.250/0.250	0.500/0.250/0.250/0.000	0.000/0.250/0.250/0.500
1	NoName	0.00000	1.00000	0.00000	0.00000	0.00000	0.00000
2	NoName	0.00000	1.00000	0.00000	0.00000	0.00000	0.00000
3	NoName	0.00000	1.00000	0.00000	0.00000	0.00000	0.00000
4	NoName	0.00000	0.98692	0.00008	0.00196	0.00003	0.01100
5	NoName	0.00000	0.99999	0.00000	0.00000	0.00000	0.00001
6	NoName	0.00000	0.99994	0.00000	0.00000	0.00000	0.00006
7	NoName	0.00000	0.99998	0.00000	0.00000	0.00000	0.00002
8	NoName	0.00000	1.00000	0.00000	0.00000	0.00000	0.00000
9	NoName	0.00000	1.00000	0.00000	0.00000	0.00000	0.00000
10	NoName	0.00006	0.00000	0.00000	0.00426	0.99568	0.00000
11	NoName	1.00000	0.00000	0.00000	0.00000	0.00000	0.00000
12	NoName	0.00000	0.99998	0.00000	0.00000	0.00000	0.00002
13	NoName	0.00000	1.00000	0.00000	0.00000	0.00000	0.00000
14	NoName	0.00000	1.00000	0.00000	0.00000	0.00000	0.00000
15	NoName	0.00000	1.00000	0.00000	0.00000	0.00000	0.00000
16	NoName	0.00000	0.99919	0.00000	0.00001	0.00000	0.00080
17	NoName	0.99999	0.00000	0.00000	0.00000	0.00001	0.00000
18	NoName	0.99766	0.00000	0.00000	0.00011	0.00223	0.00000
19	NoName	0.00000	0.99979	0.00000	0.00000	0.00000	0.00021
20	NoName	1.00000	0.00000	0.00000	0.00000	0.00000	0.00000
21	NoName	0.99558	0.00007	0.00009	0.00035	0.00388	0.00003
22	NoName	0.00000	0.99998	0.00000	0.00000	0.00000	0.00002
23	NoName	0.99993	0.00000	0.00000	0.00000	0.00007	0.00000
24	NoName	0.99999	0.00000	0.00000	0.00000	0.00001	0.00000
25	NoName	1.00000	0.00000	0.00000	0.00000	0.00000	0.00000
26	NoName	0.00000	0.99999	0.00000	0.00000	0.00000	0.00001
27	NoName	0.00000	1.00000	0.00000	0.00000	0.00000	0.00000
28	NoName	0.00000	1.00000	0.00000	0.00000	0.00000	0.00000
29	NoName	0.00000	1.00000	0.00000	0.00000	0.00000	0.00000
30	NoName	1.00000	0.00000	0.00000	0.00000	0.00000	0.00000
31	NoName	1.00000	0.00000	0.00000	0.00000	0.00000	0.00000
32	NoName	0.00000	0.99986	0.00000	0.00000	0.00000	0.00014
33	NoName	0.99992	0.00000	0.00000	0.00000	0.00008	0.00000
34	NoName	0.62030	0.00080	0.00253	0.07764	0.29725	0.00148
35	NoName	0.00000	0.99842	0.00000	0.00001	0.00000	0.00157
36	NoName	0.00000	0.99993	0.00000	0.00000	0.00000	0.00007
37	NoName	1.00000	0.00000	0.00000	0.00000	0.00000	0.00000
38	NoName	1.00000	0.00000	0.00000	0.00000	0.00000	0.00000
39	NoName	0.00000	0.99999	0.00000	0.00000	0.00000	0.00001
40	NoName	0.00000	1.00000	0.00000	0.00000	0.00000	0.00000
41	NoName	0.00000	1.00000	0.00000	0.00000	0.00000	0.00000
42	NoName	0.00000	1.00000	0.00000	0.00000	0.00000	0.00000
43	NoName	0.99971	0.00000	0.00000	0.00000	0.00029	0.00000
44	NoName	0.00000	0.99999	0.00000	0.00000	0.00000	0.00001
45	NoName	1.00000	0.00000	0.00000	0.00000	0.00000	0.00000
46	NoName	0.00000	0.99974	0.00000	0.00000	0.00000	0.00026
47	NoName	0.00000	1.00000	0.00000	0.00000	0.00000	0.00000
48	NoName	1.00000	0.00000	0.00000	0.00000	0.00000	0.00000
49	NoName	0.99996	0.00000	0.00000	0.00000	0.00004	0.00000
50	NoName	0.00000	0.99994	0.00000	0.00000	0.00000	0.00006
51	NoName	0.00000	0.99998	0.00000	0.00000	0.00000	0.00002
52	NoName	0.00000	1.00000	0.00000	0.00000	0.00000	0.00000
53	NoName	0.64433	0.00000	0.00000	0.00095	0.35472	0.00000
54	NoName	0.00000	0.99999	0.00000	0.00000	0.00000	0.00001
55	NoName	0.00000	0.99999	0.00000	0.00000	0.00000	0.00001
56	NoName	0.83715	0.00000	0.00048	0.09805	0.06333	0.00098
57	NoName	0.00000	1.00000	0.00000	0.00000	0.00000	0.00000
58	NoName	0.00000	1.00000	0.00000	0.00000	0.00000	0.00000
59	NoName	0.00000	0.99986	0.00000	0.00000	0.00000	0.00014
60	NoName	0.00000	0.99998	0.00000	0.00000	0.00000	0.00002
61	NoName	0.00000	1.00000	0.00000	0.00000	0.00000	0.00000
62	NoName	0.00000	1.00000	0.00000	0.00000	0.00000	0.00000
63	NoName	0.00000	1.00000	0.00000	0.00000	0.00000	0.00000
64	NoName	0.00000	0.99998	0.00000	0.00000	0.00000	0.00002
65	NoName	0.00000	1.00000	0.00000	0.00000	0.00000	0.00000
66	NoName	0.99997	0.00000	0.00000	0.00000	0.00003	0.00000
67	NoName	0.00000	1.00000	0.00000	0.00000	0.00000	0.00000
68	NoName	0.00000	0.99999	0.00000	0.00000	0.00000	0.00001
69	NoName	0.00000	0.99256	0.00002	0.00096	0.00001	0.00645
70	NoName	0.00000	1.00000	0.00000	0.00000	0.00000	0.00000
71	NoName	0.00000	1.00000	0.00000	0.00000	0.00000	0.00000
72	NoName	0.00000	1.00000	0.00000	0.00000	0.00000	0.00000
73	NoName	0.00000	1.00000	0.00000	0.00000	0.00000	0.00000
74	NoName	0.00000	1.00000	0.00000	0.00000	0.00000	0.00000
75	NoName	0.00000	1.00000	0.00000	0.00000	0.00000	0.00000
76	NoName	0.00000	0.99999	0.00000	0.00000	0.00000	0.00001
77	NoName	1.00000	0.00000	0.00000	0.00000	0.00000	0.00000
78	NoName	1.00000	0.00000	0.00000	0.00000	0.00000	0.00000
79	NoName	0.99999	0.00000	0.00000	0.00000	0.00001	0.00000
80	NoName	0.00000	0.73743	0.00000	0.14432	0.00000	0.11826
81	NoName	0.00000	0.99967	0.00000	0.00000	0.00000	0.00033
82	NoName	0.99398	0.00032	0.00019	0.00056	0.00488	0.00008
83	NoName	1.00000	0.00000	0.00000	0.00000	0.00000	0.00000
84	NoName	0.00000	0.99999	0.00000	0.00000	0.00000	0.00001
85	NoName	1.00000	0.00000	0.00000	0.00000	0.00000	0.00000
86	NoName	1.00000	0.00000	0.00000	0.00000	0.00000	0.00000
87	NoName	0.00000	1.00000	0.00000	0.00000	0.00000	0.00000
88	NoName	1.00000	0.00000	0.00000	0.00000	0.00000	0.00000
89	NoName	0.00000	0.99994	0.00000	0.00000	0.00000	0.00006
90	NoName	0.00000	1.00000	0.00000	0.00000	0.00000	0.00000
91	NoName	0.99182	0.00000	0.00000	0.00028	0.00790	0.00000
92	NoName	0.00000	0.00000	0.00946	0.00276	0.00000	0.98779
93	NoName	0.00000	1.00000	0.00000	0.00000	0.00000	0.00000
94	NoName	0.99999	0.00000	0.00000	0.00000	0.00001	0.00000
95	NoName	0.00000	1.00000	0.00000	0.00000	0.00000	0.00000
96	NoName	0.00000	0.99911	0.00000	0.00000	0.00000	0.00089
97	NoName	1.00000	0.00000	0.00000	0.00000	0.00000	0.00000
98	NoName	0.00000	0.99807	0.00000	0.00001	0.00000	0.00192
99	NoName	0.00000	0.99639	0.00007	0.00025	0.00001	0.00328
100	NoName	0.00000	1.00000	0.00000	0.00000	0.00000	0.00000
101	NoName	0.00000	1.00000	0.00000	0.00000	0.00000	0.00000
102	NoName	0.00000	1.00000	0.00000	0.00000	0.00000	0.00000
103	NoName	0.00000	1.00000	0.00000	0.00000	0.00000	0.00000
104	NoName	0.00000	1.00000	0.00000	0.00000	0.00000	0.00000
105	NoName	0.00000	0.99835	0.00002	0.00006	0.00000	0.00158
106	NoName	0.00000	1.00000	0.00000	0.00000	0.00000	0.00000
107	NoName	0.00000	0.99999	0.00000	0.00000	0.00000	0.00001
108	NoName	1.00000	0.00000	0.00000	0.00000	0.00000	0.00000
109	NoName	0.00000	1.00000	0.00000	0.00000	0.00000	0.00000
110	NoName	0.00000	1.00000	0.00000	0.00000	0.00000	0.00000
111	NoName	0.00000	1.00000	0.00000	0.00000	0.00000	0.00000
112	NoName	0.99999	0.00000	0.00000	0.00000	0.00001	0.00000
113	NoName	0.99999	0.00000	0.00000	0.00000	0.00001	0.00000
114	NoName	0.00000	1.00000	0.00000	0.00000	0.00000	0.00000
115	NoName	0.00000	1.00000	0.00000	0.00000	0.00000	0.00000
116	NoName	0.99986	0.00000	0.00000	0.00000	0.00014	0.00000
117	NoName	0.00000	0.99950	0.00000	0.00000	0.00000	0.00050
118	NoName	1.00000	0.00000	0.00000	0.00000	0.00000	0.00000
119	NoName	0.99999	0.00000	0.00000	0.00000	0.00001	0.00000
120	NoName	0.00000	1.00000	0.00000	0.00000	0.00000	0.00000
121	NoName	0.00000	1.00000	0.00000	0.00000	0.00000	0.00000
122	NoName	0.00000	0.99999	0.00000	0.00000	0.00000	0.00001
123	NoName	0.98989	0.00000	0.00001	0.00168	0.00842	0.00000
124	NoName	0.00000	0.99999	0.00000	0.00000	0.00000	0.00001
125	NoName	0.00000	0.99679	0.00000	0.00020	0.00000	0.00301
126	NoName	0.00000	1.00000	0.00000	0.00000	0.00000	0.00000
127	NoName	0.00000	1.00000	0.00000	0.00000	0.00000	0.00000
128	NoName	0.00000	1.00000	0.00000	0.00000	0.00000	0.00000
129	NoName	0.00000	0.99994	0.00000	0.00000	0.00000	0.00006
130	NoName	0.00000	0.99997	0.00000	0.00000	0.00000	0.00003
131	NoName	1.00000	0.00000	0.00000	0.00000	0.00000	0.00000
132	NoName	0.00000	1.00000	0.00000	0.00000	0.00000	0.00000
133	NoName	0.00000	1.00000	0.00000	0.00000	0.00000	0.00000
134	NoName	0.00000	1.00000	0.00000	0.00000	0.00000	0.00000
135	NoName	0.00000	1.00000	0.00000	0.00000	0.00000	0.00000
136	NoName	0.00000	1.00000	0.00000	0.00000	0.00000	0.00000
137	NoName	0.00000	1.00000	0.00000	0.00000	0.00000	0.00000
138	NoName	1.00000	0.00000	0.00000	0.00000	0.00000	0.00000
139	NoName	0.99999	0.00000	0.00000	0.00000	0.00001	0.00000
140	NoName	1.00000	0.00000	0.00000	0.00000	0.00000	0.00000
141	NoName	0.99817	0.00000	0.00000	0.00009	0.00174	0.00000
142	NoName	0.99992	0.00000	0.00000	0.00000	0.00008	0.00000
143	NoName	0.00000	1.00000	0.00000	0.00000	0.00000	0.00000
144	NoName	0.99979	0.00000	0.00000	0.00000	0.00021	0.00000
145	NoName	0.99999	0.00000	0.00000	0.00000	0.00001	0.00000
146	NoName	1.00000	0.00000	0.00000	0.00000	0.00000	0.00000
147	NoName	0.99998	0.00000	0.00000	0.00000	0.00002	0.00000
148	NoName	1.00000	0.00000	0.00000	0.00000	0.00000	0.00000
149	NoName	1.00000	0.00000	0.00000	0.00000	0.00000	0.00000
150	NoName	1.00000	0.00000	0.00000	0.00000	0.00000	0.00000
151	NoName	0.00000	0.99999	0.00000	0.00000	0.00000	0.00001
152	NoName	0.00118	0.98635	0.00302	0.00117	0.00116	0.00712
153	NoName	0.00000	1.00000	0.00000	0.00000	0.00000	0.00000
154	NoName	0.00000	1.00000	0.00000	0.00000	0.00000	0.00000
155	NoName	0.00000	0.99994	0.00000	0.00000	0.00000	0.00006
156	NoName	0.00000	0.99999	0.00000	0.00000	0.00000	0.00001
157	NoName	0.00000	1.00000	0.00000	0.00000	0.00000	0.00000
158	NoName	0.00000	0.99995	0.00000	0.00000	0.00000	0.00005
159	NoName	0.00000	1.00000	0.00000	0.00000	0.00000	0.00000
160	NoName	0.00000	0.99996	0.00000	0.00000	0.00000	0.00004
161	NoName	0.00000	0.99999	0.00000	0.00000	0.00000	0.00001
162	NoName	1.00000	0.00000	0.00000	0.00000	0.00000	0.00000
163	NoName	0.00000	0.99998	0.00000	0.00000	0.00000	0.00002
164	NoName	0.00000	1.00000	0.00000	0.00000	0.00000	0.00000
165	NoName	0.00000	0.99906	0.00000	0.00001	0.00000	0.00093
166	NoName	1.00000	0.00000	0.00000	0.00000	0.00000	0.00000
167	NoName	1.00000	0.00000	0.00000	0.00000	0.00000	0.00000
168	NoName	0.99999	0.00000	0.00000	0.00000	0.00001	0.00000
169	NoName	0.00000	1.00000	0.00000	0.00000	0.00000	0.00000
170	NoName	0.00000	0.99982	0.00000	0.00000	0.00000	0.00018
171	NoName	0.00000	1.00000	0.00000	0.00000	0.00000	0.00000
172	NoName	0.00000	0.99998	0.00000	0.00000	0.00000	0.00002
173	NoName	0.99996	0.00000	0.00000	0.00000	0.00004	0.00000
174	NoName	0.00000	0.99999	0.00000	0.00000	0.00000	0.00001
175	NoName	0.00000	1.00000	0.00000	0.00000	0.00000	0.00000
176	NoName	0.00000	1.00000	0.00000	0.00000	0.00000	0.00000
177	NoName	0.00000	1.00000	0.00000	0.00000	0.00000	0.00000
178	NoName	1.00000	0.00000	0.00000	0.00000	0.00000	0.00000
179	NoName	1.00000	0.00000	0.00000	0.00000	0.00000	0.00000
180	NoName	0.00000	1.00000	0.00000	0.00000	0.00000	0.00000
181	NoName	0.00000	0.99999	0.00000	0.00000	0.00000	0.00001
182	NoName	0.99978	0.00000	0.00000	0.00000	0.00022	0.00000
183	NoName	0.00000	1.00000	0.00000	0.00000	0.00000	0.00000
184	NoName	0.00000	1.00000	0.00000	0.00000	0.00000	0.00000
185	NoName	0.00000	0.99999	0.00000	0.00000	0.00000	0.00001
186	NoName	1.00000	0.00000	0.00000	0.00000	0.00000	0.00000
187	NoName	0.00000	1.00000	0.00000	0.00000	0.00000	0.00000
188	NoName	0.00000	0.99905	0.00000	0.00000	0.00000	0.00095
189	NoName	0.00000	0.99997	0.00000	0.00000	0.00000	0.00003
190	NoName	0.00000	0.99995	0.00000	0.00000	0.00000	0.00005
191	NoName	1.00000	0.00000	0.00000	0.00000	0.00000	0.00000
192	NoName	1.00000	0.00000	0.00000	0.00000	0.00000	0.00000
193	NoName	0.99446	0.00000	0.00000	0.00000	0.00554	0.00000
194	NoName	0.00000	0.99994	0.00000	0.00000	0.00000	0.00006
195	NoName	0.00000	0.99999	0.00000	0.00000	0.00000	0.00001
196	NoName	0.00000	0.99999	0.00000	0.00000	0.00000	0.00001
197	NoName	0.00000	0.97268	0.00000	0.01208	0.00000	0.01524
198	NoName	0.00000	0.99999	0.00000	0.00000	0.00000	0.00001
199	NoName	0.00000	1.00000	0.00000	0.00000	0.00000	0.00000
200	NoName	0.00000	0.00000	0.95804	0.00636	0.00001	0.03559
201	NoName	0.00000	0.99998	0.00000	0.00000	0.00000	0.00002
202	NoName	0.00000	1.00000	0.00000	0.00000	0.00000	0.00000
203	NoName	0.00000	0.99756	0.00000	0.00012	0.00000	0.00231
204	NoName	0.00000	1.00000	0.00000	0.00000	0.00000	0.00000
205	NoName	0.00000	0.99999	0.00000	0.00000	0.00000	0.00001
206	NoName	0.00000	1.00000	0.00000	0.00000	0.00000	0.00000
207	NoName	0.00000	1.00000	0.00000	0.00000	0.00000	0.00000
208	NoName	0.00000	1.00000	0.00000	0.00000	0.00000	0.00000
209	NoName	0.00000	1.00000	0.00000	0.00000	0.00000	0.00000
210	NoName	0.00000	1.00000	0.00000	0.00000	0.00000	0.00000
211	NoName	0.00000	0.44649	0.00000	0.00007	0.00000	0.55344
212	NoName	0.00000	0.99999	0.00000	0.00000	0.00000	0.00001
213	NoName	1.00000	0.00000	0.00000	0.00000	0.00000	0.00000
214	NoName	1.00000	0.00000	0.00000	0.00000	0.00000	0.00000
215	NoName	0.00000	1.00000	0.00000	0.00000	0.00000	0.00000
216	NoName	0.00000	1.00000	0.00000	0.00000	0.00000	0.00000
217	NoName	0.00000	0.99999	0.00000	0.00000	0.00000	0.00001
218	NoName	0.00000	1.00000	0.00000	0.00000	0.00000	0.00000
219	NoName	0.00000	0.99998	0.00000	0.00000	0.00000	0.00002
220	NoName	0.00000	0.99885	0.00000	0.00003	0.00000	0.00112
221	NoName	0.00000	1.00000	0.00000	0.00000	0.00000	0.00000
222	NoName	0.00000	1.00000	0.00000	0.00000	0.00000	0.00000
223	NoName	0.00000	0.99998	0.00000	0.00000	0.00000	0.00002
224	NoName	0.00000	0.99998	0.00000	0.00000	0.00000	0.00002
225	NoName	0.00000	1.00000	0.00000	0.00000	0.00000	0.00000
226	NoName	1.00000	0.00000	0.00000	0.00000	0.00000	0.00000
227	NoName	0.00000	1.00000	0.00000	0.00000	0.00000	0.00000
228	NoName	0.00000	0.99978	0.00000	0.00000	0.00000	0.00022
229	NoName	0.99410	0.00000	0.00001	0.00056	0.00533	0.00000
230	NoName	0.00000	1.00000	0.00000	0.00000	0.00000	0.00000
231	NoName	0.00000	1.00000	0.00000	0.00000	0.00000	0.00000
232	NoName	0.00000	0.99936	0.00000	0.00000	0.00000	0.00064
233	NoName	0.99967	0.00000	0.00000	0.00000	0.00033	0.00000
234	NoName	0.00000	0.99993	0.00000	0.00000	0.00000	0.00007
235	NoName	0.00000	1.00000	0.00000	0.00000	0.00000	0.00000
236	NoName	0.00000	1.00000	0.00000	0.00000	0.00000	0.00000
237	NoName	0.00000	1.00000	0.00000	0.00000	0.00000	0.00000
238	NoName	0.00000	1.00000	0.00000	0.00000	0.00000	0.00000
239	NoName	0.99999	0.00000	0.00000	0.00000	0.00001	0.00000
240	NoName	1.00000	0.00000	0.00000	0.00000	0.00000	0.00000
241	NoName	1.00000	0.00000	0.00000	0.00000	0.00000	0.00000
242	NoName	1.00000	0.00000	0.00000	0.00000	0.00000	0.00000
243	NoName	0.00000	1.00000	0.00000	0.00000	0.00000	0.00000
244	NoName	1.00000	0.00000	0.00000	0.00000	0.00000	0.00000
245	NoName	1.00000	0.00000	0.00000	0.00000	0.00000	0.00000
246	NoName	0.00000	0.99997	0.00000	0.00000	0.00000	0.00003
247	NoName	0.00000	1.00000	0.00000	0.00000	0.00000	0.00000
248	NoName	0.00000	0.99984	0.00000	0.00000	0.00000	0.00016
249	NoName	0.00000	1.00000	0.00000	0.00000	0.00000	0.00000
250	NoName	0.00000	1.00000	0.00000	0.00000	0.00000	0.00000
251	NoName	0.00000	1.00000	0.00000	0.00000	0.00000	0.00000
252	NoName	0.00000	1.00000	0.00000	0.00000	0.00000	0.00000
253	NoName	0.00000	1.00000	0.00000	0.00000	0.00000	0.00000
254	NoName	0.00000	1.00000	0.00000	0.00000	0.00000	0.00000
255	NoName	0.00000	1.00000	0.00000	0.00000	0.00000	0.00000
256	NoName	0.00000	0.99999	0.00000	0.00000	0.00000	0.00001
257	NoName	0.00000	1.00000	0.00000	0.00000	0.00000	0.00000
258	NoName	0.00000	1.00000	0.00000	0.00000	0.00000	0.00000
259	NoName	0.00000	1.00000	0.00000	0.00000	0.00000	0.00000
260	NoName	0.00000	0.99895	0.00000	0.00003	0.00000	0.00102
261	NoName	0.00000	0.99959	0.00000	0.00000	0.00000	0.00041
262	NoName	0.00000	0.99982	0.00000	0.00000	0.00000	0.00018
263	NoName	0.00000	1.00000	0.00000	0.00000	0.00000	0.00000
264	NoName	0.00000	1.00000	0.00000	0.00000	0.00000	0.00000
265	NoName	0.00000	0.99804	0.00000	0.00008	0.00000	0.00188
266	NoName	0.00000	1.00000	0.00000	0.00000	0.00000	0.00000
267	NoName	0.00000	1.00000	0.00000	0.00000	0.00000	0.00000
268	NoName	0.00000	1.00000	0.00000	0.00000	0.00000	0.00000
269	NoName	0.00000	1.00000	0.00000	0.00000	0.00000	0.00000
270	NoName	0.00000	1.00000	0.00000	0.00000	0.00000	0.00000
271	NoName	0.00000	0.99985	0.00000	0.00000	0.00000	0.00015
272	NoName	0.00000	0.99986	0.00000	0.00000	0.00000	0.00014
273	NoName	0.00000	0.99999	0.00000	0.00000	0.00000	0.00001
274	NoName	0.00000	0.99999	0.00000	0.00000	0.00000	0.00001
275	NoName	0.00000	1.00000	0.00000	0.00000	0.00000	0.00000
276	NoName	0.00000	0.99999	0.00000	0.00000	0.00000	0.00001
277	NoName	0.00000	0.99998	0.00000	0.00000	0.00000	0.00002
278	NoName	0.00000	1.00000	0.00000	0.00000	0.00000	0.00000
279	NoName	0.00000	1.00000	0.00000	0.00000	0.00000	0.00000
280	NoName	0.00000	1.00000	0.00000	0.00000	0.00000	0.00000
281	NoName	0.00000	1.00000	0.00000	0.00000	0.00000	0.00000
282	NoName	0.00000	1.00000	0.00000	0.00000	0.00000	0.00000
283	NoName	1.00000	0.00000	0.00000	0.00000	0.00000	0.00000
284	NoName	0.00000	0.99969	0.00000	0.00000	0.00000	0.00031
285	NoName	0.00000	0.99999	0.00000	0.00000	0.00000	0.00001
286	NoName	0.00000	1.00000	0.00000	0.00000	0.00000	0.00000
287	NoName	0.00000	1.00000	0.00000	0.00000	0.00000	0.00000
288	NoName	0.00000	1.00000	0.00000	0.00000	0.00000	0.00000
289	NoName	0.00000	0.99959	0.00000	0.00000	0.00000	0.00041
290	NoName	0.00000	1.00000	0.00000	0.00000	0.00000	0.00000
291	NoName	0.00000	1.00000	0.00000	0.00000	0.00000	0.00000
292	NoName	0.00000	0.99998	0.00000	0.00000	0.00000	0.00002
293	NoName	0.00000	0.99999	0.00000	0.00000	0.00000	0.00001
294	NoName	0.00000	1.00000	0.00000	0.00000	0.00000	0.00000
295	NoName	0.00000	1.00000	0.00000	0.00000	0.00000	0.00000
296	NoName	1.00000	0.00000	0.00000	0.00000	0.00000	0.00000
297	NoName	0.49368	0.48380	0.00519	0.00287	0.00777	0.00670
298	NoName	0.00000	1.00000	0.00000	0.00000	0.00000	0.00000
299	NoName	0.00000	0.99967	0.00000	0.00000	0.00000	0.00033
300	NoName	0.99969	0.00000	0.00000	0.00000	0.00031	0.00000
301	NoName	0.00000	1.00000	0.00000	0.00000	0.00000	0.00000
302	NoName	0.00000	1.00000	0.00000	0.00000	0.00000	0.00000
303	NoName	0.00000	0.99998	0.00000	0.00000	0.00000	0.00002
304	NoName	0.00000	0.99998	0.00000	0.00000	0.00000	0.00002
305	NoName	0.00000	0.99998	0.00000	0.00000	0.00000	0.00002
306	NoName	0.00000	0.99976	0.00000	0.00000	0.00000	0.00024
307	NoName	0.00000	0.99999	0.00000	0.00000	0.00000	0.00001
308	NoName	0.00000	1.00000	0.00000	0.00000	0.00000	0.00000
309	NoName	0.00000	1.00000	0.00000	0.00000	0.00000	0.00000
310	NoName	0.00000	1.00000	0.00000	0.00000	0.00000	0.00000
311	NoName	0.00000	1.00000	0.00000	0.00000	0.00000	0.00000
312	NoName	0.00000	0.99989	0.00000	0.00000	0.00000	0.00011
313	NoName	0.00000	0.99996	0.00000	0.00000	0.00000	0.00004
314	NoName	0.00000	1.00000	0.00000	0.00000	0.00000	0.00000
315	NoName	0.00000	0.99999	0.00000	0.00000	0.00000	0.00001
316	NoName	0.00000	0.01531	0.00000	0.00004	0.00000	0.98465
317	NoName	0.00000	0.99999	0.00000	0.00000	0.00000	0.00001
318	NoName	0.00000	1.00000	0.00000	0.00000	0.00000	0.00000
319	NoName	0.00000	1.00000	0.00000	0.00000	0.00000	0.00000
320	NoName	0.00000	0.99764	0.00000	0.00001	0.00000	0.00235
321	NoName	0.00000	0.99995	0.00000	0.00000	0.00000	0.00005
322	NoName	0.00000	0.99987	0.00000	0.00000	0.00000	0.00013
323	NoName	0.00000	0.99997	0.00000	0.00000	0.00000	0.00003
324	NoName	0.00000	0.99959	0.00000	0.00000	0.00000	0.00041
325	NoName	0.00000	1.00000	0.00000	0.00000	0.00000	0.00000
326	NoName	0.00000	0.93205	0.00000	0.00000	0.00000	0.06795
327	NoName	0.00000	0.99928	0.00000	0.00001	0.00000	0.00071
328	NoName	0.00000	0.99998	0.00000	0.00000	0.00000	0.00002
329	NoName	0.00000	0.99999	0.00000	0.00000	0.00000	0.00001
330	NoName	0.00000	1.00000	0.00000	0.00000	0.00000	0.00000
331	NoName	0.00000	0.99982	0.00000	0.00000	0.00000	0.00018
332	NoName	0.00000	0.99999	0.00000	0.00000	0.00000	0.00001
333	NoName	0.00000	1.00000	0.00000	0.00000	0.00000	0.00000
334	NoName	0.00000	0.99999	0.00000	0.00000	0.00000	0.00001
335	NoName	0.00000	1.00000	0.00000	0.00000	0.00000	0.00000
336	NoName	0.00000	1.00000	0.00000	0.00000	0.00000	0.00000
337	NoName	0.00000	0.99601	0.00004	0.00031	0.00001	0.00364
338	NoName	0.00000	1.00000	0.00000	0.00000	0.00000	0.00000
339	NoName	0.00000	1.00000	0.00000	0.00000	0.00000	0.00000
340	NoName	0.00000	0.99998	0.00000	0.00000	0.00000	0.00002
341	NoName	0.00000	0.00000	0.99947	0.00007	0.00001	0.00044
342	NoName	0.00000	1.00000	0.00000	0.00000	0.00000	0.00000
343	NoName	0.00000	1.00000	0.00000	0.00000	0.00000	0.00000
344	NoName	0.00000	0.99920	0.00000	0.00000	0.00000	0.00080
345	NoName	0.00000	0.99998	0.00000	0.00000	0.00000	0.00002
346	NoName	0.00000	1.00000	0.00000	0.00000	0.00000	0.00000
347	NoName	0.00000	0.99949	0.00000	0.00000	0.00000	0.00050
348	NoName	0.00000	0.00012	0.00000	0.00082	0.00000	0.99906
349	NoName	0.00000	1.00000	0.00000	0.00000	0.00000	0.00000
350	NoName	0.00000	1.00000	0.00000	0.00000	0.00000	0.00000
351	NoName	0.00000	1.00000	0.00000	0.00000	0.00000	0.00000
352	NoName	0.00000	0.99997	0.00000	0.00000	0.00000	0.00003
353	NoName	0.00000	0.99998	0.00000	0.00000	0.00000	0.00002
354	NoName	0.00000	0.99984	0.00000	0.00000	0.00000	0.00016
355	NoName	0.00000	0.99575	0.00002	0.00035	0.00000	0.00388
356	NoName	1.00000	0.00000	0.00000	0.00000	0.00000	0.00000
357	NoName	0.00000	1.00000	0.00000	0.00000	0.00000	0.00000
358	NoName	0.00000	0.99928	0.00000	0.00001	0.00000	0.00071
359	NoName	0.00000	0.99529	0.00003	0.00042	0.00001	0.00426
360	NoName	0.00000	0.99996	0.00000	0.00000	0.00000	0.00004
361	NoName	0.00000	1.00000	0.00000	0.00000	0.00000	0.00000
362	NoName	1.00000	0.00000	0.00000	0.00000	0.00000	0.00000
363	NoName	1.00000	0.00000	0.00000	0.00000	0.00000	0.00000
364	NoName	0.00000	1.00000	0.00000	0.00000	0.00000	0.00000
365	NoName	0.00000	1.00000	0.00000	0.00000	0.00000	0.00000
366	NoName	0.00000	1.00000	0.00000	0.00000	0.00000	0.00000
367	NoName	0.00000	1.00000	0.00000	0.00000	0.00000	0.00000
368	NoName	0.00000	1.00000	0.00000	0.00000	0.00000	0.00000
369	NoName	0.99997	0.00000	0.00000	0.00000	0.00003	0.00000
370	NoName	0.00000	0.99997	0.00000	0.00000	0.00000	0.00003
371	NoName	0.00000	0.99993	0.00000	0.00000	0.00000	0.00007
372	NoName	0.00000	0.99970	0.00000	0.00000	0.00000	0.00030
373	NoName	0.00000	1.00000	0.00000	0.00000	0.00000	0.00000
374	NoName	0.00000	0.99949	0.00000	0.00001	0.00000	0.00050
375	NoName	1.00000	0.00000	0.00000	0.00000	0.00000	0.00000
376	NoName	0.00000	0.99987	0.00000	0.00000	0.00000	0.00013
377	NoName	0.00000	0.99684	0.00002	0.00020	0.00000	0.00293
378	NoName	0.99966	0.00000	0.00000	0.00000	0.00034	0.00000
379	NoName	0.99986	0.00000	0.00000	0.00000	0.00014	0.00000
380	NoName	0.00000	1.00000	0.00000	0.00000	0.00000	0.00000
381	NoName	0.00000	1.00000	0.00000	0.00000	0.00000	0.00000
382	NoName	0.00000	0.99977	0.00000	0.00000	0.00000	0.00023
383	NoName	0.99997	0.00000	0.00000	0.00000	0.00003	0.00000
384	NoName	0.00000	0.99998	0.00000	0.00000	0.00000	0.00002
385	NoName	0.00000	1.00000	0.00000	0.00000	0.00000	0.00000
386	NoName	0.00000	0.99995	0.00000	0.00000	0.00000	0.00005
387	NoName	0.00000	1.00000	0.00000	0.00000	0.00000	0.00000
388	NoName	0.99991	0.00000	0.00000	0.00000	0.00009	0.00000
389	NoName	0.00000	1.00000	0.00000	0.00000	0.00000	0.00000
390	NoName	0.00000	1.00000	0.00000	0.00000	0.00000	0.00000
391	NoName	0.00000	1.00000	0.00000	0.00000	0.00000	0.00000
392	NoName	0.00000	0.99985	0.00000	0.00000	0.00000	0.00015
393	NoName	0.00000	1.00000	0.00000	0.00000	0.00000	0.00000
394	NoName	0.00000	0.99984	0.00000	0.00000	0.00000	0.00016
395	NoName	0.00000	1.00000	0.00000	0.00000	0.00000	0.00000
396	NoName	0.00000	1.00000	0.00000	0.00000	0.00000	0.00000
397	NoName	0.00000	0.99987	0.00000	0.00000	0.00000	0.00013
398	NoName	0.00000	0.99996	0.00000	0.00000	0.00000	0.00004
399	NoName	0.00008	0.99187	0.00142	0.00067	0.00033	0.00563
400	NoName	0.00000	0.99995	0.00000	0.00000	0.00000	0.00005
401	NoName	0.00000	0.99999	0.00000	0.00000	0.00000	0.00001
402	NoName	0.00002	0.98966	0.00035	0.00152	0.00014	0.00831
403	NoName	0.00000	1.00000	0.00000	0.00000	0.00000	0.00000
404	NoName	0.00000	1.00000	0.00000	0.00000	0.00000	0.00000
405	NoName	0.00000	1.00000	0.00000	0.00000	0.00000	0.00000
406	NoName	0.00000	1.00000	0.00000	0.00000	0.00000	0.00000
407	NoName	0.00000	1.00000	0.00000	0.00000	0.00000	0.00000
408	NoName	0.00000	1.00000	0.00000	0.00000	0.00000	0.00000
409	NoName	0.00000	1.00000	0.00000	0.00000	0.00000	0.00000
410	NoName	0.00000	1.00000	0.00000	0.00000	0.00000	0.00000
411	NoName	0.00000	1.00000	0.00000	0.00000	0.00000	0.00000
412	NoName	1.00000	0.00000	0.00000	0.00000	0.00000	0.00000
413	NoName	0.00000	0.99999	0.00000	0.00000	0.00000	0.00001
414	NoName	0.00000	1.00000	0.00000	0.00000	0.00000	0.00000
415	NoName	0.00000	1.00000	0.00000	0.00000	0.00000	0.00000
416	NoName	0.00000	0.99853	0.00000	0.00005	0.00000	0.00142
417	NoName	0.00000	1.00000	0.00000	0.00000	0.00000	0.00000
418	NoName	0.00000	0.99991	0.00000	0.00000	0.00000	0.00009
419	NoName	0.00000	1.00000	0.00000	0.00000	0.00000	0.00000
420	NoName	0.00000	1.00000	0.00000	0.00000	0.00000	0.00000
421	NoName	0.00000	1.00000	0.00000	0.00000	0.00000	0.00000
422	NoName	0.00000	0.99998	0.00000	0.00000	0.00000	0.00002
423	NoName	0.00000	0.99972	0.00000	0.00000	0.00000	0.00028
424	NoName	0.00000	0.99773	0.00000	0.00008	0.00000	0.00220
425	NoName	0.00000	0.99978	0.00000	0.00000	0.00000	0.00022
426	NoName	0.00000	1.00000	0.00000	0.00000	0.00000	0.00000
427	NoName	0.00000	1.00000	0.00000	0.00000	0.00000	0.00000
428	NoName	0.00000	1.00000	0.00000	0.00000	0.00000	0.00000
429	NoName	0.00000	0.99999	0.00000	0.00000	0.00000	0.00001
430	NoName	0.00000	0.99996	0.00000	0.00000	0.00000	0.00004
431	NoName	0.00000	0.99999	0.00000	0.00000	0.00000	0.00001
432	NoName	0.00000	1.00000	0.00000	0.00000	0.00000	0.00000
433	NoName	0.00000	1.00000	0.00000	0.00000	0.00000	0.00000
434	NoName	0.00000	0.99999	0.00000	0.00000	0.00000	0.00001
435	NoName	0.00000	0.99997	0.00000	0.00000	0.00000	0.00003
436	NoName	0.00000	0.99999	0.00000	0.00000	0.00000	0.00001
437	NoName	1.00000	0.00000	0.00000	0.00000	0.00000	0.00000
438	NoName	0.00000	0.99999	0.00000	0.00000	0.00000	0.00001
439	NoName	0.00000	0.99999	0.00000	0.00000	0.00000	0.00001
440	NoName	0.00000	1.00000	0.00000	0.00000	0.00000	0.00000
441	NoName	0.00000	1.00000	0.00000	0.00000	0.00000	0.00000
442	NoName	0.00000	1.00000	0.00000	0.00000	0.00000	0.00000
443	NoName	0.00000	1.00000	0.00000	0.00000	0.00000	0.00000
444	NoName	0.00000	0.99998	0.00000	0.00000	0.00000	0.00002
445	NoName	0.00000	1.00000	0.00000	0.00000	0.00000	0.00000
446	NoName	0.00000	0.99988	0.00000	0.00000	0.00000	0.00012
447	NoName	0.00000	0.99999	0.00000	0.00000	0.00000	0.00001
448	NoName	0.00000	0.99999	0.00000	0.00000	0.00000	0.00001
449	NoName	0.00000	1.00000	0.00000	0.00000	0.00000	0.00000
450	NoName	0.00000	1.00000	0.00000	0.00000	0.00000	0.00000
451	NoName	0.00000	1.00000	0.00000	0.00000	0.00000	0.00000
452	NoName	0.00000	1.00000	0.00000	0.00000	0.00000	0.00000
453	NoName	0.00000	0.99910	0.00000	0.00002	0.00000	0.00088
454	NoName	0.00000	0.99993	0.00000	0.00000	0.00000	0.00007
455	NoName	0.00000	1.00000	0.00000	0.00000	0.00000	0.00000
456	NoName	0.00000	0.99996	0.00000	0.00000	0.00000	0.00004
457	NoName	0.00000	0.99998	0.00000	0.00000	0.00000	0.00002
458	NoName	0.00000	1.00000	0.00000	0.00000	0.00000	0.00000
459	NoName	0.00000	1.00000	0.00000	0.00000	0.00000	0.00000
460	NoName	0.00000	1.00000	0.00000	0.00000	0.00000	0.00000
461	NoName	1.00000	0.00000	0.00000	0.00000	0.00000	0.00000
462	NoName	0.00000	1.00000	0.00000	0.00000	0.00000	0.00000
463	NoName	0.00000	0.99995	0.00000	0.00000	0.00000	0.00005
464	NoName	0.00000	0.99761	0.00000	0.00016	0.00000	0.00224
465	NoName	1.00000	0.00000	0.00000	0.00000	0.00000	0.00000
466	NoName	0.00000	1.00000	0.00000	0.00000	0.00000	0.00000
467	NoName	0.00000	1.00000	0.00000	0.00000	0.00000	0.00000
468	NoName	0.00000	0.97061	0.00047	0.00543	0.00015	0.02334
469	NoName	0.00000	1.00000	0.00000	0.00000	0.00000	0.00000
470	NoName	0.00000	0.99999	0.00000	0.00000	0.00000	0.00001
471	NoName	0.00000	0.99998	0.00000	0.00000	0.00000	0.00002
472	NoName	0.00000	0.99999	0.00000	0.00000	0.00000	0.00001
473	NoName	0.00000	1.00000	0.00000	0.00000	0.00000	0.00000
474	NoName	0.00000	0.99999	0.00000	0.00000	0.00000	0.00001
475	NoName	0.00000	0.99487	0.00003	0.00049	0.00001	0.00460
476	NoName	0.00000	1.00000	0.00000	0.00000	0.00000	0.00000
477	NoName	0.00000	1.00000	0.00000	0.00000	0.00000	0.00000
478	NoName	0.00000	1.00000	0.00000	0.00000	0.00000	0.00000
479	NoName	0.00000	0.99999	0.00000	0.00000	0.00000	0.00001
480	NoName	0.00000	0.99903	0.00000	0.00000	0.00000	0.00097
481	NoName	0.00000	0.99999	0.00000	0.00000	0.00000	0.00001
482	NoName	0.00000	1.00000	0.00000	0.00000	0.00000	0.00000
483	NoName	0.00000	0.99999	0.00000	0.00000	0.00000	0.00001
484	NoName	0.00000	0.99999	0.00000	0.00000	0.00000	0.00001
485	NoName	0.00000	1.00000	0.00000	0.00000	0.00000	0.00000
486	NoName	0.00000	1.00000	0.00000	0.00000	0.00000	0.00000
487	NoName	0.00000	1.00000	0.00000	0.00000	0.00000	0.00000
488	NoName	0.00000	1.00000	0.00000	0.00000	0.00000	0.00000
489	NoName	0.00000	1.00000	0.00000	0.00000	0.00000	0.00000
490	NoName	0.00000	1.00000	0.00000	0.00000	0.00000	0.00000
491	NoName	0.00000	0.99995	0.00000	0.00000	0.00000	0.00005
492	NoName	0.00000	1.00000	0.00000	0.00000	0.00000	0.00000
493	NoName	0.00000	0.99995	0.00000	0.00000	0.00000	0.00005
494	NoName	0.00000	1.00000	0.00000	0.00000	0.00000	0.00000
495	NoName	0.00000	0.99836	0.00001	0.00006	0.00000	0.00158
496	NoName	0.00000	1.00000	0.00000	0.00000	0.00000	0.00000
497	NoName	0.00000	0.99998	0.00000	0.00000	0.00000	0.00002
498	NoName	0.00000	1.00000	0.00000	0.00000	0.00000	0.00000
499	NoName	0.00000	0.99999	0.00000	0.00000	0.00000	0.00001
500	NoName	0.00000	0.99999	0.00000	0.00000	0.00000	0.00001
501	NoName	0.00000	0.99922	0.00000	0.00001	0.00000	0.00076
502	NoName	0.00000	0.92757	0.00000	0.00000	0.00000	0.07243
503	NoName	0.00000	0.99946	0.00000	0.00001	0.00000	0.00054
504	NoName	0.00000	1.00000	0.00000	0.00000	0.00000	0.00000
505	NoName	0.00000	1.00000	0.00000	0.00000	0.00000	0.00000
506	NoName	0.00000	0.99999	0.00000	0.00000	0.00000	0.00001
507	NoName	1.00000	0.00000	0.00000	0.00000	0.00000	0.00000
508	NoName	1.00000	0.00000	0.00000	0.00000	0.00000	0.00000
509	NoName	0.00000	0.99960	0.00000	0.00000	0.00000	0.00040
510	NoName	0.00000	0.99999	0.00000	0.00000	0.00000	0.00001
511	NoName	0.00000	1.00000	0.00000	0.00000	0.00000	0.00000
512	NoName	0.00000	1.00000	0.00000	0.00000	0.00000	0.00000
513	NoName	0.00000	1.00000	0.00000	0.00000	0.00000	0.00000
514	NoName	0.99923	0.00000	0.00000	0.00000	0.00077	0.00000
515	NoName	0.00000	0.99999	0.00000	0.00000	0.00000	0.00001
516	NoName	1.00000	0.00000	0.00000	0.00000	0.00000	0.00000
517	NoName	0.00000	0.99759	0.00003	0.00011	0.00000	0.00226
518	NoName	0.00000	1.00000	0.00000	0.00000	0.00000	0.00000
519	NoName	1.00000	0.00000	0.00000	0.00000	0.00000	0.00000
520	NoName	0.00000	0.99995	0.00000	0.00000	0.00000	0.00005
521	NoName	0.00000	1.00000	0.00000	0.00000	0.00000	0.00000
522	NoName	0.00000	1.00000	0.00000	0.00000	0.00000	0.00000
523	NoName	0.00000	1.00000	0.00000	0.00000	0.00000	0.00000
524	NoName	0.00000	0.99997	0.00000	0.00000	0.00000	0.00003
525	NoName	0.00000	1.00000	0.00000	0.00000	0.00000	0.00000
526	NoName	0.00000	0.99991	0.00000	0.00000	0.00000	0.00009
527	NoName	0.00000	0.99997	0.00000	0.00000	0.00000	0.00003
528	NoName	0.00000	1.00000	0.00000	0.00000	0.00000	0.00000
529	NoName	0.00000	0.99720	0.00000	0.00018	0.00000	0.00262
530	NoName	0.00000	0.99857	0.00000	0.00004	0.00000	0.00139
531	NoName	0.00000	1.00000	0.00000	0.00000	0.00000	0.00000
532	NoName	0.00000	1.00000	0.00000	0.00000	0.00000	0.00000
533	NoName	0.00000	0.99646	0.00000	0.00000	0.00000	0.00354
534	NoName	0.99999	0.00000	0.00000	0.00000	0.00001	0.00000
535	NoName	0.00000	0.99999	0.00000	0.00000	0.00000	0.00001
536	NoName	0.00000	1.00000	0.00000	0.00000	0.00000	0.00000
537	NoName	0.00000	0.99999	0.00000	0.00000	0.00000	0.00001
538	NoName	0.99886	0.00000	0.00000	0.00000	0.00114	0.00000
539	NoName	0.00000	0.37190	0.00000	0.49324	0.00007	0.13478
540	NoName	0.00000	0.99997	0.00000	0.00000	0.00000	0.00003
541	NoName	0.99959	0.00000	0.00000	0.00000	0.00041	0.00000
542	NoName	1.00000	0.00000	0.00000	0.00000	0.00000	0.00000
543	NoName	0.99999	0.00000	0.00000	0.00000	0.00001	0.00000
544	NoName	0.00000	1.00000	0.00000	0.00000	0.00000	0.00000
545	NoName	0.00000	0.99536	0.00000	0.00000	0.00000	0.00464
546	NoName	0.00000	1.00000	0.00000	0.00000	0.00000	0.00000
547	NoName	0.00000	0.99999	0.00000	0.00000	0.00000	0.00001
548	NoName	0.00000	1.00000	0.00000	0.00000	0.00000	0.00000
549	NoName	0.99995	0.00000	0.00000	0.00000	0.00005	0.00000
550	NoName	0.00000	1.00000	0.00000	0.00000	0.00000	0.00000
551	NoName	0.00000	1.00000	0.00000	0.00000	0.00000	0.00000
552	NoName	1.00000	0.00000	0.00000	0.00000	0.00000	0.00000
553	NoName	0.00000	0.99994	0.00000	0.00000	0.00000	0.00006
554	NoName	0.00000	0.99992	0.00000	0.00000	0.00000	0.00008
555	NoName	0.00000	1.00000	0.00000	0.00000	0.00000	0.00000
556	NoName	0.00000	1.00000	0.00000	0.00000	0.00000	0.00000
557	NoName	0.00000	0.00000	0.98622	0.01181	0.00058	0.00140
558	NoName	0.00000	0.99987	0.00000	0.00000	0.00000	0.00013
559	NoName	0.00000	0.99836	0.00000	0.00000	0.00000	0.00164
560	NoName	1.00000	0.00000	0.00000	0.00000	0.00000	0.00000
561	NoName	1.00000	0.00000	0.00000	0.00000	0.00000	0.00000
562	NoName	0.99997	0.00000	0.00000	0.00000	0.00003	0.00000
563	NoName	1.00000	0.00000	0.00000	0.00000	0.00000	0.00000
564	NoName	0.00000	1.00000	0.00000	0.00000	0.00000	0.00000
565	NoName	0.00000	1.00000	0.00000	0.00000	0.00000	0.00000
566	NoName	1.00000	0.00000	0.00000	0.00000	0.00000	0.00000
567	NoName	0.00000	1.00000	0.00000	0.00000	0.00000	0.00000
568	NoName	0.57061	0.40694	0.00510	0.00287	0.00835	0.00614
569	NoName	1.00000	0.00000	0.00000	0.00000	0.00000	0.00000
570	NoName	0.00000	1.00000	0.00000	0.00000	0.00000	0.00000
571	NoName	0.00000	0.99999	0.00000	0.00000	0.00000	0.00001
572	NoName	0.00000	1.00000	0.00000	0.00000	0.00000	0.00000
573	NoName	0.00000	1.00000	0.00000	0.00000	0.00000	0.00000
574	NoName	0.00000	1.00000	0.00000	0.00000	0.00000	0.00000
575	NoName	0.00000	1.00000	0.00000	0.00000	0.00000	0.00000
576	NoName	0.00000	0.00000	0.00000	0.15044	0.84955	0.00000
577	NoName	0.00000	0.99999	0.00000	0.00000	0.00000	0.00001
578	NoName	1.00000	0.00000	0.00000	0.00000	0.00000	0.00000
579	NoName	0.00000	1.00000	0.00000	0.00000	0.00000	0.00000
580	NoName	0.00000	0.99994	0.00000	0.00000	0.00000	0.00006
581	NoName	0.00000	0.99991	0.00000	0.00000	0.00000	0.00009
582	NoName	0.00000	0.99997	0.00000	0.00000	0.00000	0.00003
583	NoName	0.00000	1.00000	0.00000	0.00000	0.00000	0.00000
584	NoName	0.00000	0.99862	0.00000	0.00003	0.00000	0.00134
585	NoName	0.00000	0.99999	0.00000	0.00000	0.00000	0.00001
586	NoName	0.00000	0.99989	0.00000	0.00000	0.00000	0.00011
587	NoName	0.00000	1.00000	0.00000	0.00000	0.00000	0.00000
588	NoName	0.00000	0.99999	0.00000	0.00000	0.00000	0.00001
589	NoName	0.00000	1.00000	0.00000	0.00000	0.00000	0.00000
590	NoName	0.00000	1.00000	0.00000	0.00000	0.00000	0.00000
591	NoName	0.00000	0.99994	0.00000	0.00000	0.00000	0.00006
592	NoName	0.00000	0.99949	0.00000	0.00001	0.00000	0.00050
593	NoName	0.00000	0.99991	0.00000	0.00000	0.00000	0.00009
594	NoName	0.00000	0.99998	0.00000	0.00000	0.00000	0.00002
595	NoName	0.00000	1.00000	0.00000	0.00000	0.00000	0.00000
596	NoName	0.00000	1.00000	0.00000	0.00000	0.00000	0.00000
597	NoName	0.00000	0.44327	0.00010	0.29941	0.00009	0.25712
598	NoName	0.00000	0.99999	0.00000	0.00000	0.00000	0.00001
599	NoName	0.00000	0.99763	0.00000	0.00009	0.00000	0.00228
600	NoName	0.00000	0.99963	0.00000	0.00000	0.00000	0.00037
601	NoName	0.00000	1.00000	0.00000	0.00000	0.00000	0.00000
602	NoName	0.00000	0.98593	0.00000	0.00062	0.00000	0.01345
603	NoName	1.00000	0.00000	0.00000	0.00000	0.00000	0.00000
604	NoName	0.98391	0.00000	0.00002	0.00382	0.01223	0.00002
605	NoName	0.00000	0.99999	0.00000	0.00000	0.00000	0.00001
606	NoName	0.00000	0.99995	0.00000	0.00000	0.00000	0.00005
607	NoName	0.00000	1.00000	0.00000	0.00000	0.00000	0.00000
608	NoName	0.00000	1.00000	0.00000	0.00000	0.00000	0.00000
609	NoName	0.00000	1.00000	0.00000	0.00000	0.00000	0.00000
610	NoName	0.00000	1.00000	0.00000	0.00000	0.00000	0.00000
611	NoName	0.99998	0.00000	0.00000	0.00000	0.00002	0.00000
612	NoName	0.00000	1.00000	0.00000	0.00000	0.00000	0.00000
613	NoName	0.00000	1.00000	0.00000	0.00000	0.00000	0.00000
614	NoName	0.00000	0.99999	0.00000	0.00000	0.00000	0.00001
615	NoName	0.00000	0.99906	0.00000	0.00002	0.00000	0.00092
616	NoName	0.00000	1.00000	0.00000	0.00000	0.00000	0.00000
617	NoName	0.00000	0.99990	0.00000	0.00000	0.00000	0.00010
618	NoName	0.00000	1.00000	0.00000	0.00000	0.00000	0.00000
619	NoName	0.00000	0.99999	0.00000	0.00000	0.00000	0.00001
620	NoName	0.00000	0.99999	0.00000	0.00000	0.00000	0.00001
621	NoName	0.00000	1.00000	0.00000	0.00000	0.00000	0.00000
622	NoName	0.00000	1.00000	0.00000	0.00000	0.00000	0.00000
623	NoName	0.00000	0.99938	0.00000	0.00001	0.00000	0.00061
624	NoName	0.00000	0.99999	0.00000	0.00000	0.00000	0.00001
625	NoName	0.00000	1.00000	0.00000	0.00000	0.00000	0.00000
626	NoName	0.00000	1.00000	0.00000	0.00000	0.00000	0.00000
627	NoName	0.00000	0.98571	0.00026	0.00210	0.00007	0.01187
628	NoName	0.00000	1.00000	0.00000	0.00000	0.00000	0.00000
629	NoName	0.00000	1.00000	0.00000	0.00000	0.00000	0.00000
630	NoName	0.00000	0.99999	0.00000	0.00000	0.00000	0.00001
631	NoName	0.00000	1.00000	0.00000	0.00000	0.00000	0.00000
632	NoName	0.00000	0.99995	0.00000	0.00000	0.00000	0.00005
633	NoName	1.00000	0.00000	0.00000	0.00000	0.00000	0.00000
634	NoName	0.00000	1.00000	0.00000	0.00000	0.00000	0.00000
635	NoName	0.00000	0.99999	0.00000	0.00000	0.00000	0.00001
636	NoName	0.00000	1.00000	0.00000	0.00000	0.00000	0.00000
637	NoName	0.00000	0.99994	0.00000	0.00000	0.00000	0.00006
638	NoName	0.00000	0.99991	0.00000	0.00000	0.00000	0.00009
639	NoName	0.00000	1.00000	0.00000	0.00000	0.00000	0.00000
640	NoName	0.00000	0.99999	0.00000	0.00000	0.00000	0.00001
641	NoName	0.00000	0.99991	0.00000	0.00000	0.00000	0.00009
642	NoName	0.00000	1.00000	0.00000	0.00000	0.00000	0.00000
643	NoName	0.00000	1.00000	0.00000	0.00000	0.00000	0.00000
644	NoName	0.00000	1.00000	0.00000	0.00000	0.00000	0.00000
645	NoName	0.00000	0.00286	0.00000	0.00024	0.00000	0.99690
646	NoName	0.00000	0.99999	0.00000	0.00000	0.00000	0.00001
647	NoName	0.00000	0.99797	0.00000	0.00000	0.00000	0.00203
648	NoName	0.00000	0.99998	0.00000	0.00000	0.00000	0.00002
649	NoName	0.00000	1.00000	0.00000	0.00000	0.00000	0.00000
650	NoName	0.00000	0.99994	0.00000	0.00000	0.00000	0.00006
651	NoName	0.99998	0.00000	0.00000	0.00000	0.00002	0.00000
652	NoName	0.00000	1.00000	0.00000	0.00000	0.00000	0.00000
653	NoName	0.00000	1.00000	0.00000	0.00000	0.00000	0.00000
654	NoName	0.99966	0.00000	0.00000	0.00000	0.00033	0.00000
655	NoName	0.00000	1.00000	0.00000	0.00000	0.00000	0.00000
656	NoName	0.00000	1.00000	0.00000	0.00000	0.00000	0.00000
657	NoName	0.00000	1.00000	0.00000	0.00000	0.00000	0.00000
658	NoName	0.00000	1.00000	0.00000	0.00000	0.00000	0.00000
659	NoName	0.00000	0.99999	0.00000	0.00000	0.00000	0.00001
660	NoName	0.99911	0.00000	0.00000	0.00001	0.00088	0.00000
661	NoName	0.00000	0.99989	0.00000	0.00000	0.00000	0.00011
662	NoName	0.00000	1.00000	0.00000	0.00000	0.00000	0.00000
663	NoName	0.00000	1.00000	0.00000	0.00000	0.00000	0.00000
664	NoName	0.00000	0.99494	0.00000	0.00032	0.00000	0.00473
665	NoName	0.99999	0.00000	0.00000	0.00000	0.00001	0.00000
666	NoName	0.00000	0.99950	0.00000	0.00000	0.00000	0.00049
667	NoName	1.00000	0.00000	0.00000	0.00000	0.00000	0.00000
668	NoName	1.00000	0.00000	0.00000	0.00000	0.00000	0.00000
669	NoName	1.00000	0.00000	0.00000	0.00000	0.00000	0.00000
670	NoName	1.00000	0.00000	0.00000	0.00000	0.00000	0.00000
671	NoName	0.99999	0.00000	0.00000	0.00000	0.00001	0.00000
672	NoName	0.00000	0.99995	0.00000	0.00000	0.00000	0.00005
673	NoName	0.00000	0.99998	0.00000	0.00000	0.00000	0.00002
674	NoName	0.00000	1.00000	0.00000	0.00000	0.00000	0.00000
675	NoName	0.00000	0.99963	0.00000	0.00000	0.00000	0.00036
676	NoName	0.00000	1.00000	0.00000	0.00000	0.00000	0.00000
677	NoName	0.00000	0.99998	0.00000	0.00000	0.00000	0.00002
678	NoName	0.00000	1.00000	0.00000	0.00000	0.00000	0.00000
679	NoName	0.96557	0.00000	0.00000	0.00000	0.03443	0.00000
680	NoName	0.00000	1.00000	0.00000	0.00000	0.00000	0.00000
681	NoName	0.00000	1.00000	0.00000	0.00000	0.00000	0.00000
682	NoName	0.00000	1.00000	0.00000	0.00000	0.00000	0.00000
683	NoName	0.00000	0.99997	0.00000	0.00000	0.00000	0.00003
684	NoName	0.00000	1.00000	0.00000	0.00000	0.00000	0.00000
685	NoName	0.00000	0.99987	0.00000	0.00000	0.00000	0.00012
686	NoName	0.00000	1.00000	0.00000	0.00000	0.00000	0.00000
687	NoName	0.00000	0.99997	0.00000	0.00000	0.00000	0.00003
688	NoName	0.00000	1.00000	0.00000	0.00000	0.00000	0.00000
689	NoName	0.00000	1.00000	0.00000	0.00000	0.00000	0.00000
690	NoName	0.00000	0.99998	0.00000	0.00000	0.00000	0.00002
691	NoName	0.00000	0.99992	0.00000	0.00000	0.00000	0.00008
692	NoName	0.00000	1.00000	0.00000	0.00000	0.00000	0.00000
693	NoName	0.00000	0.99998	0.00000	0.00000	0.00000	0.00002
694	NoName	0.00000	1.00000	0.00000	0.00000	0.00000	0.00000
695	NoName	0.00000	0.99927	0.00000	0.00001	0.00000	0.00072
696	NoName	0.00000	1.00000	0.00000	0.00000	0.00000	0.00000
697	NoName	0.00000	0.99998	0.00000	0.00000	0.00000	0.00002
698	NoName	0.00000	0.99999	0.00000	0.00000	0.00000	0.00001
699	NoName	0.00000	0.99959	0.00000	0.00000	0.00000	0.00041
700	NoName	0.00000	1.00000	0.00000	0.00000	0.00000	0.00000
701	NoName	0.00000	1.00000	0.00000	0.00000	0.00000	0.00000
702	NoName	1.00000	0.00000	0.00000	0.00000	0.00000	0.00000
703	NoName	1.00000	0.00000	0.00000	0.00000	0.00000	0.00000
704	NoName	0.99998	0.00000	0.00000	0.00000	0.00002	0.00000
705	NoName	0.00002	0.99506	0.00004	0.00057	0.00002	0.00429
706	NoName	0.99697	0.00000	0.00001	0.00017	0.00284	0.00000
707	NoName	0.00000	0.99971	0.00000	0.00000	0.00000	0.00029
708	NoName	0.00000	0.99996	0.00000	0.00000	0.00000	0.00004
709	NoName	0.99978	0.00000	0.00000	0.00000	0.00022	0.00000
710	NoName	0.00000	1.00000	0.00000	0.00000	0.00000	0.00000
711	NoName	0.00000	0.99995	0.00000	0.00000	0.00000	0.00005
712	NoName	0.00000	0.99999	0.00000	0.00000	0.00000	0.00001
713	NoName	0.00000	0.99996	0.00000	0.00000	0.00000	0.00004
714	NoName	0.00000	0.99998	0.00000	0.00000	0.00000	0.00002
715	NoName	0.00000	1.00000	0.00000	0.00000	0.00000	0.00000
716	NoName	0.99996	0.00000	0.00000	0.00000	0.00004	0.00000
717	NoName	0.00000	0.99929	0.00000	0.00001	0.00000	0.00070
718	NoName	0.00000	1.00000	0.00000	0.00000	0.00000	0.00000
719	NoName	0.00000	1.00000	0.00000	0.00000	0.00000	0.00000
720	NoName	0.99999	0.00000	0.00000	0.00000	0.00001	0.00000
721	NoName	0.00000	1.00000	0.00000	0.00000	0.00000	0.00000
722	NoName	0.00000	1.00000	0.00000	0.00000	0.00000	0.00000
723	NoName	0.00000	0.99995	0.00000	0.00000	0.00000	0.00005
724	NoName	0.00000	1.00000	0.00000	0.00000	0.00000	0.00000
725	NoName	0.00000	0.99999	0.00000	0.00000	0.00000	0.00001
726	NoName	0.00000	0.98821	0.00000	0.00013	0.00000	0.01166
727	NoName	0.00000	0.93976	0.00000	0.02650	0.00000	0.03374
728	NoName	0.00000	1.00000	0.00000	0.00000	0.00000	0.00000
729	NoName	0.00000	1.00000	0.00000	0.00000	0.00000	0.00000
730	NoName	0.00000	0.99919	0.00000	0.00002	0.00000	0.00079
731	NoName	0.00000	0.99301	0.00000	0.00000	0.00000	0.00699
732	NoName	0.00000	1.00000	0.00000	0.00000	0.00000	0.00000
733	NoName	0.00000	1.00000	0.00000	0.00000	0.00000	0.00000
734	NoName	0.99987	0.00000	0.00000	0.00000	0.00013	0.00000
735	NoName	0.00000	0.99914	0.00000	0.00000	0.00000	0.00085
736	NoName	0.00000	0.99999	0.00000	0.00000	0.00000	0.00001
737	NoName	0.00000	0.99999	0.00000	0.00000	0.00000	0.00001
738	NoName	0.00000	0.99989	0.00000	0.00000	0.00000	0.00011
739	NoName	0.00000	0.99999	0.00000	0.00000	0.00000	0.00001
740	NoName	1.00000	0.00000	0.00000	0.00000	0.00000	0.00000
741	NoName	0.00000	0.99982	0.00000	0.00000	0.00000	0.00017
742	NoName	0.00000	0.99999	0.00000	0.00000	0.00000	0.00001
743	NoName	1.00000	0.00000	0.00000	0.00000	0.00000	0.00000
744	NoName	0.00000	1.00000	0.00000	0.00000	0.00000	0.00000
745	NoName	0.00000	0.99999	0.00000	0.00000	0.00000	0.00001
746	NoName	0.00000	1.00000	0.00000	0.00000	0.00000	0.00000
747	NoName	1.00000	0.00000	0.00000	0.00000	0.00000	0.00000
748	NoName	0.00000	0.99999	0.00000	0.00000	0.00000	0.00001
749	NoName	0.00000	0.99999	0.00000	0.00000	0.00000	0.00001
750	NoName	0.00000	0.99998	0.00000	0.00000	0.00000	0.00002
751	NoName	0.00000	0.99998	0.00000	0.00000	0.00000	0.00002
752	NoName	0.00000	0.99665	0.00002	0.00022	0.00000	0.00311
753	NoName	0.00000	0.99999	0.00000	0.00000	0.00000	0.00001
754	NoName	0.00000	0.99998	0.00000	0.00000	0.00000	0.00002
755	NoName	0.00000	0.99999	0.00000	0.00000	0.00000	0.00001
756	NoName	0.00000	1.00000	0.00000	0.00000	0.00000	0.00000
757	NoName	0.00000	0.99996	0.00000	0.00000	0.00000	0.00004
758	NoName	0.00000	1.00000	0.00000	0.00000	0.00000	0.00000
759	NoName	0.00000	0.98317	0.00002	0.00408	0.00002	0.01271
760	NoName	0.00000	0.99997	0.00000	0.00000	0.00000	0.00003
761	NoName	0.82260	0.00000	0.00000	0.00006	0.17734	0.00000
762	NoName	1.00000	0.00000	0.00000	0.00000	0.00000	0.00000
763	NoName	0.00000	0.99586	0.00000	0.00000	0.00000	0.00414
764	NoName	0.00000	1.00000	0.00000	0.00000	0.00000	0.00000
765	NoName	0.00000	0.99999	0.00000	0.00000	0.00000	0.00001
766	NoName	0.00000	0.99999	0.00000	0.00000	0.00000	0.00001
767	NoName	0.00000	1.00000	0.00000	0.00000	0.00000	0.00000
768	NoName	0.00000	0.99996	0.00000	0.00000	0.00000	0.00004
769	NoName	0.00000	1.00000	0.00000	0.00000	0.00000	0.00000
770	NoName	0.00000	0.99986	0.00000	0.00000	0.00000	0.00014
771	NoName	0.00000	0.99981	0.00000	0.00000	0.00000	0.00019
772	NoName	0.00000	1.00000	0.00000	0.00000	0.00000	0.00000
773	NoName	0.00000	1.00000	0.00000	0.00000	0.00000	0.00000
774	NoName	0.00000	0.99987	0.00000	0.00000	0.00000	0.00013
775	NoName	0.00000	0.99994	0.00000	0.00000	0.00000	0.00006
776	NoName	0.00000	0.98659	0.00000	0.00158	0.00000	0.01184
777	NoName	0.00000	1.00000	0.00000	0.00000	0.00000	0.00000
778	NoName	0.00000	0.99999	0.00000	0.00000	0.00000	0.00001
