999901_sweeps	1.000/0.000/0.000/0.000	0.000/0.000/0.000/1.000	0.000/0.500/0.500/0.000	0.250/0.250/0.250/0.250	0.500/0.250/0.250/0.000	0.000/0.250/0.250/0.500
1	0.00000	0.99989	0.00000	0.00000	0.00000	0.00011
2	0.00000	0.99990	0.00000	0.00000	0.00000	0.00010
3	0.00000	0.99992	0.00000	0.00000	0.00000	0.00008
4	0.00000	0.32569	0.00461	0.26110	0.00171	0.40689
5	0.00000	0.99931	0.00000	0.00000	0.00000	0.00069
6	0.00000	0.99311	0.00000	0.00001	0.00000	0.00688
7	0.00000	0.99783	0.00000	0.00000	0.00000	0.00217
8	0.00000	0.99997	0.00000	0.00000	0.00000	0.00003
9	0.00000	0.99985	0.00000	0.00000	0.00000	0.00015
10	0.00000	0.00000	0.00000	0.00171	0.99829	0.00000
11	0.99994	0.00000	0.00000	0.00000	0.00006	0.00000
12	0.00000	0.99747	0.00000	0.00001	0.00000	0.00253
13	0.00000	0.99990	0.00000	0.00000	0.00000	0.00010
14	0.00000	0.99994	0.00000	0.00000	0.00000	0.00006
15	0.00000	0.99999	0.00000	0.00000	0.00000	0.00001
16	0.00000	0.91505	0.00000	0.00405	0.00000	0.08090
17	0.99964	0.00000	0.00000	0.00000	0.00036	0.00000
18	0.89846	0.00000	0.00000	0.00960	0.09194	0.00000
19	0.00000	0.97661	0.00000	0.00019	0.00000	0.02320
20	0.99999	0.00000	0.00000	0.00000	0.00001	0.00000
21	0.82217	0.00001	0.00322	0.02660	0.14741	0.00059
22	0.00000	0.99786	0.00000	0.00000	0.00000	0.00214
23	0.99686	0.00000	0.00000	0.00001	0.00313	0.00000
24	0.99970	0.00000	0.00000	0.00000	0.00030	0.00000
25	1.00000	0.00000	0.00000	0.00000	0.00000	0.00000
26	0.00000	0.99880	0.00000	0.00000	0.00000	0.00120
27	0.00000	0.99994	0.00000	0.00000	0.00000	0.00006
28	0.00000	0.99999	0.00000	0.00000	0.00000	0.00001
29	0.00000	0.99996	0.00000	0.00000	0.00000	0.00004
30	0.99995	0.00000	0.00000	0.00000	0.00005	0.00000
31	0.99991	0.00000	0.00000	0.00000	0.00009	0.00000
32	0.00000	0.98411	0.00000	0.00021	0.00000	0.01568
33	0.99621	0.00000	0.00000	0.00002	0.00377	0.00000
34	0.05176	0.00001	0.00441	0.31212	0.63024	0.00146
35	0.00000	0.84499	0.00003	0.00505	0.00000	0.14993
36	0.00000	0.99172	0.00000	0.00000	0.00000	0.00828
37	0.99999	0.00000	0.00000	0.00000	0.00001	0.00000
38	0.99998	0.00000	0.00000	0.00000	0.00002	0.00000
39	0.00000	0.99851	0.00000	0.00000	0.00000	0.00149
40	0.00000	0.99954	0.00000	0.00000	0.00000	0.00046
41	0.00000	0.99984	0.00000	0.00000	0.00000	0.00016
42	0.00000	0.99979	0.00000	0.00000	0.00000	0.00021
43	0.98717	0.00000	0.00000	0.00000	0.01283	0.00000
44	0.00000	0.99940	0.00000	0.00000	0.00000	0.00060
45	1.00000	0.00000	0.00000	0.00000	0.00000	0.00000
46	0.00000	0.97225	0.00000	0.00000	0.00000	0.02775
47	0.00000	0.99989	0.00000	0.00000	0.00000	0.00011
48	0.99988	0.00000	0.00000	0.00000	0.00012	0.00000
49	0.99805	0.00000	0.00000	0.00000	0.00195	0.00000
50	0.00000	0.99353	0.00000	0.00002	0.00000	0.00645
51	0.00000	0.99810	0.00000	0.00000	0.00000	0.00190
52	0.00000	0.99972	0.00000	0.00000	0.00000	0.00028
53	0.08580	0.00000	0.00000	0.00403	0.91018	0.00000
54	0.00000	0.99858	0.00000	0.00000	0.00000	0.00142
55	0.00000	0.99862	0.00000	0.00000	0.00000	0.00138
56	0.17557	0.00000	0.00254	0.44871	0.37217	0.00101
57	0.00000	0.99994	0.00000	0.00000	0.00000	0.00006
58	0.00000	0.99980	0.00000	0.00000	0.00000	0.00020
59	0.00000	0.98435	0.00000	0.00018	0.00000	0.01547
60	0.00000	0.99737	0.00000	0.00000	0.00000	0.00263
61	0.00000	0.99999	0.00000	0.00000	0.00000	0.00001
62	0.00000	0.99947	0.00000	0.00000	0.00000	0.00053
63	0.00000	0.99996	0.00000	0.00000	0.00000	0.00004
64	0.00000	0.99816	0.00000	0.00000	0.00000	0.00184
65	0.00000	0.99990	0.00000	0.00000	0.00000	0.00010
66	0.99853	0.00000	0.00000	0.00000	0.00147	0.00000
67	0.00000	0.99982	0.00000	0.00000	0.00000	0.00018
68	0.00000	0.99935	0.00000	0.00000	0.00000	0.00065
69	0.00000	0.46653	0.00223	0.18703	0.00082	0.34338
70	0.00000	0.99988	0.00000	0.00000	0.00000	0.00012
71	0.00000	0.99998	0.00000	0.00000	0.00000	0.00002
72	0.00000	0.99982	0.00000	0.00000	0.00000	0.00018
73	0.00000	0.99995	0.00000	0.00000	0.00000	0.00005
74	0.00000	0.99997	0.00000	0.00000	0.00000	0.00003
75	0.00000	0.99967	0.00000	0.00000	0.00000	0.00033
76	0.00000	0.99908	0.00000	0.00000	0.00000	0.00092
77	0.99999	0.00000	0.00000	0.00000	0.00001	0.00000
78	1.00000	0.00000	0.00000	0.00000	0.00000	0.00000
79	0.99965	0.00000	0.00000	0.00000	0.00035	0.00000
80	0.00000	0.02264	0.00000	0.72290	0.00000	0.25445
81	0.00000	0.96443	0.00000	0.00018	0.00000	0.03539
82	0.77633	0.00005	0.00638	0.03991	0.17587	0.00145
83	0.99999	0.00000	0.00000	0.00000	0.00001	0.00000
84	0.00000	0.99888	0.00000	0.00000	0.00000	0.00112
85	0.99998	0.00000	0.00000	0.00000	0.00002	0.00000
86	0.99992	0.00000	0.00000	0.00000	0.00008	0.00000
87	0.00000	0.99977	0.00000	0.00000	0.00000	0.00023
88	0.99987	0.00000	0.00000	0.00000	0.00013	0.00000
89	0.00000	0.99294	0.00000	0.00004	0.00000	0.00702
90	0.00000	1.00000	0.00000	0.00000	0.00000	0.00000
91	0.73757	0.00000	0.00000	0.01597	0.24646	0.00000
92	0.00000	0.00000	0.01277	0.00761	0.00000	0.97962
93	0.00000	0.99997	0.00000	0.00000	0.00000	0.00003
94	0.99945	0.00000	0.00000	0.00000	0.00055	0.00000
95	0.00000	0.99995	0.00000	0.00000	0.00000	0.00005
96	0.00000	0.91722	0.00000	0.00001	0.00000	0.08277
97	0.99989	0.00000	0.00000	0.00000	0.00011	0.00000
98	0.00000	0.82115	0.00000	0.00275	0.00000	0.17610
99	0.00000	0.66989	0.00963	0.06882	0.00178	0.24988
100	0.00000	0.99984	0.00000	0.00000	0.00000	0.00016
101	0.00000	0.99998	0.00000	0.00000	0.00000	0.00002
102	0.00000	0.99971	0.00000	0.00000	0.00000	0.00029
103	0.00000	0.99974	0.00000	0.00000	0.00000	0.00026
104	0.00000	0.99994	0.00000	0.00000	0.00000	0.00006
105	0.00000	0.82883	0.00272	0.01972	0.00025	0.14849
106	0.00000	1.00000	0.00000	0.00000	0.00000	0.00000
107	0.00000	0.99918	0.00000	0.00000	0.00000	0.00082
108	0.99993	0.00000	0.00000	0.00000	0.00007	0.00000
109	0.00000	0.99998	0.00000	0.00000	0.00000	0.00002
110	0.00000	0.99998	0.00000	0.00000	0.00000	0.00002
111	0.00000	0.99964	0.00000	0.00000	0.00000	0.00036
112	0.99956	0.00000	0.00000	0.00000	0.00044	0.00000
113	0.99959	0.00000	0.00000	0.00000	0.00041	0.00000
114	0.00000	0.99964	0.00000	0.00000	0.00000	0.00036
115	0.00000	0.99995	0.00000	0.00000	0.00000	0.00005
116	0.99352	0.00000	0.00000	0.00000	0.00648	0.00000
117	0.00000	0.94652	0.00000	0.00003	0.00000	0.05345
118	0.99999	0.00000	0.00000	0.00000	0.00001	0.00000
119	0.99973	0.00000	0.00000	0.00000	0.00027	0.00000
120	0.00000	0.99972	0.00000	0.00000	0.00000	0.00028
121	0.00000	0.99993	0.00000	0.00000	0.00000	0.00007
122	0.00000	0.99915	0.00000	0.00000	0.00000	0.00085
123	0.64692	0.00000	0.00016	0.09988	0.25297	0.00006
124	0.00000	0.99917	0.00000	0.00000	0.00000	0.00083
125	0.00000	0.71965	0.00000	0.05030	0.00000	0.23004
126	0.00000	0.99999	0.00000	0.00000	0.00000	0.00001
127	0.00000	0.99989	0.00000	0.00000	0.00000	0.00011
128	0.00000	0.99983	0.00000	0.00000	0.00000	0.00017
129	0.00000	0.99282	0.00000	0.00002	0.00000	0.00717
130	0.00000	0.99610	0.00000	0.00000	0.00000	0.00390
131	0.99989	0.00000	0.00000	0.00000	0.00011	0.00000
132	0.00000	0.99993	0.00000	0.00000	0.00000	0.00007
133	0.00000	0.99976	0.00000	0.00000	0.00000	0.00024
134	0.00000	0.99988	0.00000	0.00000	0.00000	0.00012
135	0.00000	0.99994	0.00000	0.00000	0.00000	0.00006
136	0.00000	0.99984	0.00000	0.00000	0.00000	0.00016
137	0.00000	0.99986	0.00000	0.00000	0.00000	0.00014
138	0.99994	0.00000	0.00000	0.00000	0.00006	0.00000
139	0.99972	0.00000	0.00000	0.00000	0.00028	0.00000
140	0.99998	0.00000	0.00000	0.00000	0.00002	0.00000
141	0.92564	0.00000	0.00000	0.00472	0.06964	0.00000
142	0.99640	0.00000	0.00000	0.00000	0.00360	0.00000
143	0.00000	0.99945	0.00000	0.00000	0.00000	0.00055
144	0.99116	0.00000	0.00000	0.00000	0.00884	0.00000
145	0.99947	0.00000	0.00000	0.00000	0.00053	0.00000
146	0.99999	0.00000	0.00000	0.00000	0.00001	0.00000
147	0.99895	0.00000	0.00000	0.00000	0.00105	0.00000
148	0.99999	0.00000	0.00000	0.00000	0.00001	0.00000
149	0.99982	0.00000	0.00000	0.00000	0.00018	0.00000
150	0.99977	0.00000	0.00000	0.00000	0.00023	0.00000
151	0.00000	0.99862	0.00000	0.00000	0.00000	0.00138
152	0.00167	0.31559	0.19179	0.15564	0.07741	0.25789
153	0.00000	0.99976	0.00000	0.00000	0.00000	0.00024
154	0.00000	0.99973	0.00000	0.00000	0.00000	0.00027
155	0.00000	0.99336	0.00000	0.00002	0.00000	0.00662
156	0.00000	0.99934	0.00000	0.00000	0.00000	0.00066
157	0.00000	0.99994	0.00000	0.00000	0.00000	0.00006
158	0.00000	0.99492	0.00000	0.00000	0.00000	0.00508
159	0.00000	0.99948	0.00000	0.00000	0.00000	0.00052
160	0.00000	0.99582	0.00000	0.00000	0.00000	0.00418
161	0.00000	0.99926	0.00000	0.00000	0.00000	0.00074
162	0.99999	0.00000	0.00000	0.00000	0.00001	0.00000
163	0.00000	0.99794	0.00000	0.00000	0.00000	0.00206
164	0.00000	0.99981	0.00000	0.00000	0.00000	0.00019
165	0.00000	0.90121	0.00000	0.00405	0.00000	0.09473
166	0.99998	0.00000	0.00000	0.00000	0.00002	0.00000
167	0.99996	0.00000	0.00000	0.00000	0.00004	0.00000
168	0.99964	0.00000	0.00000	0.00000	0.00036	0.00000
169	0.00000	0.99996	0.00000	0.00000	0.00000	0.00004
170	0.00000	0.97970	0.00000	0.00015	0.00000	0.02015
171	0.00000	0.99991	0.00000	0.00000	0.00000	0.00009
172	0.00000	0.99774	0.00000	0.00000	0.00000	0.00226
173	0.99837	0.00000	0.00000	0.00000	0.00163	0.00000
174	0.00000	0.99928	0.00000	0.00000	0.00000	0.00072
175	0.00000	0.99957	0.00000	0.00000	0.00000	0.00043
176	0.00000	0.99993	0.00000	0.00000	0.00000	0.00007
177	0.00000	0.99982	0.00000	0.00000	0.00000	0.00018
178	1.00000	0.00000	0.00000	0.00000	0.00000	0.00000
179	0.99995	0.00000	0.00000	0.00000	0.00005	0.00000
180	0.00000	0.99977	0.00000	0.00000	0.00000	0.00023
181	0.00000	0.99869	0.00000	0.00000	0.00000	0.00131
182	0.99010	0.00000	0.00000	0.00009	0.00981	0.00000
183	0.00000	0.99952	0.00000	0.00000	0.00000	0.00048
184	0.00000	0.99998	0.00000	0.00000	0.00000	0.00002
185	0.00000	0.99915	0.00000	0.00000	0.00000	0.00085
186	0.99998	0.00000	0.00000	0.00000	0.00002	0.00000
187	0.00000	0.99998	0.00000	0.00000	0.00000	0.00002
188	0.00000	0.90456	0.00000	0.00004	0.00000	0.09540
189	0.00000	0.99710	0.00000	0.00000	0.00000	0.00289
190	0.00000	0.99413	0.00000	0.00001	0.00000	0.00586
191	0.99999	0.00000	0.00000	0.00000	0.00001	0.00000
192	0.99984	0.00000	0.00000	0.00000	0.00016	0.00000
193	0.85977	0.00000	0.00000	0.00001	0.14022	0.00000
194	0.00000	0.99369	0.00000	0.00001	0.00000	0.00631
195	0.00000	0.99916	0.00000	0.00000	0.00000	0.00084
196	0.00000	0.99890	0.00000	0.00000	0.00000	0.00110
197	0.00000	0.26838	0.00000	0.39913	0.00000	0.33249
198	0.00000	0.99915	0.00000	0.00000	0.00000	0.00085
199	0.00000	0.99951	0.00000	0.00000	0.00000	0.00049
200	0.00000	0.00000	0.97628	0.00938	0.00001	0.01433
201	0.00000	0.99769	0.00000	0.00000	0.00000	0.00231
202	0.00000	0.99975	0.00000	0.00000	0.00000	0.00025
203	0.00000	0.76112	0.00012	0.03891	0.00002	0.19983
204	0.00000	0.99973	0.00000	0.00000	0.00000	0.00027
205	0.00000	0.99901	0.00000	0.00000	0.00000	0.00099
206	0.00000	0.99997	0.00000	0.00000	0.00000	0.00003
207	0.00000	0.99959	0.00000	0.00000	0.00000	0.00041
208	0.00000	0.99999	0.00000	0.00000	0.00000	0.00001
209	0.00000	0.99989	0.00000	0.00000	0.00000	0.00011
210	0.00000	0.99951	0.00000	0.00000	0.00000	0.00049
211	0.00000	0.01013	0.00000	0.00033	0.00000	0.98954
212	0.00000	0.99938	0.00000	0.00000	0.00000	0.00062
213	0.99984	0.00000	0.00000	0.00000	0.00016	0.00000
214	0.99977	0.00000	0.00000	0.00000	0.00023	0.00000
215	0.00000	0.99986	0.00000	0.00000	0.00000	0.00014
216	0.00000	0.99980	0.00000	0.00000	0.00000	0.00020
217	0.00000	0.99907	0.00000	0.00000	0.00000	0.00093
218	0.00000	0.99999	0.00000	0.00000	0.00000	0.00001
219	0.00000	0.99782	0.00000	0.00000	0.00000	0.00218
220	0.00000	0.87736	0.00002	0.01059	0.00000	0.11203
221	0.00000	0.99979	0.00000	0.00000	0.00000	0.00021
222	0.00000	0.99975	0.00000	0.00000	0.00000	0.00025
223	0.00000	0.99745	0.00000	0.00000	0.00000	0.00255
224	0.00000	0.99806	0.00000	0.00000	0.00000	0.00194
225	0.00000	0.99999	0.00000	0.00000	0.00000	0.00001
226	0.99999	0.00000	0.00000	0.00000	0.00001	0.00000
227	0.00000	0.99979	0.00000	0.00000	0.00000	0.00021
228	0.00000	0.97582	0.00000	0.00033	0.00000	0.02385
229	0.77012	0.00000	0.00023	0.03997	0.18964	0.00004
230	0.00000	0.99995	0.00000	0.00000	0.00000	0.00005
231	0.00000	0.99979	0.00000	0.00000	0.00000	0.00021
232	0.00000	0.93185	0.00000	0.00073	0.00000	0.06742
233	0.98507	0.00000	0.00000	0.00001	0.01492	0.00000
234	0.00000	0.99202	0.00000	0.00004	0.00000	0.00794
235	0.00000	0.99997	0.00000	0.00000	0.00000	0.00003
236	0.00000	0.99995	0.00000	0.00000	0.00000	0.00005
237	0.00000	0.99996	0.00000	0.00000	0.00000	0.00004
238	0.00000	0.99989	0.00000	0.00000	0.00000	0.00011
239	0.99959	0.00000	0.00000	0.00000	0.00041	0.00000
240	0.99981	0.00000	0.00000	0.00000	0.00019	0.00000
241	0.99996	0.00000	0.00000	0.00000	0.00004	0.00000
242	0.99996	0.00000	0.00000	0.00000	0.00004	0.00000
243	0.00000	0.99980	0.00000	0.00000	0.00000	0.00020
244	0.99990	0.00000	0.00000	0.00000	0.00010	0.00000
245	0.99996	0.00000	0.00000	0.00000	0.00004	0.00000
246	0.00000	0.99622	0.00000	0.00000	0.00000	0.00378
247	0.00000	0.99981	0.00000	0.00000	0.00000	0.00019
248	0.00000	0.98284	0.00000	0.00000	0.00000	0.01715
249	0.00000	0.99996	0.00000	0.00000	0.00000	0.00004
250	0.00000	0.99982	0.00000	0.00000	0.00000	0.00018
251	0.00000	0.99994	0.00000	0.00000	0.00000	0.00006
252	0.00000	0.99999	0.00000	0.00000	0.00000	0.00001
253	0.00000	0.99997	0.00000	0.00000	0.00000	0.00003
254	0.00000	0.99953	0.00000	0.00000	0.00000	0.00047
255	0.00000	0.99995	0.00000	0.00000	0.00000	0.00005
256	0.00000	0.99910	0.00000	0.00000	0.00000	0.00090
257	0.00000	0.99986	0.00000	0.00000	0.00000	0.00014
258	0.00000	0.99994	0.00000	0.00000	0.00000	0.00006
259	0.00000	0.99969	0.00000	0.00000	0.00000	0.00031
260	0.00000	0.88951	0.00000	0.00995	0.00000	0.10054
261	0.00000	0.95665	0.00000	0.00000	0.00000	0.04334
262	0.00000	0.97943	0.00000	0.00009	0.00000	0.02048
263	0.00000	0.99999	0.00000	0.00000	0.00000	0.00001
264	0.00000	0.99998	0.00000	0.00000	0.00000	0.00002
265	0.00000	0.80153	0.00000	0.02716	0.00000	0.17130
266	0.00000	0.99992	0.00000	0.00000	0.00000	0.00008
267	0.00000	0.99984	0.00000	0.00000	0.00000	0.00016
268	0.00000	0.99995	0.00000	0.00000	0.00000	0.00005
269	0.00000	0.99952	0.00000	0.00000	0.00000	0.00048
270	0.00000	0.99976	0.00000	0.00000	0.00000	0.00024
271	0.00000	0.98284	0.00000	0.00000	0.00000	0.01716
272	0.00000	0.98416	0.00000	0.00001	0.00000	0.01584
273	0.00000	0.99911	0.00000	0.00000	0.00000	0.00089
274	0.00000	0.99893	0.00000	0.00000	0.00000	0.00107
275	0.00000	0.99982	0.00000	0.00000	0.00000	0.00018
276	0.00000	0.99930	0.00000	0.00000	0.00000	0.00070
277	0.00000	0.99798	0.00000	0.00000	0.00000	0.00202
278	0.00000	0.99963	0.00000	0.00000	0.00000	0.00037
279	0.00000	0.99992	0.00000	0.00000	0.00000	0.00008
280	0.00000	0.99973	0.00000	0.00000	0.00000	0.00027
281	0.00000	0.99964	0.00000	0.00000	0.00000	0.00036
282	0.00000	0.99952	0.00000	0.00000	0.00000	0.00048
283	0.99998	0.00000	0.00000	0.00000	0.00002	0.00000
284	0.00000	0.96508	0.00000	0.00081	0.00000	0.03411
285	0.00000	0.99854	0.00000	0.00000	0.00000	0.00146
286	0.00000	0.99993	0.00000	0.00000	0.00000	0.00007
287	0.00000	0.99996	0.00000	0.00000	0.00000	0.00004
288	0.00000	0.99984	0.00000	0.00000	0.00000	0.00016
289	0.00000	0.95618	0.00000	0.00001	0.00000	0.04382
290	0.00000	0.99958	0.00000	0.00000	0.00000	0.00042
291	0.00000	0.99996	0.00000	0.00000	0.00000	0.00004
292	0.00000	0.99736	0.00000	0.00000	0.00000	0.00264
293	0.00000	0.99935	0.00000	0.00000	0.00000	0.00065
294	0.00000	0.99999	0.00000	0.00000	0.00000	0.00001
295	0.00000	0.99983	0.00000	0.00000	0.00000	0.00017
296	0.99990	0.00000	0.00000	0.00000	0.00010	0.00000
297	0.30484	0.06554	0.14128	0.16255	0.22259	0.10320
298	0.00000	0.99944	0.00000	0.00000	0.00000	0.00056
299	0.00000	0.96278	0.00000	0.00136	0.00000	0.03586
300	0.98713	0.00000	0.00000	0.00000	0.01287	0.00000
301	0.00000	0.99986	0.00000	0.00000	0.00000	0.00014
302	0.00000	0.99960	0.00000	0.00000	0.00000	0.00040
303	0.00000	0.99753	0.00000	0.00000	0.00000	0.00247
304	0.00000	0.99761	0.00000	0.00000	0.00000	0.00239
305	0.00000	0.99809	0.00000	0.00000	0.00000	0.00191
306	0.00000	0.97389	0.00000	0.00002	0.00000	0.02609
307	0.00000	0.99941	0.00000	0.00000	0.00000	0.00059
308	0.00000	0.99958	0.00000	0.00000	0.00000	0.00042
309	0.00000	0.99997	0.00000	0.00000	0.00000	0.00003
310	0.00000	0.99991	0.00000	0.00000	0.00000	0.00009
311	0.00000	0.99988	0.00000	0.00000	0.00000	0.00012
312	0.00000	0.98765	0.00000	0.00012	0.00000	0.01223
313	0.00000	0.99558	0.00000	0.00000	0.00000	0.00442
314	0.00000	0.99995	0.00000	0.00000	0.00000	0.00005
315	0.00000	0.99834	0.00000	0.00000	0.00000	0.00166
316	0.00000	0.00011	0.00000	0.00010	0.00000	0.99979
317	0.00000	0.99862	0.00000	0.00000	0.00000	0.00138
318	0.00000	0.99995	0.00000	0.00000	0.00000	0.00005
319	0.00000	0.99978	0.00000	0.00000	0.00000	0.00022
320	0.00000	0.78742	0.00000	0.00341	0.00000	0.20917
321	0.00000	0.99434	0.00000	0.00000	0.00000	0.00565
322	0.00000	0.98587	0.00000	0.00004	0.00000	0.01408
323	0.00000	0.99714	0.00000	0.00000	0.00000	0.00286
324	0.00000	0.96394	0.00000	0.00005	0.00000	0.03601
325	0.00000	0.99971	0.00000	0.00000	0.00000	0.00029
326	0.00000	0.15793	0.00000	0.00008	0.00000	0.84199
327	0.00000	0.92134	0.00000	0.00411	0.00000	0.07454
328	0.00000	0.99828	0.00000	0.00000	0.00000	0.00172
329	0.00000	0.99877	0.00000	0.00000	0.00000	0.00123
330	0.00000	0.99996	0.00000	0.00000	0.00000	0.00004
331	0.00000	0.97927	0.00000	0.00031	0.00000	0.02042
332	0.00000	0.99861	0.00000	0.00000	0.00000	0.00139
333	0.00000	0.99994	0.00000	0.00000	0.00000	0.00006
334	0.00000	0.99917	0.00000	0.00000	0.00000	0.00083
335	0.00000	0.99992	0.00000	0.00000	0.00000	0.00008
336	0.00000	0.99999	0.00000	0.00000	0.00000	0.00001
337	0.00000	0.64530	0.00460	0.08178	0.00094	0.26737
338	0.00000	0.99985	0.00000	0.00000	0.00000	0.00015
339	0.00000	0.99954	0.00000	0.00000	0.00000	0.00046
340	0.00000	0.99787	0.00000	0.00000	0.00000	0.00213
341	0.00000	0.00000	0.99973	0.00010	0.00001	0.00016
342	0.00000	0.99965	0.00000	0.00000	0.00000	0.00035
343	0.00000	0.99950	0.00000	0.00000	0.00000	0.00050
344	0.00000	0.91940	0.00000	0.00000	0.00000	0.08060
345	0.00000	0.99806	0.00000	0.00000	0.00000	0.00194
346	0.00000	0.99998	0.00000	0.00000	0.00000	0.00002
347	0.00000	0.94418	0.00001	0.00179	0.00000	0.05403
348	0.00000	0.00000	0.00000	0.00225	0.00000	0.99775
349	0.00000	0.99989	0.00000	0.00000	0.00000	0.00011
350	0.00000	0.99994	0.00000	0.00000	0.00000	0.00006
351	0.00000	0.99965	0.00000	0.00000	0.00000	0.00035
352	0.00000	0.99697	0.00000	0.00000	0.00000	0.00303
353	0.00000	0.99812	0.00000	0.00000	0.00000	0.00187
354	0.00000	0.98222	0.00000	0.00016	0.00000	0.01762
355	0.00000	0.62877	0.00259	0.09061	0.00057	0.27745
356	0.99993	0.00000	0.00000	0.00000	0.00007	0.00000
357	0.00000	0.99968	0.00000	0.00000	0.00000	0.00032
358	0.00000	0.92227	0.00000	0.00335	0.00000	0.07438
359	0.00000	0.60005	0.00331	0.10436	0.00079	0.29149
360	0.00000	0.99516	0.00000	0.00000	0.00000	0.00484
361	0.00000	0.99991	0.00000	0.00000	0.00000	0.00009
362	1.00000	0.00000	0.00000	0.00000	0.00000	0.00000
363	0.99997	0.00000	0.00000	0.00000	0.00003	0.00000
364	0.00000	0.99994	0.00000	0.00000	0.00000	0.00006
365	0.00000	0.99961	0.00000	0.00000	0.00000	0.00039
366	0.00000	0.99984	0.00000	0.00000	0.00000	0.00016
367	0.00000	0.99991	0.00000	0.00000	0.00000	0.00009
368	0.00000	0.99989	0.00000	0.00000	0.00000	0.00011
369	0.99865	0.00000	0.00000	0.00000	0.00135	0.00000
370	0.00000	0.99614	0.00000	0.00000	0.00000	0.00386
371	0.00000	0.99191	0.00000	0.00000	0.00000	0.00809
372	0.00000	0.96765	0.00000	0.00002	0.00000	0.03233
373	0.00000	0.99988	0.00000	0.00000	0.00000	0.00012
374	0.00000	0.94387	0.00000	0.00228	0.00000	0.05385
375	0.99999	0.00000	0.00000	0.00000	0.00001	0.00000
376	0.00000	0.98582	0.00000	0.00003	0.00000	0.01415
377	0.00000	0.70354	0.00332	0.05777	0.00055	0.23482
378	0.98439	0.00000	0.00000	0.00019	0.01542	0.00000
379	0.99367	0.00000	0.00000	0.00003	0.00630	0.00000
380	0.00000	0.99974	0.00000	0.00000	0.00000	0.00026
381	0.00000	0.99992	0.00000	0.00000	0.00000	0.00008
382	0.00000	0.97495	0.00000	0.00001	0.00000	0.02504
383	0.99880	0.00000	0.00000	0.00000	0.00120	0.00000
384	0.00000	0.99742	0.00000	0.00000	0.00000	0.00258
385	0.00000	0.99976	0.00000	0.00000	0.00000	0.00024
386	0.00000	0.99472	0.00000	0.00000	0.00000	0.00528
387	0.00000	0.99997	0.00000	0.00000	0.00000	0.00003
388	0.99577	0.00000	0.00000	0.00002	0.00421	0.00000
389	0.00000	0.99953	0.00000	0.00000	0.00000	0.00047
390	0.00000	0.99991	0.00000	0.00000	0.00000	0.00009
391	0.00000	0.99963	0.00000	0.00000	0.00000	0.00037
392	0.00000	0.98314	0.00000	0.00022	0.00000	0.01664
393	0.00000	0.99971	0.00000	0.00000	0.00000	0.00029
394	0.00000	0.98231	0.00000	0.00001	0.00000	0.01769
395	0.00000	0.99995	0.00000	0.00000	0.00000	0.00005
396	0.00000	0.99989	0.00000	0.00000	0.00000	0.00011
397	0.00000	0.98684	0.00000	0.00000	0.00000	0.01316
398	0.00000	0.99532	0.00000	0.00000	0.00000	0.00468
399	0.00016	0.44007	0.12534	0.12205	0.02982	0.28257
400	0.00000	0.99442	0.00000	0.00000	0.00000	0.00558
401	0.00000	0.99939	0.00000	0.00000	0.00000	0.00061
402	0.00003	0.37315	0.02531	0.23648	0.01088	0.35416
403	0.00000	0.99972	0.00000	0.00000	0.00000	0.00028
404	0.00000	0.99995	0.00000	0.00000	0.00000	0.00005
405	0.00000	0.99994	0.00000	0.00000	0.00000	0.00006
406	0.00000	0.99996	0.00000	0.00000	0.00000	0.00004
407	0.00000	0.99986	0.00000	0.00000	0.00000	0.00014
408	0.00000	0.99998	0.00000	0.00000	0.00000	0.00002
409	0.00000	0.99997	0.00000	0.00000	0.00000	0.00003
410	0.00000	0.99993	0.00000	0.00000	0.00000	0.00007
411	0.00000	0.99973	0.00000	0.00000	0.00000	0.00027
412	0.99982	0.00000	0.00000	0.00000	0.00018	0.00000
413	0.00000	0.99942	0.00000	0.00000	0.00000	0.00058
414	0.00000	0.99955	0.00000	0.00000	0.00000	0.00045
415	0.00000	0.99997	0.00000	0.00000	0.00000	0.00003
416	0.00000	0.84807	0.00000	0.01678	0.00000	0.13515
417	0.00000	0.99968	0.00000	0.00000	0.00000	0.00032
418	0.00000	0.99027	0.00000	0.00001	0.00000	0.00972
419	0.00000	0.99992	0.00000	0.00000	0.00000	0.00008
420	0.00000	0.99999	0.00000	0.00000	0.00000	0.00001
421	0.00000	0.99973	0.00000	0.00000	0.00000	0.00027
422	0.00000	0.99821	0.00000	0.00000	0.00000	0.00179
423	0.00000	0.96846	0.00000	0.00073	0.00000	0.03081
424	0.00000	0.78737	0.00000	0.02313	0.00000	0.18950
425	0.00000	0.97547	0.00000	0.00001	0.00000	0.02453
426	0.00000	0.99994	0.00000	0.00000	0.00000	0.00006
427	0.00000	0.99963	0.00000	0.00000	0.00000	0.00037
428	0.00000	0.99997	0.00000	0.00000	0.00000	0.00003
429	0.00000	0.99917	0.00000	0.00000	0.00000	0.00083
430	0.00000	0.99529	0.00000	0.00000	0.00000	0.00471
431	0.00000	0.99938	0.00000	0.00000	0.00000	0.00062
432	0.00000	0.99988	0.00000	0.00000	0.00000	0.00012
433	0.00000	0.99978	0.00000	0.00000	0.00000	0.00022
434	0.00000	0.99924	0.00000	0.00000	0.00000	0.00076
435	0.00000	0.99643	0.00000	0.00001	0.00000	0.00357
436	0.00000	0.99910	0.00000	0.00000	0.00000	0.00090
437	0.99999	0.00000	0.00000	0.00000	0.00001	0.00000
438	0.00000	0.99933	0.00000	0.00000	0.00000	0.00067
439	0.00000	0.99929	0.00000	0.00000	0.00000	0.00071
440	0.00000	0.99996	0.00000	0.00000	0.00000	0.00004
441	0.00000	0.99996	0.00000	0.00000	0.00000	0.00004
442	0.00000	0.99975	0.00000	0.00000	0.00000	0.00025
443	0.00000	0.99989	0.00000	0.00000	0.00000	0.00011
444	0.00000	0.99787	0.00000	0.00000	0.00000	0.00213
445	0.00000	0.99976	0.00000	0.00000	0.00000	0.00024
446	0.00000	0.98661	0.00000	0.00001	0.00000	0.01338
447	0.00000	0.99895	0.00000	0.00000	0.00000	0.00105
448	0.00000	0.99939	0.00000	0.00000	0.00000	0.00061
449	0.00000	1.00000	0.00000	0.00000	0.00000	0.00000
450	0.00000	0.99998	0.00000	0.00000	0.00000	0.00002
451	0.00000	0.99986	0.00000	0.00000	0.00000	0.00014
452	0.00000	0.99990	0.00000	0.00000	0.00000	0.00010
453	0.00000	0.90328	0.00007	0.00664	0.00000	0.09000
454	0.00000	0.99237	0.00000	0.00000	0.00000	0.00763
455	0.00000	0.99988	0.00000	0.00000	0.00000	0.00012
456	0.00000	0.99553	0.00000	0.00001	0.00000	0.00446
457	0.00000	0.99734	0.00000	0.00000	0.00000	0.00266
458	0.00000	0.99972	0.00000	0.00000	0.00000	0.00028
459	0.00000	0.99975	0.00000	0.00000	0.00000	0.00025
460	0.00000	0.99999	0.00000	0.00000	0.00000	0.00001
461	0.99996	0.00000	0.00000	0.00000	0.00004	0.00000
462	0.00000	0.99990	0.00000	0.00000	0.00000	0.00010
463	0.00000	0.99526	0.00000	0.00000	0.00000	0.00474
464	0.00000	0.75766	0.00020	0.04915	0.00005	0.19293
465	0.99982	0.00000	0.00000	0.00000	0.00018	0.00000
466	0.00000	0.99996	0.00000	0.00000	0.00000	0.00004
467	0.00000	0.99995	0.00000	0.00000	0.00000	0.00005
468	0.00000	0.22675	0.01281	0.31145	0.00355	0.44545
469	0.00000	0.99984	0.00000	0.00000	0.00000	0.00016
470	0.00000	0.99911	0.00000	0.00000	0.00000	0.00088
471	0.00000	0.99729	0.00000	0.00000	0.00000	0.00271
472	0.00000	0.99861	0.00000	0.00000	0.00000	0.00139
473	0.00000	0.99991	0.00000	0.00000	0.00000	0.00009
474	0.00000	0.99917	0.00000	0.00000	0.00000	0.00083
475	0.00000	0.57579	0.00372	0.11706	0.00096	0.30247
476	0.00000	0.99983	0.00000	0.00000	0.00000	0.00017
477	0.00000	0.99997	0.00000	0.00000	0.00000	0.00003
478	0.00000	0.99988	0.00000	0.00000	0.00000	0.00012
479	0.00000	0.99872	0.00000	0.00000	0.00000	0.00128
480	0.00000	0.90001	0.00000	0.00083	0.00000	0.09917
481	0.00000	0.99923	0.00000	0.00000	0.00000	0.00077
482	0.00000	0.99999	0.00000	0.00000	0.00000	0.00001
483	0.00000	0.99853	0.00000	0.00000	0.00000	0.00147
484	0.00000	0.99934	0.00000	0.00000	0.00000	0.00066
485	0.00000	0.99983	0.00000	0.00000	0.00000	0.00017
486	0.00000	0.99996	0.00000	0.00000	0.00000	0.00004
487	0.00000	0.99999	0.00000	0.00000	0.00000	0.00001
488	0.00000	0.99988	0.00000	0.00000	0.00000	0.00012
489	0.00000	0.99999	0.00000	0.00000	0.00000	0.00001
490	0.00000	0.99960	0.00000	0.00000	0.00000	0.00040
491	0.00000	0.99465	0.00000	0.00000	0.00000	0.00535
492	0.00000	0.99988	0.00000	0.00000	0.00000	0.00012
493	0.00000	0.99479	0.00000	0.00000	0.00000	0.00521
494	0.00000	0.99947	0.00000	0.00000	0.00000	0.00053
495	0.00000	0.83036	0.00105	0.01974	0.00009	0.14876
496	0.00000	0.99989	0.00000	0.00000	0.00000	0.00011
497	0.00000	0.99783	0.00000	0.00000	0.00000	0.00217
498	0.00000	0.99998	0.00000	0.00000	0.00000	0.00002
499	0.00000	0.99935	0.00000	0.00000	0.00000	0.00065
500	0.00000	0.99923	0.00000	0.00000	0.00000	0.00077
501	0.00000	0.91550	0.00003	0.00503	0.00000	0.07944
502	0.00000	0.22269	0.00000	0.00007	0.00000	0.77724
503	0.00000	0.94032	0.00000	0.00256	0.00000	0.05712
504	0.00000	1.00000	0.00000	0.00000	0.00000	0.00000
505	0.00000	0.99955	0.00000	0.00000	0.00000	0.00045
506	0.00000	0.99909	0.00000	0.00000	0.00000	0.00091
507	0.99998	0.00000	0.00000	0.00000	0.00002	0.00000
508	0.99997	0.00000	0.00000	0.00000	0.00003	0.00000
509	0.00000	0.95629	0.00000	0.00116	0.00000	0.04255
510	0.00000	0.99854	0.00000	0.00000	0.00000	0.00146
511	0.00000	0.99986	0.00000	0.00000	0.00000	0.00014
512	0.00000	0.99970	0.00000	0.00000	0.00000	0.00030
513	0.00000	0.99975	0.00000	0.00000	0.00000	0.00025
514	0.97193	0.00000	0.00000	0.00000	0.02807	0.00000
515	0.00000	0.99942	0.00000	0.00000	0.00000	0.00058
516	0.99991	0.00000	0.00000	0.00000	0.00009	0.00000
517	0.00000	0.76351	0.00470	0.03546	0.00055	0.19578
518	0.00000	0.99997	0.00000	0.00000	0.00000	0.00003
519	0.99996	0.00000	0.00000	0.00000	0.00004	0.00000
520	0.00000	0.99439	0.00000	0.00000	0.00000	0.00561
521	0.00000	0.99961	0.00000	0.00000	0.00000	0.00039
522	0.00000	0.99948	0.00000	0.00000	0.00000	0.00052
523	0.00000	0.99969	0.00000	0.00000	0.00000	0.00031
524	0.00000	0.99705	0.00000	0.00000	0.00000	0.00295
525	0.00000	0.99964	0.00000	0.00000	0.00000	0.00036
526	0.00000	0.98977	0.00000	0.00000	0.00000	0.01023
527	0.00000	0.99694	0.00000	0.00000	0.00000	0.00306
528	0.00000	0.99989	0.00000	0.00000	0.00000	0.00011
529	0.00000	0.73822	0.00005	0.05001	0.00001	0.21170
530	0.00000	0.85019	0.00022	0.01560	0.00002	0.13397
531	0.00000	0.99993	0.00000	0.00000	0.00000	0.00007
532	0.00000	0.99994	0.00000	0.00000	0.00000	0.00006
533	0.00000	0.75914	0.00000	0.00006	0.00000	0.24080
534	0.99963	0.00000	0.00000	0.00000	0.00037	0.00000
535	0.00000	0.99935	0.00000	0.00000	0.00000	0.00065
536	0.00000	0.99993	0.00000	0.00000	0.00000	0.00007
537	0.00000	0.99884	0.00000	0.00000	0.00000	0.00116
538	0.95101	0.00000	0.00000	0.00003	0.04896	0.00000
539	0.00000	0.00092	0.00000	0.96893	0.00002	0.03013
540	0.00000	0.99689	0.00000	0.00000	0.00000	0.00311
541	0.98133	0.00000	0.00000	0.00035	0.01832	0.00000
542	0.99998	0.00000	0.00000	0.00000	0.00002	0.00000
543	0.99943	0.00000	0.00000	0.00000	0.00057	0.00000
544	0.00000	0.99974	0.00000	0.00000	0.00000	0.00026
545	0.00000	0.69097	0.00000	0.00023	0.00000	0.30880
546	0.00000	0.99993	0.00000	0.00000	0.00000	0.00007
547	0.00000	0.99933	0.00000	0.00000	0.00000	0.00067
548	0.00000	0.99982	0.00000	0.00000	0.00000	0.00018
549	0.99772	0.00000	0.00000	0.00000	0.00228	0.00000
550	0.00000	0.99989	0.00000	0.00000	0.00000	0.00011
551	0.00000	0.99947	0.00000	0.00000	0.00000	0.00053
552	0.99998	0.00000	0.00000	0.00000	0.00002	0.00000
553	0.00000	0.99359	0.00000	0.00000	0.00000	0.00641
554	0.00000	0.99097	0.00000	0.00001	0.00000	0.00902
555	0.00000	0.99982	0.00000	0.00000	0.00000	0.00018
556	0.00000	0.99976	0.00000	0.00000	0.00000	0.00024
557	0.00000	0.00000	0.98254	0.01652	0.00041	0.00053
558	0.00000	0.98600	0.00000	0.00004	0.00000	0.01396
559	0.00000	0.84836	0.00000	0.00005	0.00000	0.15160
560	0.99997	0.00000	0.00000	0.00000	0.00003	0.00000
561	0.99999	0.00000	0.00000	0.00000	0.00001	0.00000
562	0.99843	0.00000	0.00000	0.00000	0.00157	0.00000
563	0.99996	0.00000	0.00000	0.00000	0.00004	0.00000
564	0.00000	0.99994	0.00000	0.00000	0.00000	0.00006
565	0.00000	0.99997	0.00000	0.00000	0.00000	0.00003
566	0.99999	0.00000	0.00000	0.00000	0.00001	0.00000
567	0.00000	0.99965	0.00000	0.00000	0.00000	0.00035
568	0.33785	0.05294	0.13333	0.15582	0.22932	0.09073
569	0.99998	0.00000	0.00000	0.00000	0.00002	0.00000
570	0.00000	0.99992	0.00000	0.00000	0.00000	0.00008
571	0.00000	0.99922	0.00000	0.00000	0.00000	0.00078
572	0.00000	0.99958	0.00000	0.00000	0.00000	0.00042
573	0.00000	1.00000	0.00000	0.00000	0.00000	0.00000
574	0.00000	0.99976	0.00000	0.00000	0.00000	0.00024
575	0.00000	0.99966	0.00000	0.00000	0.00000	0.00034
576	0.00000	0.00000	0.00000	0.20709	0.79291	0.00000
577	0.00000	0.99938	0.00000	0.00000	0.00000	0.00062
578	0.99999	0.00000	0.00000	0.00000	0.00001	0.00000
579	0.00000	0.99997	0.00000	0.00000	0.00000	0.00003
580	0.00000	0.99310	0.00000	0.00000	0.00000	0.00690
581	0.00000	0.98968	0.00000	0.00010	0.00000	0.01022
582	0.00000	0.99652	0.00000	0.00000	0.00000	0.00348
583	0.00000	0.99996	0.00000	0.00000	0.00000	0.00004
584	0.00000	0.85735	0.00000	0.01189	0.00000	0.13075
585	0.00000	0.99839	0.00000	0.00000	0.00000	0.00161
586	0.00000	0.98798	0.00000	0.00000	0.00000	0.01202
587	0.00000	0.99997	0.00000	0.00000	0.00000	0.00003
588	0.00000	0.99869	0.00000	0.00000	0.00000	0.00131
589	0.00000	0.99967	0.00000	0.00000	0.00000	0.00033
590	0.00000	0.99960	0.00000	0.00000	0.00000	0.00040
591	0.00000	0.99334	0.00000	0.00000	0.00000	0.00666
592	0.00000	0.94411	0.00000	0.00208	0.00000	0.05381
593	0.00000	0.98942	0.00000	0.00007	0.00000	0.01051
594	0.00000	0.99819	0.00000	0.00000	0.00000	0.00181
595	0.00000	0.99959	0.00000	0.00000	0.00000	0.00041
596	0.00000	0.99995	0.00000	0.00000	0.00000	0.00005
597	0.00000	0.00746	0.00017	0.71829	0.00006	0.27402
598	0.00000	0.99931	0.00000	0.00000	0.00000	0.00069
599	0.00000	0.77180	0.00017	0.02865	0.00001	0.19937
600	0.00000	0.95922	0.00000	0.00088	0.00000	0.03990
601	0.00000	0.99950	0.00000	0.00000	0.00000	0.00050
602	0.00000	0.39190	0.00000	0.07405	0.00000	0.53406
603	0.99983	0.00000	0.00000	0.00000	0.00017	0.00000
604	0.53279	0.00000	0.00041	0.17265	0.29390	0.00025
605	0.00000	0.99907	0.00000	0.00000	0.00000	0.00093
606	0.00000	0.99413	0.00000	0.00002	0.00000	0.00585
607	0.00000	0.99949	0.00000	0.00000	0.00000	0.00051
608	0.00000	0.99985	0.00000	0.00000	0.00000	0.00015
609	0.00000	0.99989	0.00000	0.00000	0.00000	0.00011
610	0.00000	0.99944	0.00000	0.00000	0.00000	0.00056
611	0.99923	0.00000	0.00000	0.00000	0.00077	0.00000
612	0.00000	0.99986	0.00000	0.00000	0.00000	0.00014
613	0.00000	0.99987	0.00000	0.00000	0.00000	0.00013
614	0.00000	0.99849	0.00000	0.00000	0.00000	0.00151
615	0.00000	0.89900	0.00000	0.00726	0.00000	0.09373
616	0.00000	1.00000	0.00000	0.00000	0.00000	0.00000
617	0.00000	0.98907	0.00000	0.00002	0.00000	0.01091
618	0.00000	0.99996	0.00000	0.00000	0.00000	0.00004
619	0.00000	0.99909	0.00000	0.00000	0.00000	0.00091
620	0.00000	0.99885	0.00000	0.00000	0.00000	0.00115
621	0.00000	0.99989	0.00000	0.00000	0.00000	0.00011
622	0.00000	0.99998	0.00000	0.00000	0.00000	0.00002
623	0.00000	0.93212	0.00000	0.00353	0.00000	0.06435
624	0.00000	0.99926	0.00000	0.00000	0.00000	0.00074
625	0.00000	0.99979	0.00000	0.00000	0.00000	0.00021
626	0.00000	0.99963	0.00000	0.00000	0.00000	0.00037
627	0.00000	0.30480	0.01546	0.26410	0.00416	0.41150
628	0.00000	0.99984	0.00000	0.00000	0.00000	0.00016
629	0.00000	0.99998	0.00000	0.00000	0.00000	0.00002
630	0.00000	0.99935	0.00000	0.00000	0.00000	0.00065
631	0.00000	0.99992	0.00000	0.00000	0.00000	0.00008
632	0.00000	0.99384	0.00000	0.00000	0.00000	0.00615
633	1.00000	0.00000	0.00000	0.00000	0.00000	0.00000
634	0.00000	0.99979	0.00000	0.00000	0.00000	0.00021
635	0.00000	0.99937	0.00000	0.00000	0.00000	0.00063
636	0.00000	0.99994	0.00000	0.00000	0.00000	0.00006
637	0.00000	0.99310	0.00000	0.00004	0.00000	0.00687
638	0.00000	0.98967	0.00000	0.00006	0.00000	0.01027
639	0.00000	0.99987	0.00000	0.00000	0.00000	0.00013
640	0.00000	0.99930	0.00000	0.00000	0.00000	0.00070
641	0.00000	0.98944	0.00000	0.00000	0.00000	0.01055
642	0.00000	0.99990	0.00000	0.00000	0.00000	0.00010
643	0.00000	0.99998	0.00000	0.00000	0.00000	0.00002
644	0.00000	0.99955	0.00000	0.00000	0.00000	0.00045
645	0.00000	0.00002	0.00000	0.00067	0.00000	0.99931
646	0.00000	0.99937	0.00000	0.00000	0.00000	0.00063
647	0.00000	0.83153	0.00000	0.00007	0.00000	0.16840
648	0.00000	0.99752	0.00000	0.00000	0.00000	0.00248
649	0.00000	0.99958	0.00000	0.00000	0.00000	0.00042
650	0.00000	0.99285	0.00000	0.00002	0.00000	0.00713
651	0.99929	0.00000	0.00000	0.00000	0.00071	0.00000
652	0.00000	0.99966	0.00000	0.00000	0.00000	0.00034
653	0.00000	0.99994	0.00000	0.00000	0.00000	0.00006
654	0.98484	0.00000	0.00000	0.00031	0.01485	0.00000
655	0.00000	0.99991	0.00000	0.00000	0.00000	0.00009
656	0.00000	0.99987	0.00000	0.00000	0.00000	0.00013
657	0.00000	0.99989	0.00000	0.00000	0.00000	0.00011
658	0.00000	0.99955	0.00000	0.00000	0.00000	0.00045
659	0.00000	0.99867	0.00000	0.00000	0.00000	0.00133
660	0.95994	0.00000	0.00000	0.00131	0.03875	0.00000
661	0.00000	0.98730	0.00000	0.00005	0.00000	0.01264
662	0.00000	0.99976	0.00000	0.00000	0.00000	0.00024
663	0.00000	0.99999	0.00000	0.00000	0.00000	0.00001
664	0.00000	0.59772	0.00054	0.07951	0.00006	0.32218
665	0.99951	0.00000	0.00000	0.00000	0.00049	0.00000
666	0.00000	0.94555	0.00000	0.00181	0.00000	0.05265
667	0.99992	0.00000	0.00000	0.00000	0.00008	0.00000
668	0.99991	0.00000	0.00000	0.00000	0.00009	0.00000
669	0.99998	0.00000	0.00000	0.00000	0.00002	0.00000
670	0.99991	0.00000	0.00000	0.00000	0.00009	0.00000
671	0.99953	0.00000	0.00000	0.00000	0.00047	0.00000
672	0.00000	0.99397	0.00000	0.00000	0.00000	0.00603
673	0.00000	0.99756	0.00000	0.00000	0.00000	0.00244
674	0.00000	0.99996	0.00000	0.00000	0.00000	0.00004
675	0.00000	0.95917	0.00000	0.00154	0.00000	0.03929
676	0.00000	0.99953	0.00000	0.00000	0.00000	0.00047
677	0.00000	0.99816	0.00000	0.00000	0.00000	0.00184
678	0.00000	0.99998	0.00000	0.00000	0.00000	0.00002
679	0.62636	0.00000	0.00000	0.00003	0.37360	0.00000
680	0.00000	0.99995	0.00000	0.00000	0.00000	0.00005
681	0.00000	0.99976	0.00000	0.00000	0.00000	0.00024
682	0.00000	0.99986	0.00000	0.00000	0.00000	0.00014
683	0.00000	0.99672	0.00000	0.00000	0.00000	0.00328
684	0.00000	0.99995	0.00000	0.00000	0.00000	0.00005
685	0.00000	0.98594	0.00000	0.00009	0.00000	0.01397
686	0.00000	0.99971	0.00000	0.00000	0.00000	0.00029
687	0.00000	0.99629	0.00000	0.00000	0.00000	0.00371
688	0.00000	0.99952	0.00000	0.00000	0.00000	0.00048
689	0.00000	0.99951	0.00000	0.00000	0.00000	0.00049
690	0.00000	0.99726	0.00000	0.00000	0.00000	0.00274
691	0.00000	0.99110	0.00000	0.00000	0.00000	0.00890
692	0.00000	0.99998	0.00000	0.00000	0.00000	0.00002
693	0.00000	0.99817	0.00000	0.00000	0.00000	0.00183
694	0.00000	0.99982	0.00000	0.00000	0.00000	0.00018
695	0.00000	0.92048	0.00000	0.00451	0.00000	0.07501
696	0.00000	0.99984	0.00000	0.00000	0.00000	0.00016
697	0.00000	0.99787	0.00000	0.00000	0.00000	0.00213
698	0.00000	0.99836	0.00000	0.00000	0.00000	0.00164
699	0.00000	0.95537	0.00000	0.00075	0.00000	0.04388
700	0.00000	0.99977	0.00000	0.00000	0.00000	0.00023
701	0.00000	0.99996	0.00000	0.00000	0.00000	0.00004
702	1.00000	0.00000	0.00000	0.00000	0.00000	0.00000
703	0.99999	0.00000	0.00000	0.00000	0.00001	0.00000
704	0.99894	0.00000	0.00000	0.00000	0.00106	0.00000
705	0.00006	0.57462	0.00409	0.13782	0.00202	0.28139
706	0.87177	0.00000	0.00046	0.01388	0.11385	0.00005
707	0.00000	0.96844	0.00000	0.00002	0.00000	0.03153
708	0.00000	0.99562	0.00000	0.00001	0.00000	0.00437
709	0.99053	0.00000	0.00000	0.00000	0.00947	0.00000
710	0.00000	0.99951	0.00000	0.00000	0.00000	0.00049
711	0.00000	0.99485	0.00000	0.00000	0.00000	0.00515
712	0.00000	0.99941	0.00000	0.00000	0.00000	0.00059
713	0.00000	0.99512	0.00000	0.00000	0.00000	0.00487
714	0.00000	0.99759	0.00000	0.00000	0.00000	0.00241
715	0.00000	0.99956	0.00000	0.00000	0.00000	0.00044
716	0.99813	0.00000	0.00000	0.00000	0.00186	0.00000
717	0.00000	0.92266	0.00000	0.00426	0.00000	0.07308
718	0.00000	0.99985	0.00000	0.00000	0.00000	0.00015
719	0.00000	0.99976	0.00000	0.00000	0.00000	0.00024
720	0.99938	0.00000	0.00000	0.00000	0.00062	0.00000
721	0.00000	0.99945	0.00000	0.00000	0.00000	0.00055
722	0.00000	0.99966	0.00000	0.00000	0.00000	0.00034
723	0.00000	0.99484	0.00000	0.00000	0.00000	0.00516
724	0.00000	0.99971	0.00000	0.00000	0.00000	0.00029
725	0.00000	0.99859	0.00000	0.00000	0.00000	0.00141
726	0.00000	0.43005	0.00000	0.02195	0.00000	0.54800
727	0.00000	0.20142	0.00001	0.36023	0.00001	0.43833
728	0.00000	0.99995	0.00000	0.00000	0.00000	0.00005
729	0.00000	0.99964	0.00000	0.00000	0.00000	0.00036
730	0.00000	0.91278	0.00016	0.00590	0.00001	0.08115
731	0.00000	0.62667	0.00000	0.00001	0.00000	0.37332
732	0.00000	0.99967	0.00000	0.00000	0.00000	0.00033
733	0.00000	0.99977	0.00000	0.00000	0.00000	0.00023
734	0.99392	0.00000	0.00000	0.00000	0.00608	0.00000
735	0.00000	0.91134	0.00000	0.00085	0.00000	0.08780
736	0.00000	0.99917	0.00000	0.00000	0.00000	0.00083
737	0.00000	0.99843	0.00000	0.00000	0.00000	0.00157
738	0.00000	0.98771	0.00000	0.00011	0.00000	0.01218
739	0.00000	0.99899	0.00000	0.00000	0.00000	0.00101
740	0.99997	0.00000	0.00000	0.00000	0.00003	0.00000
741	0.00000	0.98034	0.00000	0.00025	0.00000	0.01941
742	0.00000	0.99902	0.00000	0.00000	0.00000	0.00098
743	0.99991	0.00000	0.00000	0.00000	0.00009	0.00000
744	0.00000	0.99999	0.00000	0.00000	0.00000	0.00001
745	0.00000	0.99877	0.00000	0.00000	0.00000	0.00123
746	0.00000	0.99984	0.00000	0.00000	0.00000	0.00016
747	0.99994	0.00000	0.00000	0.00000	0.00006	0.00000
748	0.00000	0.99943	0.00000	0.00000	0.00000	0.00057
749	0.00000	0.99916	0.00000	0.00000	0.00000	0.00084
750	0.00000	0.99816	0.00000	0.00000	0.00000	0.00184
751	0.00000	0.99746	0.00000	0.00000	0.00000	0.00254
752	0.00000	0.68898	0.00310	0.06357	0.00054	0.24380
753	0.00000	0.99942	0.00000	0.00000	0.00000	0.00058
754	0.00000	0.99747	0.00000	0.00000	0.00000	0.00253
755	0.00000	0.99936	0.00000	0.00000	0.00000	0.00064
756	0.00000	0.99986	0.00000	0.00000	0.00000	0.00014
757	0.00000	0.99579	0.00000	0.00001	0.00000	0.00420
758	0.00000	0.99997	0.00000	0.00000	0.00000	0.00003
759	0.00000	0.25972	0.00063	0.38165	0.00057	0.35744
760	0.00000	0.99662	0.00000	0.00001	0.00000	0.00337
761	0.16044	0.00000	0.00000	0.00055	0.83902	0.00000
762	0.99998	0.00000	0.00000	0.00000	0.00002	0.00000
763	0.00000	0.75568	0.00000	0.00027	0.00000	0.24405
764	0.00000	0.99975	0.00000	0.00000	0.00000	0.00025
765	0.00000	0.99897	0.00000	0.00000	0.00000	0.00103
766	0.00000	0.99900	0.00000	0.00000	0.00000	0.00100
767	0.00000	0.99990	0.00000	0.00000	0.00000	0.00010
768	0.00000	0.99521	0.00000	0.00000	0.00000	0.00479
769	0.00000	0.99962	0.00000	0.00000	0.00000	0.00038
770	0.00000	0.98457	0.00000	0.00014	0.00000	0.01529
771	0.00000	0.97862	0.00000	0.00008	0.00000	0.02130
772	0.00000	0.99957	0.00000	0.00000	0.00000	0.00043
773	0.00000	0.99969	0.00000	0.00000	0.00000	0.00031
774	0.00000	0.98525	0.00000	0.00003	0.00000	0.01472
775	0.00000	0.99321	0.00000	0.00003	0.00000	0.00675
776	0.00000	0.43751	0.00000	0.11965	0.00000	0.44284
777	0.00000	0.99997	0.00000	0.00000	0.00000	0.00003
778	0.00000	0.99881	0.00000	0.00000	0.00000	0.00119
