1000000_sweeps	IndivName	1.000/0.000/0.000/0.000	0.000/0.000/0.000/1.000	0.000/0.500/0.500/0.000	0.250/0.250/0.250/0.250	0.500/0.250/0.250/0.000	0.000/0.250/0.250/0.500
1	NoName	0.00000	0.99996	0.00000	0.00000	0.00000	0.00004
2	NoName	0.00000	1.00000	0.00000	0.00000	0.00000	0.00000
3	NoName	0.00000	0.99998	0.00000	0.00000	0.00000	0.00002
4	NoName	0.00000	0.99976	0.00000	0.00000	0.00000	0.00024
5	NoName	0.00000	0.99999	0.00000	0.00000	0.00000	0.00001
6	NoName	0.00000	0.99997	0.00000	0.00000	0.00000	0.00003
7	NoName	0.00000	0.99988	0.00000	0.00000	0.00000	0.00012
8	NoName	0.00000	0.99999	0.00000	0.00000	0.00000	0.00001
9	NoName	0.00000	0.99998	0.00000	0.00000	0.00000	0.00002
10	NoName	0.00007	0.00000	0.00000	0.00042	0.99951	0.00000
11	NoName	1.00000	0.00000	0.00000	0.00000	0.00000	0.00000
12	NoName	0.00000	0.99967	0.00000	0.00000	0.00000	0.00033
13	NoName	0.00000	1.00000	0.00000	0.00000	0.00000	0.00000
14	NoName	0.00000	1.00000	0.00000	0.00000	0.00000	0.00000
15	NoName	0.00000	0.99999	0.00000	0.00000	0.00000	0.00001
16	NoName	0.00000	0.99992	0.00000	0.00000	0.00000	0.00008
17	NoName	0.99998	0.00000	0.00000	0.00000	0.00002	0.00000
18	NoName	0.99959	0.00000	0.00000	0.00000	0.00041	0.00000
19	NoName	0.00000	0.99815	0.00000	0.00004	0.00000	0.00181
20	NoName	0.99999	0.00000	0.00000	0.00000	0.00001	0.00000
21	NoName	0.00000	0.99683	0.00001	0.00017	0.00000	0.00299
22	NoName	0.00000	0.99994	0.00000	0.00000	0.00000	0.00006
23	NoName	0.99907	0.00000	0.00000	0.00000	0.00093	0.00000
24	NoName	1.00000	0.00000	0.00000	0.00000	0.00000	0.00000
25	NoName	1.00000	0.00000	0.00000	0.00000	0.00000	0.00000
26	NoName	0.00000	1.00000	0.00000	0.00000	0.00000	0.00000
27	NoName	0.00000	1.00000	0.00000	0.00000	0.00000	0.00000
28	NoName	0.00000	0.99999	0.00000	0.00000	0.00000	0.00001
29	NoName	0.00000	0.99998	0.00000	0.00000	0.00000	0.00002
30	NoName	1.00000	0.00000	0.00000	0.00000	0.00000	0.00000
31	NoName	0.99992	0.00000	0.00000	0.00000	0.00008	0.00000
32	NoName	0.00000	0.99979	0.00000	0.00000	0.00000	0.00021
33	NoName	0.99986	0.00000	0.00000	0.00000	0.00014	0.00000
34	NoName	0.00000	0.99607	0.00000	0.00019	0.00000	0.00374
35	NoName	0.00000	0.99985	0.00000	0.00000	0.00000	0.00015
36	NoName	0.00000	0.99995	0.00000	0.00000	0.00000	0.00005
37	NoName	1.00000	0.00000	0.00000	0.00000	0.00000	0.00000
38	NoName	0.99999	0.00000	0.00000	0.00000	0.00001	0.00000
39	NoName	0.00000	1.00000	0.00000	0.00000	0.00000	0.00000
40	NoName	0.00000	1.00000	0.00000	0.00000	0.00000	0.00000
41	NoName	0.00000	1.00000	0.00000	0.00000	0.00000	0.00000
42	NoName	0.00000	0.99999	0.00000	0.00000	0.00000	0.00001
43	NoName	0.99925	0.00000	0.00000	0.00000	0.00075	0.00000
44	NoName	0.00000	1.00000	0.00000	0.00000	0.00000	0.00000
45	NoName	0.99999	0.00000	0.00000	0.00000	0.00001	0.00000
46	NoName	0.00000	0.95818	0.00000	0.00000	0.00000	0.04182
47	NoName	0.00000	0.99612	0.00000	0.00000	0.00000	0.00388
48	NoName	0.99989	0.00000	0.00000	0.00000	0.00011	0.00000
49	NoName	1.00000	0.00000	0.00000	0.00000	0.00000	0.00000
50	NoName	0.00000	0.99989	0.00000	0.00000	0.00000	0.00011
51	NoName	0.00000	1.00000	0.00000	0.00000	0.00000	0.00000
52	NoName	0.00000	0.99981	0.00000	0.00000	0.00000	0.00019
53	NoName	0.99962	0.00000	0.00000	0.00000	0.00038	0.00000
54	NoName	0.00000	0.99999	0.00000	0.00000	0.00000	0.00001
55	NoName	0.00000	1.00000	0.00000	0.00000	0.00000	0.00000
56	NoName	0.99938	0.00000	0.00000	0.00001	0.00062	0.00000
57	NoName	0.00000	0.99998	0.00000	0.00000	0.00000	0.00002
58	NoName	0.00000	1.00000	0.00000	0.00000	0.00000	0.00000
59	NoName	0.00000	0.99988	0.00000	0.00000	0.00000	0.00012
60	NoName	0.00000	0.99987	0.00000	0.00000	0.00000	0.00013
61	NoName	0.00000	1.00000	0.00000	0.00000	0.00000	0.00000
62	NoName	0.00000	0.99999	0.00000	0.00000	0.00000	0.00001
63	NoName	0.00000	1.00000	0.00000	0.00000	0.00000	0.00000
64	NoName	0.00000	0.99992	0.00000	0.00000	0.00000	0.00008
65	NoName	0.00000	0.99999	0.00000	0.00000	0.00000	0.00001
66	NoName	0.99999	0.00000	0.00000	0.00000	0.00001	0.00000
67	NoName	0.00000	1.00000	0.00000	0.00000	0.00000	0.00000
68	NoName	0.00000	0.99966	0.00000	0.00000	0.00000	0.00034
69	NoName	0.00000	0.99428	0.00006	0.00038	0.00002	0.00526
70	NoName	0.00000	0.99999	0.00000	0.00000	0.00000	0.00001
71	NoName	0.00000	1.00000	0.00000	0.00000	0.00000	0.00000
72	NoName	0.00000	1.00000	0.00000	0.00000	0.00000	0.00000
73	NoName	0.00000	0.99995	0.00000	0.00000	0.00000	0.00005
74	NoName	0.00000	1.00000	0.00000	0.00000	0.00000	0.00000
75	NoName	0.00000	0.99978	0.00000	0.00000	0.00000	0.00022
76	NoName	0.00000	0.99995	0.00000	0.00000	0.00000	0.00005
77	NoName	0.99997	0.00000	0.00000	0.00000	0.00003	0.00000
78	NoName	0.99996	0.00000	0.00000	0.00000	0.00004	0.00000
79	NoName	0.99999	0.00000	0.00000	0.00000	0.00001	0.00000
80	NoName	0.00000	0.99996	0.00000	0.00000	0.00000	0.00004
81	NoName	0.00000	1.00000	0.00000	0.00000	0.00000	0.00000
82	NoName	0.82284	0.16009	0.00355	0.00138	0.00867	0.00346
83	NoName	1.00000	0.00000	0.00000	0.00000	0.00000	0.00000
84	NoName	0.00000	0.99966	0.00000	0.00000	0.00000	0.00034
85	NoName	0.99999	0.00000	0.00000	0.00000	0.00001	0.00000
86	NoName	0.99992	0.00000	0.00000	0.00000	0.00008	0.00000
87	NoName	0.00000	1.00000	0.00000	0.00000	0.00000	0.00000
88	NoName	0.99993	0.00000	0.00000	0.00000	0.00007	0.00000
89	NoName	0.00000	0.99996	0.00000	0.00000	0.00000	0.00004
90	NoName	0.00000	1.00000	0.00000	0.00000	0.00000	0.00000
91	NoName	0.99780	0.00000	0.00000	0.00007	0.00213	0.00000
92	NoName	0.00000	0.00000	0.00001	0.01110	0.00000	0.98890
93	NoName	0.00000	0.99999	0.00000	0.00000	0.00000	0.00001
94	NoName	0.99948	0.00000	0.00000	0.00000	0.00052	0.00000
95	NoName	0.00000	1.00000	0.00000	0.00000	0.00000	0.00000
96	NoName	0.00000	0.99999	0.00000	0.00000	0.00000	0.00001
97	NoName	1.00000	0.00000	0.00000	0.00000	0.00000	0.00000
98	NoName	0.00000	0.99996	0.00000	0.00000	0.00000	0.00004
99	NoName	0.00000	0.99834	0.00000	0.00004	0.00000	0.00162
100	NoName	0.00000	0.99999	0.00000	0.00000	0.00000	0.00001
101	NoName	0.00000	1.00000	0.00000	0.00000	0.00000	0.00000
102	NoName	0.00000	0.99997	0.00000	0.00000	0.00000	0.00003
103	NoName	0.00000	1.00000	0.00000	0.00000	0.00000	0.00000
104	NoName	0.00000	0.99999	0.00000	0.00000	0.00000	0.00001
105	NoName	0.00000	0.99885	0.00000	0.00001	0.00000	0.00113
106	NoName	0.00000	1.00000	0.00000	0.00000	0.00000	0.00000
107	NoName	0.00000	1.00000	0.00000	0.00000	0.00000	0.00000
108	NoName	0.99963	0.00000	0.00000	0.00000	0.00037	0.00000
109	NoName	0.00000	0.99997	0.00000	0.00000	0.00000	0.00003
110	NoName	0.00000	0.99999	0.00000	0.00000	0.00000	0.00001
111	NoName	0.00000	0.99989	0.00000	0.00000	0.00000	0.00011
112	NoName	0.99998	0.00000	0.00000	0.00000	0.00002	0.00000
113	NoName	0.99996	0.00000	0.00000	0.00000	0.00004	0.00000
114	NoName	0.00000	0.99994	0.00000	0.00000	0.00000	0.00006
115	NoName	0.00000	1.00000	0.00000	0.00000	0.00000	0.00000
116	NoName	0.97642	0.00000	0.00000	0.00000	0.02358	0.00000
117	NoName	0.00000	0.99999	0.00000	0.00000	0.00000	0.00001
118	NoName	0.99998	0.00000	0.00000	0.00000	0.00002	0.00000
119	NoName	1.00000	0.00000	0.00000	0.00000	0.00000	0.00000
120	NoName	0.00000	1.00000	0.00000	0.00000	0.00000	0.00000
121	NoName	0.00000	0.99998	0.00000	0.00000	0.00000	0.00002
122	NoName	0.00000	0.99999	0.00000	0.00000	0.00000	0.00001
123	NoName	0.99227	0.00002	0.00003	0.00073	0.00693	0.00002
124	NoName	0.00000	1.00000	0.00000	0.00000	0.00000	0.00000
125	NoName	0.00000	0.99999	0.00000	0.00000	0.00000	0.00001
126	NoName	0.00000	0.99999	0.00000	0.00000	0.00000	0.00001
127	NoName	0.00000	0.99999	0.00000	0.00000	0.00000	0.00001
128	NoName	0.00000	0.99999	0.00000	0.00000	0.00000	0.00001
129	NoName	0.00000	0.99937	0.00000	0.00000	0.00000	0.00063
130	NoName	0.00000	1.00000	0.00000	0.00000	0.00000	0.00000
131	NoName	0.99404	0.00000	0.00000	0.00001	0.00595	0.00000
132	NoName	0.00000	1.00000	0.00000	0.00000	0.00000	0.00000
133	NoName	0.00000	1.00000	0.00000	0.00000	0.00000	0.00000
134	NoName	0.00000	0.99999	0.00000	0.00000	0.00000	0.00001
135	NoName	0.00000	1.00000	0.00000	0.00000	0.00000	0.00000
136	NoName	0.00000	1.00000	0.00000	0.00000	0.00000	0.00000
137	NoName	0.00000	0.99999	0.00000	0.00000	0.00000	0.00001
138	NoName	0.99995	0.00000	0.00000	0.00000	0.00005	0.00000
139	NoName	0.99999	0.00000	0.00000	0.00000	0.00001	0.00000
140	NoName	1.00000	0.00000	0.00000	0.00000	0.00000	0.00000
141	NoName	0.99748	0.00000	0.00000	0.00009	0.00243	0.00000
142	NoName	0.99996	0.00000	0.00000	0.00000	0.00004	0.00000
143	NoName	0.00000	0.99992	0.00000	0.00000	0.00000	0.00008
144	NoName	0.99992	0.00000	0.00000	0.00000	0.00008	0.00000
145	NoName	1.00000	0.00000	0.00000	0.00000	0.00000	0.00000
146	NoName	1.00000	0.00000	0.00000	0.00000	0.00000	0.00000
147	NoName	0.99999	0.00000	0.00000	0.00000	0.00001	0.00000
148	NoName	1.00000	0.00000	0.00000	0.00000	0.00000	0.00000
149	NoName	0.99997	0.00000	0.00000	0.00000	0.00003	0.00000
150	NoName	1.00000	0.00000	0.00000	0.00000	0.00000	0.00000
151	NoName	0.00000	0.99981	0.00000	0.00000	0.00000	0.00019
152	NoName	0.00025	0.99075	0.00192	0.00049	0.00064	0.00595
153	NoName	0.00000	0.99999	0.00000	0.00000	0.00000	0.00001
154	NoName	0.00000	0.99992	0.00000	0.00000	0.00000	0.00008
155	NoName	0.00000	0.99999	0.00000	0.00000	0.00000	0.00001
156	NoName	0.00000	1.00000	0.00000	0.00000	0.00000	0.00000
157	NoName	0.00000	0.99998	0.00000	0.00000	0.00000	0.00002
158	NoName	0.00000	1.00000	0.00000	0.00000	0.00000	0.00000
159	NoName	0.00000	0.99999	0.00000	0.00000	0.00000	0.00001
160	NoName	0.00000	0.99808	0.00000	0.00000	0.00000	0.00191
161	NoName	0.00000	1.00000	0.00000	0.00000	0.00000	0.00000
162	NoName	0.99999	0.00000	0.00000	0.00000	0.00001	0.00000
163	NoName	0.00000	1.00000	0.00000	0.00000	0.00000	0.00000
164	NoName	0.00000	1.00000	0.00000	0.00000	0.00000	0.00000
165	NoName	0.00000	0.99991	0.00000	0.00000	0.00000	0.00009
166	NoName	0.99999	0.00000	0.00000	0.00000	0.00001	0.00000
167	NoName	0.99971	0.00000	0.00000	0.00000	0.00029	0.00000
168	NoName	0.99999	0.00000	0.00000	0.00000	0.00001	0.00000
169	NoName	0.00000	1.00000	0.00000	0.00000	0.00000	0.00000
170	NoName	0.00000	0.99991	0.00000	0.00000	0.00000	0.00009
171	NoName	0.00000	1.00000	0.00000	0.00000	0.00000	0.00000
172	NoName	0.00000	1.00000	0.00000	0.00000	0.00000	0.00000
173	NoName	1.00000	0.00000	0.00000	0.00000	0.00000	0.00000
174	NoName	0.00000	1.00000	0.00000	0.00000	0.00000	0.00000
175	NoName	0.00000	0.99999	0.00000	0.00000	0.00000	0.00001
176	NoName	0.00000	1.00000	0.00000	0.00000	0.00000	0.00000
177	NoName	0.00000	1.00000	0.00000	0.00000	0.00000	0.00000
178	NoName	1.00000	0.00000	0.00000	0.00000	0.00000	0.00000
179	NoName	1.00000	0.00000	0.00000	0.00000	0.00000	0.00000
180	NoName	0.00000	0.99997	0.00000	0.00000	0.00000	0.00003
181	NoName	0.00000	1.00000	0.00000	0.00000	0.00000	0.00000
182	NoName	0.74714	0.00000	0.00011	0.10419	0.14821	0.00035
183	NoName	0.00000	1.00000	0.00000	0.00000	0.00000	0.00000
184	NoName	0.00000	0.99999	0.00000	0.00000	0.00000	0.00001
185	NoName	0.00000	1.00000	0.00000	0.00000	0.00000	0.00000
186	NoName	1.00000	0.00000	0.00000	0.00000	0.00000	0.00000
187	NoName	0.00000	0.99973	0.00000	0.00000	0.00000	0.00027
188	NoName	0.00000	0.99999	0.00000	0.00000	0.00000	0.00001
189	NoName	0.00000	0.99985	0.00000	0.00000	0.00000	0.00015
190	NoName	0.00000	0.99940	0.00000	0.00000	0.00000	0.00059
191	NoName	0.99999	0.00000	0.00000	0.00000	0.00001	0.00000
192	NoName	0.99999	0.00000	0.00000	0.00000	0.00001	0.00000
193	NoName	0.65492	0.00000	0.00000	0.00024	0.34484	0.00000
194	NoName	0.00000	0.99996	0.00000	0.00000	0.00000	0.00004
195	NoName	0.00000	1.00000	0.00000	0.00000	0.00000	0.00000
196	NoName	0.00000	0.99999	0.00000	0.00000	0.00000	0.00001
197	NoName	0.00000	1.00000	0.00000	0.00000	0.00000	0.00000
198	NoName	0.00000	0.99999	0.00000	0.00000	0.00000	0.00001
199	NoName	0.00000	0.99997	0.00000	0.00000	0.00000	0.00003
200	NoName	0.00000	0.00000	0.79018	0.00136	0.00000	0.20846
201	NoName	0.00000	0.99949	0.00000	0.00000	0.00000	0.00051
202	NoName	0.00000	0.99979	0.00000	0.00000	0.00000	0.00021
203	NoName	0.00000	0.99955	0.00000	0.00000	0.00000	0.00044
204	NoName	0.00000	0.99997	0.00000	0.00000	0.00000	0.00003
205	NoName	0.00000	0.99999	0.00000	0.00000	0.00000	0.00001
206	NoName	0.00000	0.99996	0.00000	0.00000	0.00000	0.00004
207	NoName	0.00000	1.00000	0.00000	0.00000	0.00000	0.00000
208	NoName	0.00000	1.00000	0.00000	0.00000	0.00000	0.00000
209	NoName	0.00000	1.00000	0.00000	0.00000	0.00000	0.00000
210	NoName	0.00000	1.00000	0.00000	0.00000	0.00000	0.00000
211	NoName	0.00000	0.27464	0.00000	0.00875	0.00000	0.71661
212	NoName	0.00000	1.00000	0.00000	0.00000	0.00000	0.00000
213	NoName	1.00000	0.00000	0.00000	0.00000	0.00000	0.00000
214	NoName	1.00000	0.00000	0.00000	0.00000	0.00000	0.00000
215	NoName	0.00000	1.00000	0.00000	0.00000	0.00000	0.00000
216	NoName	0.00000	1.00000	0.00000	0.00000	0.00000	0.00000
217	NoName	0.00000	1.00000	0.00000	0.00000	0.00000	0.00000
218	NoName	0.00000	1.00000	0.00000	0.00000	0.00000	0.00000
219	NoName	0.00000	1.00000	0.00000	0.00000	0.00000	0.00000
220	NoName	0.00000	0.99792	0.00002	0.00006	0.00000	0.00200
221	NoName	0.00000	1.00000	0.00000	0.00000	0.00000	0.00000
222	NoName	0.00000	1.00000	0.00000	0.00000	0.00000	0.00000
223	NoName	0.00000	0.99998	0.00000	0.00000	0.00000	0.00002
224	NoName	0.00000	0.99998	0.00000	0.00000	0.00000	0.00002
225	NoName	0.00000	1.00000	0.00000	0.00000	0.00000	0.00000
226	NoName	0.99999	0.00000	0.00000	0.00000	0.00001	0.00000
227	NoName	0.00000	1.00000	0.00000	0.00000	0.00000	0.00000
228	NoName	0.00000	0.99994	0.00000	0.00000	0.00000	0.00006
229	NoName	0.99499	0.00000	0.00000	0.00033	0.00467	0.00000
230	NoName	0.00000	0.99972	0.00000	0.00000	0.00000	0.00028
231	NoName	0.00000	1.00000	0.00000	0.00000	0.00000	0.00000
232	NoName	0.00000	0.99925	0.00000	0.00001	0.00000	0.00074
233	NoName	0.99997	0.00000	0.00000	0.00000	0.00003	0.00000
234	NoName	0.00000	0.99989	0.00000	0.00000	0.00000	0.00011
235	NoName	0.00000	0.99998	0.00000	0.00000	0.00000	0.00002
236	NoName	0.00000	1.00000	0.00000	0.00000	0.00000	0.00000
237	NoName	0.00000	1.00000	0.00000	0.00000	0.00000	0.00000
238	NoName	0.00000	1.00000	0.00000	0.00000	0.00000	0.00000
239	NoName	0.99999	0.00000	0.00000	0.00000	0.00001	0.00000
240	NoName	0.99993	0.00000	0.00000	0.00000	0.00007	0.00000
241	NoName	1.00000	0.00000	0.00000	0.00000	0.00000	0.00000
242	NoName	0.99999	0.00000	0.00000	0.00000	0.00001	0.00000
243	NoName	0.00000	1.00000	0.00000	0.00000	0.00000	0.00000
244	NoName	0.99970	0.00000	0.00000	0.00000	0.00030	0.00000
245	NoName	1.00000	0.00000	0.00000	0.00000	0.00000	0.00000
246	NoName	0.00000	1.00000	0.00000	0.00000	0.00000	0.00000
247	NoName	0.00000	1.00000	0.00000	0.00000	0.00000	0.00000
248	NoName	0.00000	1.00000	0.00000	0.00000	0.00000	0.00000
249	NoName	0.00000	1.00000	0.00000	0.00000	0.00000	0.00000
250	NoName	0.00000	1.00000	0.00000	0.00000	0.00000	0.00000
251	NoName	0.00000	1.00000	0.00000	0.00000	0.00000	0.00000
252	NoName	0.00000	0.99985	0.00000	0.00000	0.00000	0.00015
253	NoName	0.00000	1.00000	0.00000	0.00000	0.00000	0.00000
254	NoName	0.00000	1.00000	0.00000	0.00000	0.00000	0.00000
255	NoName	0.00000	1.00000	0.00000	0.00000	0.00000	0.00000
256	NoName	0.00000	1.00000	0.00000	0.00000	0.00000	0.00000
257	NoName	0.00000	0.99999	0.00000	0.00000	0.00000	0.00001
258	NoName	0.00000	1.00000	0.00000	0.00000	0.00000	0.00000
259	NoName	0.00000	1.00000	0.00000	0.00000	0.00000	0.00000
260	NoName	0.00000	0.99996	0.00000	0.00000	0.00000	0.00004
261	NoName	0.00000	1.00000	0.00000	0.00000	0.00000	0.00000
262	NoName	0.00000	0.99999	0.00000	0.00000	0.00000	0.00001
263	NoName	0.00000	0.99999	0.00000	0.00000	0.00000	0.00001
264	NoName	0.00000	1.00000	0.00000	0.00000	0.00000	0.00000
265	NoName	0.00000	0.99914	0.00000	0.00001	0.00000	0.00085
266	NoName	0.00000	0.99999	0.00000	0.00000	0.00000	0.00001
267	NoName	0.00000	0.99999	0.00000	0.00000	0.00000	0.00001
268	NoName	0.00000	1.00000	0.00000	0.00000	0.00000	0.00000
269	NoName	0.00000	0.99915	0.00000	0.00000	0.00000	0.00085
270	NoName	0.00000	1.00000	0.00000	0.00000	0.00000	0.00000
271	NoName	0.00000	0.99999	0.00000	0.00000	0.00000	0.00001
272	NoName	0.00000	0.99999	0.00000	0.00000	0.00000	0.00001
273	NoName	0.00000	0.99999	0.00000	0.00000	0.00000	0.00001
274	NoName	0.00000	1.00000	0.00000	0.00000	0.00000	0.00000
275	NoName	0.00000	0.99999	0.00000	0.00000	0.00000	0.00001
276	NoName	0.00000	0.99977	0.00000	0.00000	0.00000	0.00023
277	NoName	0.00000	1.00000	0.00000	0.00000	0.00000	0.00000
278	NoName	0.00000	0.99985	0.00000	0.00000	0.00000	0.00015
279	NoName	0.00000	0.99999	0.00000	0.00000	0.00000	0.00001
280	NoName	0.00000	1.00000	0.00000	0.00000	0.00000	0.00000
281	NoName	0.00000	0.99992	0.00000	0.00000	0.00000	0.00008
282	NoName	0.00000	1.00000	0.00000	0.00000	0.00000	0.00000
283	NoName	0.99999	0.00000	0.00000	0.00000	0.00001	0.00000
284	NoName	0.00000	0.99944	0.00000	0.00000	0.00000	0.00056
285	NoName	0.00000	1.00000	0.00000	0.00000	0.00000	0.00000
286	NoName	0.00000	0.99994	0.00000	0.00000	0.00000	0.00006
287	NoName	0.00000	1.00000	0.00000	0.00000	0.00000	0.00000
288	NoName	0.00000	0.99999	0.00000	0.00000	0.00000	0.00001
289	NoName	0.00000	0.99984	0.00000	0.00000	0.00000	0.00016
290	NoName	0.00000	0.99998	0.00000	0.00000	0.00000	0.00002
291	NoName	0.00000	0.99965	0.00000	0.00000	0.00000	0.00035
292	NoName	0.00000	0.99997	0.00000	0.00000	0.00000	0.00003
293	NoName	0.00000	0.99997	0.00000	0.00000	0.00000	0.00003
294	NoName	0.00000	1.00000	0.00000	0.00000	0.00000	0.00000
295	NoName	0.00000	1.00000	0.00000	0.00000	0.00000	0.00000
296	NoName	0.99986	0.00000	0.00000	0.00000	0.00014	0.00000
297	NoName	0.49127	0.48948	0.00480	0.00144	0.00683	0.00618
298	NoName	0.00000	0.99997	0.00000	0.00000	0.00000	0.00003
299	NoName	0.00000	0.99939	0.00000	0.00001	0.00000	0.00060
300	NoName	1.00000	0.00000	0.00000	0.00000	0.00000	0.00000
301	NoName	0.00000	0.99999	0.00000	0.00000	0.00000	0.00001
302	NoName	0.00000	1.00000	0.00000	0.00000	0.00000	0.00000
303	NoName	0.00000	0.99998	0.00000	0.00000	0.00000	0.00002
304	NoName	0.00000	0.99999	0.00000	0.00000	0.00000	0.00001
305	NoName	0.00000	1.00000	0.00000	0.00000	0.00000	0.00000
306	NoName	0.00000	1.00000	0.00000	0.00000	0.00000	0.00000
307	NoName	0.00000	0.99986	0.00000	0.00000	0.00000	0.00014
308	NoName	0.00000	1.00000	0.00000	0.00000	0.00000	0.00000
309	NoName	0.00000	1.00000	0.00000	0.00000	0.00000	0.00000
310	NoName	0.00000	0.99999	0.00000	0.00000	0.00000	0.00001
311	NoName	0.00000	1.00000	0.00000	0.00000	0.00000	0.00000
312	NoName	0.00000	0.99863	0.00000	0.00002	0.00000	0.00134
313	NoName	0.00000	1.00000	0.00000	0.00000	0.00000	0.00000
314	NoName	0.00000	1.00000	0.00000	0.00000	0.00000	0.00000
315	NoName	0.00000	0.99999	0.00000	0.00000	0.00000	0.00001
316	NoName	0.00000	0.92510	0.00000	0.00001	0.00000	0.07489
317	NoName	0.00000	0.99991	0.00000	0.00000	0.00000	0.00009
318	NoName	0.00000	0.99999	0.00000	0.00000	0.00000	0.00001
319	NoName	0.00000	0.99990	0.00000	0.00000	0.00000	0.00010
320	NoName	0.00000	0.99990	0.00000	0.00000	0.00000	0.00010
321	NoName	0.00000	0.99991	0.00000	0.00000	0.00000	0.00009
322	NoName	0.00000	0.99990	0.00000	0.00000	0.00000	0.00010
323	NoName	0.00000	1.00000	0.00000	0.00000	0.00000	0.00000
324	NoName	0.00000	1.00000	0.00000	0.00000	0.00000	0.00000
325	NoName	0.00000	1.00000	0.00000	0.00000	0.00000	0.00000
326	NoName	0.00000	0.99846	0.00000	0.00000	0.00000	0.00154
327	NoName	0.00000	0.99988	0.00000	0.00000	0.00000	0.00012
328	NoName	0.00000	0.99997	0.00000	0.00000	0.00000	0.00003
329	NoName	0.00000	1.00000	0.00000	0.00000	0.00000	0.00000
330	NoName	0.00000	0.99998	0.00000	0.00000	0.00000	0.00002
331	NoName	0.00000	0.99895	0.00000	0.00001	0.00000	0.00104
332	NoName	0.00000	0.99999	0.00000	0.00000	0.00000	0.00001
333	NoName	0.00000	0.99999	0.00000	0.00000	0.00000	0.00001
334	NoName	0.00000	0.99999	0.00000	0.00000	0.00000	0.00001
335	NoName	0.00000	1.00000	0.00000	0.00000	0.00000	0.00000
336	NoName	0.00000	1.00000	0.00000	0.00000	0.00000	0.00000
337	NoName	0.00015	0.99259	0.00149	0.00035	0.00042	0.00501
338	NoName	0.00000	1.00000	0.00000	0.00000	0.00000	0.00000
339	NoName	0.00000	1.00000	0.00000	0.00000	0.00000	0.00000
340	NoName	0.00000	1.00000	0.00000	0.00000	0.00000	0.00000
341	NoName	0.00000	0.00000	0.99333	0.00063	0.00002	0.00603
342	NoName	0.00000	1.00000	0.00000	0.00000	0.00000	0.00000
343	NoName	0.00000	1.00000	0.00000	0.00000	0.00000	0.00000
344	NoName	0.00000	0.45730	0.00000	0.00003	0.00000	0.54267
345	NoName	0.00000	1.00000	0.00000	0.00000	0.00000	0.00000
346	NoName	0.00000	1.00000	0.00000	0.00000	0.00000	0.00000
347	NoName	0.00000	0.99953	0.00000	0.00000	0.00000	0.00047
348	NoName	0.00000	0.00029	0.00000	0.00158	0.00000	0.99813
349	NoName	0.00000	0.99998	0.00000	0.00000	0.00000	0.00002
350	NoName	0.00000	1.00000	0.00000	0.00000	0.00000	0.00000
351	NoName	0.00000	0.99999	0.00000	0.00000	0.00000	0.00001
352	NoName	0.00000	0.99985	0.00000	0.00000	0.00000	0.00015
353	NoName	0.00000	0.99998	0.00000	0.00000	0.00000	0.00002
354	NoName	0.00000	0.99995	0.00000	0.00000	0.00000	0.00005
355	NoName	0.00000	0.99703	0.00001	0.00011	0.00000	0.00285
356	NoName	1.00000	0.00000	0.00000	0.00000	0.00000	0.00000
357	NoName	0.00000	1.00000	0.00000	0.00000	0.00000	0.00000
358	NoName	0.00000	0.99990	0.00000	0.00000	0.00000	0.00010
359	NoName	0.00000	0.99613	0.00018	0.00017	0.00004	0.00349
360	NoName	0.00000	1.00000	0.00000	0.00000	0.00000	0.00000
361	NoName	0.00000	0.99895	0.00000	0.00000	0.00000	0.00105
362	NoName	0.99999	0.00000	0.00000	0.00000	0.00001	0.00000
363	NoName	0.99999	0.00000	0.00000	0.00000	0.00001	0.00000
364	NoName	0.00000	1.00000	0.00000	0.00000	0.00000	0.00000
365	NoName	0.00000	0.99981	0.00000	0.00000	0.00000	0.00019
366	NoName	0.00000	0.99999	0.00000	0.00000	0.00000	0.00001
367	NoName	0.00000	1.00000	0.00000	0.00000	0.00000	0.00000
368	NoName	0.00000	0.99998	0.00000	0.00000	0.00000	0.00002
369	NoName	0.99997	0.00000	0.00000	0.00000	0.00003	0.00000
370	NoName	0.00000	1.00000	0.00000	0.00000	0.00000	0.00000
371	NoName	0.00000	1.00000	0.00000	0.00000	0.00000	0.00000
372	NoName	0.00000	1.00000	0.00000	0.00000	0.00000	0.00000
373	NoName	0.00000	0.99998	0.00000	0.00000	0.00000	0.00002
374	NoName	0.00000	0.99986	0.00000	0.00000	0.00000	0.00014
375	NoName	1.00000	0.00000	0.00000	0.00000	0.00000	0.00000
376	NoName	0.00000	1.00000	0.00000	0.00000	0.00000	0.00000
377	NoName	0.00000	0.99814	0.00001	0.00004	0.00000	0.00180
378	NoName	0.99825	0.00000	0.00000	0.00000	0.00175	0.00000
379	NoName	0.99999	0.00000	0.00000	0.00000	0.00001	0.00000
380	NoName	0.00000	1.00000	0.00000	0.00000	0.00000	0.00000
381	NoName	0.00000	1.00000	0.00000	0.00000	0.00000	0.00000
382	NoName	0.00000	0.99995	0.00000	0.00000	0.00000	0.00005
383	NoName	0.99998	0.00000	0.00000	0.00000	0.00002	0.00000
384	NoName	0.00000	1.00000	0.00000	0.00000	0.00000	0.00000
385	NoName	0.00000	1.00000	0.00000	0.00000	0.00000	0.00000
386	NoName	0.00000	1.00000	0.00000	0.00000	0.00000	0.00000
387	NoName	0.00000	0.99999	0.00000	0.00000	0.00000	0.00001
388	NoName	0.99989	0.00000	0.00000	0.00000	0.00011	0.00000
389	NoName	0.00000	0.99954	0.00000	0.00000	0.00000	0.00046
390	NoName	0.00000	0.99998	0.00000	0.00000	0.00000	0.00002
391	NoName	0.00000	1.00000	0.00000	0.00000	0.00000	0.00000
392	NoName	0.00000	0.99842	0.00000	0.00003	0.00000	0.00154
393	NoName	0.00000	0.99889	0.00000	0.00001	0.00000	0.00110
394	NoName	0.00000	1.00000	0.00000	0.00000	0.00000	0.00000
395	NoName	0.00000	1.00000	0.00000	0.00000	0.00000	0.00000
396	NoName	0.00000	1.00000	0.00000	0.00000	0.00000	0.00000
397	NoName	0.00000	0.99998	0.00000	0.00000	0.00000	0.00002
398	NoName	0.00000	0.99999	0.00000	0.00000	0.00000	0.00001
399	NoName	0.00000	0.99679	0.00024	0.00011	0.00004	0.00282
400	NoName	0.00000	0.99999	0.00000	0.00000	0.00000	0.00001
401	NoName	0.00000	1.00000	0.00000	0.00000	0.00000	0.00000
402	NoName	0.00004	0.99512	0.00040	0.00023	0.00011	0.00409
403	NoName	0.00000	0.99999	0.00000	0.00000	0.00000	0.00001
404	NoName	0.00000	0.99999	0.00000	0.00000	0.00000	0.00001
405	NoName	0.00000	0.99996	0.00000	0.00000	0.00000	0.00004
406	NoName	0.00000	1.00000	0.00000	0.00000	0.00000	0.00000
407	NoName	0.00000	1.00000	0.00000	0.00000	0.00000	0.00000
408	NoName	0.00000	0.99998	0.00000	0.00000	0.00000	0.00002
409	NoName	0.00000	1.00000	0.00000	0.00000	0.00000	0.00000
410	NoName	0.00000	1.00000	0.00000	0.00000	0.00000	0.00000
411	NoName	0.00000	0.99999	0.00000	0.00000	0.00000	0.00001
412	NoName	0.99947	0.00000	0.00000	0.00000	0.00053	0.00000
413	NoName	0.00000	1.00000	0.00000	0.00000	0.00000	0.00000
414	NoName	0.00000	0.99998	0.00000	0.00000	0.00000	0.00002
415	NoName	0.00000	1.00000	0.00000	0.00000	0.00000	0.00000
416	NoName	0.00000	0.99921	0.00000	0.00001	0.00000	0.00078
417	NoName	0.00000	0.99999	0.00000	0.00000	0.00000	0.00001
418	NoName	0.00000	1.00000	0.00000	0.00000	0.00000	0.00000
419	NoName	0.00000	0.99997	0.00000	0.00000	0.00000	0.00003
420	NoName	0.00000	1.00000	0.00000	0.00000	0.00000	0.00000
421	NoName	0.00000	0.99999	0.00000	0.00000	0.00000	0.00001
422	NoName	0.00000	1.00000	0.00000	0.00000	0.00000	0.00000
423	NoName	0.00000	0.99976	0.00000	0.00000	0.00000	0.00024
424	NoName	0.00000	0.99802	0.00000	0.00005	0.00000	0.00193
425	NoName	0.00000	0.99999	0.00000	0.00000	0.00000	0.00001
426	NoName	0.00000	1.00000	0.00000	0.00000	0.00000	0.00000
427	NoName	0.00000	0.99933	0.00000	0.00000	0.00000	0.00067
428	NoName	0.00000	0.99997	0.00000	0.00000	0.00000	0.00003
429	NoName	0.00000	1.00000	0.00000	0.00000	0.00000	0.00000
430	NoName	0.00000	0.99992	0.00000	0.00000	0.00000	0.00008
431	NoName	0.00000	1.00000	0.00000	0.00000	0.00000	0.00000
432	NoName	0.00000	1.00000	0.00000	0.00000	0.00000	0.00000
433	NoName	0.00000	0.99998	0.00000	0.00000	0.00000	0.00002
434	NoName	0.00000	1.00000	0.00000	0.00000	0.00000	0.00000
435	NoName	0.00000	0.99958	0.00000	0.00000	0.00000	0.00042
436	NoName	0.00000	1.00000	0.00000	0.00000	0.00000	0.00000
437	NoName	1.00000	0.00000	0.00000	0.00000	0.00000	0.00000
438	NoName	0.00000	1.00000	0.00000	0.00000	0.00000	0.00000
439	NoName	0.00000	0.99999	0.00000	0.00000	0.00000	0.00001
440	NoName	0.00000	1.00000	0.00000	0.00000	0.00000	0.00000
441	NoName	0.00000	1.00000	0.00000	0.00000	0.00000	0.00000
442	NoName	0.00000	0.99999	0.00000	0.00000	0.00000	0.00001
443	NoName	0.00000	0.99999	0.00000	0.00000	0.00000	0.00001
444	NoName	0.00000	1.00000	0.00000	0.00000	0.00000	0.00000
445	NoName	0.00000	0.99997	0.00000	0.00000	0.00000	0.00003
446	NoName	0.00000	0.99997	0.00000	0.00000	0.00000	0.00003
447	NoName	0.00000	0.99999	0.00000	0.00000	0.00000	0.00001
448	NoName	0.00000	0.99962	0.00000	0.00000	0.00000	0.00038
449	NoName	0.00000	0.99999	0.00000	0.00000	0.00000	0.00001
450	NoName	0.00000	0.99994	0.00000	0.00000	0.00000	0.00006
451	NoName	0.00000	0.99998	0.00000	0.00000	0.00000	0.00002
452	NoName	0.00000	0.99999	0.00000	0.00000	0.00000	0.00001
453	NoName	0.00179	0.41633	0.00133	0.38628	0.04639	0.14788
454	NoName	0.00000	1.00000	0.00000	0.00000	0.00000	0.00000
455	NoName	0.00000	0.99999	0.00000	0.00000	0.00000	0.00001
456	NoName	0.00000	0.99993	0.00000	0.00000	0.00000	0.00007
457	NoName	0.00000	1.00000	0.00000	0.00000	0.00000	0.00000
458	NoName	0.00000	0.99997	0.00000	0.00000	0.00000	0.00003
459	NoName	0.00000	1.00000	0.00000	0.00000	0.00000	0.00000
460	NoName	0.00000	0.99996	0.00000	0.00000	0.00000	0.00004
461	NoName	1.00000	0.00000	0.00000	0.00000	0.00000	0.00000
462	NoName	0.00000	1.00000	0.00000	0.00000	0.00000	0.00000
463	NoName	0.00000	0.99999	0.00000	0.00000	0.00000	0.00001
464	NoName	0.00000	0.99930	0.00000	0.00001	0.00000	0.00069
465	NoName	1.00000	0.00000	0.00000	0.00000	0.00000	0.00000
466	NoName	0.00000	1.00000	0.00000	0.00000	0.00000	0.00000
467	NoName	0.00000	1.00000	0.00000	0.00000	0.00000	0.00000
468	NoName	0.00000	0.99896	0.00000	0.00001	0.00000	0.00102
469	NoName	0.00000	1.00000	0.00000	0.00000	0.00000	0.00000
470	NoName	0.00000	1.00000	0.00000	0.00000	0.00000	0.00000
471	NoName	0.00000	0.99998	0.00000	0.00000	0.00000	0.00002
472	NoName	0.00000	0.99970	0.00000	0.00000	0.00000	0.00030
473	NoName	0.00000	0.99831	0.00000	0.00000	0.00000	0.00169
474	NoName	0.00000	0.99994	0.00000	0.00000	0.00000	0.00006
475	NoName	0.00000	0.99582	0.00004	0.00021	0.00001	0.00392
476	NoName	0.00000	0.99999	0.00000	0.00000	0.00000	0.00001
477	NoName	0.00000	0.99999	0.00000	0.00000	0.00000	0.00001
478	NoName	0.00000	0.99997	0.00000	0.00000	0.00000	0.00003
479	NoName	0.00000	1.00000	0.00000	0.00000	0.00000	0.00000
480	NoName	0.00000	0.99991	0.00000	0.00000	0.00000	0.00009
481	NoName	0.00000	0.99999	0.00000	0.00000	0.00000	0.00001
482	NoName	0.00000	0.99976	0.00000	0.00000	0.00000	0.00024
483	NoName	0.00000	1.00000	0.00000	0.00000	0.00000	0.00000
484	NoName	0.00000	1.00000	0.00000	0.00000	0.00000	0.00000
485	NoName	0.00000	0.99992	0.00000	0.00000	0.00000	0.00008
486	NoName	0.00000	1.00000	0.00000	0.00000	0.00000	0.00000
487	NoName	0.00000	0.99999	0.00000	0.00000	0.00000	0.00001
488	NoName	0.00000	0.99999	0.00000	0.00000	0.00000	0.00001
489	NoName	0.00000	0.99999	0.00000	0.00000	0.00000	0.00001
490	NoName	0.00000	1.00000	0.00000	0.00000	0.00000	0.00000
491	NoName	0.00000	0.99999	0.00000	0.00000	0.00000	0.00001
492	NoName	0.00000	0.99995	0.00000	0.00000	0.00000	0.00005
493	NoName	0.00000	0.99989	0.00000	0.00000	0.00000	0.00011
494	NoName	0.00000	1.00000	0.00000	0.00000	0.00000	0.00000
495	NoName	0.00000	0.99755	0.00000	0.00008	0.00000	0.00237
496	NoName	0.00000	1.00000	0.00000	0.00000	0.00000	0.00000
497	NoName	0.00000	0.99999	0.00000	0.00000	0.00000	0.00001
498	NoName	0.00000	0.99994	0.00000	0.00000	0.00000	0.00006
499	NoName	0.00000	0.99989	0.00000	0.00000	0.00000	0.00011
500	NoName	0.00000	0.99997	0.00000	0.00000	0.00000	0.00003
501	NoName	0.00000	0.99599	0.00009	0.00019	0.00002	0.00371
502	NoName	0.00000	1.00000	0.00000	0.00000	0.00000	0.00000
503	NoName	0.00000	0.99367	0.00000	0.00049	0.00000	0.00584
504	NoName	0.00000	1.00000	0.00000	0.00000	0.00000	0.00000
505	NoName	0.00000	0.99999	0.00000	0.00000	0.00000	0.00001
506	NoName	0.00000	1.00000	0.00000	0.00000	0.00000	0.00000
507	NoName	0.99999	0.00000	0.00000	0.00000	0.00001	0.00000
508	NoName	1.00000	0.00000	0.00000	0.00000	0.00000	0.00000
509	NoName	0.00000	0.99993	0.00000	0.00000	0.00000	0.00007
510	NoName	0.00000	0.99999	0.00000	0.00000	0.00000	0.00001
511	NoName	0.00000	1.00000	0.00000	0.00000	0.00000	0.00000
512	NoName	0.00000	1.00000	0.00000	0.00000	0.00000	0.00000
513	NoName	0.00000	1.00000	0.00000	0.00000	0.00000	0.00000
514	NoName	0.98895	0.00000	0.00000	0.00000	0.01105	0.00000
515	NoName	0.00000	0.99991	0.00000	0.00000	0.00000	0.00009
516	NoName	0.99999	0.00000	0.00000	0.00000	0.00001	0.00000
517	NoName	0.00000	0.99991	0.00000	0.00000	0.00000	0.00009
518	NoName	0.00000	1.00000	0.00000	0.00000	0.00000	0.00000
519	NoName	1.00000	0.00000	0.00000	0.00000	0.00000	0.00000
520	NoName	0.00000	1.00000	0.00000	0.00000	0.00000	0.00000
521	NoName	0.00000	1.00000	0.00000	0.00000	0.00000	0.00000
522	NoName	0.00000	0.99998	0.00000	0.00000	0.00000	0.00002
523	NoName	0.00000	1.00000	0.00000	0.00000	0.00000	0.00000
524	NoName	0.00000	0.99999	0.00000	0.00000	0.00000	0.00001
525	NoName	0.00000	1.00000	0.00000	0.00000	0.00000	0.00000
526	NoName	0.00000	0.99998	0.00000	0.00000	0.00000	0.00002
527	NoName	0.00000	0.99999	0.00000	0.00000	0.00000	0.00001
528	NoName	0.00000	0.99999	0.00000	0.00000	0.00000	0.00001
529	NoName	0.00000	0.99958	0.00000	0.00000	0.00000	0.00042
530	NoName	0.00000	0.99889	0.00000	0.00002	0.00000	0.00109
531	NoName	0.00000	0.99999	0.00000	0.00000	0.00000	0.00001
532	NoName	0.00000	0.99999	0.00000	0.00000	0.00000	0.00001
533	NoName	0.00000	1.00000	0.00000	0.00000	0.00000	0.00000
534	NoName	1.00000	0.00000	0.00000	0.00000	0.00000	0.00000
535	NoName	0.00000	1.00000	0.00000	0.00000	0.00000	0.00000
536	NoName	0.00000	0.99998	0.00000	0.00000	0.00000	0.00002
537	NoName	0.00000	0.99999	0.00000	0.00000	0.00000	0.00001
538	NoName	0.99993	0.00000	0.00000	0.00000	0.00007	0.00000
539	NoName	0.00000	0.99937	0.00000	0.00001	0.00000	0.00063
540	NoName	0.00000	1.00000	0.00000	0.00000	0.00000	0.00000
541	NoName	0.99970	0.00000	0.00000	0.00000	0.00030	0.00000
542	NoName	0.99998	0.00000	0.00000	0.00000	0.00002	0.00000
543	NoName	0.99999	0.00000	0.00000	0.00000	0.00001	0.00000
544	NoName	0.00000	0.99954	0.00000	0.00000	0.00000	0.00046
545	NoName	0.00000	1.00000	0.00000	0.00000	0.00000	0.00000
546	NoName	0.00000	1.00000	0.00000	0.00000	0.00000	0.00000
547	NoName	0.00000	0.99996	0.00000	0.00000	0.00000	0.00004
548	NoName	0.00000	1.00000	0.00000	0.00000	0.00000	0.00000
549	NoName	0.99994	0.00000	0.00000	0.00000	0.00006	0.00000
550	NoName	0.00000	1.00000	0.00000	0.00000	0.00000	0.00000
551	NoName	0.00000	1.00000	0.00000	0.00000	0.00000	0.00000
552	NoName	1.00000	0.00000	0.00000	0.00000	0.00000	0.00000
553	NoName	0.00000	1.00000	0.00000	0.00000	0.00000	0.00000
554	NoName	0.00000	0.99956	0.00000	0.00000	0.00000	0.00044
555	NoName	0.00000	0.99999	0.00000	0.00000	0.00000	0.00001
556	NoName	0.00000	0.99884	0.00000	0.00000	0.00000	0.00116
557	NoName	0.00000	0.00000	0.91522	0.05424	0.00247	0.02807
558	NoName	0.00000	1.00000	0.00000	0.00000	0.00000	0.00000
559	NoName	0.00000	1.00000	0.00000	0.00000	0.00000	0.00000
560	NoName	1.00000	0.00000	0.00000	0.00000	0.00000	0.00000
561	NoName	0.99973	0.00000	0.00000	0.00000	0.00027	0.00000
562	NoName	0.99999	0.00000	0.00000	0.00000	0.00001	0.00000
563	NoName	0.99999	0.00000	0.00000	0.00000	0.00001	0.00000
564	NoName	0.00000	0.99996	0.00000	0.00000	0.00000	0.00004
565	NoName	0.00000	1.00000	0.00000	0.00000	0.00000	0.00000
566	NoName	1.00000	0.00000	0.00000	0.00000	0.00000	0.00000
567	NoName	0.00000	1.00000	0.00000	0.00000	0.00000	0.00000
568	NoName	0.43805	0.54264	0.00476	0.00147	0.00651	0.00657
569	NoName	0.99999	0.00000	0.00000	0.00000	0.00001	0.00000
570	NoName	0.00000	0.99689	0.00000	0.00000	0.00000	0.00311
571	NoName	0.00000	1.00000	0.00000	0.00000	0.00000	0.00000
572	NoName	0.00000	1.00000	0.00000	0.00000	0.00000	0.00000
573	NoName	0.00000	0.99991	0.00000	0.00000	0.00000	0.00009
574	NoName	0.00000	0.99998	0.00000	0.00000	0.00000	0.00002
575	NoName	0.00000	0.99993	0.00000	0.00000	0.00000	0.00007
576	NoName	0.01801	0.00000	0.00000	0.00434	0.97764	0.00000
577	NoName	0.00000	1.00000	0.00000	0.00000	0.00000	0.00000
578	NoName	1.00000	0.00000	0.00000	0.00000	0.00000	0.00000
579	NoName	0.00000	1.00000	0.00000	0.00000	0.00000	0.00000
580	NoName	0.00000	0.97879	0.00000	0.00000	0.00000	0.02121
581	NoName	0.00000	0.99944	0.00000	0.00001	0.00000	0.00055
582	NoName	0.00000	0.99984	0.00000	0.00000	0.00000	0.00016
583	NoName	0.00000	1.00000	0.00000	0.00000	0.00000	0.00000
584	NoName	0.00000	0.99911	0.00000	0.00001	0.00000	0.00088
585	NoName	0.00000	0.99832	0.00000	0.00000	0.00000	0.00168
586	NoName	0.00000	0.99999	0.00000	0.00000	0.00000	0.00001
587	NoName	0.00000	1.00000	0.00000	0.00000	0.00000	0.00000
588	NoName	0.00000	1.00000	0.00000	0.00000	0.00000	0.00000
589	NoName	0.00000	1.00000	0.00000	0.00000	0.00000	0.00000
590	NoName	0.00000	0.99997	0.00000	0.00000	0.00000	0.00003
591	NoName	0.00000	1.00000	0.00000	0.00000	0.00000	0.00000
592	NoName	0.00000	0.99893	0.00000	0.00002	0.00000	0.00106
593	NoName	0.00000	0.99999	0.00000	0.00000	0.00000	0.00001
594	NoName	0.00000	0.99998	0.00000	0.00000	0.00000	0.00002
595	NoName	0.00000	0.99999	0.00000	0.00000	0.00000	0.00001
596	NoName	0.00000	1.00000	0.00000	0.00000	0.00000	0.00000
597	NoName	0.00000	0.91307	0.00000	0.03805	0.00000	0.04888
598	NoName	0.00000	0.99997	0.00000	0.00000	0.00000	0.00003
599	NoName	0.00000	0.99953	0.00000	0.00000	0.00000	0.00046
600	NoName	0.00000	0.95743	0.00000	0.00022	0.00000	0.04235
601	NoName	0.00000	0.99997	0.00000	0.00000	0.00000	0.00003
602	NoName	0.00000	0.99975	0.00000	0.00000	0.00000	0.00025
603	NoName	0.99998	0.00000	0.00000	0.00000	0.00002	0.00000
604	NoName	0.99981	0.00000	0.00000	0.00000	0.00019	0.00000
605	NoName	0.00000	0.99998	0.00000	0.00000	0.00000	0.00002
606	NoName	0.00000	0.99919	0.00000	0.00001	0.00000	0.00080
607	NoName	0.00000	0.99999	0.00000	0.00000	0.00000	0.00001
608	NoName	0.00000	1.00000	0.00000	0.00000	0.00000	0.00000
609	NoName	0.00000	1.00000	0.00000	0.00000	0.00000	0.00000
610	NoName	0.00000	0.99999	0.00000	0.00000	0.00000	0.00001
611	NoName	0.99944	0.00000	0.00000	0.00000	0.00056	0.00000
612	NoName	0.00000	1.00000	0.00000	0.00000	0.00000	0.00000
613	NoName	0.00000	0.99999	0.00000	0.00000	0.00000	0.00001
614	NoName	0.00000	1.00000	0.00000	0.00000	0.00000	0.00000
615	NoName	0.00000	0.99982	0.00000	0.00000	0.00000	0.00018
616	NoName	0.00000	1.00000	0.00000	0.00000	0.00000	0.00000
617	NoName	0.00000	0.99985	0.00000	0.00000	0.00000	0.00015
618	NoName	0.00000	0.99946	0.00000	0.00000	0.00000	0.00053
619	NoName	0.00000	0.99999	0.00000	0.00000	0.00000	0.00001
620	NoName	0.00000	0.99962	0.00000	0.00000	0.00000	0.00038
621	NoName	0.00000	0.99999	0.00000	0.00000	0.00000	0.00001
622	NoName	0.00000	1.00000	0.00000	0.00000	0.00000	0.00000
623	NoName	0.00000	0.99994	0.00000	0.00000	0.00000	0.00006
624	NoName	0.00000	0.99983	0.00000	0.00000	0.00000	0.00017
625	NoName	0.00000	1.00000	0.00000	0.00000	0.00000	0.00000
626	NoName	0.00000	0.99999	0.00000	0.00000	0.00000	0.00001
627	NoName	0.00000	0.99845	0.00001	0.00003	0.00000	0.00151
628	NoName	0.00000	0.99998	0.00000	0.00000	0.00000	0.00002
629	NoName	0.00000	0.99995	0.00000	0.00000	0.00000	0.00005
630	NoName	0.00000	1.00000	0.00000	0.00000	0.00000	0.00000
631	NoName	0.00000	1.00000	0.00000	0.00000	0.00000	0.00000
632	NoName	0.00000	1.00000	0.00000	0.00000	0.00000	0.00000
633	NoName	0.99997	0.00000	0.00000	0.00000	0.00003	0.00000
634	NoName	0.00000	0.99997	0.00000	0.00000	0.00000	0.00003
635	NoName	0.00000	1.00000	0.00000	0.00000	0.00000	0.00000
636	NoName	0.00000	0.99999	0.00000	0.00000	0.00000	0.00001
637	NoName	0.00000	0.99994	0.00000	0.00000	0.00000	0.00006
638	NoName	0.00000	0.99999	0.00000	0.00000	0.00000	0.00001
639	NoName	0.00000	0.99995	0.00000	0.00000	0.00000	0.00005
640	NoName	0.00000	1.00000	0.00000	0.00000	0.00000	0.00000
641	NoName	0.00000	1.00000	0.00000	0.00000	0.00000	0.00000
642	NoName	0.00000	1.00000	0.00000	0.00000	0.00000	0.00000
643	NoName	0.00000	0.99998	0.00000	0.00000	0.00000	0.00002
644	NoName	0.00000	1.00000	0.00000	0.00000	0.00000	0.00000
645	NoName	0.00000	0.00106	0.00000	0.06110	0.00000	0.93784
646	NoName	0.00000	1.00000	0.00000	0.00000	0.00000	0.00000
647	NoName	0.00000	0.99999	0.00000	0.00000	0.00000	0.00001
648	NoName	0.00000	0.99999	0.00000	0.00000	0.00000	0.00001
649	NoName	0.00000	1.00000	0.00000	0.00000	0.00000	0.00000
650	NoName	0.00000	0.99984	0.00000	0.00000	0.00000	0.00016
651	NoName	0.99992	0.00000	0.00000	0.00000	0.00008	0.00000
652	NoName	0.00000	1.00000	0.00000	0.00000	0.00000	0.00000
653	NoName	0.00000	0.99996	0.00000	0.00000	0.00000	0.00004
654	NoName	0.99946	0.00000	0.00000	0.00000	0.00054	0.00000
655	NoName	0.00000	1.00000	0.00000	0.00000	0.00000	0.00000
656	NoName	0.00000	0.99999	0.00000	0.00000	0.00000	0.00001
657	NoName	0.00000	0.99987	0.00000	0.00000	0.00000	0.00013
658	NoName	0.00000	0.99963	0.00000	0.00000	0.00000	0.00037
659	NoName	0.00000	1.00000	0.00000	0.00000	0.00000	0.00000
660	NoName	0.99985	0.00000	0.00000	0.00000	0.00015	0.00000
661	NoName	0.00000	0.98081	0.00000	0.00003	0.00000	0.01916
662	NoName	0.00000	1.00000	0.00000	0.00000	0.00000	0.00000
663	NoName	0.00000	0.99999	0.00000	0.00000	0.00000	0.00001
664	NoName	0.00000	0.99557	0.00025	0.00021	0.00005	0.00391
665	NoName	1.00000	0.00000	0.00000	0.00000	0.00000	0.00000
666	NoName	0.00000	0.99997	0.00000	0.00000	0.00000	0.00003
667	NoName	1.00000	0.00000	0.00000	0.00000	0.00000	0.00000
668	NoName	0.99999	0.00000	0.00000	0.00000	0.00001	0.00000
669	NoName	0.99996	0.00000	0.00000	0.00000	0.00004	0.00000
670	NoName	0.99999	0.00000	0.00000	0.00000	0.00001	0.00000
671	NoName	0.99114	0.00000	0.00000	0.00020	0.00865	0.00000
672	NoName	0.00000	0.99999	0.00000	0.00000	0.00000	0.00001
673	NoName	0.00000	1.00000	0.00000	0.00000	0.00000	0.00000
674	NoName	0.00000	1.00000	0.00000	0.00000	0.00000	0.00000
675	NoName	0.00000	0.99940	0.00000	0.00001	0.00000	0.00060
676	NoName	0.00000	0.99997	0.00000	0.00000	0.00000	0.00003
677	NoName	0.00000	0.99985	0.00000	0.00000	0.00000	0.00015
678	NoName	0.00000	0.99997	0.00000	0.00000	0.00000	0.00003
679	NoName	1.00000	0.00000	0.00000	0.00000	0.00000	0.00000
680	NoName	0.00000	1.00000	0.00000	0.00000	0.00000	0.00000
681	NoName	0.00000	0.99999	0.00000	0.00000	0.00000	0.00001
682	NoName	0.00000	0.99999	0.00000	0.00000	0.00000	0.00001
683	NoName	0.00000	1.00000	0.00000	0.00000	0.00000	0.00000
684	NoName	0.00000	1.00000	0.00000	0.00000	0.00000	0.00000
685	NoName	0.00000	1.00000	0.00000	0.00000	0.00000	0.00000
686	NoName	0.00000	0.99999	0.00000	0.00000	0.00000	0.00001
687	NoName	0.00000	0.99999	0.00000	0.00000	0.00000	0.00001
688	NoName	0.00000	0.99994	0.00000	0.00000	0.00000	0.00006
689	NoName	0.00000	0.99998	0.00000	0.00000	0.00000	0.00002
690	NoName	0.00000	0.99999	0.00000	0.00000	0.00000	0.00001
691	NoName	0.00000	0.99997	0.00000	0.00000	0.00000	0.00003
692	NoName	0.00000	0.99999	0.00000	0.00000	0.00000	0.00001
693	NoName	0.00000	1.00000	0.00000	0.00000	0.00000	0.00000
694	NoName	0.00000	1.00000	0.00000	0.00000	0.00000	0.00000
695	NoName	0.00000	0.99966	0.00000	0.00000	0.00000	0.00034
696	NoName	0.00000	1.00000	0.00000	0.00000	0.00000	0.00000
697	NoName	0.00000	1.00000	0.00000	0.00000	0.00000	0.00000
698	NoName	0.00000	0.99982	0.00000	0.00000	0.00000	0.00018
699	NoName	0.00000	0.99215	0.00000	0.00004	0.00000	0.00781
700	NoName	0.00000	0.99999	0.00000	0.00000	0.00000	0.00001
701	NoName	0.00000	1.00000	0.00000	0.00000	0.00000	0.00000
702	NoName	1.00000	0.00000	0.00000	0.00000	0.00000	0.00000
703	NoName	1.00000	0.00000	0.00000	0.00000	0.00000	0.00000
704	NoName	0.99974	0.00000	0.00000	0.00000	0.00026	0.00000
705	NoName	0.99782	0.00000	0.00000	0.00007	0.00211	0.00000
706	NoName	0.00000	0.99998	0.00000	0.00000	0.00000	0.00002
707	NoName	0.00000	0.99999	0.00000	0.00000	0.00000	0.00001
708	NoName	0.99887	0.00000	0.00000	0.00000	0.00113	0.00000
709	NoName	0.00000	0.99995	0.00000	0.00000	0.00000	0.00005
710	NoName	0.00000	1.00000	0.00000	0.00000	0.00000	0.00000
711	NoName	0.00000	1.00000	0.00000	0.00000	0.00000	0.00000
712	NoName	0.00000	0.99997	0.00000	0.00000	0.00000	0.00003
713	NoName	0.00000	0.99987	0.00000	0.00000	0.00000	0.00013
714	NoName	0.00000	0.99999	0.00000	0.00000	0.00000	0.00001
715	NoName	1.00000	0.00000	0.00000	0.00000	0.00000	0.00000
716	NoName	0.00000	0.99542	0.00009	0.00026	0.00002	0.00421
717	NoName	0.00000	1.00000	0.00000	0.00000	0.00000	0.00000
718	NoName	0.00000	1.00000	0.00000	0.00000	0.00000	0.00000
719	NoName	1.00000	0.00000	0.00000	0.00000	0.00000	0.00000
720	NoName	0.00000	0.99996	0.00000	0.00000	0.00000	0.00004
721	NoName	0.00000	1.00000	0.00000	0.00000	0.00000	0.00000
722	NoName	0.00000	1.00000	0.00000	0.00000	0.00000	0.00000
723	NoName	0.00000	0.99999	0.00000	0.00000	0.00000	0.00001
724	NoName	0.00000	0.99998	0.00000	0.00000	0.00000	0.00002
725	NoName	0.00000	0.99935	0.00000	0.00001	0.00000	0.00064
726	NoName	0.00008	0.97129	0.00030	0.01119	0.00125	0.01588
727	NoName	0.00000	1.00000	0.00000	0.00000	0.00000	0.00000
728	NoName	0.00000	0.99999	0.00000	0.00000	0.00000	0.00001
729	NoName	0.00000	0.99752	0.00000	0.00008	0.00000	0.00239
730	NoName	0.00000	0.99958	0.00000	0.00000	0.00000	0.00042
731	NoName	0.00000	0.99999	0.00000	0.00000	0.00000	0.00001
732	NoName	0.00000	0.99998	0.00000	0.00000	0.00000	0.00002
733	NoName	0.99999	0.00000	0.00000	0.00000	0.00001	0.00000
734	NoName	0.00000	0.99997	0.00000	0.00000	0.00000	0.00003
735	NoName	0.00000	1.00000	0.00000	0.00000	0.00000	0.00000
736	NoName	0.00000	0.99999	0.00000	0.00000	0.00000	0.00001
737	NoName	0.00000	0.99980	0.00000	0.00000	0.00000	0.00020
738	NoName	0.00000	1.00000	0.00000	0.00000	0.00000	0.00000
739	NoName	0.99999	0.00000	0.00000	0.00000	0.00001	0.00000
740	NoName	0.00000	0.99943	0.00000	0.00000	0.00000	0.00056
741	NoName	0.00000	0.99999	0.00000	0.00000	0.00000	0.00001
742	NoName	1.00000	0.00000	0.00000	0.00000	0.00000	0.00000
743	NoName	0.00000	1.00000	0.00000	0.00000	0.00000	0.00000
744	NoName	0.00000	0.99999	0.00000	0.00000	0.00000	0.00001
745	NoName	0.00000	0.99999	0.00000	0.00000	0.00000	0.00001
746	NoName	1.00000	0.00000	0.00000	0.00000	0.00000	0.00000
747	NoName	0.00000	0.99998	0.00000	0.00000	0.00000	0.00002
748	NoName	0.00000	0.99999	0.00000	0.00000	0.00000	0.00001
749	NoName	0.00000	0.99997	0.00000	0.00000	0.00000	0.00003
750	NoName	0.00000	1.00000	0.00000	0.00000	0.00000	0.00000
751	NoName	0.00114	0.98472	0.00408	0.00079	0.00172	0.00756
752	NoName	0.00000	0.99998	0.00000	0.00000	0.00000	0.00002
753	NoName	0.00000	0.99999	0.00000	0.00000	0.00000	0.00001
754	NoName	0.00000	1.00000	0.00000	0.00000	0.00000	0.00000
755	NoName	0.00000	1.00000	0.00000	0.00000	0.00000	0.00000
756	NoName	0.00000	0.99993	0.00000	0.00000	0.00000	0.00007
757	NoName	0.00000	1.00000	0.00000	0.00000	0.00000	0.00000
758	NoName	0.00000	0.99941	0.00000	0.00000	0.00000	0.00059
759	NoName	0.00000	0.99993	0.00000	0.00000	0.00000	0.00007
760	NoName	1.00000	0.00000	0.00000	0.00000	0.00000	0.00000
761	NoName	1.00000	0.00000	0.00000	0.00000	0.00000	0.00000
762	NoName	0.00000	0.99997	0.00000	0.00000	0.00000	0.00003
763	NoName	0.00000	1.00000	0.00000	0.00000	0.00000	0.00000
764	NoName	0.00000	1.00000	0.00000	0.00000	0.00000	0.00000
765	NoName	0.00000	1.00000	0.00000	0.00000	0.00000	0.00000
766	NoName	0.00000	0.99897	0.00000	0.00000	0.00000	0.00102
767	NoName	0.00000	1.00000	0.00000	0.00000	0.00000	0.00000
768	NoName	0.00000	0.99999	0.00000	0.00000	0.00000	0.00001
769	NoName	0.00000	0.99983	0.00000	0.00000	0.00000	0.00017
770	NoName	0.00000	0.99988	0.00000	0.00000	0.00000	0.00012
771	NoName	0.00000	1.00000	0.00000	0.00000	0.00000	0.00000
772	NoName	0.00000	0.99997	0.00000	0.00000	0.00000	0.00003
773	NoName	0.00000	1.00000	0.00000	0.00000	0.00000	0.00000
774	NoName	0.00000	0.99989	0.00000	0.00000	0.00000	0.00011
775	NoName	0.00000	0.99913	0.00000	0.00001	0.00000	0.00086
776	NoName	0.00000	0.99999	0.00000	0.00000	0.00000	0.00001
777	NoName	0.00000	1.00000	0.00000	0.00000	0.00000	0.00000
