UponCompletionOf_1000000_sweeps
LocNumber LocName AlleleNumber AlleleName FreqInPop0 FreqInPop1 SDInPop0 SDinPop1
0	LdDocent_Contig_6675_116	0	1	0.997867	0.479913	0.003005	0.015203
0	LdDocent_Contig_6675_116	1	2	0.002133	0.520087	0.003005	0.015203
1	LdDocent_Contig_20782_333	0	1	0.997503	0.986011	0.003485	0.003795
1	LdDocent_Contig_20782_333	1	2	0.002497	0.013989	0.003485	0.003795
2	LdDocent_Contig_1573_343	0	1	0.993399	0.946063	0.005367	0.007037
2	LdDocent_Contig_1573_343	1	2	0.006601	0.053937	0.005367	0.007037
3	LdDocent_Contig_88698_108	0	1	0.994292	0.994284	0.004640	0.002235
3	LdDocent_Contig_88698_108	1	2	0.005708	0.005716	0.004640	0.002235
4	LdDocent_Contig_59794_426	0	1	0.991484	0.993585	0.006669	0.002608
4	LdDocent_Contig_59794_426	1	2	0.008516	0.006415	0.006669	0.002608
5	LdDocent_Contig_22_433	0	1	0.904180	0.999549	0.018764	0.000637
5	LdDocent_Contig_22_433	1	2	0.095820	0.000451	0.018764	0.000637
6	LdDocent_Contig_93412_36	0	1	0.965189	0.988651	0.016055	0.003189
6	LdDocent_Contig_93412_36	1	2	0.034811	0.011349	0.016055	0.003189
7	LdDocent_Contig_1776_72	0	1	0.080620	0.996717	0.017056	0.001727
7	LdDocent_Contig_1776_72	1	2	0.919380	0.003283	0.017056	0.001727
8	LdDocent_Contig_1457_393	0	1	0.993119	0.966586	0.005576	0.005529
8	LdDocent_Contig_1457_393	1	2	0.006881	0.033414	0.005576	0.005529
9	LdDocent_Contig_1307_442	0	1	0.076565	0.832235	0.017253	0.011185
9	LdDocent_Contig_1307_442	1	2	0.923435	0.167765	0.017253	0.011185
10	LdDocent_Contig_5625_436	0	1	0.948335	0.999565	0.013653	0.000616
10	LdDocent_Contig_5625_436	1	2	0.051665	0.000435	0.013653	0.000616
11	LdDocent_Contig_6746_406	0	1	0.998058	0.991645	0.002736	0.002694
11	LdDocent_Contig_6746_406	1	2	0.001942	0.008355	0.002736	0.002694
12	LdDocent_Contig_29486_72	0	1	0.998069	0.976191	0.002721	0.004571
12	LdDocent_Contig_29486_72	1	2	0.001931	0.023809	0.002721	0.004571
13	LdDocent_Contig_79592_414	0	1	0.997835	0.986730	0.003051	0.003587
13	LdDocent_Contig_79592_414	1	2	0.002165	0.013270	0.003051	0.003587
14	LdDocent_Contig_2095_448	0	1	0.988872	0.993487	0.006987	0.002541
14	LdDocent_Contig_2095_448	1	2	0.011128	0.006513	0.006987	0.002541
15	LdDocent_Contig_5246_117	0	1	0.222449	0.507315	0.028431	0.015992
15	LdDocent_Contig_5246_117	1	2	0.777551	0.492685	0.028431	0.015992
16	LdDocent_Contig_20128_26	0	1	0.996466	0.984082	0.004372	0.003966
16	LdDocent_Contig_20128_26	1	2	0.003534	0.015918	0.004372	0.003966
17	LdDocent_Contig_3636_417	0	1	0.844792	0.997518	0.023938	0.001567
17	LdDocent_Contig_3636_417	1	2	0.155208	0.002482	0.023938	0.001567
18	LdDocent_Contig_51180_341	0	1	0.997908	0.987249	0.002951	0.003447
18	LdDocent_Contig_51180_341	1	2	0.002092	0.012751	0.002951	0.003447
19	LdDocent_Contig_84423_75	0	1	0.998062	0.968331	0.002735	0.005157
19	LdDocent_Contig_84423_75	1	2	0.001938	0.031669	0.002735	0.005157
20	LdDocent_Contig_3794_349	0	1	0.997888	0.988714	0.002972	0.003306
20	LdDocent_Contig_3794_349	1	2	0.002112	0.011286	0.002972	0.003306
21	LdDocent_Contig_2240_414	0	1	0.997911	0.993250	0.002950	0.002456
21	LdDocent_Contig_2240_414	1	2	0.002089	0.006750	0.002950	0.002456
22	LdDocent_Contig_1251_33	0	1	0.460584	0.999578	0.035910	0.000598
22	LdDocent_Contig_1251_33	1	2	0.539416	0.000422	0.035910	0.000598
23	LdDocent_Contig_59577_144	0	1	0.889485	0.998577	0.020606	0.001160
23	LdDocent_Contig_59577_144	1	2	0.110515	0.001423	0.020606	0.001160
24	LdDocent_Contig_1112_383	0	1	0.765168	0.999479	0.028651	0.000735
24	LdDocent_Contig_1112_383	1	2	0.234832	0.000521	0.028651	0.000735
25	LdDocent_Contig_1419_120	0	1	0.997745	0.981560	0.003162	0.004138
25	LdDocent_Contig_1419_120	1	2	0.002255	0.018440	0.003162	0.004138
26	LdDocent_Contig_8145_446	0	1	0.993652	0.971268	0.005153	0.005123
26	LdDocent_Contig_8145_446	1	2	0.006348	0.028732	0.005153	0.005123
27	LdDocent_Contig_77480_115	0	1	0.997798	0.946497	0.003098	0.006992
27	LdDocent_Contig_77480_115	1	2	0.002202	0.053503	0.003098	0.006992
28	LdDocent_Contig_50531_445	0	1	0.997994	0.993490	0.002827	0.002370
28	LdDocent_Contig_50531_445	1	2	0.002006	0.006510	0.002827	0.002370
29	LdDocent_Contig_1875_18	0	2	0.982285	0.835818	0.009374	0.011100
29	LdDocent_Contig_1875_18	1	1	0.017715	0.164182	0.009374	0.011100
30	LdDocent_Contig_5304_12	0	1	0.951793	0.999544	0.017153	0.000644
30	LdDocent_Contig_5304_12	1	2	0.048207	0.000456	0.017153	0.000644
31	LdDocent_Contig_1393_47	0	1	0.922408	0.998449	0.016850	0.001265
31	LdDocent_Contig_1393_47	1	2	0.077592	0.001551	0.016850	0.001265
32	LdDocent_Contig_93096_400	0	1	0.946787	0.999527	0.014665	0.000668
32	LdDocent_Contig_93096_400	1	2	0.053213	0.000473	0.014665	0.000668
33	LdDocent_Contig_6190_463	0	1	0.997520	0.992494	0.003498	0.002564
33	LdDocent_Contig_6190_463	1	2	0.002480	0.007506	0.003498	0.002564
34	LdDocent_Contig_27577_415	0	1	0.997513	0.954965	0.003510	0.006384
34	LdDocent_Contig_27577_415	1	2	0.002487	0.045035	0.003510	0.006384
35	LdDocent_Contig_91572_481	0	1	0.959249	0.993403	0.012916	0.002577
35	LdDocent_Contig_91572_481	1	2	0.040751	0.006597	0.012916	0.002577
36	LdDocent_Contig_659_73	0	1	0.998021	0.993336	0.002788	0.002423
36	LdDocent_Contig_659_73	1	2	0.001979	0.006664	0.002788	0.002423
37	LdDocent_Contig_56310_109	0	1	0.993718	0.914888	0.005098	0.008290
37	LdDocent_Contig_56310_109	1	2	0.006282	0.085112	0.005098	0.008290
38	LdDocent_Contig_5854_133	0	2	0.997870	0.926906	0.003009	0.008138
38	LdDocent_Contig_5854_133	1	1	0.002130	0.073094	0.003009	0.008138
39	LdDocent_Contig_1312_462	0	1	0.997800	0.982316	0.003104	0.004076
39	LdDocent_Contig_1312_462	1	2	0.002200	0.017684	0.003104	0.004076
40	LdDocent_Contig_2901_428	0	1	0.978057	0.997274	0.009910	0.001682
40	LdDocent_Contig_2901_428	1	2	0.021943	0.002726	0.009910	0.001682
41	LdDocent_Contig_2571_8	0	1	0.997875	0.986253	0.002999	0.003583
41	LdDocent_Contig_2571_8	1	2	0.002125	0.013747	0.002999	0.003583
42	LdDocent_Contig_86476_29	0	1	0.997749	0.992568	0.003168	0.002700
42	LdDocent_Contig_86476_29	1	2	0.002251	0.007432	0.003168	0.002700
43	LdDocent_Contig_3129_483	0	1	0.992953	0.853625	0.005732	0.011237
43	LdDocent_Contig_3129_483	1	2	0.007047	0.146375	0.005732	0.011237
44	LdDocent_Contig_24307_137	0	1	0.653236	0.713552	0.028918	0.012923
44	LdDocent_Contig_24307_137	1	2	0.346764	0.286448	0.028918	0.012923
45	LdDocent_Contig_1745_380	0	1	0.997883	0.949154	0.002970	0.006646
45	LdDocent_Contig_1745_380	1	2	0.002117	0.050846	0.002970	0.006646
46	LdDocent_Contig_2341_410	0	1	0.997658	0.992230	0.003298	0.002825
46	LdDocent_Contig_2341_410	1	2	0.002342	0.007770	0.003298	0.002825
47	LdDocent_Contig_86535_357	0	1	0.997831	0.979925	0.003055	0.004283
47	LdDocent_Contig_86535_357	1	2	0.002169	0.020075	0.003055	0.004283
48	LdDocent_Contig_7978_19	0	1	0.997947	0.980988	0.002900	0.004059
48	LdDocent_Contig_7978_19	1	2	0.002053	0.019012	0.002900	0.004059
49	LdDocent_Contig_1284_68	0	1	0.998008	0.990994	0.002808	0.002907
49	LdDocent_Contig_1284_68	1	2	0.001992	0.009006	0.002808	0.002907
50	LdDocent_Contig_14813_337	0	1	0.997856	0.974927	0.003022	0.004998
50	LdDocent_Contig_14813_337	1	2	0.002144	0.025073	0.003022	0.004998
51	LdDocent_Contig_1885_127	0	1	0.960235	0.482473	0.011997	0.014745
51	LdDocent_Contig_1885_127	1	2	0.039765	0.517527	0.011997	0.014745
52	LdDocent_Contig_84063_14	0	1	0.995769	0.991723	0.005609	0.002773
52	LdDocent_Contig_84063_14	1	2	0.004231	0.008277	0.005609	0.002773
53	LdDocent_Contig_11840_426	0	1	0.968357	0.999522	0.011366	0.000677
53	LdDocent_Contig_11840_426	1	2	0.031643	0.000478	0.011366	0.000677
54	LdDocent_Contig_1770_106	0	1	0.990286	0.858542	0.006114	0.010409
54	LdDocent_Contig_1770_106	1	2	0.009714	0.141458	0.006114	0.010409
55	LdDocent_Contig_95222_129	0	1	0.153182	0.248581	0.024277	0.013247
55	LdDocent_Contig_95222_129	1	2	0.846818	0.751419	0.024277	0.013247
56	LdDocent_Contig_19_433	0	1	0.998045	0.984063	0.002758	0.003678
56	LdDocent_Contig_19_433	1	2	0.001955	0.015937	0.002758	0.003678
57	LdDocent_Contig_20798_104	0	1	0.997945	0.990314	0.002900	0.002975
57	LdDocent_Contig_20798_104	1	2	0.002055	0.009686	0.002900	0.002975
58	LdDocent_Contig_55029_69	0	1	0.994026	0.993134	0.004850	0.002494
58	LdDocent_Contig_55029_69	1	2	0.005974	0.006866	0.004850	0.002494
59	LdDocent_Contig_2059_130	0	1	0.997814	0.992637	0.003078	0.002676
59	LdDocent_Contig_2059_130	1	2	0.002186	0.007363	0.003078	0.002676
60	LdDocent_Contig_1050_136	0	1	0.998094	0.991047	0.002684	0.002750
60	LdDocent_Contig_1050_136	1	2	0.001906	0.008953	0.002684	0.002750
61	LdDocent_Contig_3068_143	0	1	0.998115	0.962594	0.002658	0.005560
61	LdDocent_Contig_3068_143	1	2	0.001885	0.037406	0.002658	0.005560
62	LdDocent_Contig_172_60	0	1	0.958797	0.999539	0.012442	0.000653
62	LdDocent_Contig_172_60	1	2	0.041203	0.000461	0.012442	0.000653
63	LdDocent_Contig_7999_435	0	1	0.937996	0.998498	0.015777	0.001227
63	LdDocent_Contig_7999_435	1	2	0.062004	0.001502	0.015777	0.001227
64	LdDocent_Contig_1118_8	0	1	0.925674	0.999547	0.016598	0.000642
64	LdDocent_Contig_1118_8	1	2	0.074326	0.000453	0.016598	0.000642
65	LdDocent_Contig_22232_67	0	1	0.966455	0.999499	0.012012	0.000709
65	LdDocent_Contig_22232_67	1	2	0.033545	0.000501	0.012012	0.000709
66	LdDocent_Contig_551_82	0	1	0.962969	0.999511	0.012421	0.000692
66	LdDocent_Contig_551_82	1	2	0.037031	0.000489	0.012421	0.000692
67	LdDocent_Contig_93959_359	0	1	0.993443	0.981188	0.005320	0.004215
67	LdDocent_Contig_93959_359	1	2	0.006557	0.018812	0.005320	0.004215
68	LdDocent_Contig_3220_368	0	1	0.961818	0.998564	0.012828	0.001173
68	LdDocent_Contig_3220_368	1	2	0.038182	0.001436	0.012828	0.001173
69	LdDocent_Contig_754_488	0	1	0.956796	0.999543	0.013011	0.000646
69	LdDocent_Contig_754_488	1	2	0.043204	0.000457	0.013011	0.000646
70	LdDocent_Contig_7979_42	0	1	0.960244	0.999529	0.012622	0.000665
70	LdDocent_Contig_7979_42	1	2	0.039756	0.000471	0.012622	0.000665
71	LdDocent_Contig_232_19	0	1	0.945274	0.998695	0.013956	0.001064
71	LdDocent_Contig_232_19	1	2	0.054726	0.001305	0.013956	0.001064
72	LdDocent_Contig_3461_11	0	1	0.993814	0.972862	0.005019	0.004932
72	LdDocent_Contig_3461_11	1	2	0.006186	0.027138	0.005019	0.004932
73	LdDocent_Contig_24469_51	0	1	0.997237	0.992715	0.003894	0.002648
73	LdDocent_Contig_24469_51	1	2	0.002763	0.007285	0.003894	0.002648
74	LdDocent_Contig_5606_401	0	1	0.982690	0.924544	0.009144	0.008248
74	LdDocent_Contig_5606_401	1	2	0.017310	0.075456	0.009144	0.008248
75	LdDocent_Contig_61302_456	0	1	0.866355	0.997685	0.021854	0.001542
75	LdDocent_Contig_61302_456	1	2	0.133645	0.002315	0.021854	0.001542
76	LdDocent_Contig_1236_34	0	1	0.993721	0.991000	0.008796	0.002762
76	LdDocent_Contig_1236_34	1	2	0.006279	0.009000	0.008796	0.002762
77	LdDocent_Contig_64504_37	0	1	0.997944	0.965968	0.002898	0.005866
77	LdDocent_Contig_64504_37	1	2	0.002056	0.034032	0.002898	0.005866
78	LdDocent_Contig_52702_107	0	1	0.997772	0.991358	0.003142	0.002948
78	LdDocent_Contig_52702_107	1	2	0.002228	0.008642	0.003142	0.002948
79	LdDocent_Contig_2523_454	0	1	0.998024	0.993383	0.002787	0.002404
79	LdDocent_Contig_2523_454	1	2	0.001976	0.006617	0.002787	0.002404
80	LdDocent_Contig_672_99	0	1	0.943586	0.999556	0.014354	0.000627
80	LdDocent_Contig_672_99	1	2	0.056414	0.000444	0.014354	0.000627
81	LdDocent_Contig_85118_145	0	1	0.584551	0.971880	0.066710	0.004916
81	LdDocent_Contig_85118_145	1	2	0.415449	0.028120	0.066710	0.004916
82	LdDocent_Contig_52407_95	0	1	0.996802	0.944887	0.004488	0.006892
82	LdDocent_Contig_52407_95	1	2	0.003198	0.055113	0.004488	0.006892
83	LdDocent_Contig_83599_135	0	1	0.997723	0.984963	0.003201	0.003678
83	LdDocent_Contig_83599_135	1	2	0.002277	0.015037	0.003201	0.003678
84	LdDocent_Contig_27474_401	0	1	0.997696	0.986177	0.003252	0.003602
84	LdDocent_Contig_27474_401	1	2	0.002304	0.013823	0.003252	0.003602
85	LdDocent_Contig_1814_354	0	1	0.961133	0.999492	0.012392	0.000716
85	LdDocent_Contig_1814_354	1	2	0.038867	0.000508	0.012392	0.000716
86	LdDocent_Contig_50075_322	0	1	0.236339	0.697159	0.027190	0.014243
86	LdDocent_Contig_50075_322	1	2	0.763661	0.302841	0.027190	0.014243
87	LdDocent_Contig_930_502	0	1	0.994715	0.983812	0.005034	0.003940
87	LdDocent_Contig_930_502	1	2	0.005285	0.016188	0.005034	0.003940
88	LdDocent_Contig_90843_36	0	1	0.936628	0.999509	0.016061	0.000693
88	LdDocent_Contig_90843_36	1	2	0.063372	0.000491	0.016061	0.000693
89	LdDocent_Contig_2450_30	0	1	0.997620	0.982830	0.003335	0.004085
89	LdDocent_Contig_2450_30	1	2	0.002380	0.017170	0.003335	0.004085
90	LdDocent_Contig_74588_389	0	1	0.997675	0.987411	0.003281	0.003538
90	LdDocent_Contig_74588_389	1	2	0.002325	0.012589	0.003281	0.003538
91	LdDocent_Contig_60726_107	0	1	0.998056	0.984415	0.002741	0.003697
91	LdDocent_Contig_60726_107	1	2	0.001944	0.015585	0.002741	0.003697
92	LdDocent_Contig_2423_24	0	1	0.991822	0.988013	0.011437	0.003242
92	LdDocent_Contig_2423_24	1	2	0.008178	0.011987	0.011437	0.003242
93	LdDocent_Contig_8080_113	0	1	0.997705	0.985380	0.003236	0.003575
93	LdDocent_Contig_8080_113	1	2	0.002295	0.014620	0.003236	0.003575
94	LdDocent_Contig_1544_499	0	1	0.997942	0.985034	0.002900	0.003656
94	LdDocent_Contig_1544_499	1	2	0.002058	0.014966	0.002900	0.003656
95	LdDocent_Contig_6076_371	0	2	0.998026	0.973968	0.002780	0.004729
95	LdDocent_Contig_6076_371	1	1	0.001974	0.026032	0.002780	0.004729
96	LdDocent_Contig_2752_8	0	1	0.997777	0.933404	0.003133	0.007895
96	LdDocent_Contig_2752_8	1	2	0.002223	0.066596	0.003133	0.007895
97	LdDocent_Contig_80753_403	0	1	0.997696	0.990675	0.003250	0.003011
97	LdDocent_Contig_80753_403	1	2	0.002304	0.009325	0.003250	0.003011
98	LdDocent_Contig_9270_28	0	1	0.997943	0.992537	0.002900	0.002551
98	LdDocent_Contig_9270_28	1	2	0.002057	0.007463	0.002900	0.002551
99	LdDocent_Contig_25628_107	0	1	0.802599	0.997500	0.025605	0.001583
99	LdDocent_Contig_25628_107	1	2	0.197401	0.002500	0.025605	0.001583
100	LdDocent_Contig_96594_137	0	1	0.993561	0.987651	0.005233	0.003342
100	LdDocent_Contig_96594_137	1	2	0.006439	0.012349	0.005233	0.003342
101	LdDocent_Contig_279_46	0	1	0.998007	0.947146	0.002804	0.006718
101	LdDocent_Contig_279_46	1	2	0.001993	0.052854	0.002804	0.006718
102	LdDocent_Contig_72512_412	0	1	0.607113	0.927575	0.031583	0.007858
102	LdDocent_Contig_72512_412	1	2	0.392887	0.072425	0.031583	0.007858
103	LdDocent_Contig_1725_44	0	1	0.910492	0.999484	0.019313	0.000728
103	LdDocent_Contig_1725_44	1	2	0.089508	0.000516	0.019313	0.000728
104	LdDocent_Contig_6436_40	0	1	0.994744	0.994052	0.007374	0.002326
104	LdDocent_Contig_6436_40	1	2	0.005256	0.005948	0.007374	0.002326
105	LdDocent_Contig_74515_487	0	1	0.997645	0.896138	0.003322	0.009654
105	LdDocent_Contig_74515_487	1	2	0.002355	0.103862	0.003322	0.009654
106	LdDocent_Contig_839_379	0	1	0.997841	0.989184	0.003039	0.003170
106	LdDocent_Contig_839_379	1	2	0.002159	0.010816	0.003039	0.003170
107	LdDocent_Contig_6932_24	0	1	0.001837	0.530741	0.002593	0.014106
107	LdDocent_Contig_6932_24	1	2	0.998163	0.469259	0.002593	0.014106
108	LdDocent_Contig_91295_443	0	1	0.939584	0.998459	0.016537	0.001257
108	LdDocent_Contig_91295_443	1	2	0.060416	0.001541	0.016537	0.001257
109	LdDocent_Contig_32724_331	0	1	0.997256	0.935676	0.003776	0.007584
109	LdDocent_Contig_32724_331	1	2	0.002744	0.064324	0.003776	0.007584
110	LdDocent_Contig_65369_74	0	2	0.997973	0.500826	0.002856	0.014970
110	LdDocent_Contig_65369_74	1	1	0.002027	0.499174	0.002856	0.014970
111	LdDocent_Contig_20556_416	0	1	0.989631	0.972348	0.006511	0.004932
111	LdDocent_Contig_20556_416	1	2	0.010369	0.027652	0.006511	0.004932
112	LdDocent_Contig_77008_93	0	1	0.875923	0.999584	0.030401	0.000588
112	LdDocent_Contig_77008_93	1	2	0.124077	0.000416	0.030401	0.000588
113	LdDocent_Contig_3748_382	0	1	0.997838	0.987485	0.003046	0.003385
113	LdDocent_Contig_3748_382	1	2	0.002162	0.012515	0.003046	0.003385
114	LdDocent_Contig_96151_9	0	1	0.997899	0.967385	0.002960	0.005242
114	LdDocent_Contig_96151_9	1	2	0.002101	0.032615	0.002960	0.005242
115	LdDocent_Contig_254_411	0	1	0.002020	0.992571	0.002847	0.002732
115	LdDocent_Contig_254_411	1	2	0.997980	0.007429	0.002847	0.002732
116	LdDocent_Contig_569_458	0	2	0.002319	0.189898	0.003265	0.012189
116	LdDocent_Contig_569_458	1	1	0.997681	0.810102	0.003265	0.012189
117	LdDocent_Contig_7115_489	0	1	0.997757	0.984421	0.003160	0.003926
117	LdDocent_Contig_7115_489	1	2	0.002243	0.015579	0.003160	0.003926
118	LdDocent_Contig_9284_72	0	1	0.997592	0.983639	0.003374	0.003887
118	LdDocent_Contig_9284_72	1	2	0.002408	0.016361	0.003374	0.003887
119	LdDocent_Contig_91285_26	0	1	0.997942	0.988128	0.002901	0.003338
119	LdDocent_Contig_91285_26	1	2	0.002058	0.011872	0.002901	0.003338
120	LdDocent_Contig_1935_91	0	1	0.997860	0.959575	0.003006	0.005810
120	LdDocent_Contig_1935_91	1	2	0.002140	0.040425	0.003006	0.005810
121	LdDocent_Contig_89276_141	0	1	0.964819	0.964656	0.012109	0.005857
121	LdDocent_Contig_89276_141	1	2	0.035181	0.035344	0.012109	0.005857
122	LdDocent_Contig_37048_15	0	1	0.670334	0.913584	0.030514	0.008574
122	LdDocent_Contig_37048_15	1	2	0.329666	0.086416	0.030514	0.008574
123	LdDocent_Contig_32665_23	0	1	0.994304	0.949678	0.004632	0.006646
123	LdDocent_Contig_32665_23	1	2	0.005696	0.050322	0.004632	0.006646
124	LdDocent_Contig_5914_361	0	1	0.997637	0.946940	0.003325	0.006935
124	LdDocent_Contig_5914_361	1	2	0.002363	0.053060	0.003325	0.006935
125	LdDocent_Contig_72874_463	0	1	0.990208	0.991815	0.013641	0.002643
125	LdDocent_Contig_72874_463	1	2	0.009792	0.008185	0.013641	0.002643
126	LdDocent_Contig_6034_478	0	1	0.992530	0.827926	0.006065	0.011640
126	LdDocent_Contig_6034_478	1	2	0.007470	0.172074	0.006065	0.011640
127	LdDocent_Contig_1503_489	0	1	0.918235	0.999559	0.020522	0.000622
127	LdDocent_Contig_1503_489	1	2	0.081765	0.000441	0.020522	0.000622
128	LdDocent_Contig_63017_408	0	1	0.998036	0.904256	0.002774	0.008773
128	LdDocent_Contig_63017_408	1	2	0.001964	0.095744	0.002774	0.008773
129	LdDocent_Contig_2003_49	0	1	0.760351	0.999495	0.029111	0.000713
129	LdDocent_Contig_2003_49	1	2	0.239649	0.000505	0.029111	0.000713
130	LdDocent_Contig_9871_137	0	1	0.997805	0.984566	0.003080	0.003664
130	LdDocent_Contig_9871_137	1	2	0.002195	0.015434	0.003080	0.003664
131	LdDocent_Contig_1762_432	0	1	0.997765	0.983767	0.003147	0.003962
131	LdDocent_Contig_1762_432	1	2	0.002235	0.016233	0.003147	0.003962
132	LdDocent_Contig_68384_345	0	2	0.954167	0.933222	0.017359	0.007610
132	LdDocent_Contig_68384_345	1	1	0.045833	0.066778	0.017359	0.007610
133	LdDocent_Contig_65043_38	0	1	0.997927	0.992812	0.002928	0.002613
133	LdDocent_Contig_65043_38	1	2	0.002073	0.007188	0.002928	0.002613
134	LdDocent_Contig_1027_402	0	1	0.998057	0.981473	0.002743	0.003960
134	LdDocent_Contig_1027_402	1	2	0.001943	0.018527	0.002743	0.003960
135	LdDocent_Contig_16527_454	0	1	0.977302	0.920819	0.009533	0.008410
135	LdDocent_Contig_16527_454	1	2	0.022698	0.079181	0.009533	0.008410
136	LdDocent_Contig_1252_438	0	1	0.006262	0.633407	0.005079	0.014216
136	LdDocent_Contig_1252_438	1	2	0.993738	0.366593	0.005079	0.014216
137	LdDocent_Contig_96750_119	0	1	0.025983	0.997570	0.010078	0.001510
137	LdDocent_Contig_96750_119	1	2	0.974017	0.002430	0.010078	0.001510
138	LdDocent_Contig_1305_432	0	1	0.036178	0.996638	0.012575	0.001854
138	LdDocent_Contig_1305_432	1	2	0.963822	0.003362	0.012575	0.001854
139	LdDocent_Contig_64711_370	0	1	0.971842	0.998460	0.010867	0.001255
139	LdDocent_Contig_64711_370	1	2	0.028158	0.001540	0.010867	0.001255
140	LdDocent_Contig_67620_119	0	1	0.997730	0.985329	0.003211	0.003823
140	LdDocent_Contig_67620_119	1	2	0.002270	0.014671	0.003211	0.003823
141	LdDocent_Contig_236_21	0	1	0.998007	0.982289	0.002807	0.003975
141	LdDocent_Contig_236_21	1	2	0.001993	0.017711	0.002807	0.003975
142	LdDocent_Contig_26350_349	0	1	0.408235	0.462623	0.031561	0.015554
142	LdDocent_Contig_26350_349	1	2	0.591765	0.537377	0.031561	0.015554
143	LdDocent_Contig_954_459	0	1	0.997909	0.991065	0.002951	0.002886
143	LdDocent_Contig_954_459	1	2	0.002091	0.008935	0.002951	0.002886
144	LdDocent_Contig_2705_470	0	2	0.995069	0.202558	0.004995	0.012269
144	LdDocent_Contig_2705_470	1	1	0.004931	0.797442	0.004995	0.012269
145	LdDocent_Contig_26396_434	0	1	0.997872	0.935305	0.002998	0.007393
145	LdDocent_Contig_26396_434	1	2	0.002128	0.064695	0.002998	0.007393
146	LdDocent_Contig_36845_431	0	1	0.997898	0.886088	0.002964	0.010160
146	LdDocent_Contig_36845_431	1	2	0.002102	0.113912	0.002964	0.010160
147	LdDocent_Contig_3016_389	0	1	0.977573	0.993345	0.017979	0.002423
147	LdDocent_Contig_3016_389	1	2	0.022427	0.006655	0.017979	0.002423
148	LdDocent_Contig_27161_35	0	1	0.993232	0.900285	0.005486	0.009387
148	LdDocent_Contig_27161_35	1	2	0.006768	0.099715	0.005486	0.009387
149	LdDocent_Contig_6351_135	0	1	0.997780	0.992969	0.003129	0.002403
149	LdDocent_Contig_6351_135	1	2	0.002220	0.007031	0.003129	0.002403
150	LdDocent_Contig_73960_330	0	1	0.997926	0.986761	0.002928	0.003454
150	LdDocent_Contig_73960_330	1	2	0.002074	0.013239	0.002928	0.003454
151	LdDocent_Contig_158_365	0	1	0.966932	0.999513	0.011201	0.000684
151	LdDocent_Contig_158_365	1	2	0.033068	0.000487	0.011201	0.000684
152	LdDocent_Contig_3283_367	0	1	0.988045	0.989423	0.007494	0.003243
152	LdDocent_Contig_3283_367	1	2	0.011955	0.010577	0.007494	0.003243
153	LdDocent_Contig_64588_406	0	1	0.997665	0.989538	0.003256	0.003082
153	LdDocent_Contig_64588_406	1	2	0.002335	0.010462	0.003256	0.003082
154	LdDocent_Contig_15645_331	0	1	0.998023	0.985713	0.002789	0.003598
154	LdDocent_Contig_15645_331	1	2	0.001977	0.014287	0.002789	0.003598
155	LdDocent_Contig_18829_417	0	1	0.997869	0.987497	0.003017	0.003382
155	LdDocent_Contig_18829_417	1	2	0.002131	0.012503	0.003017	0.003382
156	LdDocent_Contig_11501_28	0	1	0.997776	0.991444	0.003134	0.002921
156	LdDocent_Contig_11501_28	1	2	0.002224	0.008556	0.003134	0.002921
157	LdDocent_Contig_221_86	0	1	0.997817	0.973602	0.003046	0.004731
157	LdDocent_Contig_221_86	1	2	0.002183	0.026398	0.003046	0.004731
158	LdDocent_Contig_34118_98	0	1	0.998027	0.976794	0.002778	0.004540
158	LdDocent_Contig_34118_98	1	2	0.001973	0.023206	0.002778	0.004540
159	LdDocent_Contig_9214_428	0	1	0.992181	0.756857	0.006386	0.013280
159	LdDocent_Contig_9214_428	1	2	0.007819	0.243143	0.006386	0.013280
160	LdDocent_Contig_85847_414	0	1	0.997819	0.991645	0.003072	0.002854
160	LdDocent_Contig_85847_414	1	2	0.002181	0.008355	0.003072	0.002854
161	LdDocent_Contig_24277_98	0	1	0.965289	0.996776	0.011277	0.001704
161	LdDocent_Contig_24277_98	1	2	0.034711	0.003224	0.011277	0.001704
162	LdDocent_Contig_8239_413	0	1	0.997776	0.991284	0.003134	0.002976
162	LdDocent_Contig_8239_413	1	2	0.002224	0.008716	0.003134	0.002976
163	LdDocent_Contig_1337_22	0	1	0.997840	0.962744	0.003042	0.005819
163	LdDocent_Contig_1337_22	1	2	0.002160	0.037256	0.003042	0.005819
164	LdDocent_Contig_13979_139	0	1	0.976064	0.870515	0.011125	0.010450
164	LdDocent_Contig_13979_139	1	2	0.023936	0.129485	0.011125	0.010450
165	LdDocent_Contig_10659_140	0	1	0.059976	0.954912	0.016710	0.006516
165	LdDocent_Contig_10659_140	1	2	0.940024	0.045088	0.016710	0.006516
166	LdDocent_Contig_295_343	0	1	0.997878	0.981409	0.002998	0.004172
166	LdDocent_Contig_295_343	1	2	0.002122	0.018591	0.002998	0.004172
167	LdDocent_Contig_35141_327	0	1	0.997720	0.967500	0.003211	0.005287
167	LdDocent_Contig_35141_327	1	2	0.002280	0.032500	0.003211	0.005287
168	LdDocent_Contig_93275_493	0	1	0.996152	0.987560	0.005072	0.003576
168	LdDocent_Contig_93275_493	1	2	0.003848	0.012440	0.005072	0.003576
169	LdDocent_Contig_2258_368	0	1	0.997755	0.987807	0.003170	0.003424
169	LdDocent_Contig_2258_368	1	2	0.002245	0.012193	0.003170	0.003424
170	LdDocent_Contig_1260_354	0	1	0.472288	0.905222	0.032067	0.008803
170	LdDocent_Contig_1260_354	1	2	0.527712	0.094778	0.032067	0.008803
171	LdDocent_Contig_10633_334	0	1	0.997956	0.948751	0.002873	0.006526
171	LdDocent_Contig_10633_334	1	2	0.002044	0.051249	0.002873	0.006526
172	LdDocent_Contig_95907_365	0	1	0.998060	0.971764	0.002740	0.004881
172	LdDocent_Contig_95907_365	1	2	0.001940	0.028236	0.002740	0.004881
173	LdDocent_Contig_6152_64	0	1	0.997909	0.789984	0.002948	0.012251
173	LdDocent_Contig_6152_64	1	2	0.002091	0.210016	0.002948	0.012251
174	LdDocent_Contig_88680_448	0	1	0.997432	0.986756	0.003620	0.003456
174	LdDocent_Contig_88680_448	1	2	0.002568	0.013244	0.003620	0.003456
175	LdDocent_Contig_51647_124	0	1	0.998033	0.992595	0.002774	0.002529
175	LdDocent_Contig_51647_124	1	2	0.001967	0.007405	0.002774	0.002529
176	LdDocent_Contig_62593_144	0	1	0.993366	0.896894	0.005408	0.009372
176	LdDocent_Contig_62593_144	1	2	0.006634	0.103106	0.005408	0.009372
177	LdDocent_Contig_20299_482	0	1	0.937998	0.983045	0.027293	0.003884
177	LdDocent_Contig_20299_482	1	2	0.062002	0.016955	0.027293	0.003884
178	LdDocent_Contig_96122_73	0	1	0.997794	0.973629	0.003105	0.005155
178	LdDocent_Contig_96122_73	1	2	0.002206	0.026371	0.003105	0.005155
179	LdDocent_Contig_528_15	0	1	0.963381	0.999556	0.013092	0.000626
179	LdDocent_Contig_528_15	1	2	0.036619	0.000444	0.013092	0.000626
180	LdDocent_Contig_1253_103	0	1	0.998075	0.989840	0.002716	0.002977
180	LdDocent_Contig_1253_103	1	2	0.001925	0.010160	0.002716	0.002977
181	LdDocent_Contig_27270_67	0	1	0.997786	0.960958	0.003100	0.006256
181	LdDocent_Contig_27270_67	1	2	0.002214	0.039042	0.003100	0.006256
182	LdDocent_Contig_31023_420	0	1	0.968074	0.999529	0.011424	0.000665
182	LdDocent_Contig_31023_420	1	2	0.031926	0.000471	0.011424	0.000665
183	LdDocent_Contig_6451_52	0	1	0.963440	0.998499	0.012268	0.001222
183	LdDocent_Contig_6451_52	1	2	0.036560	0.001501	0.012268	0.001222
184	LdDocent_Contig_37469_445	0	1	0.025361	0.998662	0.010823	0.001108
184	LdDocent_Contig_37469_445	1	2	0.974639	0.001338	0.010823	0.001108
185	LdDocent_Contig_5818_139	0	1	0.927999	0.998595	0.016548	0.001144
185	LdDocent_Contig_5818_139	1	2	0.072001	0.001405	0.016548	0.001144
186	LdDocent_Contig_11514_142	0	1	0.501920	0.998515	0.033070	0.001211
186	LdDocent_Contig_11514_142	1	2	0.498080	0.001485	0.033070	0.001211
187	LdDocent_Contig_13051_144	0	1	0.997610	0.972449	0.003333	0.004849
187	LdDocent_Contig_13051_144	1	2	0.002390	0.027551	0.003333	0.004849
188	LdDocent_Contig_88673_390	0	1	0.997867	0.991424	0.003009	0.002929
188	LdDocent_Contig_88673_390	1	2	0.002133	0.008576	0.003009	0.002929
189	LdDocent_Contig_15667_369	0	1	0.980331	0.993026	0.009161	0.002535
189	LdDocent_Contig_15667_369	1	2	0.019669	0.006974	0.009161	0.002535
190	LdDocent_Contig_93511_376	0	1	0.952051	0.998540	0.013822	0.001189
190	LdDocent_Contig_93511_376	1	2	0.047949	0.001460	0.013822	0.001189
191	LdDocent_Contig_88746_60	0	1	0.994525	0.846611	0.004449	0.010381
191	LdDocent_Contig_88746_60	1	2	0.005475	0.153389	0.004449	0.010381
192	LdDocent_Contig_87019_120	0	1	0.997529	0.990338	0.003447	0.003143
192	LdDocent_Contig_87019_120	1	2	0.002471	0.009662	0.003447	0.003143
193	LdDocent_Contig_72187_88	0	1	0.186413	0.997814	0.025211	0.001605
193	LdDocent_Contig_72187_88	1	2	0.813587	0.002186	0.025211	0.001605
194	LdDocent_Contig_74479_108	0	1	0.997563	0.918148	0.003409	0.008543
194	LdDocent_Contig_74479_108	1	2	0.002437	0.081852	0.003409	0.008543
195	LdDocent_Contig_26523_388	0	1	0.990678	0.957020	0.007149	0.006156
195	LdDocent_Contig_26523_388	1	2	0.009322	0.042980	0.007149	0.006156
196	LdDocent_Contig_1186_486	0	1	0.997692	0.991531	0.003254	0.002893
196	LdDocent_Contig_1186_486	1	2	0.002308	0.008469	0.003254	0.002893
197	LdDocent_Contig_5794_7	0	1	0.997990	0.991688	0.002836	0.002685
197	LdDocent_Contig_5794_7	1	2	0.002010	0.008312	0.002836	0.002685
198	LdDocent_Contig_292_140	0	1	0.993375	0.874436	0.005414	0.010166
198	LdDocent_Contig_292_140	1	2	0.006625	0.125564	0.005414	0.010166
199	LdDocent_Contig_84276_95	0	1	0.997923	0.992192	0.002931	0.002668
199	LdDocent_Contig_84276_95	1	2	0.002077	0.007808	0.002931	0.002668
