780601_sweeps	1.000/0.000/0.000/0.000	0.000/0.000/0.000/1.000	0.000/0.500/0.500/0.000	0.250/0.250/0.250/0.250	0.500/0.250/0.250/0.000	0.000/0.250/0.250/0.500
1	0.00000	0.99999	0.00000	0.00000	0.00000	0.00001
2	0.00000	0.98787	0.00000	0.00000	0.00000	0.01213
3	0.00000	0.99999	0.00000	0.00000	0.00000	0.00001
4	0.00000	0.95366	0.00000	0.00166	0.00000	0.04468
5	0.00000	0.99999	0.00000	0.00000	0.00000	0.00001
6	0.00000	0.99946	0.00000	0.00000	0.00000	0.00054
7	0.00000	0.95059	0.00000	0.00000	0.00000	0.04941
8	0.00000	0.99996	0.00000	0.00000	0.00000	0.00004
9	0.00000	1.00000	0.00000	0.00000	0.00000	0.00000
10	0.00000	0.00000	0.00003	0.00494	0.99503	0.00000
11	1.00000	0.00000	0.00000	0.00000	0.00000	0.00000
12	0.00000	0.28280	0.00000	0.03436	0.00000	0.68283
13	0.00000	0.99998	0.00000	0.00000	0.00000	0.00002
14	0.00000	0.99998	0.00000	0.00000	0.00000	0.00002
15	0.00000	0.99998	0.00000	0.00000	0.00000	0.00002
16	0.00000	0.99486	0.00000	0.00002	0.00000	0.00512
17	0.99684	0.00000	0.00000	0.00000	0.00316	0.00000
18	0.87575	0.00000	0.00001	0.01392	0.11032	0.00000
19	0.00000	0.95727	0.00000	0.00160	0.00000	0.04113
20	1.00000	0.00000	0.00000	0.00000	0.00000	0.00000
21	0.00000	0.77015	0.00103	0.04434	0.00025	0.18423
22	0.00000	0.99974	0.00000	0.00000	0.00000	0.00026
23	0.99774	0.00000	0.00000	0.00000	0.00225	0.00000
24	0.99995	0.00000	0.00000	0.00000	0.00005	0.00000
25	0.99999	0.00000	0.00000	0.00000	0.00001	0.00000
26	0.00000	0.99999	0.00000	0.00000	0.00000	0.00001
27	0.00000	1.00000	0.00000	0.00000	0.00000	0.00000
28	0.00000	0.98628	0.00000	0.00000	0.00000	0.01372
29	0.00000	1.00000	0.00000	0.00000	0.00000	0.00000
30	1.00000	0.00000	0.00000	0.00000	0.00000	0.00000
31	0.99998	0.00000	0.00000	0.00000	0.00002	0.00000
32	0.00000	0.99614	0.00000	0.00001	0.00000	0.00385
33	0.99994	0.00000	0.00000	0.00000	0.00006	0.00000
34	0.00000	0.74058	0.00004	0.05591	0.00001	0.20346
35	0.00000	0.97631	0.00000	0.00055	0.00000	0.02314
36	0.00000	0.99981	0.00000	0.00000	0.00000	0.00019
37	0.99994	0.00000	0.00000	0.00000	0.00006	0.00000
38	0.99999	0.00000	0.00000	0.00000	0.00001	0.00000
39	0.00000	0.99999	0.00000	0.00000	0.00000	0.00001
40	0.00000	0.99998	0.00000	0.00000	0.00000	0.00002
41	0.00000	1.00000	0.00000	0.00000	0.00000	0.00000
42	0.00000	0.99997	0.00000	0.00000	0.00000	0.00003
43	0.24142	0.00000	0.00000	0.00000	0.75857	0.00000
44	0.00000	0.99993	0.00000	0.00000	0.00000	0.00007
45	0.99996	0.00000	0.00000	0.00000	0.00004	0.00000
46	0.00000	0.99585	0.00000	0.00000	0.00000	0.00415
47	0.00000	0.36610	0.00000	0.00009	0.00000	0.63382
48	0.99998	0.00000	0.00000	0.00000	0.00002	0.00000
49	0.99995	0.00000	0.00000	0.00000	0.00005	0.00000
50	0.00000	0.99595	0.00000	0.00002	0.00000	0.00403
51	0.00000	0.99999	0.00000	0.00000	0.00000	0.00001
52	0.00000	0.99997	0.00000	0.00000	0.00000	0.00003
53	0.96880	0.00000	0.00000	0.00002	0.03118	0.00000
54	0.00000	0.99998	0.00000	0.00000	0.00000	0.00002
55	0.00000	0.99999	0.00000	0.00000	0.00000	0.00001
56	0.85536	0.00000	0.00000	0.02010	0.12454	0.00000
57	0.00000	0.99999	0.00000	0.00000	0.00000	0.00001
58	0.00000	1.00000	0.00000	0.00000	0.00000	0.00000
59	0.00000	0.99966	0.00000	0.00000	0.00000	0.00034
60	0.00000	0.99998	0.00000	0.00000	0.00000	0.00002
61	0.00000	1.00000	0.00000	0.00000	0.00000	0.00000
62	0.00000	1.00000	0.00000	0.00000	0.00000	0.00000
63	0.00000	0.99997	0.00000	0.00000	0.00000	0.00003
64	0.00000	0.99992	0.00000	0.00000	0.00000	0.00008
65	0.00000	0.99991	0.00000	0.00000	0.00000	0.00009
66	0.99984	0.00000	0.00000	0.00000	0.00016	0.00000
67	0.00000	0.99939	0.00000	0.00000	0.00000	0.00061
68	0.00000	0.99999	0.00000	0.00000	0.00000	0.00001
69	0.00000	0.83627	0.00064	0.02341	0.00011	0.13957
70	0.00000	0.99988	0.00000	0.00000	0.00000	0.00012
71	0.00000	0.99998	0.00000	0.00000	0.00000	0.00002
72	0.00000	0.99995	0.00000	0.00000	0.00000	0.00005
73	0.00000	0.99466	0.00000	0.00002	0.00000	0.00532
74	0.00000	0.99999	0.00000	0.00000	0.00000	0.00001
75	0.00000	1.00000	0.00000	0.00000	0.00000	0.00000
76	0.00000	0.99657	0.00000	0.00000	0.00000	0.00343
77	0.99956	0.00000	0.00000	0.00000	0.00044	0.00000
78	0.99998	0.00000	0.00000	0.00000	0.00002	0.00000
79	0.99899	0.00000	0.00000	0.00000	0.00101	0.00000
80	0.00000	0.99845	0.00000	0.00000	0.00000	0.00154
81	0.00000	0.51293	0.00000	0.00177	0.00000	0.48530
82	0.32538	0.00002	0.00220	0.33878	0.33137	0.00225
83	1.00000	0.00000	0.00000	0.00000	0.00000	0.00000
84	0.00000	0.99983	0.00000	0.00000	0.00000	0.00017
85	1.00000	0.00000	0.00000	0.00000	0.00000	0.00000
86	0.98246	0.00000	0.00000	0.00000	0.01754	0.00000
87	0.00000	0.99897	0.00000	0.00000	0.00000	0.00103
88	0.99991	0.00000	0.00000	0.00000	0.00009	0.00000
89	0.00000	0.99948	0.00000	0.00000	0.00000	0.00052
90	0.00000	0.99999	0.00000	0.00000	0.00000	0.00001
91	0.99088	0.00000	0.00000	0.00008	0.00903	0.00000
92	0.00000	0.00000	0.00004	0.01583	0.00000	0.98413
93	0.00000	0.99999	0.00000	0.00000	0.00000	0.00001
94	0.96045	0.00000	0.00000	0.00102	0.03853	0.00000
95	0.00000	0.99973	0.00000	0.00000	0.00000	0.00027
96	0.00000	0.99997	0.00000	0.00000	0.00000	0.00003
97	0.99996	0.00000	0.00000	0.00000	0.00004	0.00000
98	0.00000	0.99981	0.00000	0.00000	0.00000	0.00019
99	0.00009	0.55237	0.00604	0.15028	0.00316	0.28806
100	0.00000	0.99998	0.00000	0.00000	0.00000	0.00002
101	0.00000	0.99943	0.00000	0.00000	0.00000	0.00057
102	0.00000	0.99951	0.00000	0.00000	0.00000	0.00049
103	0.00000	0.99975	0.00000	0.00000	0.00000	0.00025
104	0.00000	0.99999	0.00000	0.00000	0.00000	0.00001
105	0.00000	0.90539	0.00067	0.00842	0.00008	0.08545
106	0.00000	0.99994	0.00000	0.00000	0.00000	0.00006
107	0.00000	0.99998	0.00000	0.00000	0.00000	0.00002
108	0.99997	0.00000	0.00000	0.00000	0.00003	0.00000
109	0.00000	0.99999	0.00000	0.00000	0.00000	0.00001
110	0.00000	0.99997	0.00000	0.00000	0.00000	0.00003
111	0.00000	0.99991	0.00000	0.00000	0.00000	0.00009
112	0.99933	0.00000	0.00000	0.00000	0.00067	0.00000
113	0.99928	0.00000	0.00000	0.00000	0.00072	0.00000
114	0.00000	0.99998	0.00000	0.00000	0.00000	0.00002
115	0.00000	1.00000	0.00000	0.00000	0.00000	0.00000
116	0.74802	0.00000	0.00000	0.00015	0.25184	0.00000
117	0.00000	0.99999	0.00000	0.00000	0.00000	0.00001
118	0.99996	0.00000	0.00000	0.00000	0.00004	0.00000
119	0.99906	0.00000	0.00000	0.00000	0.00094	0.00000
120	0.00000	0.99997	0.00000	0.00000	0.00000	0.00003
121	0.00000	0.99503	0.00000	0.00000	0.00000	0.00497
122	0.00000	0.99929	0.00000	0.00000	0.00000	0.00071
123	0.06038	0.30365	0.13470	0.17160	0.10158	0.22810
124	0.00000	0.99846	0.00000	0.00000	0.00000	0.00154
125	0.00000	0.88963	0.00000	0.00885	0.00000	0.10152
126	0.00000	1.00000	0.00000	0.00000	0.00000	0.00000
127	0.00000	0.99988	0.00000	0.00000	0.00000	0.00012
128	0.00000	0.99940	0.00000	0.00000	0.00000	0.00060
129	0.00000	0.99649	0.00000	0.00001	0.00000	0.00350
130	0.00000	0.99999	0.00000	0.00000	0.00000	0.00001
131	0.99924	0.00000	0.00000	0.00000	0.00076	0.00000
132	0.00000	0.99999	0.00000	0.00000	0.00000	0.00001
133	0.00000	0.99997	0.00000	0.00000	0.00000	0.00003
134	0.00000	0.99992	0.00000	0.00000	0.00000	0.00008
135	0.00000	1.00000	0.00000	0.00000	0.00000	0.00000
136	0.00000	1.00000	0.00000	0.00000	0.00000	0.00000
137	0.00000	0.99999	0.00000	0.00000	0.00000	0.00001
138	0.99709	0.00000	0.00000	0.00001	0.00291	0.00000
139	0.99996	0.00000	0.00000	0.00000	0.00004	0.00000
140	0.99988	0.00000	0.00000	0.00000	0.00012	0.00000
141	0.99660	0.00000	0.00000	0.00000	0.00340	0.00000
142	0.99603	0.00000	0.00000	0.00000	0.00397	0.00000
143	0.00000	0.99996	0.00000	0.00000	0.00000	0.00004
144	1.00000	0.00000	0.00000	0.00000	0.00000	0.00000
145	0.99984	0.00000	0.00000	0.00000	0.00016	0.00000
146	1.00000	0.00000	0.00000	0.00000	0.00000	0.00000
147	0.98753	0.00000	0.00000	0.00010	0.01237	0.00000
148	0.99981	0.00000	0.00000	0.00000	0.00019	0.00000
149	0.99984	0.00000	0.00000	0.00000	0.00016	0.00000
150	0.99987	0.00000	0.00000	0.00000	0.00013	0.00000
151	0.00000	0.99955	0.00000	0.00000	0.00000	0.00045
152	0.08546	0.28716	0.08168	0.21329	0.09219	0.24023
153	0.00000	0.99935	0.00000	0.00000	0.00000	0.00065
154	0.00000	0.79218	0.00000	0.00002	0.00000	0.20781
155	0.00000	0.99919	0.00000	0.00000	0.00000	0.00081
156	0.00000	0.99998	0.00000	0.00000	0.00000	0.00002
157	0.00000	0.99975	0.00000	0.00000	0.00000	0.00025
158	0.00000	1.00000	0.00000	0.00000	0.00000	0.00000
159	0.00000	0.99999	0.00000	0.00000	0.00000	0.00001
160	0.00000	0.99969	0.00000	0.00000	0.00000	0.00031
161	0.00000	1.00000	0.00000	0.00000	0.00000	0.00000
162	0.92327	0.00000	0.00000	0.00000	0.07672	0.00000
163	0.00000	0.99996	0.00000	0.00000	0.00000	0.00004
164	0.00000	0.99998	0.00000	0.00000	0.00000	0.00002
165	0.00000	0.98978	0.00000	0.00011	0.00000	0.01011
166	0.99990	0.00000	0.00000	0.00000	0.00010	0.00000
167	0.99963	0.00000	0.00000	0.00000	0.00037	0.00000
168	0.95344	0.00000	0.00000	0.00057	0.04598	0.00000
169	0.00000	0.99997	0.00000	0.00000	0.00000	0.00003
170	0.00000	0.99940	0.00000	0.00000	0.00000	0.00060
171	0.00000	0.99997	0.00000	0.00000	0.00000	0.00003
172	0.00000	1.00000	0.00000	0.00000	0.00000	0.00000
173	0.99964	0.00000	0.00000	0.00000	0.00036	0.00000
174	0.00000	0.99999	0.00000	0.00000	0.00000	0.00001
175	0.00000	0.99807	0.00000	0.00000	0.00000	0.00193
176	0.00000	0.99999	0.00000	0.00000	0.00000	0.00001
177	0.00000	0.99999	0.00000	0.00000	0.00000	0.00001
178	1.00000	0.00000	0.00000	0.00000	0.00000	0.00000
179	0.99985	0.00000	0.00000	0.00000	0.00015	0.00000
180	0.00000	0.99828	0.00000	0.00000	0.00000	0.00172
181	0.00000	0.99991	0.00000	0.00000	0.00000	0.00009
182	0.99483	0.00000	0.00000	0.00002	0.00515	0.00000
183	0.00000	0.01322	0.00000	0.00013	0.00000	0.98664
184	0.00000	0.99740	0.00000	0.00000	0.00000	0.00260
185	0.00000	0.99999	0.00000	0.00000	0.00000	0.00001
186	0.99994	0.00000	0.00000	0.00000	0.00006	0.00000
187	0.00000	0.99997	0.00000	0.00000	0.00000	0.00003
188	0.00000	0.99998	0.00000	0.00000	0.00000	0.00002
189	0.00000	0.99999	0.00000	0.00000	0.00000	0.00001
190	0.00000	0.99654	0.00000	0.00001	0.00000	0.00346
191	0.99986	0.00000	0.00000	0.00000	0.00014	0.00000
192	0.99977	0.00000	0.00000	0.00000	0.00023	0.00000
193	0.99994	0.00000	0.00000	0.00000	0.00006	0.00000
194	0.00000	0.99997	0.00000	0.00000	0.00000	0.00003
195	0.00000	0.99999	0.00000	0.00000	0.00000	0.00001
196	0.00000	0.99998	0.00000	0.00000	0.00000	0.00002
197	0.00000	0.98246	0.00000	0.00033	0.00000	0.01721
198	0.00000	1.00000	0.00000	0.00000	0.00000	0.00000
199	0.00000	0.99999	0.00000	0.00000	0.00000	0.00001
200	0.00000	0.00000	0.99992	0.00005	0.00003	0.00000
201	0.00000	0.99993	0.00000	0.00000	0.00000	0.00007
202	0.00000	0.99996	0.00000	0.00000	0.00000	0.00004
203	0.00000	0.93016	0.00000	0.00460	0.00000	0.06523
204	0.00000	0.99991	0.00000	0.00000	0.00000	0.00009
205	0.00000	1.00000	0.00000	0.00000	0.00000	0.00000
206	0.00000	1.00000	0.00000	0.00000	0.00000	0.00000
207	0.00000	1.00000	0.00000	0.00000	0.00000	0.00000
208	0.00000	1.00000	0.00000	0.00000	0.00000	0.00000
209	0.00000	0.99988	0.00000	0.00000	0.00000	0.00012
210	0.00000	0.99999	0.00000	0.00000	0.00000	0.00001
211	0.00000	0.00349	0.00000	0.00008	0.00000	0.99643
212	0.00000	0.99963	0.00000	0.00000	0.00000	0.00037
213	0.99995	0.00000	0.00000	0.00000	0.00005	0.00000
214	0.99888	0.00000	0.00000	0.00000	0.00112	0.00000
215	0.00000	0.99929	0.00000	0.00000	0.00000	0.00071
216	0.00000	0.99998	0.00000	0.00000	0.00000	0.00002
217	0.00000	0.99998	0.00000	0.00000	0.00000	0.00002
218	0.00000	0.99999	0.00000	0.00000	0.00000	0.00001
219	0.00000	0.99997	0.00000	0.00000	0.00000	0.00003
220	0.00749	0.45280	0.05696	0.17032	0.03524	0.27719
221	0.00000	0.99998	0.00000	0.00000	0.00000	0.00002
222	0.00000	0.99999	0.00000	0.00000	0.00000	0.00001
223	0.00000	0.96932	0.00000	0.00081	0.00000	0.02987
224	0.00000	1.00000	0.00000	0.00000	0.00000	0.00000
225	0.00000	0.99671	0.00000	0.00000	0.00000	0.00329
226	0.99999	0.00000	0.00000	0.00000	0.00001	0.00000
227	0.00000	0.99995	0.00000	0.00000	0.00000	0.00005
228	0.00000	0.99887	0.00000	0.00000	0.00000	0.00113
229	0.38164	0.00068	0.13379	0.15973	0.26435	0.05981
230	0.00000	0.99991	0.00000	0.00000	0.00000	0.00009
231	0.00000	1.00000	0.00000	0.00000	0.00000	0.00000
232	0.00000	0.99311	0.00000	0.00004	0.00000	0.00685
233	0.99801	0.00000	0.00000	0.00000	0.00199	0.00000
234	0.00000	0.99667	0.00000	0.00001	0.00000	0.00332
235	0.00000	0.99972	0.00000	0.00000	0.00000	0.00028
236	0.00000	0.99999	0.00000	0.00000	0.00000	0.00001
237	0.00000	0.99999	0.00000	0.00000	0.00000	0.00001
238	0.00000	0.99999	0.00000	0.00000	0.00000	0.00001
239	0.99996	0.00000	0.00000	0.00000	0.00004	0.00000
240	1.00000	0.00000	0.00000	0.00000	0.00000	0.00000
241	0.99974	0.00000	0.00000	0.00000	0.00026	0.00000
242	0.99999	0.00000	0.00000	0.00000	0.00001	0.00000
243	0.00000	0.99993	0.00000	0.00000	0.00000	0.00007
244	0.99987	0.00000	0.00000	0.00000	0.00013	0.00000
245	0.99892	0.00000	0.00000	0.00000	0.00108	0.00000
246	0.00000	0.99077	0.00000	0.00004	0.00000	0.00919
247	0.00000	0.99999	0.00000	0.00000	0.00000	0.00001
248	0.00000	0.99891	0.00000	0.00000	0.00000	0.00109
249	0.00000	1.00000	0.00000	0.00000	0.00000	0.00000
250	0.00000	0.99995	0.00000	0.00000	0.00000	0.00005
251	0.00000	0.99997	0.00000	0.00000	0.00000	0.00003
252	0.00000	0.99999	0.00000	0.00000	0.00000	0.00001
253	0.00000	0.99994	0.00000	0.00000	0.00000	0.00006
254	0.00000	0.99998	0.00000	0.00000	0.00000	0.00002
255	0.00000	0.99999	0.00000	0.00000	0.00000	0.00001
256	0.00000	0.99999	0.00000	0.00000	0.00000	0.00001
257	0.00000	0.99990	0.00000	0.00000	0.00000	0.00010
258	0.00000	1.00000	0.00000	0.00000	0.00000	0.00000
259	0.00000	0.99999	0.00000	0.00000	0.00000	0.00001
260	0.00000	0.98295	0.00000	0.00028	0.00000	0.01677
261	0.00000	0.99999	0.00000	0.00000	0.00000	0.00001
262	0.00000	0.99875	0.00000	0.00000	0.00000	0.00125
263	0.00000	0.99955	0.00000	0.00000	0.00000	0.00045
264	0.00000	0.99998	0.00000	0.00000	0.00000	0.00002
265	0.00002	0.00435	0.00115	0.91980	0.01291	0.06177
266	0.00000	0.99998	0.00000	0.00000	0.00000	0.00002
267	0.00000	0.99999	0.00000	0.00000	0.00000	0.00001
268	0.00000	0.99999	0.00000	0.00000	0.00000	0.00001
269	0.00000	0.99808	0.00000	0.00000	0.00000	0.00192
270	0.00000	0.99999	0.00000	0.00000	0.00000	0.00001
271	0.00000	1.00000	0.00000	0.00000	0.00000	0.00000
272	0.00000	0.99994	0.00000	0.00000	0.00000	0.00006
273	0.00000	0.99997	0.00000	0.00000	0.00000	0.00003
274	0.00000	0.99998	0.00000	0.00000	0.00000	0.00002
275	0.00000	0.99995	0.00000	0.00000	0.00000	0.00005
276	0.00000	0.99999	0.00000	0.00000	0.00000	0.00001
277	0.00000	0.99997	0.00000	0.00000	0.00000	0.00003
278	0.00000	0.99998	0.00000	0.00000	0.00000	0.00002
279	0.00000	1.00000	0.00000	0.00000	0.00000	0.00000
280	0.00000	0.99945	0.00000	0.00000	0.00000	0.00055
281	0.00000	0.99999	0.00000	0.00000	0.00000	0.00001
282	0.00000	0.99994	0.00000	0.00000	0.00000	0.00006
283	0.99993	0.00000	0.00000	0.00000	0.00007	0.00000
284	0.00000	0.99484	0.00000	0.00002	0.00000	0.00514
285	0.00000	0.99998	0.00000	0.00000	0.00000	0.00002
286	0.00000	0.99992	0.00000	0.00000	0.00000	0.00008
287	0.00000	1.00000	0.00000	0.00000	0.00000	0.00000
288	0.00000	0.99999	0.00000	0.00000	0.00000	0.00001
289	0.00000	0.99976	0.00000	0.00000	0.00000	0.00024
290	0.00000	0.99969	0.00000	0.00000	0.00000	0.00031
291	0.00000	0.99998	0.00000	0.00000	0.00000	0.00002
292	0.00000	0.92557	0.00000	0.00000	0.00000	0.07443
293	0.00000	0.99999	0.00000	0.00000	0.00000	0.00001
294	0.00000	0.99999	0.00000	0.00000	0.00000	0.00001
295	0.00000	0.99999	0.00000	0.00000	0.00000	0.00001
296	0.99987	0.00000	0.00000	0.00000	0.00013	0.00000
297	0.00000	0.99998	0.00000	0.00000	0.00000	0.00002
298	0.00000	0.93792	0.00000	0.00261	0.00000	0.05947
299	0.99831	0.00000	0.00000	0.00000	0.00169	0.00000
300	0.00000	0.99917	0.00000	0.00000	0.00000	0.00083
301	0.00000	0.99997	0.00000	0.00000	0.00000	0.00003
302	0.00000	0.99998	0.00000	0.00000	0.00000	0.00002
303	0.00000	0.99995	0.00000	0.00000	0.00000	0.00005
304	0.00000	0.99934	0.00000	0.00000	0.00000	0.00066
305	0.00000	0.99999	0.00000	0.00000	0.00000	0.00001
306	0.00000	0.99999	0.00000	0.00000	0.00000	0.00001
307	0.00000	0.99999	0.00000	0.00000	0.00000	0.00001
308	0.00000	0.99996	0.00000	0.00000	0.00000	0.00004
309	0.00000	0.99998	0.00000	0.00000	0.00000	0.00002
310	0.00000	0.99999	0.00000	0.00000	0.00000	0.00001
311	0.00015	0.72538	0.00766	0.05901	0.00237	0.20543
312	0.00000	0.99999	0.00000	0.00000	0.00000	0.00001
313	0.00000	1.00000	0.00000	0.00000	0.00000	0.00000
314	0.00000	0.99997	0.00000	0.00000	0.00000	0.00003
315	0.00000	0.00116	0.00000	0.00037	0.00000	0.99847
316	0.00000	0.99989	0.00000	0.00000	0.00000	0.00011
317	0.00000	1.00000	0.00000	0.00000	0.00000	0.00000
318	0.00000	0.99995	0.00000	0.00000	0.00000	0.00005
319	0.00000	0.94902	0.00000	0.00025	0.00000	0.05073
320	0.00000	0.99999	0.00000	0.00000	0.00000	0.00001
321	0.00000	0.99940	0.00000	0.00000	0.00000	0.00060
322	0.00000	0.99999	0.00000	0.00000	0.00000	0.00001
323	0.00000	0.99990	0.00000	0.00000	0.00000	0.00010
324	0.00000	1.00000	0.00000	0.00000	0.00000	0.00000
325	0.00000	0.99999	0.00000	0.00000	0.00000	0.00001
326	0.00000	0.99804	0.00000	0.00000	0.00000	0.00196
327	0.00000	0.99997	0.00000	0.00000	0.00000	0.00003
328	0.00000	0.99985	0.00000	0.00000	0.00000	0.00015
329	0.00000	0.99992	0.00000	0.00000	0.00000	0.00008
330	0.00000	0.90229	0.00000	0.00859	0.00000	0.08912
331	0.00000	0.99999	0.00000	0.00000	0.00000	0.00001
332	0.00000	1.00000	0.00000	0.00000	0.00000	0.00000
333	0.00000	0.99970	0.00000	0.00000	0.00000	0.00030
334	0.00000	0.99999	0.00000	0.00000	0.00000	0.00001
335	0.00000	0.99999	0.00000	0.00000	0.00000	0.00001
336	0.00000	0.72222	0.00094	0.06331	0.00028	0.21324
337	0.00000	0.99999	0.00000	0.00000	0.00000	0.00001
338	0.00000	0.99997	0.00000	0.00000	0.00000	0.00003
339	0.00000	0.99999	0.00000	0.00000	0.00000	0.00001
340	0.00000	0.00000	0.99985	0.00012	0.00002	0.00001
341	0.00000	0.99965	0.00000	0.00000	0.00000	0.00035
342	0.00000	0.99999	0.00000	0.00000	0.00000	0.00001
343	0.00000	0.00000	0.00000	0.00781	0.00000	0.99219
344	0.00000	0.99863	0.00000	0.00000	0.00000	0.00137
345	0.00000	1.00000	0.00000	0.00000	0.00000	0.00000
346	0.00000	0.95326	0.00000	0.00163	0.00000	0.04511
347	0.00000	0.00000	0.00000	0.00076	0.00000	0.99924
348	0.00000	0.99954	0.00000	0.00000	0.00000	0.00046
349	0.00000	0.99997	0.00000	0.00000	0.00000	0.00003
350	0.00000	1.00000	0.00000	0.00000	0.00000	0.00000
351	0.00000	0.99900	0.00000	0.00000	0.00000	0.00100
352	0.00000	0.99999	0.00000	0.00000	0.00000	0.00001
353	0.00000	0.99983	0.00000	0.00000	0.00000	0.00017
354	0.00023	0.50870	0.01011	0.17602	0.00600	0.29894
355	0.99991	0.00000	0.00000	0.00000	0.00009	0.00000
356	0.00000	0.99999	0.00000	0.00000	0.00000	0.00001
357	0.00000	0.99983	0.00000	0.00000	0.00000	0.00017
358	0.17737	0.15613	0.16621	0.16691	0.17200	0.16138
359	0.00000	0.99917	0.00000	0.00000	0.00000	0.00083
360	0.00000	0.99957	0.00000	0.00000	0.00000	0.00043
361	0.99990	0.00000	0.00000	0.00000	0.00010	0.00000
362	1.00000	0.00000	0.00000	0.00000	0.00000	0.00000
363	0.00000	0.99932	0.00000	0.00000	0.00000	0.00068
364	0.00000	0.99993	0.00000	0.00000	0.00000	0.00007
365	0.00000	0.99999	0.00000	0.00000	0.00000	0.00001
366	0.00000	0.99999	0.00000	0.00000	0.00000	0.00001
367	0.00000	0.99998	0.00000	0.00000	0.00000	0.00002
368	0.92535	0.00000	0.00000	0.00013	0.07453	0.00000
369	0.00000	0.99988	0.00000	0.00000	0.00000	0.00012
370	0.00000	0.99997	0.00000	0.00000	0.00000	0.00003
371	0.00000	0.99989	0.00000	0.00000	0.00000	0.00011
372	0.00000	0.99999	0.00000	0.00000	0.00000	0.00001
373	0.00000	0.97671	0.00000	0.00033	0.00000	0.02296
374	0.99999	0.00000	0.00000	0.00000	0.00001	0.00000
375	0.00000	0.99986	0.00000	0.00000	0.00000	0.00014
376	0.13495	0.20182	0.16493	0.16582	0.14957	0.18291
377	0.99997	0.00000	0.00000	0.00000	0.00003	0.00000
378	0.99341	0.00000	0.00000	0.00003	0.00656	0.00000
379	0.00000	0.99628	0.00000	0.00000	0.00000	0.00372
380	0.00000	1.00000	0.00000	0.00000	0.00000	0.00000
381	0.00000	0.99999	0.00000	0.00000	0.00000	0.00001
382	0.99955	0.00000	0.00000	0.00000	0.00045	0.00000
383	0.00000	0.99999	0.00000	0.00000	0.00000	0.00001
384	0.00000	0.99999	0.00000	0.00000	0.00000	0.00001
385	0.00000	0.99966	0.00000	0.00000	0.00000	0.00034
386	0.00000	1.00000	0.00000	0.00000	0.00000	0.00000
387	0.96056	0.00000	0.00000	0.00100	0.03844	0.00000
388	0.00000	0.99999	0.00000	0.00000	0.00000	0.00001
389	0.00000	0.99999	0.00000	0.00000	0.00000	0.00001
390	0.00000	0.99999	0.00000	0.00000	0.00000	0.00001
391	0.00000	0.96601	0.00000	0.00097	0.00000	0.03301
392	0.00000	0.99961	0.00000	0.00000	0.00000	0.00039
393	0.00000	0.99268	0.00000	0.00003	0.00000	0.00729
394	0.00000	0.99998	0.00000	0.00000	0.00000	0.00002
395	0.00000	1.00000	0.00000	0.00000	0.00000	0.00000
396	0.00000	0.99991	0.00000	0.00000	0.00000	0.00009
397	0.00000	0.99995	0.00000	0.00000	0.00000	0.00005
398	0.00004	0.56559	0.00362	0.14377	0.00183	0.28514
399	0.00000	1.00000	0.00000	0.00000	0.00000	0.00000
400	0.00000	0.99996	0.00000	0.00000	0.00000	0.00004
401	0.00000	0.78668	0.00024	0.03969	0.00007	0.17333
402	0.00000	0.99997	0.00000	0.00000	0.00000	0.00003
403	0.00000	0.99876	0.00000	0.00000	0.00000	0.00124
404	0.00000	0.99991	0.00000	0.00000	0.00000	0.00009
405	0.00000	0.99998	0.00000	0.00000	0.00000	0.00002
406	0.00000	0.99996	0.00000	0.00000	0.00000	0.00004
407	0.00000	0.99999	0.00000	0.00000	0.00000	0.00001
408	0.00000	0.99999	0.00000	0.00000	0.00000	0.00001
409	0.00000	0.99998	0.00000	0.00000	0.00000	0.00002
410	0.00000	0.99996	0.00000	0.00000	0.00000	0.00004
411	0.99986	0.00000	0.00000	0.00000	0.00014	0.00000
412	0.00000	1.00000	0.00000	0.00000	0.00000	0.00000
413	0.00000	0.99979	0.00000	0.00000	0.00000	0.00021
414	0.00000	1.00000	0.00000	0.00000	0.00000	0.00000
415	0.00000	0.78033	0.00000	0.03661	0.00000	0.18306
416	0.00000	0.99995	0.00000	0.00000	0.00000	0.00005
417	0.00000	0.99994	0.00000	0.00000	0.00000	0.00006
418	0.00000	1.00000	0.00000	0.00000	0.00000	0.00000
419	0.00000	1.00000	0.00000	0.00000	0.00000	0.00000
420	0.00000	0.99998	0.00000	0.00000	0.00000	0.00002
421	0.00000	0.99995	0.00000	0.00000	0.00000	0.00005
422	0.00000	0.95030	0.00000	0.00237	0.00000	0.04733
423	0.00000	0.99719	0.00000	0.00001	0.00000	0.00280
424	0.00000	1.00000	0.00000	0.00000	0.00000	0.00000
425	0.00000	0.99999	0.00000	0.00000	0.00000	0.00001
426	0.00000	0.99992	0.00000	0.00000	0.00000	0.00008
427	0.00000	0.99999	0.00000	0.00000	0.00000	0.00001
428	0.00000	0.99999	0.00000	0.00000	0.00000	0.00001
429	0.00000	0.99999	0.00000	0.00000	0.00000	0.00001
430	0.00000	0.99975	0.00000	0.00000	0.00000	0.00025
431	0.00000	0.99999	0.00000	0.00000	0.00000	0.00001
432	0.00000	0.99997	0.00000	0.00000	0.00000	0.00003
433	0.00000	0.99994	0.00000	0.00000	0.00000	0.00006
434	0.00000	0.99965	0.00000	0.00000	0.00000	0.00035
435	0.00000	0.99999	0.00000	0.00000	0.00000	0.00001
436	0.99995	0.00000	0.00000	0.00000	0.00005	0.00000
437	0.00000	0.99999	0.00000	0.00000	0.00000	0.00001
438	0.00000	0.99999	0.00000	0.00000	0.00000	0.00001
439	0.00000	0.99999	0.00000	0.00000	0.00000	0.00001
440	0.00000	0.99988	0.00000	0.00000	0.00000	0.00012
441	0.00000	1.00000	0.00000	0.00000	0.00000	0.00000
442	0.00000	1.00000	0.00000	0.00000	0.00000	0.00000
443	0.00000	0.99995	0.00000	0.00000	0.00000	0.00005
444	0.00000	0.99836	0.00000	0.00000	0.00000	0.00164
445	0.00000	0.99947	0.00000	0.00000	0.00000	0.00053
446	0.00000	0.99998	0.00000	0.00000	0.00000	0.00002
447	0.00000	0.99998	0.00000	0.00000	0.00000	0.00002
448	0.00000	0.99998	0.00000	0.00000	0.00000	0.00002
449	0.00000	0.99999	0.00000	0.00000	0.00000	0.00001
450	0.00000	0.99999	0.00000	0.00000	0.00000	0.00001
451	0.00000	1.00000	0.00000	0.00000	0.00000	0.00000
452	0.00007	0.72284	0.00360	0.06247	0.00125	0.20977
453	0.00000	0.99998	0.00000	0.00000	0.00000	0.00002
454	0.00000	1.00000	0.00000	0.00000	0.00000	0.00000
455	0.00000	0.94225	0.00000	0.00318	0.00000	0.05457
456	0.00000	0.99999	0.00000	0.00000	0.00000	0.00001
457	0.00000	0.99990	0.00000	0.00000	0.00000	0.00010
458	0.00000	0.99999	0.00000	0.00000	0.00000	0.00001
459	0.00000	0.99997	0.00000	0.00000	0.00000	0.00003
460	0.99994	0.00000	0.00000	0.00000	0.00006	0.00000
461	0.00000	0.99999	0.00000	0.00000	0.00000	0.00001
462	0.00000	0.99997	0.00000	0.00000	0.00000	0.00003
463	0.10218	0.24597	0.15835	0.16365	0.12926	0.20059
464	0.99998	0.00000	0.00000	0.00000	0.00002	0.00000
465	0.00000	0.99997	0.00000	0.00000	0.00000	0.00003
466	0.00000	1.00000	0.00000	0.00000	0.00000	0.00000
467	0.00000	0.69513	0.00000	0.05029	0.00000	0.25458
468	0.00000	0.99999	0.00000	0.00000	0.00000	0.00001
469	0.00000	0.99861	0.00000	0.00000	0.00000	0.00139
470	0.00000	0.99850	0.00000	0.00000	0.00000	0.00150
471	0.00000	0.99988	0.00000	0.00000	0.00000	0.00012
472	0.00000	0.99737	0.00000	0.00000	0.00000	0.00263
473	0.00000	0.99531	0.00000	0.00000	0.00000	0.00469
474	0.10001	0.24322	0.15561	0.16879	0.12982	0.20255
475	0.00000	0.99994	0.00000	0.00000	0.00000	0.00006
476	0.00000	0.99998	0.00000	0.00000	0.00000	0.00002
477	0.00000	0.99998	0.00000	0.00000	0.00000	0.00002
478	0.00000	0.99998	0.00000	0.00000	0.00000	0.00002
479	0.00000	0.99910	0.00000	0.00000	0.00000	0.00090
480	0.00000	0.99997	0.00000	0.00000	0.00000	0.00003
481	0.00000	0.99999	0.00000	0.00000	0.00000	0.00001
482	0.00000	0.99996	0.00000	0.00000	0.00000	0.00004
483	0.00000	0.99998	0.00000	0.00000	0.00000	0.00002
484	0.00000	0.99997	0.00000	0.00000	0.00000	0.00003
485	0.00000	0.99999	0.00000	0.00000	0.00000	0.00001
486	0.00000	0.99997	0.00000	0.00000	0.00000	0.00003
487	0.00000	0.99998	0.00000	0.00000	0.00000	0.00002
488	0.00000	0.99999	0.00000	0.00000	0.00000	0.00001
489	0.00000	0.99997	0.00000	0.00000	0.00000	0.00003
490	0.00000	0.99988	0.00000	0.00000	0.00000	0.00012
491	0.00000	1.00000	0.00000	0.00000	0.00000	0.00000
492	0.00000	0.99988	0.00000	0.00000	0.00000	0.00012
493	0.00000	0.99998	0.00000	0.00000	0.00000	0.00002
494	0.00000	0.92768	0.00000	0.00515	0.00000	0.06716
495	0.00000	1.00000	0.00000	0.00000	0.00000	0.00000
496	0.00000	0.99956	0.00000	0.00000	0.00000	0.00044
497	0.00000	1.00000	0.00000	0.00000	0.00000	0.00000
498	0.00000	0.99999	0.00000	0.00000	0.00000	0.00001
499	0.00000	0.99999	0.00000	0.00000	0.00000	0.00001
500	0.00029	0.69853	0.01096	0.06840	0.00355	0.21826
501	0.00000	0.99994	0.00000	0.00000	0.00000	0.00006
502	0.00000	0.87367	0.00000	0.01400	0.00000	0.11232
503	0.00000	1.00000	0.00000	0.00000	0.00000	0.00000
504	0.00000	0.99988	0.00000	0.00000	0.00000	0.00012
505	0.00000	0.99978	0.00000	0.00000	0.00000	0.00022
506	0.99579	0.00000	0.00000	0.00001	0.00420	0.00000
507	0.99997	0.00000	0.00000	0.00000	0.00003	0.00000
508	0.00000	0.99844	0.00000	0.00000	0.00000	0.00156
509	0.00000	1.00000	0.00000	0.00000	0.00000	0.00000
510	0.00000	1.00000	0.00000	0.00000	0.00000	0.00000
511	0.00000	0.99999	0.00000	0.00000	0.00000	0.00001
512	0.00000	1.00000	0.00000	0.00000	0.00000	0.00000
513	0.82778	0.00000	0.00000	0.00003	0.17218	0.00000
514	0.00000	0.99998	0.00000	0.00000	0.00000	0.00002
515	0.99998	0.00000	0.00000	0.00000	0.00002	0.00000
516	0.00000	0.97046	0.00000	0.00086	0.00000	0.02868
517	0.00000	0.99998	0.00000	0.00000	0.00000	0.00002
518	1.00000	0.00000	0.00000	0.00000	0.00000	0.00000
519	0.00000	0.03077	0.00000	0.00005	0.00000	0.96918
520	0.00000	0.99997	0.00000	0.00000	0.00000	0.00003
521	0.00000	0.99999	0.00000	0.00000	0.00000	0.00001
522	0.00000	1.00000	0.00000	0.00000	0.00000	0.00000
523	0.00000	0.99999	0.00000	0.00000	0.00000	0.00001
524	0.00000	0.99999	0.00000	0.00000	0.00000	0.00001
525	0.00000	0.99999	0.00000	0.00000	0.00000	0.00001
526	0.00000	0.99745	0.00000	0.00000	0.00000	0.00254
527	0.00000	0.99999	0.00000	0.00000	0.00000	0.00001
528	0.00000	0.99251	0.00000	0.00006	0.00000	0.00743
529	0.00000	0.76197	0.00055	0.04760	0.00015	0.18973
530	0.00000	0.99897	0.00000	0.00000	0.00000	0.00103
531	0.00000	0.99876	0.00000	0.00000	0.00000	0.00124
532	0.00000	0.99864	0.00000	0.00000	0.00000	0.00136
533	0.99991	0.00000	0.00000	0.00000	0.00009	0.00000
534	0.00000	0.99990	0.00000	0.00000	0.00000	0.00010
535	0.00000	0.99999	0.00000	0.00000	0.00000	0.00001
536	0.00000	0.99974	0.00000	0.00000	0.00000	0.00026
537	1.00000	0.00000	0.00000	0.00000	0.00000	0.00000
538	0.00000	0.99752	0.00000	0.00001	0.00000	0.00247
539	0.00000	0.99976	0.00000	0.00000	0.00000	0.00024
540	0.91951	0.00000	0.00000	0.00436	0.07612	0.00000
541	0.99999	0.00000	0.00000	0.00000	0.00001	0.00000
542	0.99999	0.00000	0.00000	0.00000	0.00001	0.00000
543	0.00000	0.99203	0.00000	0.00002	0.00000	0.00795
544	0.00000	0.99917	0.00000	0.00000	0.00000	0.00083
545	0.00000	0.99999	0.00000	0.00000	0.00000	0.00001
546	0.00000	0.98164	0.00000	0.00000	0.00000	0.01836
547	0.00000	1.00000	0.00000	0.00000	0.00000	0.00000
548	0.74982	0.00000	0.00000	0.00351	0.24667	0.00000
549	0.00000	0.80445	0.00000	0.00000	0.00000	0.19555
550	0.00000	1.00000	0.00000	0.00000	0.00000	0.00000
551	0.99995	0.00000	0.00000	0.00000	0.00005	0.00000
552	0.00000	1.00000	0.00000	0.00000	0.00000	0.00000
553	0.00000	0.99978	0.00000	0.00000	0.00000	0.00022
554	0.00000	0.99999	0.00000	0.00000	0.00000	0.00001
555	0.00000	0.99999	0.00000	0.00000	0.00000	0.00001
556	0.00000	0.00000	0.04421	0.93792	0.01785	0.00001
557	0.00000	0.99999	0.00000	0.00000	0.00000	0.00001
558	0.00000	0.99985	0.00000	0.00000	0.00000	0.00015
559	0.99995	0.00000	0.00000	0.00000	0.00005	0.00000
560	1.00000	0.00000	0.00000	0.00000	0.00000	0.00000
561	1.00000	0.00000	0.00000	0.00000	0.00000	0.00000
562	0.99999	0.00000	0.00000	0.00000	0.00001	0.00000
563	0.00000	0.99574	0.00000	0.00000	0.00000	0.00426
564	0.00000	0.99999	0.00000	0.00000	0.00000	0.00001
565	0.99998	0.00000	0.00000	0.00000	0.00002	0.00000
566	0.00000	0.99999	0.00000	0.00000	0.00000	0.00001
567	0.54579	0.00002	0.00298	0.15698	0.29264	0.00160
568	0.99937	0.00000	0.00000	0.00000	0.00063	0.00000
569	0.00000	0.99999	0.00000	0.00000	0.00000	0.00001
570	0.00000	0.99999	0.00000	0.00000	0.00000	0.00001
571	0.00000	0.99998	0.00000	0.00000	0.00000	0.00002
572	0.00000	0.99996	0.00000	0.00000	0.00000	0.00004
573	0.00000	0.96032	0.00000	0.00000	0.00000	0.03968
574	0.00000	0.99841	0.00000	0.00000	0.00000	0.00159
575	0.00000	0.00000	0.00000	0.05515	0.94485	0.00000
576	0.00000	0.99999	0.00000	0.00000	0.00000	0.00001
577	0.99999	0.00000	0.00000	0.00000	0.00001	0.00000
578	0.00000	0.99989	0.00000	0.00000	0.00000	0.00011
579	0.00000	0.99561	0.00000	0.00000	0.00000	0.00438
580	0.00000	0.99152	0.00000	0.00007	0.00000	0.00841
581	0.00000	0.99999	0.00000	0.00000	0.00000	0.00001
582	0.00000	0.99995	0.00000	0.00000	0.00000	0.00005
583	0.00000	0.97319	0.00000	0.00070	0.00000	0.02611
584	0.00000	0.99992	0.00000	0.00000	0.00000	0.00008
585	0.00000	0.87366	0.00000	0.00000	0.00000	0.12634
586	0.00000	1.00000	0.00000	0.00000	0.00000	0.00000
587	0.00000	0.99999	0.00000	0.00000	0.00000	0.00001
588	0.00000	0.99998	0.00000	0.00000	0.00000	0.00002
589	0.00000	0.99999	0.00000	0.00000	0.00000	0.00001
590	0.00000	1.00000	0.00000	0.00000	0.00000	0.00000
591	0.00000	0.86883	0.00000	0.01381	0.00000	0.11737
592	0.00000	0.97876	0.00000	0.00044	0.00000	0.02080
593	0.00000	0.99999	0.00000	0.00000	0.00000	0.00001
594	0.00000	0.99987	0.00000	0.00000	0.00000	0.00013
595	0.00000	1.00000	0.00000	0.00000	0.00000	0.00000
596	0.00000	0.35979	0.00000	0.01606	0.00000	0.62414
597	0.00000	0.99874	0.00000	0.00000	0.00000	0.00126
598	0.00000	0.92563	0.00000	0.00431	0.00000	0.07006
599	0.00000	0.94656	0.00000	0.00202	0.00000	0.05142
600	0.00000	1.00000	0.00000	0.00000	0.00000	0.00000
601	0.00000	0.54529	0.00010	0.17533	0.00007	0.27922
602	0.99978	0.00000	0.00000	0.00000	0.00022	0.00000
603	0.79470	0.00000	0.00003	0.02889	0.17637	0.00000
604	0.00000	0.99989	0.00000	0.00000	0.00000	0.00011
605	0.00000	0.98082	0.00000	0.00021	0.00000	0.01897
606	0.00000	0.99999	0.00000	0.00000	0.00000	0.00001
607	0.00000	0.99998	0.00000	0.00000	0.00000	0.00002
608	0.00000	0.99999	0.00000	0.00000	0.00000	0.00001
609	0.00000	0.99997	0.00000	0.00000	0.00000	0.00003
610	0.99095	0.00000	0.00000	0.00000	0.00905	0.00000
611	0.00000	0.99997	0.00000	0.00000	0.00000	0.00003
612	0.00000	0.99997	0.00000	0.00000	0.00000	0.00003
613	0.00000	0.99999	0.00000	0.00000	0.00000	0.00001
614	0.00000	0.98951	0.00000	0.00009	0.00000	0.01040
615	0.00000	1.00000	0.00000	0.00000	0.00000	0.00000
616	0.00000	0.99999	0.00000	0.00000	0.00000	0.00001
617	0.00000	0.99999	0.00000	0.00000	0.00000	0.00001
618	0.00000	0.99770	0.00000	0.00000	0.00000	0.00230
619	0.00000	0.99966	0.00000	0.00000	0.00000	0.00034
620	0.00000	0.99994	0.00000	0.00000	0.00000	0.00006
621	0.00000	0.99998	0.00000	0.00000	0.00000	0.00002
622	0.00000	0.99693	0.00000	0.00001	0.00000	0.00306
623	0.00000	0.99994	0.00000	0.00000	0.00000	0.00006
624	0.00000	0.99867	0.00000	0.00000	0.00000	0.00133
625	0.00000	0.99998	0.00000	0.00000	0.00000	0.00002
626	0.00000	0.94288	0.00000	0.00311	0.00000	0.05401
627	0.00000	0.99999	0.00000	0.00000	0.00000	0.00001
628	0.00000	0.99990	0.00000	0.00000	0.00000	0.00010
629	0.00000	0.99997	0.00000	0.00000	0.00000	0.00003
630	0.00000	0.99999	0.00000	0.00000	0.00000	0.00001
631	0.00000	0.99998	0.00000	0.00000	0.00000	0.00002
632	1.00000	0.00000	0.00000	0.00000	0.00000	0.00000
633	0.00000	0.99846	0.00000	0.00000	0.00000	0.00154
634	0.00000	0.99998	0.00000	0.00000	0.00000	0.00002
635	0.00000	0.99999	0.00000	0.00000	0.00000	0.00001
636	0.00000	0.99430	0.00000	0.00003	0.00000	0.00567
637	0.00000	0.99621	0.00000	0.00001	0.00000	0.00378
638	0.00000	0.99999	0.00000	0.00000	0.00000	0.00001
639	0.00000	0.99998	0.00000	0.00000	0.00000	0.00002
640	0.00000	0.99999	0.00000	0.00000	0.00000	0.00001
641	0.00000	1.00000	0.00000	0.00000	0.00000	0.00000
642	0.00000	0.99964	0.00000	0.00000	0.00000	0.00036
643	0.00000	0.99975	0.00000	0.00000	0.00000	0.00025
644	0.00000	0.00000	0.00000	0.00040	0.00000	0.99960
645	0.00000	0.99999	0.00000	0.00000	0.00000	0.00001
646	0.00000	0.99987	0.00000	0.00000	0.00000	0.00013
647	0.00000	0.99999	0.00000	0.00000	0.00000	0.00001
648	0.00000	0.99995	0.00000	0.00000	0.00000	0.00005
649	0.00000	0.99922	0.00000	0.00000	0.00000	0.00078
650	0.99548	0.00000	0.00000	0.00000	0.00451	0.00000
651	0.00000	0.99998	0.00000	0.00000	0.00000	0.00002
652	0.00000	0.99999	0.00000	0.00000	0.00000	0.00001
653	0.99518	0.00000	0.00000	0.00001	0.00481	0.00000
654	0.00000	0.99998	0.00000	0.00000	0.00000	0.00002
655	0.00000	1.00000	0.00000	0.00000	0.00000	0.00000
656	0.00000	0.99997	0.00000	0.00000	0.00000	0.00003
657	0.00000	0.99999	0.00000	0.00000	0.00000	0.00001
658	0.00000	1.00000	0.00000	0.00000	0.00000	0.00000
659	0.03338	0.40644	0.11578	0.13900	0.06798	0.23743
660	0.00000	0.99708	0.00000	0.00001	0.00000	0.00291
661	0.00000	0.99201	0.00000	0.00000	0.00000	0.00799
662	0.00000	1.00000	0.00000	0.00000	0.00000	0.00000
663	0.00000	0.79306	0.00004	0.03443	0.00001	0.17246
664	0.99990	0.00000	0.00000	0.00000	0.00010	0.00000
665	0.00000	0.99810	0.00000	0.00000	0.00000	0.00189
666	0.99998	0.00000	0.00000	0.00000	0.00002	0.00000
667	0.99998	0.00000	0.00000	0.00000	0.00002	0.00000
668	0.99824	0.00000	0.00000	0.00000	0.00176	0.00000
669	0.99991	0.00000	0.00000	0.00000	0.00009	0.00000
670	0.99916	0.00000	0.00000	0.00000	0.00084	0.00000
671	0.00000	0.56334	0.00000	0.00012	0.00000	0.43654
672	0.00000	0.99999	0.00000	0.00000	0.00000	0.00001
673	0.00000	0.99999	0.00000	0.00000	0.00000	0.00001
674	0.00000	0.94237	0.00000	0.00294	0.00000	0.05469
675	0.00000	0.99991	0.00000	0.00000	0.00000	0.00009
676	0.00000	1.00000	0.00000	0.00000	0.00000	0.00000
677	0.00000	0.99999	0.00000	0.00000	0.00000	0.00001
678	0.99960	0.00000	0.00000	0.00000	0.00040	0.00000
679	0.00000	1.00000	0.00000	0.00000	0.00000	0.00000
680	0.00000	1.00000	0.00000	0.00000	0.00000	0.00000
681	0.00000	0.99988	0.00000	0.00000	0.00000	0.00012
682	0.00000	0.99998	0.00000	0.00000	0.00000	0.00002
683	0.00000	0.99979	0.00000	0.00000	0.00000	0.00021
684	0.00000	0.99980	0.00000	0.00000	0.00000	0.00020
685	0.00000	0.99998	0.00000	0.00000	0.00000	0.00002
686	0.00000	0.99999	0.00000	0.00000	0.00000	0.00001
687	0.00000	1.00000	0.00000	0.00000	0.00000	0.00000
688	0.00000	0.99999	0.00000	0.00000	0.00000	0.00001
689	0.00000	0.99996	0.00000	0.00000	0.00000	0.00004
690	0.00000	1.00000	0.00000	0.00000	0.00000	0.00000
691	0.00000	0.99980	0.00000	0.00000	0.00000	0.00020
692	0.00000	0.99865	0.00000	0.00000	0.00000	0.00135
693	0.00000	0.99995	0.00000	0.00000	0.00000	0.00005
694	0.00000	0.93385	0.00000	0.00412	0.00000	0.06202
695	0.00000	1.00000	0.00000	0.00000	0.00000	0.00000
696	0.00000	0.99994	0.00000	0.00000	0.00000	0.00006
697	0.00000	0.87615	0.00001	0.01103	0.00000	0.11281
698	0.00000	0.99967	0.00000	0.00000	0.00000	0.00033
699	0.00000	0.99999	0.00000	0.00000	0.00000	0.00001
700	0.00000	0.99987	0.00000	0.00000	0.00000	0.00013
701	0.99997	0.00000	0.00000	0.00000	0.00003	0.00000
702	0.99990	0.00000	0.00000	0.00000	0.00010	0.00000
703	0.99997	0.00000	0.00000	0.00000	0.00003	0.00000
704	0.88748	0.00000	0.00001	0.01041	0.10210	0.00000
705	0.00000	0.99999	0.00000	0.00000	0.00000	0.00001
706	0.00000	0.99807	0.00000	0.00000	0.00000	0.00193
707	0.99680	0.00000	0.00000	0.00001	0.00319	0.00000
708	0.00000	0.99944	0.00000	0.00000	0.00000	0.00056
709	0.00000	0.99236	0.00000	0.00000	0.00000	0.00764
710	0.00000	0.99999	0.00000	0.00000	0.00000	0.00001
711	0.00000	0.99901	0.00000	0.00000	0.00000	0.00099
712	0.00000	0.99995	0.00000	0.00000	0.00000	0.00005
713	0.00000	0.99917	0.00000	0.00000	0.00000	0.00083
714	0.99998	0.00000	0.00000	0.00000	0.00002	0.00000
715	0.00000	0.96051	0.00000	0.00151	0.00000	0.03799
716	0.00000	0.99998	0.00000	0.00000	0.00000	0.00002
717	0.00000	0.99979	0.00000	0.00000	0.00000	0.00021
718	0.99999	0.00000	0.00000	0.00000	0.00001	0.00000
719	0.00000	0.99975	0.00000	0.00000	0.00000	0.00025
720	0.00000	1.00000	0.00000	0.00000	0.00000	0.00000
721	0.00000	0.99995	0.00000	0.00000	0.00000	0.00005
722	0.00000	0.99999	0.00000	0.00000	0.00000	0.00001
723	0.00000	0.99997	0.00000	0.00000	0.00000	0.00003
724	0.00000	0.83785	0.00037	0.02263	0.00006	0.13910
725	0.00000	0.05263	0.00004	0.79068	0.00023	0.15643
726	0.00000	0.99983	0.00000	0.00000	0.00000	0.00017
727	0.00000	0.99999	0.00000	0.00000	0.00000	0.00001
728	0.00000	0.70504	0.00081	0.07117	0.00029	0.22269
729	0.00000	0.99911	0.00000	0.00000	0.00000	0.00089
730	0.00000	0.99999	0.00000	0.00000	0.00000	0.00001
731	0.00000	0.99958	0.00000	0.00000	0.00000	0.00042
732	0.99995	0.00000	0.00000	0.00000	0.00005	0.00000
733	0.00000	0.99916	0.00000	0.00000	0.00000	0.00084
734	0.00000	0.99999	0.00000	0.00000	0.00000	0.00001
735	0.00000	0.99999	0.00000	0.00000	0.00000	0.00001
736	0.00000	0.98718	0.00000	0.00012	0.00000	0.01270
737	0.00000	0.99998	0.00000	0.00000	0.00000	0.00002
738	0.99994	0.00000	0.00000	0.00000	0.00006	0.00000
739	0.00000	0.94887	0.00000	0.00250	0.00000	0.04863
740	0.00000	0.99997	0.00000	0.00000	0.00000	0.00003
741	0.99981	0.00000	0.00000	0.00000	0.00019	0.00000
742	0.00000	0.99998	0.00000	0.00000	0.00000	0.00002
743	0.00000	1.00000	0.00000	0.00000	0.00000	0.00000
744	0.00000	0.99976	0.00000	0.00000	0.00000	0.00023
745	0.99998	0.00000	0.00000	0.00000	0.00002	0.00000
746	0.00000	0.99999	0.00000	0.00000	0.00000	0.00001
747	0.00000	0.99998	0.00000	0.00000	0.00000	0.00002
748	0.00000	0.99998	0.00000	0.00000	0.00000	0.00002
749	0.00000	0.99991	0.00000	0.00000	0.00000	0.00009
750	0.00000	0.99998	0.00000	0.00000	0.00000	0.00002
751	0.00000	0.99984	0.00000	0.00000	0.00000	0.00016
752	0.00000	0.99999	0.00000	0.00000	0.00000	0.00001
753	0.00000	1.00000	0.00000	0.00000	0.00000	0.00000
754	0.00000	0.99886	0.00000	0.00000	0.00000	0.00113
755	0.00000	0.99966	0.00000	0.00000	0.00000	0.00034
756	0.00000	0.99758	0.00000	0.00001	0.00000	0.00241
757	0.00000	0.99827	0.00000	0.00000	0.00000	0.00172
758	0.99999	0.00000	0.00000	0.00000	0.00001	0.00000
759	1.00000	0.00000	0.00000	0.00000	0.00000	0.00000
760	0.00000	0.10749	0.00000	0.01057	0.00000	0.88194
761	0.00000	0.99996	0.00000	0.00000	0.00000	0.00004
762	0.00000	0.99999	0.00000	0.00000	0.00000	0.00001
763	0.00000	0.99998	0.00000	0.00000	0.00000	0.00002
764	0.00000	0.99987	0.00000	0.00000	0.00000	0.00013
765	0.00000	0.99997	0.00000	0.00000	0.00000	0.00003
766	0.00000	0.99999	0.00000	0.00000	0.00000	0.00001
767	0.00000	0.98492	0.00000	0.00002	0.00000	0.01506
768	0.00000	0.96413	0.00000	0.00097	0.00000	0.03490
769	0.00000	0.99999	0.00000	0.00000	0.00000	0.00001
770	0.00000	1.00000	0.00000	0.00000	0.00000	0.00000
771	0.00000	0.99998	0.00000	0.00000	0.00000	0.00002
772	0.00000	0.93311	0.00000	0.00363	0.00000	0.06326
773	0.00000	0.45835	0.00000	0.06604	0.00000	0.47561
774	0.00000	0.99997	0.00000	0.00000	0.00000	0.00003
775	0.00000	0.99975	0.00000	0.00000	0.00000	0.00025
