999901_sweeps	1.000/0.000/0.000/0.000	0.000/0.000/0.000/1.000	0.000/0.500/0.500/0.000	0.250/0.250/0.250/0.250	0.500/0.250/0.250/0.000	0.000/0.250/0.250/0.500
1	0.00000	0.99995	0.00000	0.00000	0.00000	0.00005
2	0.00000	0.99996	0.00000	0.00000	0.00000	0.00004
3	0.00000	1.00000	0.00000	0.00000	0.00000	0.00000
4	0.00000	0.96435	0.00000	0.00104	0.00000	0.03460
5	0.00000	0.99997	0.00000	0.00000	0.00000	0.00003
6	0.00000	0.99986	0.00000	0.00000	0.00000	0.00014
7	0.00000	0.99964	0.00000	0.00000	0.00000	0.00036
8	0.00000	0.99997	0.00000	0.00000	0.00000	0.00003
9	0.00000	0.99999	0.00000	0.00000	0.00000	0.00001
10	0.00000	0.00000	0.00000	0.00173	0.99827	0.00000
11	1.00000	0.00000	0.00000	0.00000	0.00000	0.00000
12	0.00000	0.98915	0.00000	0.00014	0.00000	0.01072
13	0.00000	0.99999	0.00000	0.00000	0.00000	0.00001
14	0.00000	0.99992	0.00000	0.00000	0.00000	0.00008
15	0.00000	0.99921	0.00000	0.00000	0.00000	0.00079
16	0.00000	0.99963	0.00000	0.00000	0.00000	0.00037
17	1.00000	0.00000	0.00000	0.00000	0.00000	0.00000
18	0.63198	0.00001	0.00144	0.10682	0.25916	0.00060
19	0.00000	0.98526	0.00000	0.00014	0.00000	0.01460
20	1.00000	0.00000	0.00000	0.00000	0.00000	0.00000
21	0.00477	0.00002	0.00053	0.89850	0.09218	0.00399
22	0.00000	0.99993	0.00000	0.00000	0.00000	0.00007
23	0.99124	0.00000	0.00000	0.00005	0.00871	0.00000
24	1.00000	0.00000	0.00000	0.00000	0.00000	0.00000
25	1.00000	0.00000	0.00000	0.00000	0.00000	0.00000
26	0.00000	0.99999	0.00000	0.00000	0.00000	0.00001
27	0.00000	1.00000	0.00000	0.00000	0.00000	0.00000
28	0.00000	0.99993	0.00000	0.00000	0.00000	0.00007
29	0.00000	0.99999	0.00000	0.00000	0.00000	0.00001
30	0.99999	0.00000	0.00000	0.00000	0.00001	0.00000
31	0.99999	0.00000	0.00000	0.00000	0.00001	0.00000
32	0.00000	0.69652	0.00000	0.01753	0.00000	0.28595
33	0.99987	0.00000	0.00000	0.00000	0.00013	0.00000
34	0.80891	0.00000	0.00001	0.03149	0.15959	0.00000
35	0.00000	0.81605	0.00012	0.02954	0.00002	0.15427
36	0.00000	0.99999	0.00000	0.00000	0.00000	0.00001
37	1.00000	0.00000	0.00000	0.00000	0.00000	0.00000
38	1.00000	0.00000	0.00000	0.00000	0.00000	0.00000
39	0.00000	0.99998	0.00000	0.00000	0.00000	0.00002
40	0.00000	1.00000	0.00000	0.00000	0.00000	0.00000
41	0.00000	0.99997	0.00000	0.00000	0.00000	0.00003
42	0.00000	1.00000	0.00000	0.00000	0.00000	0.00000
43	0.91570	0.00000	0.00000	0.00000	0.08430	0.00000
44	0.00000	0.99990	0.00000	0.00000	0.00000	0.00010
45	1.00000	0.00000	0.00000	0.00000	0.00000	0.00000
46	0.00000	0.98252	0.00000	0.00000	0.00000	0.01748
47	0.00000	0.99949	0.00000	0.00000	0.00000	0.00051
48	1.00000	0.00000	0.00000	0.00000	0.00000	0.00000
49	0.99912	0.00000	0.00000	0.00000	0.00088	0.00000
50	0.00000	0.99953	0.00000	0.00000	0.00000	0.00047
51	0.00000	1.00000	0.00000	0.00000	0.00000	0.00000
52	0.00000	0.99999	0.00000	0.00000	0.00000	0.00001
53	0.91342	0.00000	0.00000	0.00002	0.08656	0.00000
54	0.00000	0.99995	0.00000	0.00000	0.00000	0.00005
55	0.00000	1.00000	0.00000	0.00000	0.00000	0.00000
56	0.95828	0.00000	0.00000	0.00147	0.04025	0.00000
57	0.00000	0.99992	0.00000	0.00000	0.00000	0.00008
58	0.00000	1.00000	0.00000	0.00000	0.00000	0.00000
59	0.00000	0.98556	0.00000	0.00012	0.00000	0.01432
60	0.00000	0.99999	0.00000	0.00000	0.00000	0.00001
61	0.00000	1.00000	0.00000	0.00000	0.00000	0.00000
62	0.00000	0.99999	0.00000	0.00000	0.00000	0.00001
63	0.00000	1.00000	0.00000	0.00000	0.00000	0.00000
64	0.00000	0.99998	0.00000	0.00000	0.00000	0.00002
65	0.00000	0.99997	0.00000	0.00000	0.00000	0.00003
66	0.99980	0.00000	0.00000	0.00000	0.00020	0.00000
67	0.00000	1.00000	0.00000	0.00000	0.00000	0.00000
68	0.00000	0.99840	0.00000	0.00000	0.00000	0.00160
69	0.00000	0.52070	0.00281	0.16012	0.00110	0.31526
70	0.00000	0.99993	0.00000	0.00000	0.00000	0.00007
71	0.00000	0.99688	0.00000	0.00000	0.00000	0.00312
72	0.00000	1.00000	0.00000	0.00000	0.00000	0.00000
73	0.00000	0.99927	0.00000	0.00000	0.00000	0.00073
74	0.00000	1.00000	0.00000	0.00000	0.00000	0.00000
75	0.00000	0.99997	0.00000	0.00000	0.00000	0.00003
76	0.00000	1.00000	0.00000	0.00000	0.00000	0.00000
77	1.00000	0.00000	0.00000	0.00000	0.00000	0.00000
78	0.99999	0.00000	0.00000	0.00000	0.00001	0.00000
79	0.99985	0.00000	0.00000	0.00000	0.00015	0.00000
80	0.00000	0.00017	0.00000	0.98967	0.00000	0.01016
81	0.00000	0.99929	0.00000	0.00000	0.00000	0.00071
82	0.68217	0.00001	0.00173	0.08079	0.23471	0.00060
83	0.99999	0.00000	0.00000	0.00000	0.00001	0.00000
84	0.00000	0.99999	0.00000	0.00000	0.00000	0.00001
85	1.00000	0.00000	0.00000	0.00000	0.00000	0.00000
86	0.99152	0.00000	0.00000	0.00000	0.00848	0.00000
87	0.00000	0.99996	0.00000	0.00000	0.00000	0.00004
88	1.00000	0.00000	0.00000	0.00000	0.00000	0.00000
89	0.00000	0.52427	0.00000	0.00268	0.00000	0.47305
90	0.00000	1.00000	0.00000	0.00000	0.00000	0.00000
91	0.99902	0.00000	0.00000	0.00000	0.00098	0.00000
92	0.00000	0.00000	0.00019	0.01423	0.00000	0.98558
93	0.00000	1.00000	0.00000	0.00000	0.00000	0.00000
94	0.99854	0.00000	0.00000	0.00000	0.00146	0.00000
95	0.00000	1.00000	0.00000	0.00000	0.00000	0.00000
96	0.00000	0.57070	0.00000	0.00001	0.00000	0.42929
97	0.99998	0.00000	0.00000	0.00000	0.00002	0.00000
98	0.00000	0.99999	0.00000	0.00000	0.00000	0.00001
99	0.17586	0.15638	0.16571	0.16807	0.17189	0.16209
100	0.00000	1.00000	0.00000	0.00000	0.00000	0.00000
101	0.00000	0.99683	0.00000	0.00000	0.00000	0.00317
102	0.00000	0.99998	0.00000	0.00000	0.00000	0.00002
103	0.00000	1.00000	0.00000	0.00000	0.00000	0.00000
104	0.00000	0.99999	0.00000	0.00000	0.00000	0.00001
105	0.00000	0.58095	0.00094	0.13681	0.00047	0.28083
106	0.00000	1.00000	0.00000	0.00000	0.00000	0.00000
107	0.00000	1.00000	0.00000	0.00000	0.00000	0.00000
108	0.99997	0.00000	0.00000	0.00000	0.00003	0.00000
109	0.00000	1.00000	0.00000	0.00000	0.00000	0.00000
110	0.00000	0.99999	0.00000	0.00000	0.00000	0.00001
111	0.00000	0.99998	0.00000	0.00000	0.00000	0.00002
112	0.99509	0.00000	0.00000	0.00000	0.00491	0.00000
113	0.99906	0.00000	0.00000	0.00000	0.00094	0.00000
114	0.00000	1.00000	0.00000	0.00000	0.00000	0.00000
115	0.00000	1.00000	0.00000	0.00000	0.00000	0.00000
116	0.02556	0.00000	0.00000	0.00002	0.97442	0.00000
117	0.00000	1.00000	0.00000	0.00000	0.00000	0.00000
118	1.00000	0.00000	0.00000	0.00000	0.00000	0.00000
119	1.00000	0.00000	0.00000	0.00000	0.00000	0.00000
120	0.00000	0.99995	0.00000	0.00000	0.00000	0.00005
121	0.00000	0.99999	0.00000	0.00000	0.00000	0.00001
122	0.00000	0.99993	0.00000	0.00000	0.00000	0.00007
123	0.00080	0.55445	0.04549	0.11224	0.01438	0.27264
124	0.00000	0.99991	0.00000	0.00000	0.00000	0.00009
125	0.00000	0.92183	0.00000	0.00140	0.00000	0.07677
126	0.00000	1.00000	0.00000	0.00000	0.00000	0.00000
127	0.00000	1.00000	0.00000	0.00000	0.00000	0.00000
128	0.00000	0.99683	0.00000	0.00000	0.00000	0.00317
129	0.00000	0.99752	0.00000	0.00000	0.00000	0.00248
130	0.00000	0.99949	0.00000	0.00000	0.00000	0.00051
131	0.99985	0.00000	0.00000	0.00000	0.00015	0.00000
132	0.00000	1.00000	0.00000	0.00000	0.00000	0.00000
133	0.00000	0.99999	0.00000	0.00000	0.00000	0.00001
134	0.00000	0.99998	0.00000	0.00000	0.00000	0.00002
135	0.00000	1.00000	0.00000	0.00000	0.00000	0.00000
136	0.00000	1.00000	0.00000	0.00000	0.00000	0.00000
137	0.00000	0.99972	0.00000	0.00000	0.00000	0.00028
138	0.99997	0.00000	0.00000	0.00000	0.00003	0.00000
139	0.99733	0.00000	0.00000	0.00000	0.00267	0.00000
140	1.00000	0.00000	0.00000	0.00000	0.00000	0.00000
141	0.94742	0.00000	0.00000	0.00239	0.05019	0.00000
142	0.99913	0.00000	0.00000	0.00000	0.00087	0.00000
143	0.00000	0.99994	0.00000	0.00000	0.00000	0.00006
144	0.99998	0.00000	0.00000	0.00000	0.00002	0.00000
145	1.00000	0.00000	0.00000	0.00000	0.00000	0.00000
146	0.99935	0.00000	0.00000	0.00000	0.00065	0.00000
147	0.99997	0.00000	0.00000	0.00000	0.00003	0.00000
148	1.00000	0.00000	0.00000	0.00000	0.00000	0.00000
149	0.99998	0.00000	0.00000	0.00000	0.00002	0.00000
150	0.99998	0.00000	0.00000	0.00000	0.00002	0.00000
151	0.00000	0.99331	0.00000	0.00003	0.00000	0.00665
152	0.27162	0.08860	0.15507	0.15862	0.20755	0.11854
153	0.00000	0.99863	0.00000	0.00000	0.00000	0.00137
154	0.00000	0.99994	0.00000	0.00000	0.00000	0.00006
155	0.00000	0.98511	0.00000	0.00007	0.00000	0.01482
156	0.00000	1.00000	0.00000	0.00000	0.00000	0.00000
157	0.00000	1.00000	0.00000	0.00000	0.00000	0.00000
158	0.00000	0.99998	0.00000	0.00000	0.00000	0.00002
159	0.00000	0.99999	0.00000	0.00000	0.00000	0.00001
160	0.00000	0.99997	0.00000	0.00000	0.00000	0.00003
161	0.00000	0.99999	0.00000	0.00000	0.00000	0.00001
162	0.99999	0.00000	0.00000	0.00000	0.00001	0.00000
163	0.00000	1.00000	0.00000	0.00000	0.00000	0.00000
164	0.00000	0.99724	0.00000	0.00000	0.00000	0.00276
165	0.00000	0.99717	0.00000	0.00001	0.00000	0.00282
166	1.00000	0.00000	0.00000	0.00000	0.00000	0.00000
167	0.99999	0.00000	0.00000	0.00000	0.00001	0.00000
168	0.99995	0.00000	0.00000	0.00000	0.00005	0.00000
169	0.00000	0.99999	0.00000	0.00000	0.00000	0.00001
170	0.00000	0.93272	0.00000	0.00275	0.00000	0.06452
171	0.00000	1.00000	0.00000	0.00000	0.00000	0.00000
172	0.00000	0.99998	0.00000	0.00000	0.00000	0.00002
173	0.99997	0.00000	0.00000	0.00000	0.00003	0.00000
174	0.00000	0.99944	0.00000	0.00000	0.00000	0.00056
175	0.00000	0.99993	0.00000	0.00000	0.00000	0.00007
176	0.00000	1.00000	0.00000	0.00000	0.00000	0.00000
177	0.00000	1.00000	0.00000	0.00000	0.00000	0.00000
178	1.00000	0.00000	0.00000	0.00000	0.00000	0.00000
179	1.00000	0.00000	0.00000	0.00000	0.00000	0.00000
180	0.00000	1.00000	0.00000	0.00000	0.00000	0.00000
181	0.00000	0.99988	0.00000	0.00000	0.00000	0.00012
182	0.99992	0.00000	0.00000	0.00000	0.00008	0.00000
183	0.00000	0.98864	0.00000	0.00000	0.00000	0.01136
184	0.00000	1.00000	0.00000	0.00000	0.00000	0.00000
185	0.00000	1.00000	0.00000	0.00000	0.00000	0.00000
186	0.99998	0.00000	0.00000	0.00000	0.00002	0.00000
187	0.00000	0.99999	0.00000	0.00000	0.00000	0.00001
188	0.00000	1.00000	0.00000	0.00000	0.00000	0.00000
189	0.00000	0.99976	0.00000	0.00000	0.00000	0.00024
190	0.00000	0.99968	0.00000	0.00000	0.00000	0.00032
191	0.99984	0.00000	0.00000	0.00000	0.00016	0.00000
192	1.00000	0.00000	0.00000	0.00000	0.00000	0.00000
193	0.99966	0.00000	0.00000	0.00000	0.00034	0.00000
194	0.00000	0.99999	0.00000	0.00000	0.00000	0.00001
195	0.00000	0.99999	0.00000	0.00000	0.00000	0.00001
196	0.00000	0.99994	0.00000	0.00000	0.00000	0.00006
197	0.00000	0.98918	0.00000	0.00010	0.00000	0.01072
198	0.00000	0.99972	0.00000	0.00000	0.00000	0.00028
199	0.00000	0.99983	0.00000	0.00000	0.00000	0.00017
200	0.00000	0.00000	0.96288	0.00143	0.00000	0.03569
201	0.00000	0.99979	0.00000	0.00000	0.00000	0.00021
202	0.00000	1.00000	0.00000	0.00000	0.00000	0.00000
203	0.00000	0.93490	0.00000	0.00403	0.00000	0.06107
204	0.00000	0.99998	0.00000	0.00000	0.00000	0.00002
205	0.00000	0.99999	0.00000	0.00000	0.00000	0.00001
206	0.00000	1.00000	0.00000	0.00000	0.00000	0.00000
207	0.00000	0.99999	0.00000	0.00000	0.00000	0.00001
208	0.00000	1.00000	0.00000	0.00000	0.00000	0.00000
209	0.00000	1.00000	0.00000	0.00000	0.00000	0.00000
210	0.00000	0.99971	0.00000	0.00000	0.00000	0.00029
211	0.00000	0.58607	0.00000	0.00000	0.00000	0.41393
212	0.00000	1.00000	0.00000	0.00000	0.00000	0.00000
213	0.99996	0.00000	0.00000	0.00000	0.00004	0.00000
214	0.99990	0.00000	0.00000	0.00000	0.00010	0.00000
215	0.00000	1.00000	0.00000	0.00000	0.00000	0.00000
216	0.00000	1.00000	0.00000	0.00000	0.00000	0.00000
217	0.00000	0.99999	0.00000	0.00000	0.00000	0.00001
218	0.00000	0.99999	0.00000	0.00000	0.00000	0.00001
219	0.00000	0.99965	0.00000	0.00000	0.00000	0.00035
220	0.07917	0.31595	0.10574	0.17422	0.09784	0.22708
221	0.00000	1.00000	0.00000	0.00000	0.00000	0.00000
222	0.00000	0.99998	0.00000	0.00000	0.00000	0.00002
223	0.00000	0.99080	0.00000	0.00009	0.00000	0.00911
224	0.00000	0.99998	0.00000	0.00000	0.00000	0.00002
225	0.00000	1.00000	0.00000	0.00000	0.00000	0.00000
226	1.00000	0.00000	0.00000	0.00000	0.00000	0.00000
227	0.00000	0.99998	0.00000	0.00000	0.00000	0.00002
228	0.00000	0.98380	0.00000	0.00013	0.00000	0.01607
229	0.19157	0.13954	0.16311	0.17075	0.18075	0.15428
230	0.00000	0.99999	0.00000	0.00000	0.00000	0.00001
231	0.00000	1.00000	0.00000	0.00000	0.00000	0.00000
232	0.00000	0.99899	0.00000	0.00000	0.00000	0.00101
233	0.99993	0.00000	0.00000	0.00000	0.00007	0.00000
234	0.00000	0.99781	0.00000	0.00000	0.00000	0.00218
235	0.00000	0.99999	0.00000	0.00000	0.00000	0.00001
236	0.00000	1.00000	0.00000	0.00000	0.00000	0.00000
237	0.00000	1.00000	0.00000	0.00000	0.00000	0.00000
238	0.00000	1.00000	0.00000	0.00000	0.00000	0.00000
239	1.00000	0.00000	0.00000	0.00000	0.00000	0.00000
240	0.99999	0.00000	0.00000	0.00000	0.00001	0.00000
241	1.00000	0.00000	0.00000	0.00000	0.00000	0.00000
242	1.00000	0.00000	0.00000	0.00000	0.00000	0.00000
243	0.00000	0.99997	0.00000	0.00000	0.00000	0.00003
244	1.00000	0.00000	0.00000	0.00000	0.00000	0.00000
245	1.00000	0.00000	0.00000	0.00000	0.00000	0.00000
246	0.00000	1.00000	0.00000	0.00000	0.00000	0.00000
247	0.00000	1.00000	0.00000	0.00000	0.00000	0.00000
248	0.00000	0.98569	0.00000	0.00000	0.00000	0.01431
249	0.00000	1.00000	0.00000	0.00000	0.00000	0.00000
250	0.00000	1.00000	0.00000	0.00000	0.00000	0.00000
251	0.00000	0.99997	0.00000	0.00000	0.00000	0.00003
252	0.00000	1.00000	0.00000	0.00000	0.00000	0.00000
253	0.00000	1.00000	0.00000	0.00000	0.00000	0.00000
254	0.00000	0.99999	0.00000	0.00000	0.00000	0.00001
255	0.00000	0.99999	0.00000	0.00000	0.00000	0.00001
256	0.00000	0.99968	0.00000	0.00000	0.00000	0.00032
257	0.00000	0.99999	0.00000	0.00000	0.00000	0.00001
258	0.00000	1.00000	0.00000	0.00000	0.00000	0.00000
259	0.00000	1.00000	0.00000	0.00000	0.00000	0.00000
260	0.00000	0.96328	0.00000	0.00132	0.00000	0.03540
261	0.00000	1.00000	0.00000	0.00000	0.00000	0.00000
262	0.00000	0.99999	0.00000	0.00000	0.00000	0.00001
263	0.00000	0.99999	0.00000	0.00000	0.00000	0.00001
264	0.00000	0.99996	0.00000	0.00000	0.00000	0.00004
265	0.00002	0.00006	0.00003	0.98892	0.00401	0.00696
266	0.00000	0.99998	0.00000	0.00000	0.00000	0.00002
267	0.00000	0.99954	0.00000	0.00000	0.00000	0.00046
268	0.00000	0.99994	0.00000	0.00000	0.00000	0.00006
269	0.00000	0.99995	0.00000	0.00000	0.00000	0.00005
270	0.00000	1.00000	0.00000	0.00000	0.00000	0.00000
271	0.00000	1.00000	0.00000	0.00000	0.00000	0.00000
272	0.00000	1.00000	0.00000	0.00000	0.00000	0.00000
273	0.00000	0.99998	0.00000	0.00000	0.00000	0.00002
274	0.00000	1.00000	0.00000	0.00000	0.00000	0.00000
275	0.00000	0.99904	0.00000	0.00000	0.00000	0.00096
276	0.00000	0.99973	0.00000	0.00000	0.00000	0.00027
277	0.00000	0.99998	0.00000	0.00000	0.00000	0.00002
278	0.00000	0.99997	0.00000	0.00000	0.00000	0.00003
279	0.00000	1.00000	0.00000	0.00000	0.00000	0.00000
280	0.00000	1.00000	0.00000	0.00000	0.00000	0.00000
281	0.00000	0.99969	0.00000	0.00000	0.00000	0.00031
282	0.00000	1.00000	0.00000	0.00000	0.00000	0.00000
283	1.00000	0.00000	0.00000	0.00000	0.00000	0.00000
284	0.00000	0.99465	0.00000	0.00003	0.00000	0.00532
285	0.00000	1.00000	0.00000	0.00000	0.00000	0.00000
286	0.00000	0.99999	0.00000	0.00000	0.00000	0.00001
287	0.00000	0.99999	0.00000	0.00000	0.00000	0.00001
288	0.00000	1.00000	0.00000	0.00000	0.00000	0.00000
289	0.00000	0.99748	0.00000	0.00000	0.00000	0.00252
290	0.00000	1.00000	0.00000	0.00000	0.00000	0.00000
291	0.00000	1.00000	0.00000	0.00000	0.00000	0.00000
292	0.00000	0.88840	0.00000	0.00000	0.00000	0.11159
293	0.00000	1.00000	0.00000	0.00000	0.00000	0.00000
294	0.00000	0.99998	0.00000	0.00000	0.00000	0.00002
295	0.00000	0.99998	0.00000	0.00000	0.00000	0.00002
296	1.00000	0.00000	0.00000	0.00000	0.00000	0.00000
297	0.17120	0.16220	0.16663	0.16666	0.16891	0.16441
298	0.00000	1.00000	0.00000	0.00000	0.00000	0.00000
299	0.00000	0.95424	0.00000	0.00215	0.00000	0.04361
300	1.00000	0.00000	0.00000	0.00000	0.00000	0.00000
301	0.00000	0.99985	0.00000	0.00000	0.00000	0.00015
302	0.00000	0.99999	0.00000	0.00000	0.00000	0.00001
303	0.00000	0.99999	0.00000	0.00000	0.00000	0.00001
304	0.00000	1.00000	0.00000	0.00000	0.00000	0.00000
305	0.00000	0.99539	0.00000	0.00000	0.00000	0.00461
306	0.00000	1.00000	0.00000	0.00000	0.00000	0.00000
307	0.00000	0.99896	0.00000	0.00000	0.00000	0.00104
308	0.00000	1.00000	0.00000	0.00000	0.00000	0.00000
309	0.00000	1.00000	0.00000	0.00000	0.00000	0.00000
310	0.00000	1.00000	0.00000	0.00000	0.00000	0.00000
311	0.00000	0.99999	0.00000	0.00000	0.00000	0.00001
312	0.00000	0.97391	0.00000	0.00068	0.00000	0.02541
313	0.00000	1.00000	0.00000	0.00000	0.00000	0.00000
314	0.00000	0.99999	0.00000	0.00000	0.00000	0.00001
315	0.00000	0.99986	0.00000	0.00000	0.00000	0.00014
316	0.00000	0.99951	0.00000	0.00000	0.00000	0.00049
317	0.00000	0.99994	0.00000	0.00000	0.00000	0.00006
318	0.00000	1.00000	0.00000	0.00000	0.00000	0.00000
319	0.00000	0.99999	0.00000	0.00000	0.00000	0.00001
320	0.00000	0.99808	0.00000	0.00000	0.00000	0.00192
321	0.00000	0.99985	0.00000	0.00000	0.00000	0.00015
322	0.00000	0.99977	0.00000	0.00000	0.00000	0.00023
323	0.00000	1.00000	0.00000	0.00000	0.00000	0.00000
324	0.00000	0.99997	0.00000	0.00000	0.00000	0.00003
325	0.00000	0.99999	0.00000	0.00000	0.00000	0.00001
326	0.00000	0.48604	0.00000	0.00284	0.00000	0.51112
327	0.00000	0.99269	0.00000	0.00004	0.00000	0.00727
328	0.00000	1.00000	0.00000	0.00000	0.00000	0.00000
329	0.00000	0.99989	0.00000	0.00000	0.00000	0.00011
330	0.00000	0.99984	0.00000	0.00000	0.00000	0.00016
331	0.00000	0.96972	0.00000	0.00089	0.00000	0.02939
332	0.00000	1.00000	0.00000	0.00000	0.00000	0.00000
333	0.00000	1.00000	0.00000	0.00000	0.00000	0.00000
334	0.00000	0.99991	0.00000	0.00000	0.00000	0.00009
335	0.00000	0.99998	0.00000	0.00000	0.00000	0.00002
336	0.00000	0.99999	0.00000	0.00000	0.00000	0.00001
337	0.19946	0.13649	0.16483	0.16641	0.18214	0.15067
338	0.00000	1.00000	0.00000	0.00000	0.00000	0.00000
339	0.00000	1.00000	0.00000	0.00000	0.00000	0.00000
340	0.00000	0.99992	0.00000	0.00000	0.00000	0.00008
341	0.00000	0.00000	0.99962	0.00002	0.00000	0.00036
342	0.00000	1.00000	0.00000	0.00000	0.00000	0.00000
343	0.00000	1.00000	0.00000	0.00000	0.00000	0.00000
344	0.00000	0.00158	0.00000	0.00002	0.00000	0.99840
345	0.00000	0.99995	0.00000	0.00000	0.00000	0.00005
346	0.00000	0.99999	0.00000	0.00000	0.00000	0.00001
347	0.00000	0.94297	0.00000	0.00234	0.00000	0.05469
348	0.00000	0.00000	0.00000	0.00005	0.00000	0.99995
349	0.00000	0.99959	0.00000	0.00000	0.00000	0.00041
350	0.00000	0.99995	0.00000	0.00000	0.00000	0.00005
351	0.00000	0.99997	0.00000	0.00000	0.00000	0.00003
352	0.00000	0.99176	0.00000	0.00007	0.00000	0.00817
353	0.00000	1.00000	0.00000	0.00000	0.00000	0.00000
354	0.00000	0.99628	0.00000	0.00001	0.00000	0.00371
355	0.00003	0.60728	0.00347	0.11897	0.00154	0.26871
356	1.00000	0.00000	0.00000	0.00000	0.00000	0.00000
357	0.00000	0.99999	0.00000	0.00000	0.00000	0.00001
358	0.00000	0.99999	0.00000	0.00000	0.00000	0.00001
359	0.18129	0.15262	0.16631	0.16657	0.17377	0.15944
360	0.00000	0.99999	0.00000	0.00000	0.00000	0.00001
361	0.00000	0.99924	0.00000	0.00000	0.00000	0.00076
362	1.00000	0.00000	0.00000	0.00000	0.00000	0.00000
363	1.00000	0.00000	0.00000	0.00000	0.00000	0.00000
364	0.00000	1.00000	0.00000	0.00000	0.00000	0.00000
365	0.00000	0.99986	0.00000	0.00000	0.00000	0.00014
366	0.00000	1.00000	0.00000	0.00000	0.00000	0.00000
367	0.00000	1.00000	0.00000	0.00000	0.00000	0.00000
368	0.00000	1.00000	0.00000	0.00000	0.00000	0.00000
369	1.00000	0.00000	0.00000	0.00000	0.00000	0.00000
370	0.00000	1.00000	0.00000	0.00000	0.00000	0.00000
371	0.00000	0.99999	0.00000	0.00000	0.00000	0.00001
372	0.00000	1.00000	0.00000	0.00000	0.00000	0.00000
373	0.00000	0.99990	0.00000	0.00000	0.00000	0.00010
374	0.00000	0.94962	0.00000	0.00243	0.00000	0.04795
375	1.00000	0.00000	0.00000	0.00000	0.00000	0.00000
376	0.00000	0.99986	0.00000	0.00000	0.00000	0.00014
377	0.00879	0.40974	0.05189	0.20360	0.03745	0.28853
378	0.99984	0.00000	0.00000	0.00000	0.00016	0.00000
379	0.99893	0.00000	0.00000	0.00000	0.00107	0.00000
380	0.00000	0.99998	0.00000	0.00000	0.00000	0.00002
381	0.00000	1.00000	0.00000	0.00000	0.00000	0.00000
382	0.00000	1.00000	0.00000	0.00000	0.00000	0.00000
383	0.99979	0.00000	0.00000	0.00000	0.00021	0.00000
384	0.00000	0.99995	0.00000	0.00000	0.00000	0.00005
385	0.00000	1.00000	0.00000	0.00000	0.00000	0.00000
386	0.00000	0.99999	0.00000	0.00000	0.00000	0.00001
387	0.00000	1.00000	0.00000	0.00000	0.00000	0.00000
388	0.98630	0.00000	0.00000	0.00005	0.01365	0.00000
389	0.00000	0.99999	0.00000	0.00000	0.00000	0.00001
390	0.00000	1.00000	0.00000	0.00000	0.00000	0.00000
391	0.00000	1.00000	0.00000	0.00000	0.00000	0.00000
392	0.00000	0.96380	0.00000	0.00124	0.00000	0.03496
393	0.00000	0.99770	0.00000	0.00000	0.00000	0.00229
394	0.00000	0.99944	0.00000	0.00000	0.00000	0.00056
395	0.00000	1.00000	0.00000	0.00000	0.00000	0.00000
396	0.00000	1.00000	0.00000	0.00000	0.00000	0.00000
397	0.00000	0.99995	0.00000	0.00000	0.00000	0.00005
398	0.00000	1.00000	0.00000	0.00000	0.00000	0.00000
399	0.00000	0.63807	0.00012	0.10412	0.00005	0.25764
400	0.00000	0.99998	0.00000	0.00000	0.00000	0.00002
401	0.00000	0.99999	0.00000	0.00000	0.00000	0.00001
402	0.00113	0.49770	0.01427	0.18102	0.01013	0.29576
403	0.00000	0.99999	0.00000	0.00000	0.00000	0.00001
404	0.00000	0.99997	0.00000	0.00000	0.00000	0.00003
405	0.00000	0.99996	0.00000	0.00000	0.00000	0.00004
406	0.00000	1.00000	0.00000	0.00000	0.00000	0.00000
407	0.00000	0.99999	0.00000	0.00000	0.00000	0.00001
408	0.00000	1.00000	0.00000	0.00000	0.00000	0.00000
409	0.00000	1.00000	0.00000	0.00000	0.00000	0.00000
410	0.00000	0.99997	0.00000	0.00000	0.00000	0.00003
411	0.00000	0.99999	0.00000	0.00000	0.00000	0.00001
412	0.99999	0.00000	0.00000	0.00000	0.00001	0.00000
413	0.00000	0.99999	0.00000	0.00000	0.00000	0.00001
414	0.00000	0.99999	0.00000	0.00000	0.00000	0.00001
415	0.00000	1.00000	0.00000	0.00000	0.00000	0.00000
416	0.00000	0.97143	0.00000	0.00079	0.00000	0.02778
417	0.00000	0.99999	0.00000	0.00000	0.00000	0.00001
418	0.00000	0.99999	0.00000	0.00000	0.00000	0.00001
419	0.00000	1.00000	0.00000	0.00000	0.00000	0.00000
420	0.00000	1.00000	0.00000	0.00000	0.00000	0.00000
421	0.00000	0.99999	0.00000	0.00000	0.00000	0.00001
422	0.00000	1.00000	0.00000	0.00000	0.00000	0.00000
423	0.00000	0.85514	0.00000	0.02110	0.00000	0.12376
424	0.00000	0.99882	0.00000	0.00000	0.00000	0.00118
425	0.00000	0.99954	0.00000	0.00000	0.00000	0.00046
426	0.00000	0.99999	0.00000	0.00000	0.00000	0.00001
427	0.00000	1.00000	0.00000	0.00000	0.00000	0.00000
428	0.00000	0.99993	0.00000	0.00000	0.00000	0.00007
429	0.00000	0.99999	0.00000	0.00000	0.00000	0.00001
430	0.00000	0.99997	0.00000	0.00000	0.00000	0.00003
431	0.00000	0.99999	0.00000	0.00000	0.00000	0.00001
432	0.00000	0.99999	0.00000	0.00000	0.00000	0.00001
433	0.00000	0.99992	0.00000	0.00000	0.00000	0.00008
434	0.00000	0.99998	0.00000	0.00000	0.00000	0.00002
435	0.00000	0.99599	0.00000	0.00002	0.00000	0.00400
436	0.00000	1.00000	0.00000	0.00000	0.00000	0.00000
437	1.00000	0.00000	0.00000	0.00000	0.00000	0.00000
438	0.00000	1.00000	0.00000	0.00000	0.00000	0.00000
439	0.00000	0.99992	0.00000	0.00000	0.00000	0.00008
440	0.00000	1.00000	0.00000	0.00000	0.00000	0.00000
441	0.00000	0.99805	0.00000	0.00000	0.00000	0.00195
442	0.00000	0.99999	0.00000	0.00000	0.00000	0.00001
443	0.00000	0.99993	0.00000	0.00000	0.00000	0.00007
444	0.00000	0.99999	0.00000	0.00000	0.00000	0.00001
445	0.00000	0.99998	0.00000	0.00000	0.00000	0.00002
446	0.00000	0.99999	0.00000	0.00000	0.00000	0.00001
447	0.00000	0.99956	0.00000	0.00000	0.00000	0.00044
448	0.00000	0.98325	0.00000	0.00000	0.00000	0.01674
449	0.00000	1.00000	0.00000	0.00000	0.00000	0.00000
450	0.00000	0.99995	0.00000	0.00000	0.00000	0.00005
451	0.00000	0.99994	0.00000	0.00000	0.00000	0.00006
452	0.00000	1.00000	0.00000	0.00000	0.00000	0.00000
453	0.00001	0.83810	0.00214	0.02263	0.00039	0.13673
454	0.00000	1.00000	0.00000	0.00000	0.00000	0.00000
455	0.00000	0.99999	0.00000	0.00000	0.00000	0.00001
456	0.00000	0.99860	0.00000	0.00000	0.00000	0.00140
457	0.00000	1.00000	0.00000	0.00000	0.00000	0.00000
458	0.00000	1.00000	0.00000	0.00000	0.00000	0.00000
459	0.00000	1.00000	0.00000	0.00000	0.00000	0.00000
460	0.00000	0.99999	0.00000	0.00000	0.00000	0.00001
461	0.99997	0.00000	0.00000	0.00000	0.00003	0.00000
462	0.00000	0.99998	0.00000	0.00000	0.00000	0.00002
463	0.00000	1.00000	0.00000	0.00000	0.00000	0.00000
464	0.23482	0.10734	0.15867	0.16716	0.19810	0.13392
465	1.00000	0.00000	0.00000	0.00000	0.00000	0.00000
466	0.00000	0.99997	0.00000	0.00000	0.00000	0.00003
467	0.00000	0.99999	0.00000	0.00000	0.00000	0.00001
468	0.00000	0.98556	0.00000	0.00020	0.00000	0.01424
469	0.00000	0.99999	0.00000	0.00000	0.00000	0.00001
470	0.00000	1.00000	0.00000	0.00000	0.00000	0.00000
471	0.00000	0.99885	0.00000	0.00000	0.00000	0.00115
472	0.00000	0.99999	0.00000	0.00000	0.00000	0.00001
473	0.00000	0.99998	0.00000	0.00000	0.00000	0.00002
474	0.00000	0.99999	0.00000	0.00000	0.00000	0.00001
475	0.00050	0.53107	0.01154	0.15950	0.00644	0.29094
476	0.00000	1.00000	0.00000	0.00000	0.00000	0.00000
477	0.00000	0.99999	0.00000	0.00000	0.00000	0.00001
478	0.00000	0.99998	0.00000	0.00000	0.00000	0.00002
479	0.00000	0.99999	0.00000	0.00000	0.00000	0.00001
480	0.00000	0.99876	0.00000	0.00000	0.00000	0.00123
481	0.00000	1.00000	0.00000	0.00000	0.00000	0.00000
482	0.00000	0.99999	0.00000	0.00000	0.00000	0.00001
483	0.00000	0.99999	0.00000	0.00000	0.00000	0.00001
484	0.00000	1.00000	0.00000	0.00000	0.00000	0.00000
485	0.00000	0.99999	0.00000	0.00000	0.00000	0.00001
486	0.00000	0.99995	0.00000	0.00000	0.00000	0.00005
487	0.00000	0.99997	0.00000	0.00000	0.00000	0.00003
488	0.00000	1.00000	0.00000	0.00000	0.00000	0.00000
489	0.00000	1.00000	0.00000	0.00000	0.00000	0.00000
490	0.00000	0.99989	0.00000	0.00000	0.00000	0.00011
491	0.00000	0.99957	0.00000	0.00000	0.00000	0.00043
492	0.00000	0.99972	0.00000	0.00000	0.00000	0.00028
493	0.00000	0.99966	0.00000	0.00000	0.00000	0.00034
494	0.00000	1.00000	0.00000	0.00000	0.00000	0.00000
495	0.00000	0.95915	0.00000	0.00162	0.00000	0.03923
496	0.00000	0.99999	0.00000	0.00000	0.00000	0.00001
497	0.00000	0.99986	0.00000	0.00000	0.00000	0.00014
498	0.00000	1.00000	0.00000	0.00000	0.00000	0.00000
499	0.00000	1.00000	0.00000	0.00000	0.00000	0.00000
500	0.00000	0.99999	0.00000	0.00000	0.00000	0.00001
501	0.00014	0.00084	0.00025	0.96300	0.00940	0.02636
502	0.00000	1.00000	0.00000	0.00000	0.00000	0.00000
503	0.00000	0.83558	0.00006	0.02361	0.00001	0.14075
504	0.00000	1.00000	0.00000	0.00000	0.00000	0.00000
505	0.00000	0.99999	0.00000	0.00000	0.00000	0.00001
506	0.00000	1.00000	0.00000	0.00000	0.00000	0.00000
507	0.99943	0.00000	0.00000	0.00000	0.00057	0.00000
508	1.00000	0.00000	0.00000	0.00000	0.00000	0.00000
509	0.00000	0.57246	0.00000	0.00772	0.00000	0.41982
510	0.00000	0.99998	0.00000	0.00000	0.00000	0.00002
511	0.00000	0.99999	0.00000	0.00000	0.00000	0.00001
512	0.00000	0.99999	0.00000	0.00000	0.00000	0.00001
513	0.00000	1.00000	0.00000	0.00000	0.00000	0.00000
514	0.96052	0.00000	0.00000	0.00000	0.03947	0.00000
515	0.00000	0.99966	0.00000	0.00000	0.00000	0.00034
516	0.99999	0.00000	0.00000	0.00000	0.00001	0.00000
517	0.00000	0.99566	0.00000	0.00002	0.00000	0.00432
518	0.00000	0.99994	0.00000	0.00000	0.00000	0.00006
519	1.00000	0.00000	0.00000	0.00000	0.00000	0.00000
520	0.00000	0.62011	0.00000	0.00000	0.00000	0.37989
521	0.00000	0.99945	0.00000	0.00000	0.00000	0.00055
522	0.00000	0.99999	0.00000	0.00000	0.00000	0.00001
523	0.00000	1.00000	0.00000	0.00000	0.00000	0.00000
524	0.00000	1.00000	0.00000	0.00000	0.00000	0.00000
525	0.00000	0.99999	0.00000	0.00000	0.00000	0.00001
526	0.00000	1.00000	0.00000	0.00000	0.00000	0.00000
527	0.00000	0.99998	0.00000	0.00000	0.00000	0.00002
528	0.00000	1.00000	0.00000	0.00000	0.00000	0.00000
529	0.00000	0.99751	0.00000	0.00001	0.00000	0.00248
530	0.18708	0.14578	0.16459	0.16853	0.17741	0.15661
531	0.00000	0.99915	0.00000	0.00000	0.00000	0.00085
532	0.00000	0.99989	0.00000	0.00000	0.00000	0.00011
533	0.00000	0.99976	0.00000	0.00000	0.00000	0.00024
534	1.00000	0.00000	0.00000	0.00000	0.00000	0.00000
535	0.00000	1.00000	0.00000	0.00000	0.00000	0.00000
536	0.00000	1.00000	0.00000	0.00000	0.00000	0.00000
537	0.00000	0.99997	0.00000	0.00000	0.00000	0.00003
538	0.99967	0.00000	0.00000	0.00000	0.00033	0.00000
539	0.00000	0.99480	0.00000	0.00003	0.00000	0.00517
540	0.00000	1.00000	0.00000	0.00000	0.00000	0.00000
541	0.99301	0.00000	0.00000	0.00005	0.00694	0.00000
542	1.00000	0.00000	0.00000	0.00000	0.00000	0.00000
543	1.00000	0.00000	0.00000	0.00000	0.00000	0.00000
544	0.00000	0.99998	0.00000	0.00000	0.00000	0.00002
545	0.00000	0.99999	0.00000	0.00000	0.00000	0.00001
546	0.00000	0.99875	0.00000	0.00000	0.00000	0.00125
547	0.00000	0.99752	0.00000	0.00000	0.00000	0.00248
548	0.00000	1.00000	0.00000	0.00000	0.00000	0.00000
549	0.96794	0.00000	0.00000	0.00007	0.03199	0.00000
550	0.00000	0.99981	0.00000	0.00000	0.00000	0.00019
551	0.00000	1.00000	0.00000	0.00000	0.00000	0.00000
552	1.00000	0.00000	0.00000	0.00000	0.00000	0.00000
553	0.00000	0.99977	0.00000	0.00000	0.00000	0.00023
554	0.00000	0.99997	0.00000	0.00000	0.00000	0.00003
555	0.00000	1.00000	0.00000	0.00000	0.00000	0.00000
556	0.00000	1.00000	0.00000	0.00000	0.00000	0.00000
557	0.00000	0.00000	0.99676	0.00307	0.00012	0.00005
558	0.00000	1.00000	0.00000	0.00000	0.00000	0.00000
559	0.00000	0.99978	0.00000	0.00000	0.00000	0.00022
560	0.99983	0.00000	0.00000	0.00000	0.00017	0.00000
561	1.00000	0.00000	0.00000	0.00000	0.00000	0.00000
562	1.00000	0.00000	0.00000	0.00000	0.00000	0.00000
563	1.00000	0.00000	0.00000	0.00000	0.00000	0.00000
564	0.00000	1.00000	0.00000	0.00000	0.00000	0.00000
565	0.00000	1.00000	0.00000	0.00000	0.00000	0.00000
566	1.00000	0.00000	0.00000	0.00000	0.00000	0.00000
567	0.00000	0.99998	0.00000	0.00000	0.00000	0.00002
568	0.60225	0.00001	0.00190	0.12296	0.27203	0.00086
569	1.00000	0.00000	0.00000	0.00000	0.00000	0.00000
570	0.00000	1.00000	0.00000	0.00000	0.00000	0.00000
571	0.00000	0.99999	0.00000	0.00000	0.00000	0.00001
572	0.00000	1.00000	0.00000	0.00000	0.00000	0.00000
573	0.00000	0.99997	0.00000	0.00000	0.00000	0.00003
574	0.00000	0.99982	0.00000	0.00000	0.00000	0.00018
575	0.00000	0.98871	0.00000	0.00000	0.00000	0.01129
576	0.00000	0.00000	0.00000	0.04608	0.95392	0.00000
577	0.00000	0.99791	0.00000	0.00000	0.00000	0.00209
578	1.00000	0.00000	0.00000	0.00000	0.00000	0.00000
579	0.00000	1.00000	0.00000	0.00000	0.00000	0.00000
580	0.00000	0.98886	0.00000	0.00000	0.00000	0.01114
581	0.00000	0.95581	0.00000	0.00169	0.00000	0.04250
582	0.00000	0.99991	0.00000	0.00000	0.00000	0.00009
583	0.00000	0.99922	0.00000	0.00000	0.00000	0.00078
584	0.00000	0.99892	0.00000	0.00000	0.00000	0.00107
585	0.00000	0.99974	0.00000	0.00000	0.00000	0.00026
586	0.00000	0.99997	0.00000	0.00000	0.00000	0.00003
587	0.00000	0.99999	0.00000	0.00000	0.00000	0.00001
588	0.00000	1.00000	0.00000	0.00000	0.00000	0.00000
589	0.00000	1.00000	0.00000	0.00000	0.00000	0.00000
590	0.00000	1.00000	0.00000	0.00000	0.00000	0.00000
591	0.00000	1.00000	0.00000	0.00000	0.00000	0.00000
592	0.00000	0.97854	0.00000	0.00039	0.00000	0.02107
593	0.00000	0.93122	0.00000	0.00346	0.00000	0.06532
594	0.00000	0.99990	0.00000	0.00000	0.00000	0.00010
595	0.00000	0.99999	0.00000	0.00000	0.00000	0.00001
596	0.00000	1.00000	0.00000	0.00000	0.00000	0.00000
597	0.00000	0.07488	0.00000	0.12207	0.00000	0.80304
598	0.00000	0.99871	0.00000	0.00000	0.00000	0.00129
599	0.00000	0.94822	0.00000	0.00257	0.00000	0.04921
600	0.00000	0.93418	0.00000	0.00409	0.00000	0.06172
601	0.00000	0.99953	0.00000	0.00000	0.00000	0.00047
602	0.00000	0.92999	0.00000	0.00562	0.00000	0.06439
603	0.99989	0.00000	0.00000	0.00000	0.00011	0.00000
604	0.95841	0.00000	0.00000	0.00167	0.03992	0.00000
605	0.00000	0.99995	0.00000	0.00000	0.00000	0.00005
606	0.00000	0.93034	0.00000	0.00419	0.00000	0.06547
607	0.00000	0.99955	0.00000	0.00000	0.00000	0.00045
608	0.00000	0.99999	0.00000	0.00000	0.00000	0.00001
609	0.00000	1.00000	0.00000	0.00000	0.00000	0.00000
610	0.00000	0.99988	0.00000	0.00000	0.00000	0.00012
611	0.99998	0.00000	0.00000	0.00000	0.00002	0.00000
612	0.00000	0.99999	0.00000	0.00000	0.00000	0.00001
613	0.00000	1.00000	0.00000	0.00000	0.00000	0.00000
614	0.00000	1.00000	0.00000	0.00000	0.00000	0.00000
615	0.00000	0.96221	0.00000	0.00106	0.00000	0.03672
616	0.00000	1.00000	0.00000	0.00000	0.00000	0.00000
617	0.00000	1.00000	0.00000	0.00000	0.00000	0.00000
618	0.00000	0.99999	0.00000	0.00000	0.00000	0.00001
619	0.00000	0.99996	0.00000	0.00000	0.00000	0.00004
620	0.00000	0.99726	0.00000	0.00000	0.00000	0.00274
621	0.00000	0.99999	0.00000	0.00000	0.00000	0.00001
622	0.00000	1.00000	0.00000	0.00000	0.00000	0.00000
623	0.00000	0.97613	0.00000	0.00054	0.00000	0.02333
624	0.00000	1.00000	0.00000	0.00000	0.00000	0.00000
625	0.00000	1.00000	0.00000	0.00000	0.00000	0.00000
626	0.00000	0.99985	0.00000	0.00000	0.00000	0.00015
627	0.00000	0.82781	0.00001	0.01597	0.00000	0.15621
628	0.00000	1.00000	0.00000	0.00000	0.00000	0.00000
629	0.00000	1.00000	0.00000	0.00000	0.00000	0.00000
630	0.00000	0.99999	0.00000	0.00000	0.00000	0.00001
631	0.00000	0.99999	0.00000	0.00000	0.00000	0.00001
632	0.00000	1.00000	0.00000	0.00000	0.00000	0.00000
633	1.00000	0.00000	0.00000	0.00000	0.00000	0.00000
634	0.00000	0.99985	0.00000	0.00000	0.00000	0.00015
635	0.00000	1.00000	0.00000	0.00000	0.00000	0.00000
636	0.00000	0.99999	0.00000	0.00000	0.00000	0.00001
637	0.00000	0.98973	0.00000	0.00009	0.00000	0.01018
638	0.00000	0.99993	0.00000	0.00000	0.00000	0.00007
639	0.00000	0.99997	0.00000	0.00000	0.00000	0.00003
640	0.00000	0.99996	0.00000	0.00000	0.00000	0.00004
641	0.00000	1.00000	0.00000	0.00000	0.00000	0.00000
642	0.00000	1.00000	0.00000	0.00000	0.00000	0.00000
643	0.00000	0.99807	0.00000	0.00000	0.00000	0.00193
644	0.00000	0.99999	0.00000	0.00000	0.00000	0.00001
645	0.00000	0.00000	0.00000	0.00026	0.00000	0.99974
646	0.00000	1.00000	0.00000	0.00000	0.00000	0.00000
647	0.00000	0.97165	0.00000	0.00001	0.00000	0.02834
648	0.00000	1.00000	0.00000	0.00000	0.00000	0.00000
649	0.00000	1.00000	0.00000	0.00000	0.00000	0.00000
650	0.00000	0.96144	0.00000	0.00048	0.00000	0.03808
651	0.98997	0.00000	0.00000	0.00000	0.01003	0.00000
652	0.00000	1.00000	0.00000	0.00000	0.00000	0.00000
653	0.00000	0.99999	0.00000	0.00000	0.00000	0.00001
654	0.99705	0.00000	0.00000	0.00000	0.00295	0.00000
655	0.00000	0.99976	0.00000	0.00000	0.00000	0.00024
656	0.00000	0.99994	0.00000	0.00000	0.00000	0.00006
657	0.00000	0.99996	0.00000	0.00000	0.00000	0.00004
658	0.00000	0.99999	0.00000	0.00000	0.00000	0.00001
659	0.00000	1.00000	0.00000	0.00000	0.00000	0.00000
660	0.96913	0.00000	0.00000	0.00093	0.02995	0.00000
661	0.00000	0.98869	0.00000	0.00009	0.00000	0.01122
662	0.00000	0.99975	0.00000	0.00000	0.00000	0.00025
663	0.00000	0.99999	0.00000	0.00000	0.00000	0.00001
664	0.00000	0.88744	0.00001	0.00935	0.00000	0.10319
665	0.99999	0.00000	0.00000	0.00000	0.00001	0.00000
666	0.00000	0.95284	0.00000	0.00055	0.00000	0.04662
667	1.00000	0.00000	0.00000	0.00000	0.00000	0.00000
668	1.00000	0.00000	0.00000	0.00000	0.00000	0.00000
669	0.99993	0.00000	0.00000	0.00000	0.00007	0.00000
670	0.99993	0.00000	0.00000	0.00000	0.00007	0.00000
671	0.99974	0.00000	0.00000	0.00000	0.00026	0.00000
672	0.00000	0.99991	0.00000	0.00000	0.00000	0.00009
673	0.00000	1.00000	0.00000	0.00000	0.00000	0.00000
674	0.00000	1.00000	0.00000	0.00000	0.00000	0.00000
675	0.00000	0.81409	0.00027	0.03144	0.00007	0.15413
676	0.00000	0.99705	0.00000	0.00001	0.00000	0.00294
677	0.00000	0.99986	0.00000	0.00000	0.00000	0.00014
678	0.00000	0.99986	0.00000	0.00000	0.00000	0.00014
679	0.99999	0.00000	0.00000	0.00000	0.00001	0.00000
680	0.00000	0.99999	0.00000	0.00000	0.00000	0.00001
681	0.00000	1.00000	0.00000	0.00000	0.00000	0.00000
682	0.00000	0.99999	0.00000	0.00000	0.00000	0.00001
683	0.00000	1.00000	0.00000	0.00000	0.00000	0.00000
684	0.00000	1.00000	0.00000	0.00000	0.00000	0.00000
685	0.00000	0.99997	0.00000	0.00000	0.00000	0.00003
686	0.00000	1.00000	0.00000	0.00000	0.00000	0.00000
687	0.00000	0.99999	0.00000	0.00000	0.00000	0.00001
688	0.00000	0.99991	0.00000	0.00000	0.00000	0.00009
689	0.00000	1.00000	0.00000	0.00000	0.00000	0.00000
690	0.00000	1.00000	0.00000	0.00000	0.00000	0.00000
691	0.00000	0.99998	0.00000	0.00000	0.00000	0.00002
692	0.00000	0.99998	0.00000	0.00000	0.00000	0.00002
693	0.00000	1.00000	0.00000	0.00000	0.00000	0.00000
694	0.00000	0.99993	0.00000	0.00000	0.00000	0.00007
695	0.00000	0.70275	0.00121	0.07156	0.00039	0.22409
696	0.00000	0.99992	0.00000	0.00000	0.00000	0.00008
697	0.00000	1.00000	0.00000	0.00000	0.00000	0.00000
698	0.00000	0.99477	0.00000	0.00003	0.00000	0.00520
699	0.00000	0.99952	0.00000	0.00000	0.00000	0.00048
700	0.00000	1.00000	0.00000	0.00000	0.00000	0.00000
701	0.00000	0.99990	0.00000	0.00000	0.00000	0.00010
702	1.00000	0.00000	0.00000	0.00000	0.00000	0.00000
703	1.00000	0.00000	0.00000	0.00000	0.00000	0.00000
704	0.99996	0.00000	0.00000	0.00000	0.00004	0.00000
705	0.95945	0.00000	0.00000	0.00159	0.03897	0.00000
706	0.00000	0.99998	0.00000	0.00000	0.00000	0.00002
707	0.00000	0.99999	0.00000	0.00000	0.00000	0.00001
708	0.99984	0.00000	0.00000	0.00000	0.00016	0.00000
709	0.00000	0.99998	0.00000	0.00000	0.00000	0.00002
710	0.00000	0.98801	0.00000	0.00000	0.00000	0.01198
711	0.00000	0.99999	0.00000	0.00000	0.00000	0.00001
712	0.00000	0.89396	0.00000	0.00009	0.00000	0.10595
713	0.00000	0.99998	0.00000	0.00000	0.00000	0.00002
714	0.00000	0.99997	0.00000	0.00000	0.00000	0.00003
715	0.99985	0.00000	0.00000	0.00000	0.00015	0.00000
716	0.00000	0.92479	0.00000	0.00473	0.00000	0.07048
717	0.00000	0.99914	0.00000	0.00000	0.00000	0.00086
718	0.00000	1.00000	0.00000	0.00000	0.00000	0.00000
719	1.00000	0.00000	0.00000	0.00000	0.00000	0.00000
720	0.00000	0.99998	0.00000	0.00000	0.00000	0.00002
721	0.00000	1.00000	0.00000	0.00000	0.00000	0.00000
722	0.00000	0.99998	0.00000	0.00000	0.00000	0.00002
723	0.00000	1.00000	0.00000	0.00000	0.00000	0.00000
724	0.00000	1.00000	0.00000	0.00000	0.00000	0.00000
725	0.00005	0.52913	0.01048	0.14944	0.00394	0.30695
726	0.00000	0.07265	0.00000	0.69396	0.00000	0.23340
727	0.00000	1.00000	0.00000	0.00000	0.00000	0.00000
728	0.00000	1.00000	0.00000	0.00000	0.00000	0.00000
729	0.00000	0.98698	0.00000	0.00014	0.00000	0.01288
730	0.00000	0.99999	0.00000	0.00000	0.00000	0.00001
731	0.00000	0.99999	0.00000	0.00000	0.00000	0.00001
732	0.00000	0.99992	0.00000	0.00000	0.00000	0.00008
733	0.99998	0.00000	0.00000	0.00000	0.00002	0.00000
734	0.00000	0.99997	0.00000	0.00000	0.00000	0.00003
735	0.00000	1.00000	0.00000	0.00000	0.00000	0.00000
736	0.00000	1.00000	0.00000	0.00000	0.00000	0.00000
737	0.02519	0.29145	0.08355	0.25136	0.07823	0.27023
738	0.00000	1.00000	0.00000	0.00000	0.00000	0.00000
739	1.00000	0.00000	0.00000	0.00000	0.00000	0.00000
740	0.00000	0.93549	0.00000	0.00393	0.00000	0.06058
741	0.00000	1.00000	0.00000	0.00000	0.00000	0.00000
742	1.00000	0.00000	0.00000	0.00000	0.00000	0.00000
743	0.00000	1.00000	0.00000	0.00000	0.00000	0.00000
744	0.00000	1.00000	0.00000	0.00000	0.00000	0.00000
745	0.00000	1.00000	0.00000	0.00000	0.00000	0.00000
746	1.00000	0.00000	0.00000	0.00000	0.00000	0.00000
747	0.00000	0.99989	0.00000	0.00000	0.00000	0.00011
748	0.00000	1.00000	0.00000	0.00000	0.00000	0.00000
749	0.00000	1.00000	0.00000	0.00000	0.00000	0.00000
750	0.00000	0.99999	0.00000	0.00000	0.00000	0.00001
751	0.00005	0.56182	0.00428	0.14564	0.00219	0.28603
752	0.00000	0.99999	0.00000	0.00000	0.00000	0.00001
753	0.00000	0.99999	0.00000	0.00000	0.00000	0.00001
754	0.00000	1.00000	0.00000	0.00000	0.00000	0.00000
755	0.00000	1.00000	0.00000	0.00000	0.00000	0.00000
756	0.00000	0.99955	0.00000	0.00000	0.00000	0.00045
757	0.00000	1.00000	0.00000	0.00000	0.00000	0.00000
758	0.00000	0.97519	0.00000	0.00052	0.00000	0.02429
759	0.00000	0.99853	0.00000	0.00000	0.00000	0.00147
760	0.99428	0.00000	0.00000	0.00000	0.00572	0.00000
761	1.00000	0.00000	0.00000	0.00000	0.00000	0.00000
762	0.00000	0.38953	0.00000	0.00008	0.00000	0.61039
763	0.00000	1.00000	0.00000	0.00000	0.00000	0.00000
764	0.00000	0.99999	0.00000	0.00000	0.00000	0.00001
765	0.00000	1.00000	0.00000	0.00000	0.00000	0.00000
766	0.00000	0.99999	0.00000	0.00000	0.00000	0.00001
767	0.00000	0.99998	0.00000	0.00000	0.00000	0.00002
768	0.00000	0.99999	0.00000	0.00000	0.00000	0.00001
769	0.00000	0.99526	0.00000	0.00001	0.00000	0.00473
770	0.00000	0.99900	0.00000	0.00000	0.00000	0.00099
771	0.00000	1.00000	0.00000	0.00000	0.00000	0.00000
772	0.00000	0.99989	0.00000	0.00000	0.00000	0.00011
773	0.00000	0.99993	0.00000	0.00000	0.00000	0.00007
774	0.00000	0.99064	0.00000	0.00007	0.00000	0.00929
775	0.00000	0.99932	0.00000	0.00000	0.00000	0.00068
776	0.00000	0.99978	0.00000	0.00000	0.00000	0.00022
777	0.00000	0.99993	0.00000	0.00000	0.00000	0.00007
