UponCompletionOf_1000000_sweeps
LocNumber LocName AlleleNumber AlleleName FreqInPop0 FreqInPop1 SDInPop0 SDinPop1
0	L1638_388	0	1	0.946601	0.999075	0.014381	0.000925
0	L1638_388	1	2	0.053399	0.000925	0.014381	0.000925
1	L1265_425	0	1	0.995693	0.983868	0.004285	0.004005
1	L1265_425	1	2	0.004307	0.016132	0.004285	0.004005
2	L61_464	0	1	0.990647	0.983313	0.006522	0.004048
2	L61_464	1	2	0.009353	0.016687	0.006522	0.004048
3	L961_39	0	1	0.992982	0.985068	0.006150	0.003828
3	L961_39	1	2	0.007018	0.014932	0.006150	0.003828
4	L1230_403	0	1	0.995759	0.984588	0.004222	0.003825
4	L1230_403	1	2	0.004241	0.015412	0.004222	0.003825
5	L1343_480	0	1	0.992030	0.941602	0.005601	0.007139
5	L1343_480	1	2	0.007970	0.058398	0.005601	0.007139
6	L821_38	0	1	0.995660	0.988094	0.004311	0.003415
6	L821_38	1	2	0.004340	0.011906	0.004311	0.003415
7	L689_429	0	1	0.988276	0.972081	0.006723	0.004939
7	L689_429	1	2	0.011724	0.027919	0.006723	0.004939
8	L984_96	0	1	0.994491	0.988245	0.005485	0.003374
8	L984_96	1	2	0.005509	0.011755	0.005485	0.003374
9	L1663_319	0	1	0.903538	0.999123	0.019102	0.000877
9	L1663_319	1	2	0.096462	0.000877	0.019102	0.000877
10	L133_345	0	1	0.995881	0.991826	0.004102	0.002712
10	L133_345	1	2	0.004119	0.008174	0.004102	0.002712
11	L226_331	0	1	0.996071	0.985261	0.003914	0.003650
11	L226_331	1	2	0.003929	0.014739	0.003914	0.003650
12	L523_429	0	1	0.991362	0.976719	0.006070	0.004695
12	L523_429	1	2	0.008638	0.023281	0.006070	0.004695
13	L286_106	0	1	0.988391	0.858227	0.006657	0.010413
13	L286_106	1	2	0.011609	0.141773	0.006657	0.010413
14	L786_12	0	1	0.996003	0.967255	0.003948	0.005102
14	L786_12	1	2	0.003997	0.032745	0.003948	0.005102
15	L1510_72	0	1	0.008756	0.995252	0.006138	0.002120
15	L1510_72	1	2	0.991244	0.004748	0.006138	0.002120
16	L802_42	0	1	0.991737	0.939400	0.005805	0.007227
16	L802_42	1	2	0.008263	0.060600	0.005805	0.007227
17	L553_8	0	1	0.995754	0.985804	0.004231	0.003639
17	L553_8	1	2	0.004246	0.014196	0.004231	0.003639
18	L1247_137	0	1	0.996010	0.992752	0.003966	0.002554
18	L1247_137	1	2	0.003990	0.007248	0.003966	0.002554
19	L77_115	0	1	0.953236	0.999023	0.013174	0.000975
19	L77_115	1	2	0.046764	0.000977	0.013174	0.000975
20	L1116_64	0	1	0.995752	0.989592	0.004230	0.003122
20	L1116_64	1	2	0.004248	0.010408	0.004230	0.003122
21	L1617_35	0	1	0.995785	0.987525	0.004193	0.003434
21	L1617_35	1	2	0.004215	0.012475	0.004193	0.003434
22	L813_130	0	1	0.993861	0.991995	0.005800	0.002776
22	L813_130	1	2	0.006139	0.008005	0.005800	0.002776
23	L596_439	0	1	0.995889	0.971060	0.004090	0.005207
23	L596_439	1	2	0.004111	0.028940	0.004090	0.005207
24	L1293_38	0	1	0.927270	0.997288	0.016467	0.001562
24	L1293_38	1	2	0.072730	0.002712	0.016467	0.001562
25	L947_376	0	1	0.008645	0.293177	0.006074	0.014795
25	L947_376	1	2	0.991355	0.706823	0.006074	0.014795
26	L1216_401	0	1	0.995426	0.337024	0.004551	0.014488
26	L1216_401	1	2	0.004574	0.662976	0.004551	0.014488
27	L402_19	0	1	0.995608	0.992410	0.004375	0.002672
27	L402_19	1	2	0.004392	0.007590	0.004375	0.002672
28	L1431_403	0	1	0.995419	0.990193	0.004552	0.003084
28	L1431_403	1	2	0.004581	0.009807	0.004552	0.003084
29	L413_130	0	1	0.995670	0.992146	0.004313	0.002760
29	L413_130	1	2	0.004330	0.007854	0.004313	0.002760
30	L601_332	0	1	0.995424	0.991013	0.004482	0.002870
30	L601_332	1	2	0.004576	0.008987	0.004482	0.002870
31	L1169_7	0	1	0.940832	0.998204	0.014800	0.001273
31	L1169_7	1	2	0.059168	0.001796	0.014800	0.001273
32	L311_354	0	1	0.959283	0.998991	0.012672	0.001004
32	L311_354	1	2	0.040717	0.001009	0.012672	0.001004
33	L1545_117	0	1	0.993947	0.987346	0.006024	0.003489
33	L1545_117	1	2	0.006053	0.012654	0.006024	0.003489
34	L753_62	0	1	0.995591	0.986067	0.004389	0.003693
34	L753_62	1	2	0.004409	0.013933	0.004389	0.003693
35	L1093_328	0	1	0.995338	0.985884	0.004643	0.003743
35	L1093_328	1	2	0.004662	0.014116	0.004643	0.003743
36	L627_18	0	1	0.995367	0.993037	0.004506	0.002503
36	L627_18	1	2	0.004633	0.006963	0.004506	0.002503
37	L934_409	0	2	0.990835	0.478654	0.006615	0.014977
37	L934_409	1	1	0.009165	0.521346	0.006615	0.014977
38	L888_7	0	1	0.995948	0.833486	0.004030	0.011293
38	L888_7	1	2	0.004052	0.166514	0.004030	0.011293
39	L1583_342	0	1	0.995693	0.945091	0.004289	0.006946
39	L1583_342	1	2	0.004307	0.054909	0.004289	0.006946
40	L261_128	0	1	0.990971	0.796380	0.006341	0.012819
40	L261_128	1	2	0.009029	0.203620	0.006341	0.012819
41	L1080_336	0	1	0.995739	0.965356	0.004248	0.005519
41	L1080_336	1	2	0.004261	0.034644	0.004248	0.005519
42	L263_103	0	1	0.986263	0.770777	0.007843	0.012980
42	L263_103	1	2	0.013737	0.229223	0.007843	0.012980
43	L1579_468	0	1	0.958014	0.987270	0.022611	0.003349
43	L1579_468	1	2	0.041986	0.012730	0.022611	0.003349
44	L323_477	0	1	0.995249	0.989929	0.004717	0.003168
44	L323_477	1	2	0.004751	0.010071	0.004717	0.003168
45	L1102_144	0	1	0.990317	0.897095	0.006767	0.009348
45	L1102_144	1	2	0.009683	0.102905	0.006767	0.009348
46	L1618_436	0	1	0.953874	0.997460	0.012978	0.001472
46	L1618_436	1	2	0.046126	0.002540	0.012978	0.001472
47	L304_354	0	1	0.020654	0.995894	0.009199	0.001879
47	L304_354	1	2	0.979346	0.004106	0.009199	0.001879
48	L966_464	0	1	0.978622	0.993824	0.020959	0.002326
48	L966_464	1	2	0.021378	0.006176	0.020959	0.002326
49	L375_477	0	1	0.981648	0.990794	0.008623	0.002875
49	L375_477	1	2	0.018352	0.009206	0.008623	0.002875
50	L679_106	0	1	0.014242	0.286519	0.008137	0.014336
50	L679_106	1	2	0.985758	0.713481	0.008137	0.014336
51	L1505_141	0	1	0.033636	0.995063	0.012305	0.002203
51	L1505_141	1	2	0.966364	0.004937	0.012305	0.002203
52	L32_116	0	1	0.967262	0.998110	0.011358	0.001336
52	L32_116	1	2	0.032738	0.001890	0.011358	0.001336
53	L1468_102	0	1	0.996162	0.918653	0.003817	0.007997
53	L1468_102	1	2	0.003838	0.081347	0.003817	0.007997
54	L1310_427	0	1	0.995453	0.986672	0.004483	0.003440
54	L1310_427	1	2	0.004547	0.013328	0.004483	0.003440
55	L660_377	0	1	0.995763	0.988771	0.004230	0.003364
55	L660_377	1	2	0.004237	0.011229	0.004230	0.003364
56	L338_433	0	1	0.994049	0.989099	0.005905	0.003267
56	L338_433	1	2	0.005951	0.010901	0.005905	0.003267
57	L963_109	0	1	0.991749	0.914371	0.005794	0.008321
57	L963_109	1	2	0.008251	0.085629	0.005794	0.008321
58	L555_133	0	1	0.991708	0.986659	0.005832	0.003671
58	L555_133	1	2	0.008292	0.013341	0.005832	0.003671
59	L958_401	0	1	0.980003	0.924314	0.009860	0.008263
59	L958_401	1	2	0.019997	0.075686	0.009860	0.008263
60	L1394_464	0	1	0.958601	0.549829	0.014295	0.015210
60	L1394_464	1	2	0.041399	0.450171	0.014295	0.015210
61	L1546_440	0	1	0.930919	0.983656	0.017178	0.004054
61	L1546_440	1	2	0.069081	0.016344	0.017178	0.004054
62	L563_327	0	1	0.995159	0.911225	0.004804	0.008946
62	L563_327	1	2	0.004841	0.088775	0.004804	0.008946
63	L1475_34	0	1	0.994041	0.987994	0.005632	0.003519
63	L1475_34	1	2	0.005959	0.012006	0.005632	0.003519
64	L1077_64	0	1	0.995872	0.789262	0.004105	0.012248
64	L1077_64	1	2	0.004128	0.210738	0.004105	0.012248
65	L271_466	0	2	0.991780	0.489034	0.005784	0.014673
65	L271_466	1	1	0.008220	0.510966	0.005784	0.014673
66	L1596_23	0	1	0.987568	0.671166	0.007118	0.014344
66	L1596_23	1	2	0.012432	0.328834	0.007118	0.014344
67	L598_399	0	1	0.896998	0.998998	0.020287	0.000999
67	L598_399	1	2	0.103002	0.001002	0.020287	0.000999
68	L1491_95	0	1	0.995865	0.991747	0.004124	0.002736
68	L1491_95	1	2	0.004135	0.008253	0.004124	0.002736
69	L299_104	0	1	0.996268	0.991450	0.003722	0.002690
69	L299_104	1	2	0.003732	0.008550	0.003722	0.002690
70	L524_432	0	1	0.982499	0.991324	0.008651	0.002880
70	L524_432	1	2	0.017501	0.008676	0.008651	0.002880
71	L628_436	0	1	0.435940	0.415443	0.032138	0.014953
71	L628_436	1	2	0.564060	0.584557	0.032138	0.014953
72	L405_416	0	1	0.858540	0.998188	0.022139	0.001279
72	L405_416	1	2	0.141460	0.001812	0.022139	0.001279
73	L1622_28	0	1	0.995934	0.992096	0.004048	0.002620
73	L1622_28	1	2	0.004066	0.007904	0.004048	0.002620
74	L1095_79	0	1	0.995625	0.983691	0.004357	0.004042
74	L1095_79	1	2	0.004375	0.016309	0.004357	0.004042
75	L1722_52	0	1	0.992086	0.989429	0.005570	0.003035
75	L1722_52	1	2	0.007914	0.010571	0.005570	0.003035
76	L746_124	0	1	0.995829	0.992576	0.004161	0.002611
76	L746_124	1	2	0.004171	0.007424	0.004161	0.002611
77	L1504_442	0	1	0.011211	0.990254	0.007549	0.003075
77	L1504_442	1	2	0.988789	0.009746	0.007549	0.003075
78	L803_118	0	1	0.971139	0.829550	0.012536	0.011376
78	L803_118	1	2	0.028861	0.170450	0.012536	0.011376
79	L1065_12	0	1	0.995342	0.991450	0.004636	0.002838
79	L1065_12	1	2	0.004658	0.008550	0.004636	0.002838
80	L1188_404	0	1	0.996086	0.991343	0.003895	0.002869
80	L1188_404	1	2	0.003914	0.008657	0.003895	0.002869
81	L1114_410	0	1	0.990814	0.992831	0.006439	0.002701
81	L1114_410	1	2	0.009186	0.007169	0.006439	0.002701
82	L584_376	0	1	0.985260	0.991369	0.014528	0.002715
82	L584_376	1	2	0.014740	0.008631	0.014528	0.002715
83	L1135_40	0	1	0.989748	0.993596	0.010149	0.002411
83	L1135_40	1	2	0.010252	0.006404	0.010149	0.002411
84	L909_467	0	1	0.991930	0.992649	0.005676	0.002588
84	L909_467	1	2	0.008070	0.007351	0.005676	0.002588
85	L381_140	0	1	0.956237	0.999098	0.012873	0.000900
85	L381_140	1	2	0.043763	0.000902	0.012873	0.000900
86	L1144_370	0	1	0.969556	0.997955	0.011313	0.001449
86	L1144_370	1	2	0.030444	0.002045	0.011313	0.001449
87	L474_476	0	1	0.995840	0.979118	0.004134	0.004307
87	L474_476	1	2	0.004160	0.020882	0.004134	0.004307
88	L835_373	0	1	0.987318	0.980826	0.007252	0.004145
88	L835_373	1	2	0.012682	0.019174	0.007252	0.004145
89	L1420_44	0	1	0.928385	0.998983	0.017225	0.001016
89	L1420_44	1	2	0.071615	0.001017	0.017225	0.001016
90	L1362_383	0	1	0.007476	0.998086	0.005252	0.001367
90	L1362_383	1	2	0.992524	0.001914	0.005252	0.001367
91	L1670_375	0	1	0.995582	0.963139	0.004404	0.005869
91	L1670_375	1	2	0.004418	0.036861	0.004404	0.005869
92	L1058_371	0	2	0.996080	0.973524	0.003901	0.004768
92	L1058_371	1	1	0.003920	0.026476	0.003901	0.004768
93	L624_323	0	1	0.881268	0.995137	0.021423	0.002169
93	L624_323	1	2	0.118732	0.004863	0.021423	0.002169
94	L505_385	0	1	0.995554	0.985702	0.004422	0.003662
94	L505_385	1	2	0.004446	0.014298	0.004422	0.003662
95	L722_51	0	1	0.995371	0.971496	0.004602	0.005310
95	L722_51	1	2	0.004629	0.028504	0.004602	0.005310
96	L498_113	0	1	0.955364	0.876766	0.013050	0.009630
96	L498_113	1	2	0.044636	0.123234	0.013050	0.009630
97	L121_465	0	1	0.121011	0.998900	0.024033	0.001083
97	L121_465	1	2	0.878989	0.001100	0.024033	0.001083
98	L76_140	0	1	0.995863	0.815728	0.004115	0.011853
98	L76_140	1	2	0.004137	0.184272	0.004115	0.011853
99	L967_405	0	1	0.401832	0.994103	0.031552	0.002402
99	L967_405	1	2	0.598168	0.005897	0.031552	0.002402
100	L347_138	0	1	0.017459	0.998159	0.008460	0.001327
100	L347_138	1	2	0.982541	0.001841	0.008460	0.001327
101	L26_369	0	1	0.996132	0.980694	0.003851	0.004074
101	L26_369	1	2	0.003868	0.019306	0.003851	0.004074
102	L184_433	0	1	0.993650	0.979119	0.006236	0.004338
102	L184_433	1	2	0.006350	0.020881	0.006236	0.004338
103	L594_8	0	1	0.995563	0.933021	0.004422	0.007910
103	L594_8	1	2	0.004437	0.066979	0.004422	0.007910
104	L1260_361	0	1	0.987134	0.857557	0.007351	0.010902
104	L1260_361	1	2	0.012866	0.142443	0.007351	0.010902
105	L1067_386	0	1	0.016218	0.990996	0.008030	0.002917
105	L1067_386	1	2	0.983782	0.009004	0.008030	0.002917
106	L916_63	0	1	0.988144	0.990645	0.011710	0.002804
106	L916_63	1	2	0.011856	0.009355	0.011710	0.002804
107	L170_38	0	1	0.996168	0.849801	0.003815	0.010850
107	L170_38	1	2	0.003832	0.150199	0.003815	0.010850
108	L1341_99	0	1	0.995358	0.992794	0.004619	0.002711
108	L1341_99	1	2	0.004642	0.007206	0.004619	0.002711
109	L1608_362	0	1	0.952091	0.986965	0.013434	0.003425
109	L1608_362	1	2	0.047909	0.013035	0.013434	0.003425
110	L1162_333	0	1	0.033188	0.990311	0.012418	0.003049
110	L1162_333	1	2	0.966812	0.009689	0.012418	0.003049
111	L431_104	0	1	0.078376	0.997291	0.018762	0.001563
111	L431_104	1	2	0.921624	0.002709	0.018762	0.001563
112	L210_393	0	1	0.964080	0.999117	0.011730	0.000883
112	L210_393	1	2	0.035920	0.000883	0.011730	0.000883
113	L1085_441	0	1	0.104832	0.983003	0.020180	0.004087
113	L1085_441	1	2	0.895168	0.016997	0.020180	0.004087
114	L575_379	0	1	0.935375	0.998982	0.015723	0.001013
114	L575_379	1	2	0.064625	0.001018	0.015723	0.001013
115	L439_78	0	1	0.995731	0.991086	0.004258	0.002807
115	L439_78	1	2	0.004269	0.008914	0.004258	0.002807
116	L1507_33	0	1	0.983646	0.993353	0.008101	0.002503
116	L1507_33	1	2	0.016354	0.006647	0.008101	0.002503
117	L265_362	0	1	0.927337	0.999096	0.016477	0.000902
117	L265_362	1	2	0.072663	0.000904	0.016477	0.000902
118	L1594_44	0	1	0.947786	0.999016	0.014676	0.000984
118	L1594_44	1	2	0.052214	0.000984	0.014676	0.000984
119	L191_423	0	1	0.964642	0.613541	0.011491	0.014042
119	L191_423	1	2	0.035358	0.386459	0.011491	0.014042
120	L1408_19	0	1	0.995936	0.980536	0.004043	0.004106
120	L1408_19	1	2	0.004064	0.019464	0.004043	0.004106
121	L446_72	0	2	0.528038	0.704956	0.031948	0.013814
121	L446_72	1	1	0.471962	0.295044	0.031948	0.013814
122	L970_66	0	1	0.995815	0.990694	0.004169	0.002926
122	L970_66	1	2	0.004185	0.009306	0.004169	0.002926
123	L56_486	0	1	0.995449	0.991021	0.004529	0.002977
123	L56_486	1	2	0.004551	0.008979	0.004529	0.002977
124	L85_436	0	1	0.995031	0.978720	0.004919	0.004496
124	L85_436	1	2	0.004969	0.021280	0.004919	0.004496
125	L1354_431	0	1	0.995751	0.988149	0.004229	0.003399
125	L1354_431	1	2	0.004249	0.011851	0.004229	0.003399
126	L1436_341	0	1	0.967410	0.999007	0.011361	0.000991
126	L1436_341	1	2	0.032590	0.000993	0.011361	0.000991
127	L12_65	0	1	0.920210	0.999027	0.018043	0.000972
127	L12_65	1	2	0.079790	0.000973	0.018043	0.000972
128	L892_74	0	1	0.996015	0.947994	0.003958	0.006434
128	L892_74	1	2	0.003985	0.052006	0.003958	0.006434
129	L762_8	0	1	0.996230	0.988141	0.003757	0.003149
129	L762_8	1	2	0.003770	0.011859	0.003757	0.003149
130	L1218_130	0	1	0.995598	0.992265	0.004387	0.002722
130	L1218_130	1	2	0.004402	0.007735	0.004387	0.002722
131	L1220_458	0	2	0.013408	0.626533	0.007666	0.015381
131	L1220_458	1	1	0.986592	0.373467	0.007666	0.015381
132	L355_382	0	1	0.995907	0.980785	0.004066	0.004062
132	L355_382	1	2	0.004093	0.019215	0.004066	0.004062
133	L1311_48	0	1	0.855402	0.998147	0.024411	0.001307
133	L1311_48	1	2	0.144598	0.001853	0.024411	0.001307
134	L1694_383	0	1	0.933678	0.998239	0.017078	0.001256
134	L1694_383	1	2	0.066322	0.001761	0.017078	0.001256
135	L1410_467	0	1	0.995893	0.991432	0.004096	0.002842
135	L1410_467	1	2	0.004107	0.008568	0.004096	0.002842
136	L943_22	0	1	0.965451	0.999040	0.011966	0.000958
136	L943_22	1	2	0.034549	0.000960	0.011966	0.000958
137	L1713_137	0	1	0.991477	0.987194	0.005987	0.003407
137	L1713_137	1	2	0.008523	0.012806	0.005987	0.003407
138	L726_483	0	1	0.005272	0.064435	0.005208	0.007873
138	L726_483	1	2	0.994728	0.935565	0.005208	0.007873
139	L1423_105	0	1	0.976027	0.990247	0.009648	0.002924
139	L1423_105	1	2	0.023973	0.009753	0.009648	0.002924
140	L370_114	0	1	0.996151	0.988596	0.003838	0.003147
140	L370_114	1	2	0.003849	0.011404	0.003838	0.003147
141	L53_412	0	1	0.993395	0.977638	0.006321	0.004489
141	L53_412	1	2	0.006605	0.022362	0.006321	0.004489
142	L795_397	0	1	0.995636	0.950817	0.004317	0.006851
142	L795_397	1	2	0.004364	0.049183	0.004317	0.006851
143	L570_336	0	1	0.995641	0.958423	0.004338	0.006208
143	L570_336	1	2	0.004359	0.041577	0.004338	0.006208
144	L492_410	0	1	0.995310	0.991721	0.004666	0.002914
144	L492_410	1	2	0.004690	0.008279	0.004666	0.002914
145	L1365_327	0	1	0.025925	0.995459	0.010275	0.002027
145	L1365_327	1	2	0.974075	0.004541	0.010275	0.002027
146	L922_433	0	1	0.995654	0.980233	0.004331	0.004275
146	L922_433	1	2	0.004346	0.019767	0.004331	0.004275
147	L244_17	0	1	0.964684	0.999004	0.012282	0.000996
147	L244_17	1	2	0.035316	0.000996	0.012282	0.000996
148	L167_322	0	1	0.991726	0.945638	0.005810	0.006707
148	L167_322	1	2	0.008274	0.054362	0.005810	0.006707
149	L491_468	0	1	0.965192	0.999150	0.011382	0.000851
149	L491_468	1	2	0.034808	0.000850	0.011382	0.000851
150	L581_470	0	2	0.991623	0.201945	0.005885	0.012258
150	L581_470	1	1	0.008377	0.798055	0.005885	0.012258
151	L175_141	0	1	0.995709	0.990525	0.004275	0.002981
151	L175_141	1	2	0.004291	0.009475	0.004275	0.002981
152	L1512_486	0	1	0.837603	0.999136	0.024098	0.000865
152	L1512_486	1	2	0.162397	0.000864	0.024098	0.000865
153	L1163_393	0	1	0.441887	0.909116	0.033414	0.008709
153	L1163_393	1	2	0.558113	0.090884	0.033414	0.008709
154	L613_508	0	1	0.995020	0.983578	0.004966	0.003952
154	L613_508	1	2	0.004980	0.016422	0.004966	0.003952
155	L1048_103	0	1	0.995824	0.880716	0.004156	0.009847
155	L1048_103	1	2	0.004176	0.119284	0.004156	0.009847
156	L452_429	0	1	0.986340	0.988789	0.007813	0.003362
156	L452_429	1	2	0.013660	0.011211	0.007813	0.003362
157	L953_82	0	1	0.996252	0.985677	0.003751	0.003446
157	L953_82	1	2	0.003748	0.014323	0.003751	0.003446
158	L116_419	0	1	0.995260	0.984340	0.004592	0.003696
158	L116_419	1	2	0.004740	0.015660	0.004592	0.003696
159	L976_348	0	1	0.996114	0.986989	0.003867	0.003452
159	L976_348	1	2	0.003886	0.013011	0.003867	0.003452
160	L1289_137	0	1	0.989796	0.986272	0.007083	0.003683
160	L1289_137	1	2	0.010204	0.013728	0.007083	0.003683
161	L661_346	0	1	0.943642	0.999083	0.014582	0.000917
161	L661_346	1	2	0.056358	0.000917	0.014582	0.000917
162	L1405_407	0	1	0.867657	0.999065	0.022119	0.000933
162	L1405_407	1	2	0.132343	0.000935	0.022119	0.000933
163	L380_351	0	1	0.995959	0.967165	0.004024	0.005378
163	L380_351	1	2	0.004041	0.032835	0.004024	0.005378
164	L1158_143	0	1	0.951653	0.999033	0.014195	0.000966
164	L1158_143	1	2	0.048347	0.000967	0.014195	0.000966
165	L700_23	0	1	0.992416	0.949282	0.005328	0.006656
165	L700_23	1	2	0.007584	0.050718	0.005328	0.006656
166	L1566_60	0	1	0.992819	0.845778	0.005056	0.010411
166	L1566_60	1	2	0.007181	0.154222	0.005056	0.010411
167	L638_350	0	1	0.906279	0.992498	0.020182	0.002806
167	L638_350	1	2	0.093721	0.007502	0.020182	0.002806
168	L442_393	0	1	0.393935	0.995048	0.032009	0.002209
168	L442_393	1	2	0.606065	0.004952	0.032009	0.002209
169	L684_388	0	1	0.995180	0.991932	0.004704	0.002720
169	L684_388	1	2	0.004820	0.008068	0.004704	0.002720
170	L1327_394	0	1	0.995717	0.988619	0.004266	0.003267
170	L1327_394	1	2	0.004283	0.011381	0.004266	0.003267
171	L1173_437	0	1	0.995838	0.842457	0.004142	0.010634
171	L1173_437	1	2	0.004162	0.157543	0.004142	0.010634
172	L1152_334	0	1	0.995973	0.955448	0.004012	0.006218
172	L1152_334	1	2	0.004027	0.044552	0.004012	0.006218
173	L1568_15	0	1	0.994987	0.983941	0.004988	0.003980
173	L1568_15	1	2	0.005013	0.016059	0.004988	0.003980
174	L1291_436	0	1	0.980886	0.987114	0.010080	0.003678
174	L1291_436	1	2	0.019114	0.012886	0.010080	0.003678
175	L1591_42	0	1	0.919699	0.936740	0.018498	0.007889
175	L1591_42	1	2	0.080301	0.063260	0.018498	0.007889
176	L614_480	0	1	0.995906	0.924433	0.004076	0.007829
176	L614_480	1	2	0.004094	0.075567	0.004076	0.007829
177	L910_334	0	1	0.996084	0.991668	0.003904	0.002765
177	L910_334	1	2	0.003916	0.008332	0.003904	0.002765
178	L1025_348	0	1	0.995645	0.990973	0.004334	0.002993
178	L1025_348	1	2	0.004355	0.009027	0.004334	0.002993
179	L1467_383	0	1	0.990811	0.944674	0.006412	0.006901
179	L1467_383	1	2	0.009189	0.055326	0.006412	0.006901
180	L1483_14	0	1	0.992902	0.991334	0.006728	0.002831
180	L1483_14	1	2	0.007098	0.008666	0.006728	0.002831
181	L1315_460	0	1	0.969290	0.872854	0.011341	0.010837
181	L1315_460	1	2	0.030710	0.127146	0.011341	0.010837
182	L1228_318	0	1	0.996107	0.975531	0.003878	0.004482
182	L1228_318	1	2	0.003893	0.024469	0.003878	0.004482
183	L1662_367	0	1	0.017206	0.988423	0.008520	0.003357
183	L1662_367	1	2	0.982794	0.011577	0.008520	0.003357
184	L182_52	0	1	0.995944	0.989940	0.004042	0.003016
184	L182_52	1	2	0.004056	0.010060	0.004042	0.003016
185	L1378_417	0	1	0.996358	0.984320	0.003626	0.003668
185	L1378_417	1	2	0.003642	0.015680	0.003626	0.003668
186	L1455_85	0	1	0.004497	0.353677	0.004477	0.014838
186	L1455_85	1	2	0.995503	0.646323	0.004477	0.014838
187	L1017_120	0	1	0.995016	0.989373	0.004958	0.003185
187	L1017_120	1	2	0.004984	0.010627	0.004958	0.003185
188	L1502_442	0	1	0.995976	0.972180	0.004013	0.004924
188	L1502_442	1	2	0.004024	0.027820	0.004013	0.004924
189	L464_103	0	1	0.995922	0.886389	0.004067	0.009927
189	L464_103	1	2	0.004078	0.113611	0.004067	0.009927
190	L1038_384	0	1	0.005525	0.994272	0.005079	0.002354
190	L1038_384	1	2	0.994475	0.005728	0.005079	0.002354
191	L1344_434	0	1	0.880299	0.997060	0.020211	0.001693
191	L1344_434	1	2	0.119701	0.002940	0.020211	0.001693
192	L843_132	0	1	0.955820	0.999007	0.013642	0.000994
192	L843_132	1	2	0.044180	0.000993	0.013642	0.000994
193	L267_114	0	1	0.845356	0.998061	0.023676	0.001367
193	L267_114	1	2	0.154644	0.001939	0.023676	0.001367
194	L645_476	0	1	0.995689	0.990621	0.004301	0.002951
194	L645_476	1	2	0.004311	0.009379	0.004301	0.002951
195	L852_388	0	1	0.985843	0.975418	0.013753	0.004605
195	L852_388	1	2	0.014157	0.024582	0.013753	0.004605
196	L235_367	0	1	0.965874	0.980863	0.023513	0.004037
196	L235_367	1	2	0.034126	0.019137	0.023513	0.004037
197	L1147_356	0	1	0.990881	0.969071	0.006312	0.005496
197	L1147_356	1	2	0.009119	0.030929	0.006312	0.005496
198	L1606_95	0	1	0.995728	0.940296	0.004251	0.007232
198	L1606_95	1	2	0.004272	0.059704	0.004251	0.007232
199	L519_470	0	1	0.995843	0.979341	0.004137	0.004255
199	L519_470	1	2	0.004157	0.020659	0.004137	0.004255
