168001_sweeps	1.000/0.000/0.000/0.000	0.000/0.000/0.000/1.000	0.000/0.500/0.500/0.000	0.250/0.250/0.250/0.250	0.500/0.250/0.250/0.000	0.000/0.250/0.250/0.500
1	0.00000	0.99998	0.00000	0.00000	0.00000	0.00002
2	0.00000	0.99999	0.00000	0.00000	0.00000	0.00001
3	0.00000	0.99994	0.00000	0.00000	0.00000	0.00006
4	0.00000	0.98703	0.00000	0.00011	0.00000	0.01285
5	0.00000	0.99999	0.00000	0.00000	0.00000	0.00001
6	0.00000	0.99973	0.00000	0.00000	0.00000	0.00027
7	0.00000	0.99958	0.00000	0.00000	0.00000	0.00042
8	0.00000	0.99995	0.00000	0.00000	0.00000	0.00005
9	0.00000	1.00000	0.00000	0.00000	0.00000	0.00000
10	0.00000	0.00000	0.00000	0.00004	0.99996	0.00000
11	1.00000	0.00000	0.00000	0.00000	0.00000	0.00000
12	0.00000	0.99605	0.00000	0.00002	0.00000	0.00393
13	0.00000	1.00000	0.00000	0.00000	0.00000	0.00000
14	0.00000	1.00000	0.00000	0.00000	0.00000	0.00000
15	0.00000	0.99999	0.00000	0.00000	0.00000	0.00001
16	0.00000	0.99775	0.00000	0.00000	0.00000	0.00225
17	0.99997	0.00000	0.00000	0.00000	0.00003	0.00000
18	0.88417	0.00000	0.00000	0.00227	0.11356	0.00000
19	0.00000	0.98895	0.00000	0.00007	0.00000	0.01098
20	1.00000	0.00000	0.00000	0.00000	0.00000	0.00000
21	0.00089	0.00006	0.00014	0.97094	0.02109	0.00688
22	0.00000	0.99770	0.00000	0.00000	0.00000	0.00229
23	0.99981	0.00000	0.00000	0.00000	0.00019	0.00000
24	1.00000	0.00000	0.00000	0.00000	0.00000	0.00000
25	1.00000	0.00000	0.00000	0.00000	0.00000	0.00000
26	0.00000	0.99997	0.00000	0.00000	0.00000	0.00003
27	0.00000	1.00000	0.00000	0.00000	0.00000	0.00000
28	0.00000	0.86221	0.00000	0.00000	0.00000	0.13779
29	0.00000	1.00000	0.00000	0.00000	0.00000	0.00000
30	1.00000	0.00000	0.00000	0.00000	0.00000	0.00000
31	0.99999	0.00000	0.00000	0.00000	0.00001	0.00000
32	0.00000	0.98986	0.00000	0.00009	0.00000	0.01005
33	0.99993	0.00000	0.00000	0.00000	0.00007	0.00000
34	0.00000	0.83864	0.00002	0.02288	0.00000	0.13846
35	0.00000	0.97824	0.00000	0.00041	0.00000	0.02135
36	0.00000	0.97722	0.00000	0.00000	0.00000	0.02278
37	1.00000	0.00000	0.00000	0.00000	0.00000	0.00000
38	1.00000	0.00000	0.00000	0.00000	0.00000	0.00000
39	0.00000	0.99999	0.00000	0.00000	0.00000	0.00001
40	0.00000	0.99999	0.00000	0.00000	0.00000	0.00001
41	0.00000	1.00000	0.00000	0.00000	0.00000	0.00000
42	0.00000	1.00000	0.00000	0.00000	0.00000	0.00000
43	0.53463	0.00000	0.00000	0.00000	0.46537	0.00000
44	0.00000	0.99998	0.00000	0.00000	0.00000	0.00002
45	1.00000	0.00000	0.00000	0.00000	0.00000	0.00000
46	0.00000	0.87330	0.00000	0.00000	0.00000	0.12670
47	0.00000	1.00000	0.00000	0.00000	0.00000	0.00000
48	0.99997	0.00000	0.00000	0.00000	0.00003	0.00000
49	0.99933	0.00000	0.00000	0.00000	0.00067	0.00000
50	0.00000	0.99677	0.00000	0.00001	0.00000	0.00323
51	0.00000	1.00000	0.00000	0.00000	0.00000	0.00000
52	0.00000	1.00000	0.00000	0.00000	0.00000	0.00000
53	0.47193	0.00000	0.00000	0.00054	0.52753	0.00000
54	0.00000	1.00000	0.00000	0.00000	0.00000	0.00000
55	0.00000	0.99998	0.00000	0.00000	0.00000	0.00002
56	0.02324	0.00000	0.00000	0.89570	0.08105	0.00000
57	0.00000	1.00000	0.00000	0.00000	0.00000	0.00000
58	0.00000	1.00000	0.00000	0.00000	0.00000	0.00000
59	0.00000	0.99974	0.00000	0.00000	0.00000	0.00026
60	0.00000	0.99975	0.00000	0.00000	0.00000	0.00025
61	0.00000	1.00000	0.00000	0.00000	0.00000	0.00000
62	0.00000	1.00000	0.00000	0.00000	0.00000	0.00000
63	0.00000	1.00000	0.00000	0.00000	0.00000	0.00000
64	0.00000	0.99968	0.00000	0.00000	0.00000	0.00032
65	0.00000	0.99995	0.00000	0.00000	0.00000	0.00005
66	0.99998	0.00000	0.00000	0.00000	0.00002	0.00000
67	0.00000	0.99992	0.00000	0.00000	0.00000	0.00008
68	0.00000	0.99999	0.00000	0.00000	0.00000	0.00001
69	0.00000	0.79740	0.00003	0.03191	0.00000	0.17066
70	0.00000	0.99827	0.00000	0.00000	0.00000	0.00173
71	0.00000	1.00000	0.00000	0.00000	0.00000	0.00000
72	0.00000	0.99999	0.00000	0.00000	0.00000	0.00001
73	0.00000	0.98955	0.00000	0.00008	0.00000	0.01036
74	0.00000	1.00000	0.00000	0.00000	0.00000	0.00000
75	0.00000	1.00000	0.00000	0.00000	0.00000	0.00000
76	0.00000	0.99999	0.00000	0.00000	0.00000	0.00001
77	1.00000	0.00000	0.00000	0.00000	0.00000	0.00000
78	1.00000	0.00000	0.00000	0.00000	0.00000	0.00000
79	0.99935	0.00000	0.00000	0.00000	0.00065	0.00000
80	0.00000	0.90599	0.00000	0.00634	0.00000	0.08767
81	0.00000	0.99986	0.00000	0.00000	0.00000	0.00014
82	0.50504	0.00000	0.00094	0.19029	0.30313	0.00060
83	1.00000	0.00000	0.00000	0.00000	0.00000	0.00000
84	0.00000	0.99993	0.00000	0.00000	0.00000	0.00007
85	0.99999	0.00000	0.00000	0.00000	0.00001	0.00000
86	0.98120	0.00000	0.00000	0.00000	0.01880	0.00000
87	0.00000	0.99999	0.00000	0.00000	0.00000	0.00001
88	0.99999	0.00000	0.00000	0.00000	0.00001	0.00000
89	0.00000	1.00000	0.00000	0.00000	0.00000	0.00000
90	0.00000	1.00000	0.00000	0.00000	0.00000	0.00000
91	0.99502	0.00000	0.00000	0.00000	0.00497	0.00000
92	0.00000	0.00000	0.00000	0.00015	0.00000	0.99985
93	0.00000	0.99985	0.00000	0.00000	0.00000	0.00015
94	0.99694	0.00000	0.00000	0.00001	0.00306	0.00000
95	0.00000	0.99968	0.00000	0.00000	0.00000	0.00032
96	0.00000	0.99993	0.00000	0.00000	0.00000	0.00007
97	0.99995	0.00000	0.00000	0.00000	0.00005	0.00000
98	0.00000	0.83480	0.00000	0.00020	0.00000	0.16500
99	0.00003	0.54473	0.00335	0.15468	0.00167	0.29555
100	0.00000	1.00000	0.00000	0.00000	0.00000	0.00000
101	0.00000	0.99974	0.00000	0.00000	0.00000	0.00026
102	0.00000	0.99879	0.00000	0.00000	0.00000	0.00121
103	0.00000	1.00000	0.00000	0.00000	0.00000	0.00000
104	0.00000	0.99997	0.00000	0.00000	0.00000	0.00003
105	0.00000	0.82884	0.00005	0.02563	0.00001	0.14547
106	0.00000	0.99999	0.00000	0.00000	0.00000	0.00001
107	0.00000	0.99987	0.00000	0.00000	0.00000	0.00013
108	1.00000	0.00000	0.00000	0.00000	0.00000	0.00000
109	0.00000	1.00000	0.00000	0.00000	0.00000	0.00000
110	0.00000	1.00000	0.00000	0.00000	0.00000	0.00000
111	0.00000	0.99999	0.00000	0.00000	0.00000	0.00001
112	1.00000	0.00000	0.00000	0.00000	0.00000	0.00000
113	0.99999	0.00000	0.00000	0.00000	0.00001	0.00000
114	0.00000	1.00000	0.00000	0.00000	0.00000	0.00000
115	0.00000	1.00000	0.00000	0.00000	0.00000	0.00000
116	0.12949	0.00000	0.00000	0.00001	0.87051	0.00000
117	0.00000	1.00000	0.00000	0.00000	0.00000	0.00000
118	0.99988	0.00000	0.00000	0.00000	0.00012	0.00000
119	0.99986	0.00000	0.00000	0.00000	0.00014	0.00000
120	0.00000	0.99999	0.00000	0.00000	0.00000	0.00001
121	0.00000	0.99996	0.00000	0.00000	0.00000	0.00004
122	0.00000	0.99554	0.00000	0.00000	0.00000	0.00446
123	0.00000	0.74755	0.00046	0.05301	0.00013	0.19885
124	0.00000	0.99989	0.00000	0.00000	0.00000	0.00011
125	0.00000	0.99989	0.00000	0.00000	0.00000	0.00011
126	0.00000	1.00000	0.00000	0.00000	0.00000	0.00000
127	0.00000	0.99996	0.00000	0.00000	0.00000	0.00004
128	0.00000	0.99994	0.00000	0.00000	0.00000	0.00006
129	0.00000	0.99921	0.00000	0.00000	0.00000	0.00079
130	0.00000	0.99999	0.00000	0.00000	0.00000	0.00001
131	0.99986	0.00000	0.00000	0.00000	0.00014	0.00000
132	0.00000	1.00000	0.00000	0.00000	0.00000	0.00000
133	0.00000	1.00000	0.00000	0.00000	0.00000	0.00000
134	0.00000	0.99998	0.00000	0.00000	0.00000	0.00002
135	0.00000	1.00000	0.00000	0.00000	0.00000	0.00000
136	0.00000	1.00000	0.00000	0.00000	0.00000	0.00000
137	0.00000	1.00000	0.00000	0.00000	0.00000	0.00000
138	0.99716	0.00000	0.00000	0.00001	0.00284	0.00000
139	0.99996	0.00000	0.00000	0.00000	0.00004	0.00000
140	1.00000	0.00000	0.00000	0.00000	0.00000	0.00000
141	0.94159	0.00000	0.00000	0.00058	0.05783	0.00000
142	0.99999	0.00000	0.00000	0.00000	0.00001	0.00000
143	0.00000	0.99999	0.00000	0.00000	0.00000	0.00001
144	0.99873	0.00000	0.00000	0.00000	0.00127	0.00000
145	1.00000	0.00000	0.00000	0.00000	0.00000	0.00000
146	0.99992	0.00000	0.00000	0.00000	0.00008	0.00000
147	0.99995	0.00000	0.00000	0.00000	0.00005	0.00000
148	1.00000	0.00000	0.00000	0.00000	0.00000	0.00000
149	0.99986	0.00000	0.00000	0.00000	0.00014	0.00000
150	0.99997	0.00000	0.00000	0.00000	0.00003	0.00000
151	0.00000	0.94207	0.00000	0.00001	0.00000	0.05791
152	0.00000	0.79656	0.00002	0.03832	0.00001	0.16509
153	0.00000	0.98905	0.00000	0.00004	0.00000	0.01091
154	0.00000	0.99987	0.00000	0.00000	0.00000	0.00013
155	0.00000	0.99999	0.00000	0.00000	0.00000	0.00001
156	0.00000	1.00000	0.00000	0.00000	0.00000	0.00000
157	0.00000	0.99994	0.00000	0.00000	0.00000	0.00006
158	0.00000	1.00000	0.00000	0.00000	0.00000	0.00000
159	0.00000	0.99994	0.00000	0.00000	0.00000	0.00006
160	0.00000	1.00000	0.00000	0.00000	0.00000	0.00000
161	0.00000	1.00000	0.00000	0.00000	0.00000	0.00000
162	0.99999	0.00000	0.00000	0.00000	0.00001	0.00000
163	0.00000	0.99997	0.00000	0.00000	0.00000	0.00003
164	0.00000	0.97580	0.00000	0.00000	0.00000	0.02420
165	0.00000	0.89758	0.00001	0.00558	0.00000	0.09683
166	1.00000	0.00000	0.00000	0.00000	0.00000	0.00000
167	1.00000	0.00000	0.00000	0.00000	0.00000	0.00000
168	0.99134	0.00000	0.00000	0.00000	0.00865	0.00000
169	0.00000	0.99971	0.00000	0.00000	0.00000	0.00029
170	0.00000	0.99998	0.00000	0.00000	0.00000	0.00002
171	0.00000	1.00000	0.00000	0.00000	0.00000	0.00000
172	0.00000	0.99997	0.00000	0.00000	0.00000	0.00003
173	0.99698	0.00000	0.00000	0.00000	0.00302	0.00000
174	0.00000	1.00000	0.00000	0.00000	0.00000	0.00000
175	0.00000	0.99989	0.00000	0.00000	0.00000	0.00011
176	0.00000	0.99998	0.00000	0.00000	0.00000	0.00002
177	0.00000	0.99987	0.00000	0.00000	0.00000	0.00013
178	1.00000	0.00000	0.00000	0.00000	0.00000	0.00000
179	1.00000	0.00000	0.00000	0.00000	0.00000	0.00000
180	0.00000	0.99996	0.00000	0.00000	0.00000	0.00004
181	0.00000	1.00000	0.00000	0.00000	0.00000	0.00000
182	0.99505	0.00000	0.00000	0.00002	0.00494	0.00000
183	0.00000	0.99985	0.00000	0.00000	0.00000	0.00015
184	0.00000	0.99989	0.00000	0.00000	0.00000	0.00011
185	0.00000	1.00000	0.00000	0.00000	0.00000	0.00000
186	1.00000	0.00000	0.00000	0.00000	0.00000	0.00000
187	0.00000	1.00000	0.00000	0.00000	0.00000	0.00000
188	0.00000	0.99632	0.00000	0.00000	0.00000	0.00368
189	0.00000	0.99997	0.00000	0.00000	0.00000	0.00003
190	0.00000	0.99638	0.00000	0.00000	0.00000	0.00362
191	0.99998	0.00000	0.00000	0.00000	0.00002	0.00000
192	0.99983	0.00000	0.00000	0.00000	0.00017	0.00000
193	1.00000	0.00000	0.00000	0.00000	0.00000	0.00000
194	0.00000	0.98055	0.00000	0.00000	0.00000	0.01945
195	0.00000	0.99984	0.00000	0.00000	0.00000	0.00016
196	0.00000	0.99998	0.00000	0.00000	0.00000	0.00002
197	0.00000	0.99926	0.00000	0.00000	0.00000	0.00074
198	0.00000	0.99989	0.00000	0.00000	0.00000	0.00011
199	0.00000	1.00000	0.00000	0.00000	0.00000	0.00000
200	0.00000	0.00000	0.99669	0.00245	0.00000	0.00085
201	0.00000	0.99630	0.00000	0.00000	0.00000	0.00370
202	0.00000	0.99997	0.00000	0.00000	0.00000	0.00003
203	0.00000	0.96545	0.00000	0.00093	0.00000	0.03363
204	0.00000	0.99999	0.00000	0.00000	0.00000	0.00001
205	0.00000	0.99999	0.00000	0.00000	0.00000	0.00001
206	0.00000	1.00000	0.00000	0.00000	0.00000	0.00000
207	0.00000	1.00000	0.00000	0.00000	0.00000	0.00000
208	0.00000	0.99999	0.00000	0.00000	0.00000	0.00001
209	0.00000	0.99995	0.00000	0.00000	0.00000	0.00005
210	0.00000	0.99983	0.00000	0.00000	0.00000	0.00017
211	0.00000	0.00000	0.00000	0.00005	0.00000	0.99995
212	0.00000	0.99987	0.00000	0.00000	0.00000	0.00013
213	0.99969	0.00000	0.00000	0.00000	0.00031	0.00000
214	0.99997	0.00000	0.00000	0.00000	0.00003	0.00000
215	0.00000	0.99999	0.00000	0.00000	0.00000	0.00001
216	0.00000	1.00000	0.00000	0.00000	0.00000	0.00000
217	0.00000	1.00000	0.00000	0.00000	0.00000	0.00000
218	0.00000	1.00000	0.00000	0.00000	0.00000	0.00000
219	0.00000	0.99999	0.00000	0.00000	0.00000	0.00001
220	0.00000	0.97514	0.00000	0.00062	0.00000	0.02424
221	0.00000	0.99999	0.00000	0.00000	0.00000	0.00001
222	0.00000	1.00000	0.00000	0.00000	0.00000	0.00000
223	0.00000	0.99999	0.00000	0.00000	0.00000	0.00001
224	0.00000	1.00000	0.00000	0.00000	0.00000	0.00000
225	0.00000	0.99985	0.00000	0.00000	0.00000	0.00015
226	1.00000	0.00000	0.00000	0.00000	0.00000	0.00000
227	0.00000	0.99994	0.00000	0.00000	0.00000	0.00006
228	0.00000	0.99284	0.00000	0.00002	0.00000	0.00715
229	0.97673	0.00000	0.00000	0.00053	0.02274	0.00000
230	0.00000	0.99998	0.00000	0.00000	0.00000	0.00002
231	0.00000	1.00000	0.00000	0.00000	0.00000	0.00000
232	0.00000	0.99100	0.00000	0.00003	0.00000	0.00897
233	0.99979	0.00000	0.00000	0.00000	0.00021	0.00000
234	0.00000	0.99954	0.00000	0.00000	0.00000	0.00046
235	0.00000	0.99997	0.00000	0.00000	0.00000	0.00003
236	0.00000	0.99999	0.00000	0.00000	0.00000	0.00001
237	0.00000	1.00000	0.00000	0.00000	0.00000	0.00000
238	0.00000	0.99967	0.00000	0.00000	0.00000	0.00033
239	1.00000	0.00000	0.00000	0.00000	0.00000	0.00000
240	1.00000	0.00000	0.00000	0.00000	0.00000	0.00000
241	1.00000	0.00000	0.00000	0.00000	0.00000	0.00000
242	1.00000	0.00000	0.00000	0.00000	0.00000	0.00000
243	0.00000	1.00000	0.00000	0.00000	0.00000	0.00000
244	1.00000	0.00000	0.00000	0.00000	0.00000	0.00000
245	0.99875	0.00000	0.00000	0.00000	0.00125	0.00000
246	0.00000	1.00000	0.00000	0.00000	0.00000	0.00000
247	0.00000	0.99998	0.00000	0.00000	0.00000	0.00002
248	0.00000	0.99989	0.00000	0.00000	0.00000	0.00011
249	0.00000	0.99997	0.00000	0.00000	0.00000	0.00003
250	0.00000	1.00000	0.00000	0.00000	0.00000	0.00000
251	0.00000	0.99999	0.00000	0.00000	0.00000	0.00001
252	0.00000	1.00000	0.00000	0.00000	0.00000	0.00000
253	0.00000	0.99999	0.00000	0.00000	0.00000	0.00001
254	0.00000	0.99998	0.00000	0.00000	0.00000	0.00002
255	0.00000	1.00000	0.00000	0.00000	0.00000	0.00000
256	0.00000	0.99997	0.00000	0.00000	0.00000	0.00003
257	0.00000	1.00000	0.00000	0.00000	0.00000	0.00000
258	0.00000	0.99998	0.00000	0.00000	0.00000	0.00002
259	0.00000	0.99998	0.00000	0.00000	0.00000	0.00002
260	0.00000	0.99739	0.00000	0.00001	0.00000	0.00260
261	0.00000	1.00000	0.00000	0.00000	0.00000	0.00000
262	0.00000	0.99999	0.00000	0.00000	0.00000	0.00001
263	0.00000	0.99992	0.00000	0.00000	0.00000	0.00008
264	0.00000	1.00000	0.00000	0.00000	0.00000	0.00000
265	0.00000	0.97478	0.00000	0.00062	0.00000	0.02460
266	0.00000	0.99999	0.00000	0.00000	0.00000	0.00001
267	0.00000	0.99961	0.00000	0.00000	0.00000	0.00039
268	0.00000	0.99998	0.00000	0.00000	0.00000	0.00002
269	0.00000	1.00000	0.00000	0.00000	0.00000	0.00000
270	0.00000	1.00000	0.00000	0.00000	0.00000	0.00000
271	0.00000	0.99992	0.00000	0.00000	0.00000	0.00008
272	0.00000	0.99718	0.00000	0.00000	0.00000	0.00282
273	0.00000	0.99825	0.00000	0.00000	0.00000	0.00175
274	0.00000	0.99999	0.00000	0.00000	0.00000	0.00001
275	0.00000	1.00000	0.00000	0.00000	0.00000	0.00000
276	0.00000	1.00000	0.00000	0.00000	0.00000	0.00000
277	0.00000	1.00000	0.00000	0.00000	0.00000	0.00000
278	0.00000	1.00000	0.00000	0.00000	0.00000	0.00000
279	0.00000	0.99999	0.00000	0.00000	0.00000	0.00001
280	0.00000	0.99988	0.00000	0.00000	0.00000	0.00012
281	0.00000	0.99976	0.00000	0.00000	0.00000	0.00024
282	0.00000	0.99999	0.00000	0.00000	0.00000	0.00001
283	1.00000	0.00000	0.00000	0.00000	0.00000	0.00000
284	0.00000	0.98179	0.00000	0.00032	0.00000	0.01789
285	0.00000	0.99999	0.00000	0.00000	0.00000	0.00001
286	0.00000	1.00000	0.00000	0.00000	0.00000	0.00000
287	0.00000	1.00000	0.00000	0.00000	0.00000	0.00000
288	0.00000	0.99999	0.00000	0.00000	0.00000	0.00001
289	0.00000	0.98161	0.00000	0.00000	0.00000	0.01839
290	0.00000	0.99999	0.00000	0.00000	0.00000	0.00001
291	0.00000	1.00000	0.00000	0.00000	0.00000	0.00000
292	0.00000	0.98192	0.00000	0.00000	0.00000	0.01808
293	0.00000	0.99999	0.00000	0.00000	0.00000	0.00001
294	0.00000	0.99999	0.00000	0.00000	0.00000	0.00001
295	0.00000	1.00000	0.00000	0.00000	0.00000	0.00000
296	0.99997	0.00000	0.00000	0.00000	0.00003	0.00000
297	0.18274	0.15134	0.16629	0.16648	0.17442	0.15873
298	0.00000	0.99995	0.00000	0.00000	0.00000	0.00005
299	0.00000	0.77445	0.00001	0.03913	0.00000	0.18642
300	1.00000	0.00000	0.00000	0.00000	0.00000	0.00000
301	0.00000	0.99967	0.00000	0.00000	0.00000	0.00033
302	0.00000	0.99998	0.00000	0.00000	0.00000	0.00002
303	0.00000	0.99999	0.00000	0.00000	0.00000	0.00001
304	0.00000	0.99999	0.00000	0.00000	0.00000	0.00001
305	0.00000	1.00000	0.00000	0.00000	0.00000	0.00000
306	0.00000	0.99999	0.00000	0.00000	0.00000	0.00001
307	0.00000	0.99968	0.00000	0.00000	0.00000	0.00032
308	0.00000	0.99998	0.00000	0.00000	0.00000	0.00002
309	0.00000	1.00000	0.00000	0.00000	0.00000	0.00000
310	0.00000	0.99996	0.00000	0.00000	0.00000	0.00004
311	0.00000	0.99998	0.00000	0.00000	0.00000	0.00002
312	0.00000	0.99528	0.00000	0.00002	0.00000	0.00469
313	0.00000	0.99994	0.00000	0.00000	0.00000	0.00006
314	0.00000	0.99999	0.00000	0.00000	0.00000	0.00001
315	0.00000	0.99995	0.00000	0.00000	0.00000	0.00005
316	0.00000	0.00004	0.00000	0.00042	0.00000	0.99954
317	0.00000	0.99992	0.00000	0.00000	0.00000	0.00008
318	0.00000	0.99999	0.00000	0.00000	0.00000	0.00001
319	0.00000	1.00000	0.00000	0.00000	0.00000	0.00000
320	0.00000	0.47967	0.00000	0.00084	0.00000	0.51949
321	0.00000	1.00000	0.00000	0.00000	0.00000	0.00000
322	0.00000	0.99999	0.00000	0.00000	0.00000	0.00001
323	0.00000	0.99983	0.00000	0.00000	0.00000	0.00017
324	0.00000	0.99994	0.00000	0.00000	0.00000	0.00006
325	0.00000	1.00000	0.00000	0.00000	0.00000	0.00000
326	0.00000	0.99989	0.00000	0.00000	0.00000	0.00011
327	0.00000	0.98807	0.00000	0.00014	0.00000	0.01179
328	0.00000	1.00000	0.00000	0.00000	0.00000	0.00000
329	0.00000	0.99999	0.00000	0.00000	0.00000	0.00001
330	0.00000	0.99985	0.00000	0.00000	0.00000	0.00015
331	0.00000	0.79687	0.00009	0.03539	0.00002	0.16764
332	0.00000	0.99999	0.00000	0.00000	0.00000	0.00001
333	0.00000	1.00000	0.00000	0.00000	0.00000	0.00000
334	0.00000	0.99998	0.00000	0.00000	0.00000	0.00002
335	0.00000	0.99990	0.00000	0.00000	0.00000	0.00010
336	0.00000	1.00000	0.00000	0.00000	0.00000	0.00000
337	0.00000	0.49835	0.00042	0.19199	0.00027	0.30897
338	0.00000	1.00000	0.00000	0.00000	0.00000	0.00000
339	0.00000	1.00000	0.00000	0.00000	0.00000	0.00000
340	0.00000	0.99999	0.00000	0.00000	0.00000	0.00001
341	0.00000	0.00000	1.00000	0.00000	0.00000	0.00000
342	0.00000	0.99983	0.00000	0.00000	0.00000	0.00017
343	0.00000	0.99999	0.00000	0.00000	0.00000	0.00001
344	0.00000	0.00000	0.00000	0.00094	0.00000	0.99906
345	0.00000	0.99983	0.00000	0.00000	0.00000	0.00017
346	0.00000	1.00000	0.00000	0.00000	0.00000	0.00000
347	0.00000	0.95613	0.00000	0.00098	0.00000	0.04289
348	0.00000	0.00000	0.00000	0.00008	0.00000	0.99991
349	0.00000	0.99361	0.00000	0.00000	0.00000	0.00639
350	0.00000	1.00000	0.00000	0.00000	0.00000	0.00000
351	0.00000	1.00000	0.00000	0.00000	0.00000	0.00000
352	0.00000	0.99668	0.00000	0.00000	0.00000	0.00331
353	0.00000	0.99999	0.00000	0.00000	0.00000	0.00001
354	0.00000	0.97996	0.00000	0.00025	0.00000	0.01979
355	0.00000	0.94082	0.00000	0.00332	0.00000	0.05586
356	0.99988	0.00000	0.00000	0.00000	0.00012	0.00000
357	0.00000	1.00000	0.00000	0.00000	0.00000	0.00000
358	0.00000	0.99933	0.00000	0.00000	0.00000	0.00067
359	0.00005	0.59682	0.00475	0.12413	0.00218	0.27206
360	0.00000	0.99999	0.00000	0.00000	0.00000	0.00001
361	0.00000	0.99968	0.00000	0.00000	0.00000	0.00032
362	0.99999	0.00000	0.00000	0.00000	0.00001	0.00000
363	1.00000	0.00000	0.00000	0.00000	0.00000	0.00000
364	0.00000	0.99996	0.00000	0.00000	0.00000	0.00004
365	0.00000	0.99977	0.00000	0.00000	0.00000	0.00023
366	0.00000	0.99999	0.00000	0.00000	0.00000	0.00001
367	0.00000	0.99999	0.00000	0.00000	0.00000	0.00001
368	0.00000	1.00000	0.00000	0.00000	0.00000	0.00000
369	0.99990	0.00000	0.00000	0.00000	0.00010	0.00000
370	0.00000	0.99996	0.00000	0.00000	0.00000	0.00004
371	0.00000	1.00000	0.00000	0.00000	0.00000	0.00000
372	0.00000	0.99984	0.00000	0.00000	0.00000	0.00016
373	0.00000	0.99983	0.00000	0.00000	0.00000	0.00017
374	0.00000	0.99162	0.00000	0.00007	0.00000	0.00831
375	0.99973	0.00000	0.00000	0.00000	0.00027	0.00000
376	0.00000	0.99981	0.00000	0.00000	0.00000	0.00019
377	0.00003	0.55631	0.00326	0.14991	0.00170	0.28878
378	0.99996	0.00000	0.00000	0.00000	0.00004	0.00000
379	0.99994	0.00000	0.00000	0.00000	0.00006	0.00000
380	0.00000	0.99920	0.00000	0.00000	0.00000	0.00080
381	0.00000	1.00000	0.00000	0.00000	0.00000	0.00000
382	0.00000	1.00000	0.00000	0.00000	0.00000	0.00000
383	1.00000	0.00000	0.00000	0.00000	0.00000	0.00000
384	0.00000	1.00000	0.00000	0.00000	0.00000	0.00000
385	0.00000	1.00000	0.00000	0.00000	0.00000	0.00000
386	0.00000	0.99993	0.00000	0.00000	0.00000	0.00007
387	0.00000	0.99999	0.00000	0.00000	0.00000	0.00001
388	0.99989	0.00000	0.00000	0.00000	0.00011	0.00000
389	0.00000	1.00000	0.00000	0.00000	0.00000	0.00000
390	0.00000	1.00000	0.00000	0.00000	0.00000	0.00000
391	0.00000	1.00000	0.00000	0.00000	0.00000	0.00000
392	0.00000	0.98907	0.00000	0.00012	0.00000	0.01081
393	0.00000	0.75923	0.00000	0.00058	0.00000	0.24019
394	0.00000	0.36991	0.00000	0.00020	0.00000	0.62989
395	0.00000	0.99997	0.00000	0.00000	0.00000	0.00003
396	0.00000	0.99979	0.00000	0.00000	0.00000	0.00021
397	0.00000	0.99997	0.00000	0.00000	0.00000	0.00003
398	0.00000	0.99988	0.00000	0.00000	0.00000	0.00012
399	0.44835	0.02469	0.10510	0.12714	0.23872	0.05600
400	0.00000	1.00000	0.00000	0.00000	0.00000	0.00000
401	0.00000	1.00000	0.00000	0.00000	0.00000	0.00000
402	0.00000	0.80091	0.00000	0.03463	0.00000	0.16446
403	0.00000	0.99999	0.00000	0.00000	0.00000	0.00001
404	0.00000	0.99807	0.00000	0.00000	0.00000	0.00193
405	0.00000	0.99913	0.00000	0.00000	0.00000	0.00087
406	0.00000	1.00000	0.00000	0.00000	0.00000	0.00000
407	0.00000	0.99385	0.00000	0.00000	0.00000	0.00615
408	0.00000	1.00000	0.00000	0.00000	0.00000	0.00000
409	0.00000	1.00000	0.00000	0.00000	0.00000	0.00000
410	0.00000	0.99990	0.00000	0.00000	0.00000	0.00010
411	0.00000	1.00000	0.00000	0.00000	0.00000	0.00000
412	1.00000	0.00000	0.00000	0.00000	0.00000	0.00000
413	0.00000	1.00000	0.00000	0.00000	0.00000	0.00000
414	0.00000	0.99989	0.00000	0.00000	0.00000	0.00011
415	0.00000	1.00000	0.00000	0.00000	0.00000	0.00000
416	0.00000	0.91447	0.00000	0.00720	0.00000	0.07833
417	0.00000	1.00000	0.00000	0.00000	0.00000	0.00000
418	0.00000	1.00000	0.00000	0.00000	0.00000	0.00000
419	0.00000	0.99999	0.00000	0.00000	0.00000	0.00001
420	0.00000	1.00000	0.00000	0.00000	0.00000	0.00000
421	0.00000	1.00000	0.00000	0.00000	0.00000	0.00000
422	0.00000	0.99997	0.00000	0.00000	0.00000	0.00003
423	0.00000	0.99847	0.00000	0.00000	0.00000	0.00153
424	0.00000	0.98261	0.00000	0.00018	0.00000	0.01721
425	0.00000	0.32383	0.00000	0.00014	0.00000	0.67603
426	0.00000	0.99999	0.00000	0.00000	0.00000	0.00001
427	0.00000	1.00000	0.00000	0.00000	0.00000	0.00000
428	0.00000	1.00000	0.00000	0.00000	0.00000	0.00000
429	0.00000	0.99955	0.00000	0.00000	0.00000	0.00045
430	0.00000	0.99996	0.00000	0.00000	0.00000	0.00004
431	0.00000	0.99979	0.00000	0.00000	0.00000	0.00021
432	0.00000	0.99997	0.00000	0.00000	0.00000	0.00003
433	0.00000	0.99984	0.00000	0.00000	0.00000	0.00016
434	0.00000	0.99999	0.00000	0.00000	0.00000	0.00001
435	0.00000	0.99321	0.00000	0.00005	0.00000	0.00675
436	0.00000	1.00000	0.00000	0.00000	0.00000	0.00000
437	1.00000	0.00000	0.00000	0.00000	0.00000	0.00000
438	0.00000	0.99999	0.00000	0.00000	0.00000	0.00001
439	0.00000	0.99986	0.00000	0.00000	0.00000	0.00014
440	0.00000	0.99999	0.00000	0.00000	0.00000	0.00001
441	0.00000	0.99961	0.00000	0.00000	0.00000	0.00039
442	0.00000	1.00000	0.00000	0.00000	0.00000	0.00000
443	0.00000	0.99995	0.00000	0.00000	0.00000	0.00005
444	0.00000	0.99999	0.00000	0.00000	0.00000	0.00001
445	0.00000	0.99998	0.00000	0.00000	0.00000	0.00002
446	0.00000	0.99318	0.00000	0.00000	0.00000	0.00682
447	0.00000	1.00000	0.00000	0.00000	0.00000	0.00000
448	0.00000	0.99977	0.00000	0.00000	0.00000	0.00023
449	0.00000	0.99997	0.00000	0.00000	0.00000	0.00003
450	0.00000	1.00000	0.00000	0.00000	0.00000	0.00000
451	0.00000	0.99993	0.00000	0.00000	0.00000	0.00007
452	0.00000	1.00000	0.00000	0.00000	0.00000	0.00000
453	0.00000	0.92777	0.00000	0.00451	0.00000	0.06771
454	0.00000	0.99998	0.00000	0.00000	0.00000	0.00002
455	0.00000	1.00000	0.00000	0.00000	0.00000	0.00000
456	0.00000	0.99784	0.00000	0.00000	0.00000	0.00215
457	0.00000	0.99999	0.00000	0.00000	0.00000	0.00001
458	0.00000	0.99979	0.00000	0.00000	0.00000	0.00021
459	0.00000	1.00000	0.00000	0.00000	0.00000	0.00000
460	0.00000	1.00000	0.00000	0.00000	0.00000	0.00000
461	0.99999	0.00000	0.00000	0.00000	0.00001	0.00000
462	0.00000	1.00000	0.00000	0.00000	0.00000	0.00000
463	0.00000	1.00000	0.00000	0.00000	0.00000	0.00000
464	0.00096	0.57882	0.01350	0.12806	0.00674	0.27192
465	1.00000	0.00000	0.00000	0.00000	0.00000	0.00000
466	0.00000	1.00000	0.00000	0.00000	0.00000	0.00000
467	0.00000	1.00000	0.00000	0.00000	0.00000	0.00000
468	0.00000	0.96276	0.00000	0.00096	0.00000	0.03628
469	0.00000	0.99998	0.00000	0.00000	0.00000	0.00002
470	0.00000	0.99998	0.00000	0.00000	0.00000	0.00002
471	0.00000	0.99900	0.00000	0.00000	0.00000	0.00100
472	0.00000	0.99986	0.00000	0.00000	0.00000	0.00014
473	0.00000	1.00000	0.00000	0.00000	0.00000	0.00000
474	0.00000	0.99974	0.00000	0.00000	0.00000	0.00026
475	0.09724	0.24782	0.15499	0.16811	0.12778	0.20406
476	0.00000	1.00000	0.00000	0.00000	0.00000	0.00000
477	0.00000	0.99999	0.00000	0.00000	0.00000	0.00001
478	0.00000	1.00000	0.00000	0.00000	0.00000	0.00000
479	0.00000	0.99999	0.00000	0.00000	0.00000	0.00001
480	0.00000	0.99458	0.00000	0.00002	0.00000	0.00540
481	0.00000	1.00000	0.00000	0.00000	0.00000	0.00000
482	0.00000	1.00000	0.00000	0.00000	0.00000	0.00000
483	0.00000	1.00000	0.00000	0.00000	0.00000	0.00000
484	0.00000	0.99997	0.00000	0.00000	0.00000	0.00003
485	0.00000	1.00000	0.00000	0.00000	0.00000	0.00000
486	0.00000	1.00000	0.00000	0.00000	0.00000	0.00000
487	0.00000	1.00000	0.00000	0.00000	0.00000	0.00000
488	0.00000	1.00000	0.00000	0.00000	0.00000	0.00000
489	0.00000	1.00000	0.00000	0.00000	0.00000	0.00000
490	0.00000	0.99999	0.00000	0.00000	0.00000	0.00001
491	0.00000	0.99999	0.00000	0.00000	0.00000	0.00001
492	0.00000	1.00000	0.00000	0.00000	0.00000	0.00000
493	0.00000	0.99999	0.00000	0.00000	0.00000	0.00001
494	0.00000	1.00000	0.00000	0.00000	0.00000	0.00000
495	0.00000	0.34844	0.00000	0.33978	0.00000	0.31178
496	0.00000	0.99999	0.00000	0.00000	0.00000	0.00001
497	0.00000	0.99999	0.00000	0.00000	0.00000	0.00001
498	0.00000	1.00000	0.00000	0.00000	0.00000	0.00000
499	0.00000	0.99999	0.00000	0.00000	0.00000	0.00001
500	0.00000	0.99998	0.00000	0.00000	0.00000	0.00002
501	0.00000	0.80420	0.00000	0.03304	0.00000	0.16276
502	0.00000	0.99994	0.00000	0.00000	0.00000	0.00006
503	0.00000	0.94145	0.00000	0.00328	0.00000	0.05528
504	0.00000	0.99999	0.00000	0.00000	0.00000	0.00001
505	0.00000	1.00000	0.00000	0.00000	0.00000	0.00000
506	0.00000	0.99991	0.00000	0.00000	0.00000	0.00009
507	0.99994	0.00000	0.00000	0.00000	0.00006	0.00000
508	1.00000	0.00000	0.00000	0.00000	0.00000	0.00000
509	0.00000	0.99962	0.00000	0.00000	0.00000	0.00038
510	0.00000	0.99994	0.00000	0.00000	0.00000	0.00006
511	0.00000	1.00000	0.00000	0.00000	0.00000	0.00000
512	0.00000	1.00000	0.00000	0.00000	0.00000	0.00000
513	0.00000	0.99998	0.00000	0.00000	0.00000	0.00002
514	0.99878	0.00000	0.00000	0.00000	0.00122	0.00000
515	0.00000	0.99984	0.00000	0.00000	0.00000	0.00016
516	0.99870	0.00000	0.00000	0.00000	0.00130	0.00000
517	0.00000	0.99709	0.00000	0.00001	0.00000	0.00290
518	0.00000	1.00000	0.00000	0.00000	0.00000	0.00000
519	1.00000	0.00000	0.00000	0.00000	0.00000	0.00000
520	0.00000	0.66755	0.00000	0.00000	0.00000	0.33245
521	0.00000	1.00000	0.00000	0.00000	0.00000	0.00000
522	0.00000	1.00000	0.00000	0.00000	0.00000	0.00000
523	0.00000	1.00000	0.00000	0.00000	0.00000	0.00000
524	0.00000	1.00000	0.00000	0.00000	0.00000	0.00000
525	0.00000	1.00000	0.00000	0.00000	0.00000	0.00000
526	0.00000	0.99998	0.00000	0.00000	0.00000	0.00002
527	0.00000	0.99931	0.00000	0.00000	0.00000	0.00069
528	0.00000	1.00000	0.00000	0.00000	0.00000	0.00000
529	0.00000	0.99181	0.00000	0.00007	0.00000	0.00813
530	0.00000	0.90342	0.00000	0.00858	0.00000	0.08800
531	0.00000	0.99999	0.00000	0.00000	0.00000	0.00001
532	0.00000	0.99973	0.00000	0.00000	0.00000	0.00027
533	0.00000	0.99600	0.00000	0.00000	0.00000	0.00399
534	0.99998	0.00000	0.00000	0.00000	0.00002	0.00000
535	0.00000	0.99999	0.00000	0.00000	0.00000	0.00001
536	0.00000	1.00000	0.00000	0.00000	0.00000	0.00000
537	0.00000	0.99992	0.00000	0.00000	0.00000	0.00008
538	0.99795	0.00000	0.00000	0.00000	0.00205	0.00000
539	0.00000	0.99676	0.00000	0.00001	0.00000	0.00323
540	0.00000	0.99999	0.00000	0.00000	0.00000	0.00001
541	0.99832	0.00000	0.00000	0.00000	0.00168	0.00000
542	1.00000	0.00000	0.00000	0.00000	0.00000	0.00000
543	1.00000	0.00000	0.00000	0.00000	0.00000	0.00000
544	0.00000	1.00000	0.00000	0.00000	0.00000	0.00000
545	0.00000	0.99960	0.00000	0.00000	0.00000	0.00040
546	0.00000	0.99993	0.00000	0.00000	0.00000	0.00007
547	0.00000	0.99999	0.00000	0.00000	0.00000	0.00001
548	0.00000	0.99994	0.00000	0.00000	0.00000	0.00006
549	0.99984	0.00000	0.00000	0.00000	0.00016	0.00000
550	0.00000	0.92787	0.00000	0.00000	0.00000	0.07213
551	0.00000	0.99999	0.00000	0.00000	0.00000	0.00001
552	0.99995	0.00000	0.00000	0.00000	0.00005	0.00000
553	0.00000	1.00000	0.00000	0.00000	0.00000	0.00000
554	0.00000	0.99999	0.00000	0.00000	0.00000	0.00001
555	0.00000	1.00000	0.00000	0.00000	0.00000	0.00000
556	0.00000	1.00000	0.00000	0.00000	0.00000	0.00000
557	0.00000	0.00000	0.99999	0.00000	0.00000	0.00000
558	0.00000	1.00000	0.00000	0.00000	0.00000	0.00000
559	0.00000	0.99998	0.00000	0.00000	0.00000	0.00002
560	1.00000	0.00000	0.00000	0.00000	0.00000	0.00000
561	0.99997	0.00000	0.00000	0.00000	0.00003	0.00000
562	1.00000	0.00000	0.00000	0.00000	0.00000	0.00000
563	1.00000	0.00000	0.00000	0.00000	0.00000	0.00000
564	0.00000	0.99940	0.00000	0.00000	0.00000	0.00060
565	0.00000	0.99998	0.00000	0.00000	0.00000	0.00002
566	0.99999	0.00000	0.00000	0.00000	0.00001	0.00000
567	0.00000	1.00000	0.00000	0.00000	0.00000	0.00000
568	0.79643	0.00000	0.00002	0.03547	0.16807	0.00000
569	0.99994	0.00000	0.00000	0.00000	0.00006	0.00000
570	0.00000	0.93471	0.00000	0.00000	0.00000	0.06529
571	0.00000	0.99997	0.00000	0.00000	0.00000	0.00003
572	0.00000	0.99999	0.00000	0.00000	0.00000	0.00001
573	0.00000	0.99999	0.00000	0.00000	0.00000	0.00001
574	0.00000	1.00000	0.00000	0.00000	0.00000	0.00000
575	0.00000	0.99996	0.00000	0.00000	0.00000	0.00004
576	0.00000	0.00000	0.00000	0.00120	0.99880	0.00000
577	0.00000	1.00000	0.00000	0.00000	0.00000	0.00000
578	1.00000	0.00000	0.00000	0.00000	0.00000	0.00000
579	0.00000	1.00000	0.00000	0.00000	0.00000	0.00000
580	0.00000	0.07939	0.00000	0.00007	0.00000	0.92054
581	0.00000	0.99116	0.00000	0.00008	0.00000	0.00876
582	0.00000	0.99929	0.00000	0.00000	0.00000	0.00071
583	0.00000	0.99999	0.00000	0.00000	0.00000	0.00001
584	0.00000	0.99328	0.00000	0.00004	0.00000	0.00667
585	0.00000	0.99998	0.00000	0.00000	0.00000	0.00002
586	0.00000	0.98983	0.00000	0.00000	0.00000	0.01017
587	0.00000	0.99998	0.00000	0.00000	0.00000	0.00002
588	0.00000	0.99999	0.00000	0.00000	0.00000	0.00001
589	0.00000	1.00000	0.00000	0.00000	0.00000	0.00000
590	0.00000	1.00000	0.00000	0.00000	0.00000	0.00000
591	0.00000	0.99976	0.00000	0.00000	0.00000	0.00024
592	0.00000	0.95454	0.00000	0.00163	0.00000	0.04382
593	0.00000	0.99957	0.00000	0.00000	0.00000	0.00043
594	0.00000	1.00000	0.00000	0.00000	0.00000	0.00000
595	0.00000	1.00000	0.00000	0.00000	0.00000	0.00000
596	0.00000	1.00000	0.00000	0.00000	0.00000	0.00000
597	0.00000	0.00036	0.00000	0.23755	0.00000	0.76209
598	0.00000	0.93385	0.00000	0.00003	0.00000	0.06612
599	0.00000	0.25149	0.00000	0.03135	0.00000	0.71716
600	0.00000	0.02259	0.00000	0.02982	0.00000	0.94759
601	0.00000	0.99999	0.00000	0.00000	0.00000	0.00001
602	0.00000	0.80603	0.00000	0.02946	0.00000	0.16451
603	0.99989	0.00000	0.00000	0.00000	0.00011	0.00000
604	0.99437	0.00000	0.00000	0.00003	0.00559	0.00000
605	0.00000	0.99997	0.00000	0.00000	0.00000	0.00003
606	0.00000	0.99795	0.00000	0.00000	0.00000	0.00204
607	0.00000	0.99999	0.00000	0.00000	0.00000	0.00001
608	0.00000	0.99999	0.00000	0.00000	0.00000	0.00001
609	0.00000	0.99998	0.00000	0.00000	0.00000	0.00002
610	0.00000	0.99994	0.00000	0.00000	0.00000	0.00006
611	0.02381	0.00000	0.00000	0.01293	0.96327	0.00000
612	0.00000	0.99992	0.00000	0.00000	0.00000	0.00008
613	0.00000	0.99998	0.00000	0.00000	0.00000	0.00002
614	0.00000	0.99999	0.00000	0.00000	0.00000	0.00001
615	0.00000	0.98559	0.00000	0.00021	0.00000	0.01420
616	0.00000	1.00000	0.00000	0.00000	0.00000	0.00000
617	0.00000	0.99993	0.00000	0.00000	0.00000	0.00007
618	0.00000	0.99999	0.00000	0.00000	0.00000	0.00001
619	0.00000	0.99982	0.00000	0.00000	0.00000	0.00018
620	0.00000	1.00000	0.00000	0.00000	0.00000	0.00000
621	0.00000	0.99999	0.00000	0.00000	0.00000	0.00001
622	0.00000	1.00000	0.00000	0.00000	0.00000	0.00000
623	0.00000	0.99891	0.00000	0.00000	0.00000	0.00109
624	0.00000	0.99994	0.00000	0.00000	0.00000	0.00006
625	0.00000	0.99961	0.00000	0.00000	0.00000	0.00039
626	0.00000	1.00000	0.00000	0.00000	0.00000	0.00000
627	0.00000	0.72537	0.00005	0.06252	0.00001	0.21204
628	0.00000	0.99978	0.00000	0.00000	0.00000	0.00022
629	0.00000	1.00000	0.00000	0.00000	0.00000	0.00000
630	0.00000	1.00000	0.00000	0.00000	0.00000	0.00000
631	0.00000	0.99999	0.00000	0.00000	0.00000	0.00001
632	0.00000	0.99971	0.00000	0.00000	0.00000	0.00029
633	1.00000	0.00000	0.00000	0.00000	0.00000	0.00000
634	0.00000	0.99999	0.00000	0.00000	0.00000	0.00001
635	0.00000	1.00000	0.00000	0.00000	0.00000	0.00000
636	0.00000	1.00000	0.00000	0.00000	0.00000	0.00000
637	0.00000	0.99439	0.00000	0.00003	0.00000	0.00558
638	0.00000	0.99970	0.00000	0.00000	0.00000	0.00030
639	0.00000	1.00000	0.00000	0.00000	0.00000	0.00000
640	0.00000	1.00000	0.00000	0.00000	0.00000	0.00000
641	0.00000	1.00000	0.00000	0.00000	0.00000	0.00000
642	0.00000	0.99999	0.00000	0.00000	0.00000	0.00001
643	0.00000	0.99999	0.00000	0.00000	0.00000	0.00001
644	0.00000	0.99993	0.00000	0.00000	0.00000	0.00007
645	0.00000	0.00000	0.00000	0.02762	0.00000	0.97238
646	0.00000	0.99999	0.00000	0.00000	0.00000	0.00001
647	0.00000	0.99977	0.00000	0.00000	0.00000	0.00023
648	0.00000	0.99998	0.00000	0.00000	0.00000	0.00002
649	0.00000	0.99999	0.00000	0.00000	0.00000	0.00001
650	0.00000	0.99831	0.00000	0.00000	0.00000	0.00169
651	0.99993	0.00000	0.00000	0.00000	0.00007	0.00000
652	0.00000	0.99999	0.00000	0.00000	0.00000	0.00001
653	0.00000	0.99999	0.00000	0.00000	0.00000	0.00001
654	0.96234	0.00000	0.00000	0.00172	0.03594	0.00000
655	0.00000	0.99999	0.00000	0.00000	0.00000	0.00001
656	0.00000	1.00000	0.00000	0.00000	0.00000	0.00000
657	0.00000	0.99999	0.00000	0.00000	0.00000	0.00001
658	0.00000	0.99999	0.00000	0.00000	0.00000	0.00001
659	0.00000	1.00000	0.00000	0.00000	0.00000	0.00000
660	0.99334	0.00000	0.00000	0.00004	0.00661	0.00000
661	0.00000	0.99991	0.00000	0.00000	0.00000	0.00009
662	0.00000	0.98051	0.00000	0.00000	0.00000	0.01949
663	0.00000	0.99999	0.00000	0.00000	0.00000	0.00001
664	0.00000	0.95599	0.00000	0.00120	0.00000	0.04281
665	1.00000	0.00000	0.00000	0.00000	0.00000	0.00000
666	0.00000	0.99072	0.00000	0.00006	0.00000	0.00922
667	1.00000	0.00000	0.00000	0.00000	0.00000	0.00000
668	1.00000	0.00000	0.00000	0.00000	0.00000	0.00000
669	1.00000	0.00000	0.00000	0.00000	0.00000	0.00000
670	1.00000	0.00000	0.00000	0.00000	0.00000	0.00000
671	0.99993	0.00000	0.00000	0.00000	0.00007	0.00000
672	0.00000	0.98302	0.00000	0.00000	0.00000	0.01698
673	0.00000	1.00000	0.00000	0.00000	0.00000	0.00000
674	0.00000	1.00000	0.00000	0.00000	0.00000	0.00000
675	0.00000	0.82963	0.00003	0.02246	0.00000	0.14787
676	0.00000	0.99314	0.00000	0.00002	0.00000	0.00684
677	0.00000	0.99894	0.00000	0.00000	0.00000	0.00106
678	0.00000	0.99998	0.00000	0.00000	0.00000	0.00002
679	0.99546	0.00000	0.00000	0.00000	0.00454	0.00000
680	0.00000	1.00000	0.00000	0.00000	0.00000	0.00000
681	0.00000	0.99997	0.00000	0.00000	0.00000	0.00003
682	0.00000	1.00000	0.00000	0.00000	0.00000	0.00000
683	0.00000	0.99995	0.00000	0.00000	0.00000	0.00005
684	0.00000	0.99999	0.00000	0.00000	0.00000	0.00001
685	0.00000	0.99976	0.00000	0.00000	0.00000	0.00024
686	0.00000	1.00000	0.00000	0.00000	0.00000	0.00000
687	0.00000	0.99999	0.00000	0.00000	0.00000	0.00001
688	0.00000	0.99988	0.00000	0.00000	0.00000	0.00012
689	0.00000	1.00000	0.00000	0.00000	0.00000	0.00000
690	0.00000	0.99999	0.00000	0.00000	0.00000	0.00001
691	0.00000	0.99998	0.00000	0.00000	0.00000	0.00002
692	0.00000	0.99999	0.00000	0.00000	0.00000	0.00001
693	0.00000	0.99972	0.00000	0.00000	0.00000	0.00028
694	0.00000	0.99911	0.00000	0.00000	0.00000	0.00089
695	0.00000	0.91069	0.00000	0.00738	0.00000	0.08193
696	0.00000	0.99999	0.00000	0.00000	0.00000	0.00001
697	0.00000	1.00000	0.00000	0.00000	0.00000	0.00000
698	0.00000	0.99929	0.00000	0.00000	0.00000	0.00071
699	0.00000	0.57947	0.00000	0.00816	0.00000	0.41237
700	0.00000	0.99999	0.00000	0.00000	0.00000	0.00001
701	0.00000	0.99998	0.00000	0.00000	0.00000	0.00002
702	0.99999	0.00000	0.00000	0.00000	0.00001	0.00000
703	0.99999	0.00000	0.00000	0.00000	0.00001	0.00000
704	1.00000	0.00000	0.00000	0.00000	0.00000	0.00000
705	0.99111	0.00000	0.00000	0.00008	0.00881	0.00000
706	0.00000	1.00000	0.00000	0.00000	0.00000	0.00000
707	0.00000	0.99936	0.00000	0.00000	0.00000	0.00064
708	0.08428	0.00000	0.00000	0.66284	0.25288	0.00000
709	0.00000	0.99979	0.00000	0.00000	0.00000	0.00021
710	0.00000	0.98426	0.00000	0.00000	0.00000	0.01574
711	0.00000	1.00000	0.00000	0.00000	0.00000	0.00000
712	0.00000	0.98694	0.00000	0.00000	0.00000	0.01306
713	0.00000	0.99999	0.00000	0.00000	0.00000	0.00001
714	0.00000	1.00000	0.00000	0.00000	0.00000	0.00000
715	0.99999	0.00000	0.00000	0.00000	0.00001	0.00000
716	0.00000	0.99503	0.00000	0.00002	0.00000	0.00495
717	0.00000	0.99999	0.00000	0.00000	0.00000	0.00001
718	0.00000	0.99999	0.00000	0.00000	0.00000	0.00001
719	0.99999	0.00000	0.00000	0.00000	0.00001	0.00000
720	0.00000	0.99976	0.00000	0.00000	0.00000	0.00024
721	0.00000	0.99999	0.00000	0.00000	0.00000	0.00001
722	0.00000	0.99996	0.00000	0.00000	0.00000	0.00004
723	0.00000	0.99992	0.00000	0.00000	0.00000	0.00008
724	0.00000	1.00000	0.00000	0.00000	0.00000	0.00000
725	0.00000	0.95060	0.00000	0.00187	0.00000	0.04753
726	0.00000	0.53131	0.00000	0.08703	0.00000	0.38166
727	0.00000	1.00000	0.00000	0.00000	0.00000	0.00000
728	0.00000	1.00000	0.00000	0.00000	0.00000	0.00000
729	0.00000	0.34870	0.00024	0.22386	0.00005	0.42715
730	0.00000	1.00000	0.00000	0.00000	0.00000	0.00000
731	0.00000	0.99998	0.00000	0.00000	0.00000	0.00002
732	0.00000	0.99998	0.00000	0.00000	0.00000	0.00002
733	1.00000	0.00000	0.00000	0.00000	0.00000	0.00000
734	0.00000	1.00000	0.00000	0.00000	0.00000	0.00000
735	0.00000	0.99995	0.00000	0.00000	0.00000	0.00005
736	0.00000	0.99999	0.00000	0.00000	0.00000	0.00001
737	0.00000	0.99914	0.00000	0.00000	0.00000	0.00086
738	0.00000	0.99993	0.00000	0.00000	0.00000	0.00007
739	0.99994	0.00000	0.00000	0.00000	0.00006	0.00000
740	0.00000	0.91013	0.00000	0.00625	0.00000	0.08363
741	0.00000	1.00000	0.00000	0.00000	0.00000	0.00000
742	0.99996	0.00000	0.00000	0.00000	0.00004	0.00000
743	0.00000	1.00000	0.00000	0.00000	0.00000	0.00000
744	0.00000	0.99999	0.00000	0.00000	0.00000	0.00001
745	0.00000	0.99989	0.00000	0.00000	0.00000	0.00011
746	1.00000	0.00000	0.00000	0.00000	0.00000	0.00000
747	0.00000	0.99998	0.00000	0.00000	0.00000	0.00002
748	0.00000	0.99997	0.00000	0.00000	0.00000	0.00003
749	0.00000	1.00000	0.00000	0.00000	0.00000	0.00000
750	0.00000	0.99994	0.00000	0.00000	0.00000	0.00006
751	0.00015	0.55445	0.00801	0.14739	0.00415	0.28586
752	0.00000	1.00000	0.00000	0.00000	0.00000	0.00000
753	0.00000	0.99994	0.00000	0.00000	0.00000	0.00006
754	0.00000	0.99984	0.00000	0.00000	0.00000	0.00016
755	0.00000	1.00000	0.00000	0.00000	0.00000	0.00000
756	0.00000	0.99800	0.00000	0.00000	0.00000	0.00200
757	0.00000	0.99999	0.00000	0.00000	0.00000	0.00001
758	0.00000	0.98362	0.00000	0.00016	0.00000	0.01622
759	0.00000	0.99961	0.00000	0.00000	0.00000	0.00039
760	0.99963	0.00000	0.00000	0.00000	0.00037	0.00000
761	1.00000	0.00000	0.00000	0.00000	0.00000	0.00000
762	0.00000	0.85475	0.00000	0.00011	0.00000	0.14513
763	0.00000	0.99999	0.00000	0.00000	0.00000	0.00001
764	0.00000	0.99998	0.00000	0.00000	0.00000	0.00002
765	0.00000	1.00000	0.00000	0.00000	0.00000	0.00000
766	0.00000	0.99962	0.00000	0.00000	0.00000	0.00038
767	0.00000	0.99997	0.00000	0.00000	0.00000	0.00003
768	0.00000	0.99999	0.00000	0.00000	0.00000	0.00001
769	0.00000	0.94966	0.00000	0.00078	0.00000	0.04955
770	0.00000	0.99382	0.00000	0.00003	0.00000	0.00614
771	0.00000	1.00000	0.00000	0.00000	0.00000	0.00000
772	0.00000	0.99993	0.00000	0.00000	0.00000	0.00007
773	0.00000	0.99999	0.00000	0.00000	0.00000	0.00001
774	0.00000	0.99674	0.00000	0.00001	0.00000	0.00325
775	0.00000	0.99915	0.00000	0.00000	0.00000	0.00085
776	0.00000	0.99963	0.00000	0.00000	0.00000	0.00037
777	0.00000	0.99999	0.00000	0.00000	0.00000	0.00001
