177901_sweeps	1.000/0.000/0.000/0.000	0.000/0.000/0.000/1.000	0.000/0.500/0.500/0.000	0.250/0.250/0.250/0.250	0.500/0.250/0.250/0.000	0.000/0.250/0.250/0.500
1	0.00000	1.00000	0.00000	0.00000	0.00000	0.00000
2	0.00000	1.00000	0.00000	0.00000	0.00000	0.00000
3	0.00000	0.99991	0.00000	0.00000	0.00000	0.00009
4	0.00000	0.98564	0.00000	0.00014	0.00000	0.01422
5	0.00000	0.99987	0.00000	0.00000	0.00000	0.00013
6	0.00000	0.99982	0.00000	0.00000	0.00000	0.00018
7	0.00000	0.89480	0.00000	0.00001	0.00000	0.10519
8	0.00000	0.99998	0.00000	0.00000	0.00000	0.00002
9	0.00000	0.99970	0.00000	0.00000	0.00000	0.00030
10	0.00000	0.00000	0.00000	0.00280	0.99720	0.00000
11	0.99955	0.00000	0.00000	0.00000	0.00045	0.00000
12	0.00000	0.99813	0.00000	0.00000	0.00000	0.00187
13	0.00000	1.00000	0.00000	0.00000	0.00000	0.00000
14	0.00000	1.00000	0.00000	0.00000	0.00000	0.00000
15	0.00000	0.99995	0.00000	0.00000	0.00000	0.00005
16	0.00000	0.99874	0.00000	0.00000	0.00000	0.00126
17	0.99982	0.00000	0.00000	0.00000	0.00018	0.00000
18	0.98403	0.00000	0.00000	0.00025	0.01572	0.00000
19	0.00000	0.98431	0.00000	0.00017	0.00000	0.01551
20	0.99996	0.00000	0.00000	0.00000	0.00004	0.00000
21	0.00000	0.58450	0.00000	0.13526	0.00000	0.28024
22	0.00000	0.98819	0.00000	0.00009	0.00000	0.01172
23	0.99900	0.00000	0.00000	0.00000	0.00100	0.00000
24	0.99996	0.00000	0.00000	0.00000	0.00004	0.00000
25	1.00000	0.00000	0.00000	0.00000	0.00000	0.00000
26	0.00000	0.99993	0.00000	0.00000	0.00000	0.00007
27	0.00000	0.99998	0.00000	0.00000	0.00000	0.00002
28	0.00000	0.99901	0.00000	0.00000	0.00000	0.00099
29	0.00000	0.99999	0.00000	0.00000	0.00000	0.00001
30	0.99624	0.00000	0.00000	0.00000	0.00376	0.00000
31	0.99995	0.00000	0.00000	0.00000	0.00005	0.00000
32	0.00000	0.95555	0.00000	0.00174	0.00000	0.04271
33	0.99994	0.00000	0.00000	0.00000	0.00006	0.00000
34	0.00452	0.34833	0.03808	0.26980	0.03413	0.30513
35	0.00000	0.42604	0.00000	0.02205	0.00000	0.55191
36	0.00000	0.99992	0.00000	0.00000	0.00000	0.00008
37	0.99990	0.00000	0.00000	0.00000	0.00010	0.00000
38	0.99999	0.00000	0.00000	0.00000	0.00001	0.00000
39	0.00000	0.99995	0.00000	0.00000	0.00000	0.00005
40	0.00000	0.99998	0.00000	0.00000	0.00000	0.00002
41	0.00000	0.99998	0.00000	0.00000	0.00000	0.00002
42	0.00000	0.99839	0.00000	0.00000	0.00000	0.00161
43	0.31080	0.00000	0.00000	0.00000	0.68920	0.00000
44	0.00000	0.99998	0.00000	0.00000	0.00000	0.00002
45	0.99997	0.00000	0.00000	0.00000	0.00003	0.00000
46	0.00000	0.99951	0.00000	0.00000	0.00000	0.00049
47	0.00000	1.00000	0.00000	0.00000	0.00000	0.00000
48	0.99995	0.00000	0.00000	0.00000	0.00005	0.00000
49	0.99742	0.00000	0.00000	0.00000	0.00258	0.00000
50	0.00000	0.99222	0.00000	0.00005	0.00000	0.00773
51	0.00000	1.00000	0.00000	0.00000	0.00000	0.00000
52	0.00000	0.99999	0.00000	0.00000	0.00000	0.00001
53	0.99989	0.00000	0.00000	0.00000	0.00011	0.00000
54	0.00000	0.99995	0.00000	0.00000	0.00000	0.00005
55	0.00000	0.99999	0.00000	0.00000	0.00000	0.00001
56	0.99583	0.00000	0.00000	0.00001	0.00416	0.00000
57	0.00000	0.99998	0.00000	0.00000	0.00000	0.00002
58	0.00000	0.99999	0.00000	0.00000	0.00000	0.00001
59	0.00000	0.95892	0.00000	0.00147	0.00000	0.03962
60	0.00000	0.99983	0.00000	0.00000	0.00000	0.00017
61	0.00000	1.00000	0.00000	0.00000	0.00000	0.00000
62	0.00000	0.99999	0.00000	0.00000	0.00000	0.00001
63	0.00000	1.00000	0.00000	0.00000	0.00000	0.00000
64	0.00000	0.99842	0.00000	0.00000	0.00000	0.00158
65	0.00000	0.94330	0.00000	0.00006	0.00000	0.05664
66	0.99963	0.00000	0.00000	0.00000	0.00037	0.00000
67	0.00000	1.00000	0.00000	0.00000	0.00000	0.00000
68	0.00000	0.99966	0.00000	0.00000	0.00000	0.00034
69	0.00000	0.85197	0.00000	0.01964	0.00000	0.12839
70	0.00000	0.99977	0.00000	0.00000	0.00000	0.00023
71	0.00000	0.99997	0.00000	0.00000	0.00000	0.00003
72	0.00000	1.00000	0.00000	0.00000	0.00000	0.00000
73	0.00000	0.99942	0.00000	0.00000	0.00000	0.00058
74	0.00000	1.00000	0.00000	0.00000	0.00000	0.00000
75	0.00000	0.99996	0.00000	0.00000	0.00000	0.00004
76	0.00000	0.99705	0.00000	0.00000	0.00000	0.00295
77	0.99999	0.00000	0.00000	0.00000	0.00001	0.00000
78	1.00000	0.00000	0.00000	0.00000	0.00000	0.00000
79	0.99936	0.00000	0.00000	0.00000	0.00064	0.00000
80	0.00000	0.83116	0.00000	0.00149	0.00000	0.16735
81	0.00000	0.99999	0.00000	0.00000	0.00000	0.00001
82	0.30768	0.05025	0.12396	0.18413	0.23792	0.09605
83	0.99947	0.00000	0.00000	0.00000	0.00053	0.00000
84	0.00000	0.99999	0.00000	0.00000	0.00000	0.00001
85	0.99973	0.00000	0.00000	0.00000	0.00027	0.00000
86	0.98454	0.00000	0.00000	0.00000	0.01546	0.00000
87	0.00000	0.99999	0.00000	0.00000	0.00000	0.00001
88	0.83131	0.00000	0.00000	0.00085	0.16784	0.00000
89	0.00000	0.99866	0.00000	0.00000	0.00000	0.00134
90	0.00000	0.99996	0.00000	0.00000	0.00000	0.00004
91	0.99347	0.00000	0.00000	0.00003	0.00649	0.00000
92	0.00000	0.00000	0.00004	0.00073	0.00000	0.99923
93	0.00000	0.99999	0.00000	0.00000	0.00000	0.00001
94	0.95292	0.00000	0.00000	0.00165	0.04543	0.00000
95	0.00000	1.00000	0.00000	0.00000	0.00000	0.00000
96	0.00000	0.99305	0.00000	0.00000	0.00000	0.00695
97	0.99636	0.00000	0.00000	0.00001	0.00364	0.00000
98	0.00000	0.99995	0.00000	0.00000	0.00000	0.00005
99	0.00000	0.89884	0.00000	0.00940	0.00000	0.09176
100	0.00000	0.99999	0.00000	0.00000	0.00000	0.00001
101	0.00000	1.00000	0.00000	0.00000	0.00000	0.00000
102	0.00000	0.99999	0.00000	0.00000	0.00000	0.00001
103	0.00000	0.99983	0.00000	0.00000	0.00000	0.00017
104	0.00000	0.99987	0.00000	0.00000	0.00000	0.00013
105	0.00000	0.96969	0.00000	0.00090	0.00000	0.02941
106	0.00000	1.00000	0.00000	0.00000	0.00000	0.00000
107	0.00000	0.99996	0.00000	0.00000	0.00000	0.00004
108	0.99936	0.00000	0.00000	0.00000	0.00064	0.00000
109	0.00000	0.99999	0.00000	0.00000	0.00000	0.00001
110	0.00000	1.00000	0.00000	0.00000	0.00000	0.00000
111	0.00000	0.99997	0.00000	0.00000	0.00000	0.00003
112	0.99957	0.00000	0.00000	0.00000	0.00043	0.00000
113	0.99995	0.00000	0.00000	0.00000	0.00005	0.00000
114	0.00000	0.99989	0.00000	0.00000	0.00000	0.00011
115	0.00000	0.99998	0.00000	0.00000	0.00000	0.00002
116	0.09373	0.00000	0.00000	0.00003	0.90625	0.00000
117	0.00000	0.99999	0.00000	0.00000	0.00000	0.00001
118	1.00000	0.00000	0.00000	0.00000	0.00000	0.00000
119	0.99998	0.00000	0.00000	0.00000	0.00002	0.00000
120	0.00000	0.99999	0.00000	0.00000	0.00000	0.00001
121	0.00000	1.00000	0.00000	0.00000	0.00000	0.00000
122	0.00000	0.99962	0.00000	0.00000	0.00000	0.00038
123	0.11544	0.12470	0.11866	0.27746	0.17803	0.18571
124	0.00000	0.99989	0.00000	0.00000	0.00000	0.00011
125	0.00000	0.99996	0.00000	0.00000	0.00000	0.00004
126	0.00000	1.00000	0.00000	0.00000	0.00000	0.00000
127	0.00000	0.99990	0.00000	0.00000	0.00000	0.00010
128	0.00000	0.99634	0.00000	0.00000	0.00000	0.00366
129	0.00000	0.99874	0.00000	0.00000	0.00000	0.00126
130	0.00000	0.99794	0.00000	0.00000	0.00000	0.00206
131	0.99998	0.00000	0.00000	0.00000	0.00002	0.00000
132	0.00000	1.00000	0.00000	0.00000	0.00000	0.00000
133	0.00000	0.99997	0.00000	0.00000	0.00000	0.00003
134	0.00000	0.99998	0.00000	0.00000	0.00000	0.00002
135	0.00000	0.99999	0.00000	0.00000	0.00000	0.00001
136	0.00000	0.99990	0.00000	0.00000	0.00000	0.00010
137	0.00000	0.99994	0.00000	0.00000	0.00000	0.00006
138	0.99992	0.00000	0.00000	0.00000	0.00008	0.00000
139	0.64241	0.00000	0.00000	0.00004	0.35755	0.00000
140	0.99995	0.00000	0.00000	0.00000	0.00005	0.00000
141	0.90713	0.00000	0.00000	0.01203	0.08084	0.00000
142	0.04977	0.00000	0.00000	0.00042	0.94981	0.00000
143	0.00000	0.99996	0.00000	0.00000	0.00000	0.00004
144	1.00000	0.00000	0.00000	0.00000	0.00000	0.00000
145	0.99987	0.00000	0.00000	0.00000	0.00013	0.00000
146	0.99945	0.00000	0.00000	0.00000	0.00055	0.00000
147	0.99438	0.00000	0.00000	0.00001	0.00561	0.00000
148	0.99996	0.00000	0.00000	0.00000	0.00004	0.00000
149	0.99969	0.00000	0.00000	0.00000	0.00031	0.00000
150	0.99996	0.00000	0.00000	0.00000	0.00004	0.00000
151	0.00000	0.99145	0.00000	0.00003	0.00000	0.00852
152	0.00000	0.71141	0.00077	0.06788	0.00024	0.21969
153	0.00000	0.99734	0.00000	0.00000	0.00000	0.00266
154	0.00000	0.99987	0.00000	0.00000	0.00000	0.00013
155	0.00000	0.99866	0.00000	0.00000	0.00000	0.00134
156	0.00000	0.99999	0.00000	0.00000	0.00000	0.00001
157	0.00000	0.99997	0.00000	0.00000	0.00000	0.00003
158	0.00000	0.99997	0.00000	0.00000	0.00000	0.00003
159	0.00000	0.99997	0.00000	0.00000	0.00000	0.00003
160	0.00000	0.99983	0.00000	0.00000	0.00000	0.00017
161	0.00000	1.00000	0.00000	0.00000	0.00000	0.00000
162	0.99996	0.00000	0.00000	0.00000	0.00004	0.00000
163	0.00000	0.99991	0.00000	0.00000	0.00000	0.00009
164	0.00000	0.99924	0.00000	0.00000	0.00000	0.00076
165	0.00000	0.88016	0.00000	0.00952	0.00000	0.11033
166	0.99999	0.00000	0.00000	0.00000	0.00001	0.00000
167	0.99966	0.00000	0.00000	0.00000	0.00034	0.00000
168	0.93636	0.00000	0.00000	0.00001	0.06363	0.00000
169	0.00000	0.99998	0.00000	0.00000	0.00000	0.00002
170	0.00000	0.99965	0.00000	0.00000	0.00000	0.00035
171	0.00000	0.99994	0.00000	0.00000	0.00000	0.00006
172	0.00000	0.99993	0.00000	0.00000	0.00000	0.00007
173	0.99999	0.00000	0.00000	0.00000	0.00001	0.00000
174	0.00000	0.99999	0.00000	0.00000	0.00000	0.00001
175	0.00000	0.99932	0.00000	0.00000	0.00000	0.00068
176	0.00000	1.00000	0.00000	0.00000	0.00000	0.00000
177	0.00000	0.99995	0.00000	0.00000	0.00000	0.00005
178	0.99998	0.00000	0.00000	0.00000	0.00002	0.00000
179	0.99984	0.00000	0.00000	0.00000	0.00016	0.00000
180	0.00000	0.99883	0.00000	0.00000	0.00000	0.00117
181	0.00000	0.99998	0.00000	0.00000	0.00000	0.00002
182	0.99828	0.00000	0.00000	0.00000	0.00172	0.00000
183	0.00000	0.99968	0.00000	0.00000	0.00000	0.00032
184	0.00000	0.99955	0.00000	0.00000	0.00000	0.00045
185	0.00000	1.00000	0.00000	0.00000	0.00000	0.00000
186	0.99991	0.00000	0.00000	0.00000	0.00009	0.00000
187	0.00000	0.99990	0.00000	0.00000	0.00000	0.00010
188	0.00000	0.99998	0.00000	0.00000	0.00000	0.00002
189	0.00000	0.99993	0.00000	0.00000	0.00000	0.00007
190	0.00000	0.99275	0.00000	0.00003	0.00000	0.00722
191	0.99999	0.00000	0.00000	0.00000	0.00001	0.00000
192	0.99983	0.00000	0.00000	0.00000	0.00017	0.00000
193	0.92819	0.00000	0.00000	0.00000	0.07181	0.00000
194	0.00000	0.99999	0.00000	0.00000	0.00000	0.00001
195	0.00000	0.99964	0.00000	0.00000	0.00000	0.00036
196	0.00000	0.99999	0.00000	0.00000	0.00000	0.00001
197	0.00000	0.99260	0.00000	0.00006	0.00000	0.00734
198	0.00000	0.99999	0.00000	0.00000	0.00000	0.00001
199	0.00000	0.99999	0.00000	0.00000	0.00000	0.00001
200	0.00000	0.00000	0.99989	0.00007	0.00004	0.00000
201	0.00000	0.99809	0.00000	0.00000	0.00000	0.00191
202	0.00000	0.99976	0.00000	0.00000	0.00000	0.00024
203	0.00000	0.94200	0.00000	0.00281	0.00000	0.05519
204	0.00000	0.99958	0.00000	0.00000	0.00000	0.00042
205	0.00000	0.99996	0.00000	0.00000	0.00000	0.00004
206	0.00000	0.99445	0.00000	0.00000	0.00000	0.00555
207	0.00000	0.99999	0.00000	0.00000	0.00000	0.00001
208	0.00000	0.99983	0.00000	0.00000	0.00000	0.00017
209	0.00000	0.99999	0.00000	0.00000	0.00000	0.00001
210	0.00000	0.99961	0.00000	0.00000	0.00000	0.00039
211	0.00000	0.89130	0.00000	0.00003	0.00000	0.10867
212	0.00000	0.99999	0.00000	0.00000	0.00000	0.00001
213	0.99996	0.00000	0.00000	0.00000	0.00004	0.00000
214	0.99996	0.00000	0.00000	0.00000	0.00004	0.00000
215	0.00000	0.99999	0.00000	0.00000	0.00000	0.00001
216	0.00000	0.99990	0.00000	0.00000	0.00000	0.00010
217	0.00000	0.99999	0.00000	0.00000	0.00000	0.00001
218	0.00000	1.00000	0.00000	0.00000	0.00000	0.00000
219	0.00000	1.00000	0.00000	0.00000	0.00000	0.00000
220	0.00000	0.93094	0.00001	0.00395	0.00000	0.06510
221	0.00000	0.99997	0.00000	0.00000	0.00000	0.00003
222	0.00000	1.00000	0.00000	0.00000	0.00000	0.00000
223	0.00000	0.99649	0.00000	0.00001	0.00000	0.00349
224	0.00000	0.99976	0.00000	0.00000	0.00000	0.00024
225	0.00000	0.99904	0.00000	0.00000	0.00000	0.00096
226	0.99998	0.00000	0.00000	0.00000	0.00002	0.00000
227	0.00000	0.99998	0.00000	0.00000	0.00000	0.00002
228	0.00000	0.99885	0.00000	0.00000	0.00000	0.00115
229	0.64105	0.00001	0.00216	0.10134	0.25458	0.00086
230	0.00000	0.99993	0.00000	0.00000	0.00000	0.00007
231	0.00000	1.00000	0.00000	0.00000	0.00000	0.00000
232	0.00000	0.97782	0.00000	0.00028	0.00000	0.02190
233	0.99986	0.00000	0.00000	0.00000	0.00014	0.00000
234	0.00000	0.99568	0.00000	0.00004	0.00000	0.00428
235	0.00000	1.00000	0.00000	0.00000	0.00000	0.00000
236	0.00000	0.99995	0.00000	0.00000	0.00000	0.00005
237	0.00000	0.99998	0.00000	0.00000	0.00000	0.00002
238	0.00000	0.99998	0.00000	0.00000	0.00000	0.00002
239	0.99993	0.00000	0.00000	0.00000	0.00007	0.00000
240	1.00000	0.00000	0.00000	0.00000	0.00000	0.00000
241	0.99996	0.00000	0.00000	0.00000	0.00004	0.00000
242	1.00000	0.00000	0.00000	0.00000	0.00000	0.00000
243	0.00000	0.99999	0.00000	0.00000	0.00000	0.00001
244	0.99927	0.00000	0.00000	0.00000	0.00073	0.00000
245	0.99978	0.00000	0.00000	0.00000	0.00022	0.00000
246	0.00000	0.99999	0.00000	0.00000	0.00000	0.00001
247	0.00000	0.99988	0.00000	0.00000	0.00000	0.00012
248	0.00000	0.99996	0.00000	0.00000	0.00000	0.00004
249	0.00000	0.99911	0.00000	0.00000	0.00000	0.00089
250	0.00000	0.99998	0.00000	0.00000	0.00000	0.00002
251	0.00000	1.00000	0.00000	0.00000	0.00000	0.00000
252	0.00000	1.00000	0.00000	0.00000	0.00000	0.00000
253	0.00000	0.99997	0.00000	0.00000	0.00000	0.00003
254	0.00000	0.99999	0.00000	0.00000	0.00000	0.00001
255	0.00000	1.00000	0.00000	0.00000	0.00000	0.00000
256	0.00000	0.99993	0.00000	0.00000	0.00000	0.00007
257	0.00000	0.99985	0.00000	0.00000	0.00000	0.00015
258	0.00000	0.99999	0.00000	0.00000	0.00000	0.00001
259	0.00000	0.99994	0.00000	0.00000	0.00000	0.00006
260	0.00000	0.54508	0.00000	0.01009	0.00000	0.44483
261	0.00000	0.99981	0.00000	0.00000	0.00000	0.00019
262	0.00000	1.00000	0.00000	0.00000	0.00000	0.00000
263	0.00000	0.99997	0.00000	0.00000	0.00000	0.00003
264	0.00000	0.99998	0.00000	0.00000	0.00000	0.00002
265	0.00000	0.15459	0.00000	0.56932	0.00000	0.27609
266	0.00000	1.00000	0.00000	0.00000	0.00000	0.00000
267	0.00000	0.99997	0.00000	0.00000	0.00000	0.00003
268	0.00000	0.99993	0.00000	0.00000	0.00000	0.00007
269	0.00000	0.99932	0.00000	0.00000	0.00000	0.00068
270	0.00000	0.99945	0.00000	0.00000	0.00000	0.00055
271	0.00000	0.99955	0.00000	0.00000	0.00000	0.00045
272	0.00000	0.99999	0.00000	0.00000	0.00000	0.00001
273	0.00000	0.99991	0.00000	0.00000	0.00000	0.00009
274	0.00000	0.99968	0.00000	0.00000	0.00000	0.00032
275	0.00000	0.99997	0.00000	0.00000	0.00000	0.00003
276	0.00000	1.00000	0.00000	0.00000	0.00000	0.00000
277	0.00000	0.99997	0.00000	0.00000	0.00000	0.00003
278	0.00000	0.99998	0.00000	0.00000	0.00000	0.00002
279	0.00000	1.00000	0.00000	0.00000	0.00000	0.00000
280	0.00000	0.99999	0.00000	0.00000	0.00000	0.00001
281	0.00000	0.99956	0.00000	0.00000	0.00000	0.00044
282	0.00000	0.99984	0.00000	0.00000	0.00000	0.00016
283	0.99980	0.00000	0.00000	0.00000	0.00020	0.00000
284	0.00000	0.99444	0.00000	0.00005	0.00000	0.00551
285	0.00000	0.99980	0.00000	0.00000	0.00000	0.00020
286	0.00000	0.99999	0.00000	0.00000	0.00000	0.00001
287	0.00000	0.99998	0.00000	0.00000	0.00000	0.00002
288	0.00000	1.00000	0.00000	0.00000	0.00000	0.00000
289	0.00000	0.99999	0.00000	0.00000	0.00000	0.00001
290	0.00000	0.99999	0.00000	0.00000	0.00000	0.00001
291	0.00000	0.99999	0.00000	0.00000	0.00000	0.00001
292	0.00000	0.99987	0.00000	0.00000	0.00000	0.00013
293	0.00000	0.99997	0.00000	0.00000	0.00000	0.00003
294	0.00000	1.00000	0.00000	0.00000	0.00000	0.00000
295	0.00000	0.99996	0.00000	0.00000	0.00000	0.00004
296	0.99996	0.00000	0.00000	0.00000	0.00004	0.00000
297	0.00000	0.99558	0.00000	0.00000	0.00000	0.00442
298	0.00000	0.93943	0.00004	0.00349	0.00000	0.05704
299	0.99997	0.00000	0.00000	0.00000	0.00003	0.00000
300	0.00000	0.99985	0.00000	0.00000	0.00000	0.00015
301	0.00000	0.99995	0.00000	0.00000	0.00000	0.00005
302	0.00000	1.00000	0.00000	0.00000	0.00000	0.00000
303	0.00000	0.99998	0.00000	0.00000	0.00000	0.00002
304	0.00000	0.99999	0.00000	0.00000	0.00000	0.00001
305	0.00000	0.99998	0.00000	0.00000	0.00000	0.00002
306	0.00000	0.99703	0.00000	0.00001	0.00000	0.00297
307	0.00000	0.99991	0.00000	0.00000	0.00000	0.00009
308	0.00000	0.99999	0.00000	0.00000	0.00000	0.00001
309	0.00000	1.00000	0.00000	0.00000	0.00000	0.00000
310	0.00000	0.99999	0.00000	0.00000	0.00000	0.00001
311	0.00000	0.97788	0.00000	0.00048	0.00000	0.02164
312	0.00000	1.00000	0.00000	0.00000	0.00000	0.00000
313	0.00000	0.99999	0.00000	0.00000	0.00000	0.00001
314	0.00000	0.99997	0.00000	0.00000	0.00000	0.00003
315	0.00000	0.98281	0.00000	0.00000	0.00000	0.01719
316	0.00000	0.99998	0.00000	0.00000	0.00000	0.00002
317	0.00000	0.99970	0.00000	0.00000	0.00000	0.00030
318	0.00000	0.99994	0.00000	0.00000	0.00000	0.00006
319	0.00000	0.80186	0.00000	0.00082	0.00000	0.19731
320	0.00000	0.99998	0.00000	0.00000	0.00000	0.00002
321	0.00000	0.99979	0.00000	0.00000	0.00000	0.00021
322	0.00000	0.99996	0.00000	0.00000	0.00000	0.00004
323	0.00000	0.99969	0.00000	0.00000	0.00000	0.00031
324	0.00000	0.99999	0.00000	0.00000	0.00000	0.00001
325	0.00000	0.68882	0.00000	0.00001	0.00000	0.31117
326	0.00000	0.99402	0.00000	0.00004	0.00000	0.00594
327	0.00000	1.00000	0.00000	0.00000	0.00000	0.00000
328	0.00000	1.00000	0.00000	0.00000	0.00000	0.00000
329	0.00000	0.99995	0.00000	0.00000	0.00000	0.00005
330	0.00000	0.98697	0.00000	0.00018	0.00000	0.01285
331	0.00000	0.99999	0.00000	0.00000	0.00000	0.00001
332	0.00000	1.00000	0.00000	0.00000	0.00000	0.00000
333	0.00000	0.99995	0.00000	0.00000	0.00000	0.00005
334	0.00000	1.00000	0.00000	0.00000	0.00000	0.00000
335	0.00000	1.00000	0.00000	0.00000	0.00000	0.00000
336	0.00000	0.63002	0.00001	0.10872	0.00001	0.26124
337	0.00000	0.99999	0.00000	0.00000	0.00000	0.00001
338	0.00000	1.00000	0.00000	0.00000	0.00000	0.00000
339	0.00000	0.99974	0.00000	0.00000	0.00000	0.00026
340	0.00000	0.00000	0.99998	0.00002	0.00000	0.00000
341	0.00000	0.99996	0.00000	0.00000	0.00000	0.00004
342	0.00000	0.99990	0.00000	0.00000	0.00000	0.00010
343	0.00000	0.00000	0.00000	0.00004	0.00000	0.99996
344	0.00000	0.99985	0.00000	0.00000	0.00000	0.00015
345	0.00000	0.99996	0.00000	0.00000	0.00000	0.00004
346	0.00000	0.99727	0.00000	0.00001	0.00000	0.00272
347	0.00000	0.00000	0.00000	0.00029	0.00000	0.99971
348	0.00000	0.99995	0.00000	0.00000	0.00000	0.00005
349	0.00000	0.99969	0.00000	0.00000	0.00000	0.00031
350	0.00000	1.00000	0.00000	0.00000	0.00000	0.00000
351	0.00000	0.99958	0.00000	0.00000	0.00000	0.00042
352	0.00000	0.99998	0.00000	0.00000	0.00000	0.00002
353	0.00000	0.99960	0.00000	0.00000	0.00000	0.00040
354	0.00001	0.57352	0.00140	0.14062	0.00070	0.28376
355	0.99995	0.00000	0.00000	0.00000	0.00005	0.00000
356	0.00000	0.99999	0.00000	0.00000	0.00000	0.00001
357	0.00000	0.99997	0.00000	0.00000	0.00000	0.00003
358	0.00000	0.77667	0.00050	0.04207	0.00012	0.18064
359	0.00000	0.99988	0.00000	0.00000	0.00000	0.00012
360	0.00000	0.99929	0.00000	0.00000	0.00000	0.00071
361	0.99999	0.00000	0.00000	0.00000	0.00001	0.00000
362	1.00000	0.00000	0.00000	0.00000	0.00000	0.00000
363	0.00000	0.99993	0.00000	0.00000	0.00000	0.00007
364	0.00000	0.99934	0.00000	0.00000	0.00000	0.00066
365	0.00000	0.99996	0.00000	0.00000	0.00000	0.00004
366	0.00000	0.99995	0.00000	0.00000	0.00000	0.00005
367	0.00000	0.99999	0.00000	0.00000	0.00000	0.00001
368	0.99533	0.00000	0.00000	0.00000	0.00467	0.00000
369	0.00000	0.99994	0.00000	0.00000	0.00000	0.00006
370	0.00000	0.99999	0.00000	0.00000	0.00000	0.00001
371	0.00000	0.99998	0.00000	0.00000	0.00000	0.00002
372	0.00000	0.99995	0.00000	0.00000	0.00000	0.00005
373	0.00000	0.97837	0.00000	0.00030	0.00000	0.02133
374	0.99993	0.00000	0.00000	0.00000	0.00007	0.00000
375	0.00000	0.99990	0.00000	0.00000	0.00000	0.00010
376	0.00003	0.55967	0.00310	0.14791	0.00160	0.28769
377	0.99999	0.00000	0.00000	0.00000	0.00001	0.00000
378	0.99984	0.00000	0.00000	0.00000	0.00016	0.00000
379	0.00000	0.99998	0.00000	0.00000	0.00000	0.00002
380	0.00000	0.99999	0.00000	0.00000	0.00000	0.00001
381	0.00000	0.99998	0.00000	0.00000	0.00000	0.00002
382	0.99992	0.00000	0.00000	0.00000	0.00008	0.00000
383	0.00000	0.99995	0.00000	0.00000	0.00000	0.00005
384	0.00000	1.00000	0.00000	0.00000	0.00000	0.00000
385	0.00000	0.99996	0.00000	0.00000	0.00000	0.00004
386	0.00000	1.00000	0.00000	0.00000	0.00000	0.00000
387	0.99724	0.00000	0.00000	0.00001	0.00275	0.00000
388	0.00000	0.99999	0.00000	0.00000	0.00000	0.00001
389	0.00000	1.00000	0.00000	0.00000	0.00000	0.00000
390	0.00000	0.99987	0.00000	0.00000	0.00000	0.00013
391	0.00000	0.92725	0.00000	0.00498	0.00000	0.06777
392	0.00000	0.99852	0.00000	0.00000	0.00000	0.00148
393	0.00000	0.99997	0.00000	0.00000	0.00000	0.00003
394	0.00000	1.00000	0.00000	0.00000	0.00000	0.00000
395	0.00000	0.99974	0.00000	0.00000	0.00000	0.00026
396	0.00000	0.99999	0.00000	0.00000	0.00000	0.00001
397	0.00000	0.99999	0.00000	0.00000	0.00000	0.00001
398	0.08356	0.27416	0.15033	0.16369	0.11673	0.21152
399	0.00000	0.99991	0.00000	0.00000	0.00000	0.00009
400	0.00000	0.99999	0.00000	0.00000	0.00000	0.00001
401	0.00039	0.11945	0.00504	0.59733	0.01137	0.26642
402	0.00000	0.99977	0.00000	0.00000	0.00000	0.00023
403	0.00000	0.99996	0.00000	0.00000	0.00000	0.00004
404	0.00000	0.99959	0.00000	0.00000	0.00000	0.00041
405	0.00000	1.00000	0.00000	0.00000	0.00000	0.00000
406	0.00000	0.99977	0.00000	0.00000	0.00000	0.00023
407	0.00000	1.00000	0.00000	0.00000	0.00000	0.00000
408	0.00000	0.99999	0.00000	0.00000	0.00000	0.00001
409	0.00000	0.99996	0.00000	0.00000	0.00000	0.00004
410	0.00000	0.99907	0.00000	0.00000	0.00000	0.00093
411	0.99811	0.00000	0.00000	0.00000	0.00189	0.00000
412	0.00000	1.00000	0.00000	0.00000	0.00000	0.00000
413	0.00000	0.99742	0.00000	0.00000	0.00000	0.00258
414	0.00000	0.99998	0.00000	0.00000	0.00000	0.00002
415	0.00000	0.99709	0.00000	0.00000	0.00000	0.00291
416	0.00000	1.00000	0.00000	0.00000	0.00000	0.00000
417	0.00000	0.99998	0.00000	0.00000	0.00000	0.00002
418	0.00000	0.99998	0.00000	0.00000	0.00000	0.00002
419	0.00000	0.99997	0.00000	0.00000	0.00000	0.00003
420	0.00000	0.99995	0.00000	0.00000	0.00000	0.00005
421	0.00000	0.99998	0.00000	0.00000	0.00000	0.00002
422	0.00000	0.98360	0.00000	0.00021	0.00000	0.01618
423	0.00000	0.88210	0.00000	0.00771	0.00000	0.11020
424	0.00000	0.99996	0.00000	0.00000	0.00000	0.00004
425	0.00000	0.99993	0.00000	0.00000	0.00000	0.00007
426	0.00000	0.99999	0.00000	0.00000	0.00000	0.00001
427	0.00000	0.99951	0.00000	0.00000	0.00000	0.00049
428	0.00000	0.99482	0.00000	0.00000	0.00000	0.00518
429	0.00000	1.00000	0.00000	0.00000	0.00000	0.00000
430	0.00000	0.99999	0.00000	0.00000	0.00000	0.00001
431	0.00000	0.99999	0.00000	0.00000	0.00000	0.00001
432	0.00000	0.99977	0.00000	0.00000	0.00000	0.00023
433	0.00000	0.99998	0.00000	0.00000	0.00000	0.00002
434	0.00000	0.98737	0.00000	0.00012	0.00000	0.01250
435	0.00000	1.00000	0.00000	0.00000	0.00000	0.00000
436	0.99998	0.00000	0.00000	0.00000	0.00002	0.00000
437	0.00000	0.99910	0.00000	0.00000	0.00000	0.00090
438	0.00000	0.99983	0.00000	0.00000	0.00000	0.00017
439	0.00000	0.99998	0.00000	0.00000	0.00000	0.00002
440	0.00000	0.99976	0.00000	0.00000	0.00000	0.00024
441	0.00000	0.99998	0.00000	0.00000	0.00000	0.00002
442	0.00000	0.99889	0.00000	0.00000	0.00000	0.00111
443	0.00000	0.99998	0.00000	0.00000	0.00000	0.00002
444	0.00000	0.99394	0.00000	0.00000	0.00000	0.00606
445	0.00000	0.99488	0.00000	0.00000	0.00000	0.00512
446	0.00000	0.99998	0.00000	0.00000	0.00000	0.00002
447	0.00000	0.99843	0.00000	0.00000	0.00000	0.00157
448	0.00000	0.99890	0.00000	0.00000	0.00000	0.00110
449	0.00000	0.99999	0.00000	0.00000	0.00000	0.00001
450	0.00000	0.99980	0.00000	0.00000	0.00000	0.00020
451	0.00000	1.00000	0.00000	0.00000	0.00000	0.00000
452	0.00000	0.94606	0.00000	0.00278	0.00000	0.05116
453	0.00000	0.99971	0.00000	0.00000	0.00000	0.00029
454	0.00000	0.99999	0.00000	0.00000	0.00000	0.00001
455	0.00000	0.99554	0.00000	0.00002	0.00000	0.00444
456	0.00000	0.99995	0.00000	0.00000	0.00000	0.00005
457	0.00000	0.99965	0.00000	0.00000	0.00000	0.00035
458	0.00000	1.00000	0.00000	0.00000	0.00000	0.00000
459	0.00000	0.99999	0.00000	0.00000	0.00000	0.00001
460	0.99998	0.00000	0.00000	0.00000	0.00002	0.00000
461	0.00000	0.99996	0.00000	0.00000	0.00000	0.00004
462	0.00000	0.99999	0.00000	0.00000	0.00000	0.00001
463	0.19302	0.14267	0.16516	0.16632	0.17896	0.15386
464	0.99875	0.00000	0.00000	0.00000	0.00125	0.00000
465	0.00000	0.99998	0.00000	0.00000	0.00000	0.00002
466	0.00000	0.99997	0.00000	0.00000	0.00000	0.00003
467	0.00000	0.90308	0.00001	0.00834	0.00000	0.08857
468	0.00000	1.00000	0.00000	0.00000	0.00000	0.00000
469	0.00000	0.99997	0.00000	0.00000	0.00000	0.00003
470	0.00000	0.99989	0.00000	0.00000	0.00000	0.00011
471	0.00000	0.99994	0.00000	0.00000	0.00000	0.00006
472	0.00000	0.99992	0.00000	0.00000	0.00000	0.00008
473	0.00000	0.99979	0.00000	0.00000	0.00000	0.00021
474	0.00003	0.55929	0.00327	0.14818	0.00170	0.28753
475	0.00000	1.00000	0.00000	0.00000	0.00000	0.00000
476	0.00000	0.99982	0.00000	0.00000	0.00000	0.00018
477	0.00000	0.99997	0.00000	0.00000	0.00000	0.00003
478	0.00000	0.99999	0.00000	0.00000	0.00000	0.00001
479	0.00000	0.99869	0.00000	0.00000	0.00000	0.00131
480	0.00000	0.99974	0.00000	0.00000	0.00000	0.00026
481	0.00000	0.99987	0.00000	0.00000	0.00000	0.00013
482	0.00000	0.99999	0.00000	0.00000	0.00000	0.00001
483	0.00000	0.99947	0.00000	0.00000	0.00000	0.00053
484	0.00000	0.99997	0.00000	0.00000	0.00000	0.00003
485	0.00000	1.00000	0.00000	0.00000	0.00000	0.00000
486	0.00000	0.99982	0.00000	0.00000	0.00000	0.00018
487	0.00000	0.99970	0.00000	0.00000	0.00000	0.00030
488	0.00000	0.99993	0.00000	0.00000	0.00000	0.00007
489	0.00000	0.99999	0.00000	0.00000	0.00000	0.00001
490	0.00000	0.99995	0.00000	0.00000	0.00000	0.00005
491	0.00000	0.99992	0.00000	0.00000	0.00000	0.00008
492	0.00000	0.99915	0.00000	0.00000	0.00000	0.00085
493	0.00000	0.99994	0.00000	0.00000	0.00000	0.00006
494	0.00000	0.98856	0.00000	0.00013	0.00000	0.01131
495	0.00000	0.99997	0.00000	0.00000	0.00000	0.00003
496	0.00000	0.99980	0.00000	0.00000	0.00000	0.00020
497	0.00000	0.99998	0.00000	0.00000	0.00000	0.00002
498	0.00000	0.99988	0.00000	0.00000	0.00000	0.00012
499	0.00000	0.99998	0.00000	0.00000	0.00000	0.00002
500	0.00000	0.66440	0.00150	0.08469	0.00042	0.24899
501	0.00000	0.99896	0.00000	0.00000	0.00000	0.00104
502	0.00000	0.62380	0.00006	0.11282	0.00003	0.26329
503	0.00000	0.99987	0.00000	0.00000	0.00000	0.00013
504	0.00000	1.00000	0.00000	0.00000	0.00000	0.00000
505	0.00000	0.99998	0.00000	0.00000	0.00000	0.00002
506	0.99651	0.00000	0.00000	0.00001	0.00348	0.00000
507	0.99999	0.00000	0.00000	0.00000	0.00001	0.00000
508	0.00000	0.82782	0.00000	0.00216	0.00000	0.17001
509	0.00000	0.99938	0.00000	0.00000	0.00000	0.00062
510	0.00000	0.99999	0.00000	0.00000	0.00000	0.00001
511	0.00000	0.99999	0.00000	0.00000	0.00000	0.00001
512	0.00000	0.99984	0.00000	0.00000	0.00000	0.00016
513	0.99982	0.00000	0.00000	0.00000	0.00018	0.00000
514	0.00000	0.99994	0.00000	0.00000	0.00000	0.00006
515	0.99995	0.00000	0.00000	0.00000	0.00005	0.00000
516	0.00000	0.99644	0.00000	0.00001	0.00000	0.00354
517	0.00000	0.99998	0.00000	0.00000	0.00000	0.00002
518	0.99995	0.00000	0.00000	0.00000	0.00005	0.00000
519	0.00000	0.99992	0.00000	0.00000	0.00000	0.00008
520	0.00000	1.00000	0.00000	0.00000	0.00000	0.00000
521	0.00000	0.99999	0.00000	0.00000	0.00000	0.00001
522	0.00000	0.99990	0.00000	0.00000	0.00000	0.00010
523	0.00000	0.99998	0.00000	0.00000	0.00000	0.00002
524	0.00000	0.99999	0.00000	0.00000	0.00000	0.00001
525	0.00000	0.99987	0.00000	0.00000	0.00000	0.00013
526	0.00000	0.99979	0.00000	0.00000	0.00000	0.00021
527	0.00000	0.99997	0.00000	0.00000	0.00000	0.00003
528	0.00000	0.99444	0.00000	0.00003	0.00000	0.00553
529	0.00000	0.82404	0.00016	0.02694	0.00003	0.14883
530	0.00000	1.00000	0.00000	0.00000	0.00000	0.00000
531	0.00000	0.99992	0.00000	0.00000	0.00000	0.00008
532	0.00000	0.99853	0.00000	0.00000	0.00000	0.00147
533	0.99996	0.00000	0.00000	0.00000	0.00004	0.00000
534	0.00000	0.99994	0.00000	0.00000	0.00000	0.00006
535	0.00000	0.99971	0.00000	0.00000	0.00000	0.00029
536	0.00000	0.99996	0.00000	0.00000	0.00000	0.00004
537	0.99990	0.00000	0.00000	0.00000	0.00010	0.00000
538	0.00000	0.96512	0.00000	0.00118	0.00000	0.03369
539	0.00000	0.99999	0.00000	0.00000	0.00000	0.00001
540	0.98639	0.00000	0.00000	0.00015	0.01346	0.00000
541	0.99921	0.00000	0.00000	0.00000	0.00079	0.00000
542	0.99991	0.00000	0.00000	0.00000	0.00009	0.00000
543	0.00000	0.99984	0.00000	0.00000	0.00000	0.00016
544	0.00000	0.99992	0.00000	0.00000	0.00000	0.00008
545	0.00000	1.00000	0.00000	0.00000	0.00000	0.00000
546	0.00000	0.99998	0.00000	0.00000	0.00000	0.00002
547	0.00000	0.99998	0.00000	0.00000	0.00000	0.00002
548	0.99836	0.00000	0.00000	0.00000	0.00164	0.00000
549	0.00000	0.98795	0.00000	0.00000	0.00000	0.01205
550	0.00000	1.00000	0.00000	0.00000	0.00000	0.00000
551	0.99999	0.00000	0.00000	0.00000	0.00001	0.00000
552	0.00000	0.99999	0.00000	0.00000	0.00000	0.00001
553	0.00000	0.99992	0.00000	0.00000	0.00000	0.00008
554	0.00000	0.99997	0.00000	0.00000	0.00000	0.00003
555	0.00000	0.99955	0.00000	0.00000	0.00000	0.00045
556	0.00000	0.00000	0.99540	0.00438	0.00002	0.00020
557	0.00000	0.99997	0.00000	0.00000	0.00000	0.00003
558	0.00000	0.99976	0.00000	0.00000	0.00000	0.00024
559	0.99997	0.00000	0.00000	0.00000	0.00003	0.00000
560	0.99999	0.00000	0.00000	0.00000	0.00001	0.00000
561	0.99973	0.00000	0.00000	0.00000	0.00027	0.00000
562	0.99999	0.00000	0.00000	0.00000	0.00001	0.00000
563	0.00000	0.99980	0.00000	0.00000	0.00000	0.00020
564	0.00000	1.00000	0.00000	0.00000	0.00000	0.00000
565	0.99934	0.00000	0.00000	0.00000	0.00066	0.00000
566	0.00000	0.99991	0.00000	0.00000	0.00000	0.00009
567	0.19229	0.14295	0.16576	0.16615	0.17873	0.15411
568	0.99998	0.00000	0.00000	0.00000	0.00002	0.00000
569	0.00000	0.99954	0.00000	0.00000	0.00000	0.00046
570	0.00000	0.99999	0.00000	0.00000	0.00000	0.00001
571	0.00000	0.99999	0.00000	0.00000	0.00000	0.00001
572	0.00000	0.99994	0.00000	0.00000	0.00000	0.00006
573	0.00000	0.99984	0.00000	0.00000	0.00000	0.00016
574	0.00000	0.99659	0.00000	0.00000	0.00000	0.00341
575	0.00000	0.00000	0.00001	0.04380	0.95619	0.00000
576	0.00000	0.99998	0.00000	0.00000	0.00000	0.00002
577	0.99998	0.00000	0.00000	0.00000	0.00002	0.00000
578	0.00000	1.00000	0.00000	0.00000	0.00000	0.00000
579	0.00000	0.99080	0.00000	0.00000	0.00000	0.00920
580	0.00000	0.96149	0.00000	0.00163	0.00000	0.03688
581	0.00000	0.99868	0.00000	0.00000	0.00000	0.00132
582	0.00000	0.99998	0.00000	0.00000	0.00000	0.00002
583	0.00000	0.99691	0.00000	0.00001	0.00000	0.00308
584	0.00000	0.99994	0.00000	0.00000	0.00000	0.00006
585	0.00000	0.99508	0.00000	0.00000	0.00000	0.00492
586	0.00000	0.99998	0.00000	0.00000	0.00000	0.00002
587	0.00000	0.99996	0.00000	0.00000	0.00000	0.00004
588	0.00000	0.99977	0.00000	0.00000	0.00000	0.00023
589	0.00000	0.99999	0.00000	0.00000	0.00000	0.00001
590	0.00000	0.99998	0.00000	0.00000	0.00000	0.00002
591	0.00000	0.81238	0.00018	0.03045	0.00004	0.15695
592	0.00000	0.99866	0.00000	0.00000	0.00000	0.00133
593	0.00000	0.99999	0.00000	0.00000	0.00000	0.00001
594	0.00000	0.99994	0.00000	0.00000	0.00000	0.00006
595	0.00000	1.00000	0.00000	0.00000	0.00000	0.00000
596	0.00000	0.00363	0.00013	0.22527	0.00001	0.77097
597	0.00000	0.99967	0.00000	0.00000	0.00000	0.00033
598	0.00000	0.99144	0.00000	0.00007	0.00000	0.00850
599	0.00000	0.92097	0.00000	0.00018	0.00000	0.07885
600	0.00000	0.99988	0.00000	0.00000	0.00000	0.00012
601	0.00000	0.70628	0.00018	0.07072	0.00006	0.22275
602	0.99965	0.00000	0.00000	0.00000	0.00035	0.00000
603	0.98621	0.00000	0.00000	0.00015	0.01364	0.00000
604	0.00000	0.99999	0.00000	0.00000	0.00000	0.00001
605	0.00000	0.99303	0.00000	0.00005	0.00000	0.00693
606	0.00000	0.99996	0.00000	0.00000	0.00000	0.00004
607	0.00000	1.00000	0.00000	0.00000	0.00000	0.00000
608	0.00000	0.99992	0.00000	0.00000	0.00000	0.00008
609	0.00000	0.99993	0.00000	0.00000	0.00000	0.00007
610	0.99242	0.00000	0.00000	0.00001	0.00757	0.00000
611	0.00000	0.99976	0.00000	0.00000	0.00000	0.00024
612	0.00000	0.99999	0.00000	0.00000	0.00000	0.00001
613	0.00000	0.99998	0.00000	0.00000	0.00000	0.00002
614	0.00000	0.99750	0.00000	0.00000	0.00000	0.00250
615	0.00000	0.99995	0.00000	0.00000	0.00000	0.00005
616	0.00000	0.99998	0.00000	0.00000	0.00000	0.00002
617	0.00000	0.99768	0.00000	0.00000	0.00000	0.00232
618	0.00000	1.00000	0.00000	0.00000	0.00000	0.00000
619	0.00000	0.98758	0.00000	0.00009	0.00000	0.01233
620	0.00000	0.99998	0.00000	0.00000	0.00000	0.00002
621	0.00000	0.99999	0.00000	0.00000	0.00000	0.00001
622	0.00000	0.99834	0.00000	0.00000	0.00000	0.00166
623	0.00000	0.99997	0.00000	0.00000	0.00000	0.00003
624	0.00000	0.95119	0.00000	0.00000	0.00000	0.04881
625	0.00000	1.00000	0.00000	0.00000	0.00000	0.00000
626	0.00000	0.39631	0.00045	0.27417	0.00038	0.32870
627	0.00000	0.99978	0.00000	0.00000	0.00000	0.00022
628	0.00000	1.00000	0.00000	0.00000	0.00000	0.00000
629	0.00000	1.00000	0.00000	0.00000	0.00000	0.00000
630	0.00000	0.99997	0.00000	0.00000	0.00000	0.00003
631	0.00000	0.99998	0.00000	0.00000	0.00000	0.00002
632	0.99999	0.00000	0.00000	0.00000	0.00001	0.00000
633	0.00000	0.99684	0.00000	0.00000	0.00000	0.00316
634	0.00000	1.00000	0.00000	0.00000	0.00000	0.00000
635	0.00000	0.99997	0.00000	0.00000	0.00000	0.00003
636	0.00000	0.15557	0.00000	0.52168	0.00000	0.32274
637	0.00000	0.99981	0.00000	0.00000	0.00000	0.00019
638	0.00000	0.99987	0.00000	0.00000	0.00000	0.00013
639	0.00000	0.99991	0.00000	0.00000	0.00000	0.00009
640	0.00000	0.99997	0.00000	0.00000	0.00000	0.00003
641	0.00000	0.99999	0.00000	0.00000	0.00000	0.00001
642	0.00000	0.99786	0.00000	0.00000	0.00000	0.00214
643	0.00000	0.99990	0.00000	0.00000	0.00000	0.00010
644	0.00000	0.00000	0.00000	0.00213	0.00000	0.99787
645	0.00000	0.99990	0.00000	0.00000	0.00000	0.00010
646	0.00000	0.98277	0.00000	0.00000	0.00000	0.01723
647	0.00000	0.99667	0.00000	0.00000	0.00000	0.00333
648	0.00000	0.99999	0.00000	0.00000	0.00000	0.00001
649	0.00000	0.99983	0.00000	0.00000	0.00000	0.00017
650	0.99989	0.00000	0.00000	0.00000	0.00011	0.00000
651	0.00000	0.99995	0.00000	0.00000	0.00000	0.00005
652	0.00000	0.99999	0.00000	0.00000	0.00000	0.00001
653	0.44964	0.00000	0.00000	0.14182	0.40854	0.00000
654	0.00000	0.99998	0.00000	0.00000	0.00000	0.00002
655	0.00000	0.99999	0.00000	0.00000	0.00000	0.00001
656	0.00000	0.99957	0.00000	0.00000	0.00000	0.00043
657	0.00000	0.99997	0.00000	0.00000	0.00000	0.00003
658	0.00000	0.99999	0.00000	0.00000	0.00000	0.00001
659	0.59780	0.00000	0.00127	0.11514	0.28537	0.00041
660	0.00000	0.98784	0.00000	0.00001	0.00000	0.01215
661	0.00000	0.99987	0.00000	0.00000	0.00000	0.00013
662	0.00000	0.99995	0.00000	0.00000	0.00000	0.00005
663	0.00000	0.90052	0.00000	0.00658	0.00000	0.09290
664	0.99998	0.00000	0.00000	0.00000	0.00002	0.00000
665	0.00000	0.99959	0.00000	0.00000	0.00000	0.00041
666	0.99995	0.00000	0.00000	0.00000	0.00005	0.00000
667	0.99996	0.00000	0.00000	0.00000	0.00004	0.00000
668	0.99999	0.00000	0.00000	0.00000	0.00001	0.00000
669	0.99979	0.00000	0.00000	0.00000	0.00021	0.00000
670	0.98944	0.00000	0.00000	0.00002	0.01054	0.00000
671	0.00000	0.99996	0.00000	0.00000	0.00000	0.00004
672	0.00000	0.99997	0.00000	0.00000	0.00000	0.00003
673	0.00000	1.00000	0.00000	0.00000	0.00000	0.00000
674	0.00000	0.94595	0.00000	0.00280	0.00000	0.05126
675	0.00000	0.99991	0.00000	0.00000	0.00000	0.00009
676	0.00000	0.99890	0.00000	0.00000	0.00000	0.00110
677	0.00000	0.99997	0.00000	0.00000	0.00000	0.00003
678	0.99989	0.00000	0.00000	0.00000	0.00011	0.00000
679	0.00000	0.99996	0.00000	0.00000	0.00000	0.00004
680	0.00000	0.99998	0.00000	0.00000	0.00000	0.00002
681	0.00000	0.99998	0.00000	0.00000	0.00000	0.00002
682	0.00000	0.99998	0.00000	0.00000	0.00000	0.00002
683	0.00000	1.00000	0.00000	0.00000	0.00000	0.00000
684	0.00000	0.98596	0.00000	0.00004	0.00000	0.01400
685	0.00000	0.99981	0.00000	0.00000	0.00000	0.00019
686	0.00000	0.99987	0.00000	0.00000	0.00000	0.00013
687	0.00000	0.99883	0.00000	0.00000	0.00000	0.00117
688	0.00000	0.99999	0.00000	0.00000	0.00000	0.00001
689	0.00000	0.99996	0.00000	0.00000	0.00000	0.00004
690	0.00000	0.99999	0.00000	0.00000	0.00000	0.00001
691	0.00000	0.99998	0.00000	0.00000	0.00000	0.00002
692	0.00000	0.99999	0.00000	0.00000	0.00000	0.00001
693	0.00000	0.99998	0.00000	0.00000	0.00000	0.00002
694	0.00130	0.45141	0.01987	0.20818	0.01381	0.30542
695	0.00000	0.99987	0.00000	0.00000	0.00000	0.00013
696	0.00000	1.00000	0.00000	0.00000	0.00000	0.00000
697	0.00000	0.99951	0.00000	0.00000	0.00000	0.00049
698	0.00000	0.99899	0.00000	0.00000	0.00000	0.00100
699	0.00000	0.99989	0.00000	0.00000	0.00000	0.00011
700	0.00000	0.99999	0.00000	0.00000	0.00000	0.00001
701	0.99922	0.00000	0.00000	0.00000	0.00078	0.00000
702	0.99999	0.00000	0.00000	0.00000	0.00001	0.00000
703	0.99993	0.00000	0.00000	0.00000	0.00007	0.00000
704	0.16889	0.16446	0.16666	0.16667	0.16777	0.16556
705	0.98169	0.00000	0.00000	0.00033	0.01798	0.00000
706	0.00000	1.00000	0.00000	0.00000	0.00000	0.00000
707	0.00000	0.99462	0.00000	0.00001	0.00000	0.00537
708	0.98361	0.00000	0.00000	0.00013	0.01626	0.00000
709	0.00000	0.99993	0.00000	0.00000	0.00000	0.00007
710	0.00000	0.99912	0.00000	0.00000	0.00000	0.00088
711	0.00000	1.00000	0.00000	0.00000	0.00000	0.00000
712	0.00000	0.99948	0.00000	0.00000	0.00000	0.00052
713	0.00000	0.99999	0.00000	0.00000	0.00000	0.00001
714	0.00000	0.99999	0.00000	0.00000	0.00000	0.00001
715	0.99969	0.00000	0.00000	0.00000	0.00031	0.00000
716	0.00000	0.89529	0.00001	0.01005	0.00000	0.09465
717	0.00000	0.99984	0.00000	0.00000	0.00000	0.00016
718	0.00000	0.99999	0.00000	0.00000	0.00000	0.00001
719	0.99991	0.00000	0.00000	0.00000	0.00009	0.00000
720	0.00000	0.99998	0.00000	0.00000	0.00000	0.00002
721	0.00000	0.99999	0.00000	0.00000	0.00000	0.00001
722	0.00000	0.99029	0.00000	0.00000	0.00000	0.00971
723	0.00000	0.99992	0.00000	0.00000	0.00000	0.00008
724	0.00000	0.99993	0.00000	0.00000	0.00000	0.00007
725	0.00000	0.83637	0.00000	0.02364	0.00000	0.13999
726	0.00000	0.93413	0.00000	0.00416	0.00000	0.06172
727	0.00000	0.99991	0.00000	0.00000	0.00000	0.00009
728	0.00000	0.99999	0.00000	0.00000	0.00000	0.00001
729	0.00000	0.73569	0.00002	0.04232	0.00000	0.22198
730	0.00000	0.99999	0.00000	0.00000	0.00000	0.00001
731	0.00000	0.99996	0.00000	0.00000	0.00000	0.00004
732	0.00000	0.99998	0.00000	0.00000	0.00000	0.00002
733	0.97252	0.00000	0.00000	0.00000	0.02748	0.00000
734	0.00000	0.99995	0.00000	0.00000	0.00000	0.00005
735	0.00000	0.99994	0.00000	0.00000	0.00000	0.00006
736	0.00000	0.99995	0.00000	0.00000	0.00000	0.00005
737	0.00000	0.99858	0.00000	0.00000	0.00000	0.00142
738	0.00000	0.99996	0.00000	0.00000	0.00000	0.00004
739	0.99986	0.00000	0.00000	0.00000	0.00014	0.00000
740	0.00000	0.96036	0.00000	0.00153	0.00000	0.03811
741	0.00000	1.00000	0.00000	0.00000	0.00000	0.00000
742	0.99997	0.00000	0.00000	0.00000	0.00003	0.00000
743	0.00000	1.00000	0.00000	0.00000	0.00000	0.00000
744	0.00000	0.99998	0.00000	0.00000	0.00000	0.00002
745	0.00000	0.99997	0.00000	0.00000	0.00000	0.00003
746	0.99982	0.00000	0.00000	0.00000	0.00018	0.00000
747	0.00000	0.99997	0.00000	0.00000	0.00000	0.00003
748	0.00000	0.99984	0.00000	0.00000	0.00000	0.00016
749	0.00000	0.99999	0.00000	0.00000	0.00000	0.00001
750	0.00000	0.99899	0.00000	0.00000	0.00000	0.00101
751	0.01264	0.46741	0.07621	0.14302	0.04227	0.25846
752	0.00000	0.99995	0.00000	0.00000	0.00000	0.00005
753	0.00000	1.00000	0.00000	0.00000	0.00000	0.00000
754	0.00000	0.99998	0.00000	0.00000	0.00000	0.00002
755	0.00000	0.99999	0.00000	0.00000	0.00000	0.00001
756	0.00000	0.99221	0.00000	0.00003	0.00000	0.00776
757	0.00000	0.99995	0.00000	0.00000	0.00000	0.00005
758	0.00000	0.67973	0.00002	0.07815	0.00001	0.24210
759	0.00000	0.98485	0.00000	0.00014	0.00000	0.01501
760	0.99994	0.00000	0.00000	0.00000	0.00006	0.00000
761	1.00000	0.00000	0.00000	0.00000	0.00000	0.00000
762	0.00000	0.99414	0.00000	0.00000	0.00000	0.00586
763	0.00000	0.99998	0.00000	0.00000	0.00000	0.00002
764	0.00000	0.99996	0.00000	0.00000	0.00000	0.00004
765	0.00000	0.99998	0.00000	0.00000	0.00000	0.00002
766	0.00000	0.99999	0.00000	0.00000	0.00000	0.00001
767	0.00000	0.99995	0.00000	0.00000	0.00000	0.00005
768	0.00000	1.00000	0.00000	0.00000	0.00000	0.00000
769	0.00000	0.99860	0.00000	0.00000	0.00000	0.00140
770	0.00000	0.99955	0.00000	0.00000	0.00000	0.00045
771	0.00000	1.00000	0.00000	0.00000	0.00000	0.00000
772	0.00000	0.99982	0.00000	0.00000	0.00000	0.00018
773	0.00000	0.99992	0.00000	0.00000	0.00000	0.00008
774	0.00000	0.99764	0.00000	0.00001	0.00000	0.00236
775	0.00000	0.88629	0.00000	0.01728	0.00000	0.09642
776	0.00000	0.99949	0.00000	0.00000	0.00000	0.00051
777	0.00000	0.99986	0.00000	0.00000	0.00000	0.00014
