UponCompletionOf_213301_sweeps
LocNumber LocName AlleleNumber AlleleName FreqInPop0 FreqInPop1 SDInPop0 SDinPop1
0	LdDocent_Contig_1972_409	0	1	0.005933	0.994903	0.004832	0.002167
0	LdDocent_Contig_1972_409	1	2	0.994067	0.005097	0.004832	0.002167
1	LdDocent_Contig_5911_120	0	1	0.997482	0.989854	0.003569	0.003111
1	LdDocent_Contig_5911_120	1	2	0.002518	0.010146	0.003569	0.003111
2	LdDocent_Contig_67838_468	0	1	0.992974	0.992251	0.005701	0.002818
2	LdDocent_Contig_67838_468	1	2	0.007026	0.007749	0.005701	0.002818
3	LdDocent_Contig_30293_315	0	1	0.993657	0.993952	0.005132	0.002373
3	LdDocent_Contig_30293_315	1	2	0.006343	0.006048	0.005132	0.002373
4	LdDocent_Contig_36644_140	0	1	0.997703	0.986821	0.003242	0.003554
4	LdDocent_Contig_36644_140	1	2	0.002297	0.013179	0.003242	0.003554
5	LdDocent_Contig_6252_341	0	1	0.997865	0.952079	0.003002	0.006702
5	LdDocent_Contig_6252_341	1	2	0.002135	0.047921	0.003002	0.006702
6	LdDocent_Contig_65_436	0	1	0.998017	0.980897	0.002800	0.004078
6	LdDocent_Contig_65_436	1	2	0.001983	0.019103	0.002800	0.004078
7	LdDocent_Contig_1962_36	0	1	0.997730	0.988506	0.003189	0.003366
7	LdDocent_Contig_1962_36	1	2	0.002270	0.011494	0.003189	0.003366
8	LdDocent_Contig_86535_357	0	1	0.997831	0.979930	0.003037	0.004285
8	LdDocent_Contig_86535_357	1	2	0.002169	0.020070	0.003037	0.004285
9	LdDocent_Contig_96192_356	0	1	0.190583	0.994320	0.024355	0.002210
9	LdDocent_Contig_96192_356	1	2	0.809417	0.005680	0.024355	0.002210
10	LdDocent_Contig_795_439	0	1	0.997901	0.986950	0.002960	0.003396
10	LdDocent_Contig_795_439	1	2	0.002099	0.013050	0.002960	0.003396
11	LdDocent_Contig_16259_442	0	1	0.997548	0.944768	0.003458	0.007059
11	LdDocent_Contig_16259_442	1	2	0.002452	0.055232	0.003458	0.007059
12	LdDocent_Contig_38007_408	0	1	0.997582	0.978090	0.003413	0.004661
12	LdDocent_Contig_38007_408	1	2	0.002418	0.021910	0.003413	0.004661
13	LdDocent_Contig_1762_432	0	1	0.997767	0.983782	0.003159	0.003963
13	LdDocent_Contig_1762_432	1	2	0.002233	0.016218	0.003159	0.003963
14	LdDocent_Contig_2200_66	0	1	0.921061	0.999508	0.017149	0.000699
14	LdDocent_Contig_2200_66	1	2	0.078939	0.000492	0.017149	0.000699
15	LdDocent_Contig_91257_23	0	1	0.990257	0.671253	0.006500	0.014330
15	LdDocent_Contig_91257_23	1	2	0.009743	0.328747	0.006500	0.014330
16	LdDocent_Contig_5583_376	0	1	0.004270	0.292774	0.004820	0.014776
16	LdDocent_Contig_5583_376	1	2	0.995730	0.707226	0.004820	0.014776
17	LdDocent_Contig_87312_368	0	1	0.996885	0.993321	0.004377	0.002437
17	LdDocent_Contig_87312_368	1	2	0.003115	0.006679	0.004377	0.002437
18	LdDocent_Contig_95236_418	0	1	0.822430	0.999527	0.024343	0.000670
18	LdDocent_Contig_95236_418	1	2	0.177570	0.000473	0.024343	0.000670
19	LdDocent_Contig_379_118	0	1	0.973376	0.830161	0.012187	0.011348
19	LdDocent_Contig_379_118	1	2	0.026624	0.169839	0.012187	0.011348
20	LdDocent_Contig_6190_463	0	1	0.997556	0.992492	0.003462	0.002573
20	LdDocent_Contig_6190_463	1	2	0.002444	0.007508	0.003462	0.002573
21	LdDocent_Contig_92837_385	0	1	0.744421	0.997790	0.027474	0.001396
21	LdDocent_Contig_92837_385	1	2	0.255579	0.002210	0.027474	0.001396
22	LdDocent_Contig_1146_501	0	1	0.633650	0.949014	0.033212	0.007137
22	LdDocent_Contig_1146_501	1	2	0.366350	0.050986	0.033212	0.007137
23	LdDocent_Contig_13140_367	0	1	0.992851	0.984534	0.005811	0.003778
23	LdDocent_Contig_13140_367	1	2	0.007149	0.015466	0.005811	0.003778
24	LdDocent_Contig_55464_10	0	1	0.850059	0.807915	0.023292	0.012085
24	LdDocent_Contig_55464_10	1	2	0.149941	0.192085	0.023292	0.012085
25	LdDocent_Contig_93340_36	0	1	0.997656	0.981074	0.003294	0.004357
25	LdDocent_Contig_93340_36	1	2	0.002344	0.018926	0.003294	0.004357
26	LdDocent_Contig_88403_16	0	1	0.998100	0.965498	0.002680	0.005398
26	LdDocent_Contig_88403_16	1	2	0.001900	0.034502	0.002680	0.005398
27	LdDocent_Contig_1065_489	0	1	0.990325	0.994963	0.006996	0.002319
27	LdDocent_Contig_1065_489	1	2	0.009675	0.005037	0.006996	0.002319
28	LdDocent_Contig_1393_47	0	1	0.921761	0.998458	0.016974	0.001255
28	LdDocent_Contig_1393_47	1	2	0.078239	0.001542	0.016974	0.001255
29	LdDocent_Contig_58182_29	0	1	0.997351	0.979932	0.003719	0.004283
29	LdDocent_Contig_58182_29	1	2	0.002649	0.020068	0.003719	0.004283
30	LdDocent_Contig_88698_108	0	1	0.994278	0.994286	0.004656	0.002231
30	LdDocent_Contig_88698_108	1	2	0.005722	0.005714	0.004656	0.002231
31	LdDocent_Contig_29860_458	0	1	0.988230	0.952044	0.007687	0.006783
31	LdDocent_Contig_29860_458	1	2	0.011770	0.047956	0.007687	0.006783
32	LdDocent_Contig_6898_461	0	1	0.991150	0.738947	0.006553	0.012880
32	LdDocent_Contig_6898_461	1	2	0.008850	0.261053	0.006553	0.012880
33	LdDocent_Contig_65499_411	0	1	0.997578	0.992613	0.003426	0.002686
33	LdDocent_Contig_65499_411	1	2	0.002422	0.007387	0.003426	0.002686
34	LdDocent_Contig_352_434	0	1	0.893060	0.996650	0.020460	0.001783
34	LdDocent_Contig_352_434	1	2	0.106940	0.003350	0.020460	0.001783
35	LdDocent_Contig_24277_98	0	1	0.965275	0.996778	0.011268	0.001704
35	LdDocent_Contig_24277_98	1	2	0.034725	0.003222	0.011268	0.001704
36	LdDocent_Contig_12655_420	0	1	0.997678	0.933514	0.003264	0.007650
36	LdDocent_Contig_12655_420	1	2	0.002322	0.066486	0.003264	0.007650
37	LdDocent_Contig_71196_455	0	1	0.997962	0.960645	0.002868	0.005855
37	LdDocent_Contig_71196_455	1	2	0.002038	0.039355	0.002868	0.005855
38	LdDocent_Contig_6226_357	0	1	0.997835	0.980754	0.003045	0.004118
38	LdDocent_Contig_6226_357	1	2	0.002165	0.019246	0.003045	0.004118
39	LdDocent_Contig_72391_370	0	1	0.997603	0.945868	0.003376	0.006929
39	LdDocent_Contig_72391_370	1	2	0.002397	0.054132	0.003376	0.006929
40	LdDocent_Contig_59418_335	0	1	0.994341	0.987013	0.004606	0.003267
40	LdDocent_Contig_59418_335	1	2	0.005659	0.012987	0.004606	0.003267
41	LdDocent_Contig_37691_105	0	1	0.860709	0.999507	0.021955	0.000697
41	LdDocent_Contig_37691_105	1	2	0.139291	0.000493	0.021955	0.000697
42	LdDocent_Contig_18579_377	0	1	0.968515	0.999485	0.011289	0.000731
42	LdDocent_Contig_18579_377	1	2	0.031485	0.000515	0.011289	0.000731
43	LdDocent_Contig_11713_433	0	1	0.585825	0.998539	0.032827	0.001189
43	LdDocent_Contig_11713_433	1	2	0.414175	0.001461	0.032827	0.001189
44	LdDocent_Contig_12191_94	0	1	0.997964	0.989745	0.002869	0.003002
44	LdDocent_Contig_12191_94	1	2	0.002036	0.010255	0.002869	0.003002
45	LdDocent_Contig_2035_96	0	1	0.997148	0.991025	0.003876	0.002938
45	LdDocent_Contig_2035_96	1	2	0.002852	0.008975	0.003876	0.002938
46	LdDocent_Contig_56622_436	0	1	0.720000	0.897567	0.029160	0.009097
46	LdDocent_Contig_56622_436	1	2	0.280000	0.102433	0.029160	0.009097
47	LdDocent_Contig_72512_412	0	1	0.606174	0.927630	0.031637	0.007858
47	LdDocent_Contig_72512_412	1	2	0.393826	0.072370	0.031637	0.007858
48	LdDocent_Contig_2078_57	0	1	0.891117	0.998588	0.020255	0.001157
48	LdDocent_Contig_2078_57	1	2	0.108883	0.001412	0.020255	0.001157
49	LdDocent_Contig_2450_30	0	1	0.997535	0.982873	0.003443	0.004088
49	LdDocent_Contig_2450_30	1	2	0.002465	0.017127	0.003443	0.004088
50	LdDocent_Contig_260_407	0	1	0.997819	0.977555	0.003073	0.004572
50	LdDocent_Contig_260_407	1	2	0.002181	0.022445	0.003073	0.004572
51	LdDocent_Contig_2494_96	0	1	0.997765	0.988163	0.003154	0.003206
51	LdDocent_Contig_2494_96	1	2	0.002235	0.011837	0.003154	0.003206
52	LdDocent_Contig_50923_388	0	1	0.992404	0.975843	0.010430	0.004563
52	LdDocent_Contig_50923_388	1	2	0.007596	0.024157	0.010430	0.004563
53	LdDocent_Contig_15638_334	0	1	0.935734	0.992588	0.039821	0.002531
53	LdDocent_Contig_15638_334	1	2	0.064266	0.007412	0.039821	0.002531
54	LdDocent_Contig_55488_107	0	1	0.997902	0.993128	0.002957	0.002495
54	LdDocent_Contig_55488_107	1	2	0.002098	0.006872	0.002957	0.002495
55	LdDocent_Contig_3168_53	0	1	0.216103	0.778189	0.025308	0.012210
55	LdDocent_Contig_3168_53	1	2	0.783897	0.221811	0.025308	0.012210
56	LdDocent_Contig_19_433	0	1	0.998036	0.984072	0.002764	0.003667
56	LdDocent_Contig_19_433	1	2	0.001964	0.015928	0.002764	0.003667
57	LdDocent_Contig_569_458	0	2	0.002338	0.189817	0.003283	0.012163
57	LdDocent_Contig_569_458	1	1	0.997662	0.810183	0.003283	0.012163
58	LdDocent_Contig_34179_10	0	1	0.997963	0.983757	0.002878	0.003844
58	LdDocent_Contig_34179_10	1	2	0.002037	0.016243	0.002878	0.003844
59	LdDocent_Contig_1743_497	0	1	0.997745	0.985542	0.003175	0.003759
59	LdDocent_Contig_1743_497	1	2	0.002255	0.014458	0.003175	0.003759
60	LdDocent_Contig_12502_13	0	1	0.990104	0.992553	0.006187	0.002542
60	LdDocent_Contig_12502_13	1	2	0.009896	0.007447	0.006187	0.002542
61	LdDocent_Contig_5507_409	0	1	0.982559	0.901697	0.008769	0.008928
61	LdDocent_Contig_5507_409	1	2	0.017441	0.098303	0.008769	0.008928
62	LdDocent_Contig_2225_409	0	1	0.001916	0.998737	0.002700	0.001031
62	LdDocent_Contig_2225_409	1	2	0.998084	0.001263	0.002700	0.001031
63	LdDocent_Contig_374_70	0	1	0.955915	0.999596	0.012687	0.000572
63	LdDocent_Contig_374_70	1	2	0.044085	0.000404	0.012687	0.000572
64	LdDocent_Contig_36845_431	0	1	0.997882	0.886192	0.002980	0.010119
64	LdDocent_Contig_36845_431	1	2	0.002118	0.113808	0.002980	0.010119
65	LdDocent_Contig_1523_70	0	1	0.997926	0.993120	0.002923	0.002497
65	LdDocent_Contig_1523_70	1	2	0.002074	0.006880	0.002923	0.002497
66	LdDocent_Contig_51647_124	0	1	0.998019	0.992605	0.002802	0.002532
66	LdDocent_Contig_51647_124	1	2	0.001981	0.007395	0.002802	0.002532
67	LdDocent_Contig_29905_476	0	1	0.997824	0.991087	0.003061	0.002874
67	LdDocent_Contig_29905_476	1	2	0.002176	0.008913	0.003061	0.002874
68	LdDocent_Contig_3810_26	0	1	0.945700	0.999533	0.014905	0.000660
68	LdDocent_Contig_3810_26	1	2	0.054300	0.000467	0.014905	0.000660
69	LdDocent_Contig_36665_42	0	1	0.965855	0.999515	0.011541	0.000683
69	LdDocent_Contig_36665_42	1	2	0.034145	0.000485	0.011541	0.000683
70	LdDocent_Contig_849_378	0	1	0.937054	0.998515	0.016503	0.001211
70	LdDocent_Contig_849_378	1	2	0.062946	0.001485	0.016503	0.001211
71	LdDocent_Contig_87896_495	0	1	0.997772	0.966639	0.003106	0.005301
71	LdDocent_Contig_87896_495	1	2	0.002228	0.033361	0.003106	0.005301
72	LdDocent_Contig_20128_26	0	1	0.996493	0.984078	0.004377	0.003979
72	LdDocent_Contig_20128_26	1	2	0.003507	0.015922	0.004377	0.003979
73	LdDocent_Contig_8075_29	0	1	0.997916	0.992597	0.002920	0.002702
73	LdDocent_Contig_8075_29	1	2	0.002084	0.007403	0.002920	0.002702
74	LdDocent_Contig_2980_390	0	1	0.993288	0.833396	0.005447	0.011806
74	LdDocent_Contig_2980_390	1	2	0.006712	0.166604	0.005447	0.011806
75	LdDocent_Contig_58901_116	0	1	0.014000	0.687528	0.007414	0.014683
75	LdDocent_Contig_58901_116	1	2	0.986000	0.312472	0.007414	0.014683
76	LdDocent_Contig_12007_142	0	1	0.997818	0.989223	0.003089	0.003299
76	LdDocent_Contig_12007_142	1	2	0.002182	0.010777	0.003089	0.003299
77	LdDocent_Contig_14127_482	0	1	0.997951	0.992193	0.002902	0.002668
77	LdDocent_Contig_14127_482	1	2	0.002049	0.007807	0.002902	0.002668
78	LdDocent_Contig_81466_125	0	1	0.997614	0.984623	0.003353	0.003772
78	LdDocent_Contig_81466_125	1	2	0.002386	0.015377	0.003353	0.003772
79	LdDocent_Contig_37469_445	0	1	0.024160	0.998647	0.010701	0.001108
79	LdDocent_Contig_37469_445	1	2	0.975840	0.001353	0.010701	0.001108
80	LdDocent_Contig_6748_453	0	1	0.997876	0.991977	0.003010	0.002736
80	LdDocent_Contig_6748_453	1	2	0.002124	0.008023	0.003010	0.002736
81	LdDocent_Contig_1232_390	0	1	0.965025	0.999539	0.011738	0.000648
81	LdDocent_Contig_1232_390	1	2	0.034975	0.000461	0.011738	0.000648
82	LdDocent_Contig_9177_452	0	1	0.997670	0.988042	0.003288	0.003503
82	LdDocent_Contig_9177_452	1	2	0.002330	0.011958	0.003288	0.003503
83	LdDocent_Contig_64713_69	0	1	0.927220	0.999534	0.017202	0.000659
83	LdDocent_Contig_64713_69	1	2	0.072780	0.000466	0.017202	0.000659
84	LdDocent_Contig_1516_126	0	1	0.877492	0.999545	0.020792	0.000640
84	LdDocent_Contig_1516_126	1	2	0.122508	0.000455	0.020792	0.000640
85	LdDocent_Contig_50000_392	0	1	0.998035	0.990769	0.002758	0.002982
85	LdDocent_Contig_50000_392	1	2	0.001965	0.009231	0.002758	0.002982
86	LdDocent_Contig_91609_11	0	1	0.992479	0.964702	0.006028	0.005929
86	LdDocent_Contig_91609_11	1	2	0.007521	0.035298	0.006028	0.005929
87	LdDocent_Contig_5794_7	0	1	0.997985	0.991692	0.002825	0.002691
87	LdDocent_Contig_5794_7	1	2	0.002015	0.008308	0.002825	0.002691
88	LdDocent_Contig_165_72	0	1	0.006245	0.998616	0.005077	0.001130
88	LdDocent_Contig_165_72	1	2	0.993755	0.001384	0.005077	0.001130
89	LdDocent_Contig_670_478	0	1	0.993555	0.991397	0.005236	0.002937
89	LdDocent_Contig_670_478	1	2	0.006445	0.008603	0.005236	0.002937
90	LdDocent_Contig_6675_116	0	1	0.997863	0.480086	0.003004	0.015226
90	LdDocent_Contig_6675_116	1	2	0.002137	0.519914	0.003004	0.015226
91	LdDocent_Contig_84424_439	0	2	0.997662	0.939063	0.003300	0.007309
91	LdDocent_Contig_84424_439	1	1	0.002338	0.060937	0.003300	0.007309
92	LdDocent_Contig_7157_468	0	1	0.994150	0.942695	0.004746	0.007288
92	LdDocent_Contig_7157_468	1	2	0.005850	0.057305	0.004746	0.007288
93	LdDocent_Contig_1792_462	0	1	0.826806	0.997721	0.025336	0.001443
93	LdDocent_Contig_1792_462	1	2	0.173194	0.002279	0.025336	0.001443
94	LdDocent_Contig_52771_138	0	1	0.992552	0.913054	0.006010	0.008938
94	LdDocent_Contig_52771_138	1	2	0.007448	0.086946	0.006010	0.008938
95	LdDocent_Contig_6159_50	0	1	0.953777	0.989593	0.013954	0.003201
95	LdDocent_Contig_6159_50	1	2	0.046223	0.010407	0.013954	0.003201
96	LdDocent_Contig_24441_470	0	1	0.997897	0.979779	0.002973	0.004211
96	LdDocent_Contig_24441_470	1	2	0.002103	0.020221	0.002973	0.004211
97	LdDocent_Contig_90285_342	0	1	0.997836	0.945429	0.003058	0.006938
97	LdDocent_Contig_90285_342	1	2	0.002164	0.054571	0.003058	0.006938
98	LdDocent_Contig_7175_297	0	1	0.816036	0.999575	0.027478	0.000601
98	LdDocent_Contig_7175_297	1	2	0.183964	0.000425	0.027478	0.000601
99	LdDocent_Contig_1254_90	0	1	0.997850	0.987981	0.003025	0.003370
99	LdDocent_Contig_1254_90	1	2	0.002150	0.012019	0.003025	0.003370
100	LdDocent_Contig_6137_407	0	1	0.931477	0.988170	0.034989	0.003194
100	LdDocent_Contig_6137_407	1	2	0.068523	0.011830	0.034989	0.003194
101	LdDocent_Contig_1583_367	0	1	0.973744	0.981270	0.021012	0.003992
101	LdDocent_Contig_1583_367	1	2	0.026256	0.018730	0.021012	0.003992
102	LdDocent_Contig_92684_428	0	1	0.949807	0.998497	0.014419	0.001224
102	LdDocent_Contig_92684_428	1	2	0.050193	0.001503	0.014419	0.001224
103	LdDocent_Contig_18843_117	0	1	0.993814	0.993246	0.005023	0.002461
103	LdDocent_Contig_18843_117	1	2	0.006186	0.006754	0.005023	0.002461
104	LdDocent_Contig_85597_421	0	1	0.007229	0.474215	0.005867	0.015947
104	LdDocent_Contig_85597_421	1	2	0.992771	0.525785	0.005867	0.015947
105	LdDocent_Contig_30661_369	0	1	0.997896	0.992842	0.002968	0.002609
105	LdDocent_Contig_30661_369	1	2	0.002104	0.007158	0.002968	0.002609
106	LdDocent_Contig_32966_385	0	1	0.997841	0.976916	0.003019	0.004514
106	LdDocent_Contig_32966_385	1	2	0.002159	0.023084	0.003019	0.004514
107	LdDocent_Contig_672_99	0	1	0.943394	0.999559	0.014438	0.000625
107	LdDocent_Contig_672_99	1	2	0.056606	0.000441	0.014438	0.000625
108	LdDocent_Contig_57974_380	0	1	0.998104	0.991957	0.002681	0.002600
108	LdDocent_Contig_57974_380	1	2	0.001896	0.008043	0.002681	0.002600
109	LdDocent_Contig_95601_465	0	1	0.585823	0.998438	0.031321	0.001274
109	LdDocent_Contig_95601_465	1	2	0.414177	0.001562	0.031321	0.001274
110	LdDocent_Contig_2757_399	0	1	0.898817	0.999499	0.020200	0.000711
110	LdDocent_Contig_2757_399	1	2	0.101183	0.000501	0.020200	0.000711
111	LdDocent_Contig_36808_102	0	1	0.997166	0.987637	0.003995	0.003343
111	LdDocent_Contig_36808_102	1	2	0.002834	0.012363	0.003995	0.003343
112	LdDocent_Contig_1728_9	0	1	0.005304	0.991274	0.004773	0.002812
112	LdDocent_Contig_1728_9	1	2	0.994696	0.008726	0.004773	0.002812
113	LdDocent_Contig_84367_434	0	1	0.992935	0.993232	0.005739	0.002650
113	LdDocent_Contig_84367_434	1	2	0.007065	0.006768	0.005739	0.002650
114	LdDocent_Contig_15299_317	0	1	0.993953	0.991413	0.004924	0.002774
114	LdDocent_Contig_15299_317	1	2	0.006047	0.008587	0.004924	0.002774
115	LdDocent_Contig_1993_364	0	1	0.910876	0.999553	0.017882	0.000630
115	LdDocent_Contig_1993_364	1	2	0.089124	0.000447	0.017882	0.000630
116	LdDocent_Contig_1026_343	0	1	0.997935	0.993062	0.002908	0.002522
116	LdDocent_Contig_1026_343	1	2	0.002065	0.006938	0.002908	0.002522
117	LdDocent_Contig_1937_458	0	1	0.997501	0.973464	0.003471	0.004908
117	LdDocent_Contig_1937_458	1	2	0.002499	0.026536	0.003471	0.004908
118	LdDocent_Contig_928_73	0	1	0.009726	0.992412	0.007107	0.002754
118	LdDocent_Contig_928_73	1	2	0.990274	0.007588	0.007107	0.002754
119	LdDocent_Contig_3563_135	0	1	0.957151	0.929124	0.012866	0.007630
119	LdDocent_Contig_3563_135	1	2	0.042849	0.070876	0.012866	0.007630
120	LdDocent_Contig_9162_69	0	1	0.997568	0.985719	0.003397	0.003619
120	LdDocent_Contig_9162_69	1	2	0.002432	0.014281	0.003397	0.003619
121	LdDocent_Contig_2261_396	0	1	0.867076	0.998505	0.023145	0.001221
121	LdDocent_Contig_2261_396	1	2	0.132924	0.001495	0.023145	0.001221
122	LdDocent_Contig_19136_144	0	1	0.390542	0.997552	0.032580	0.001546
122	LdDocent_Contig_19136_144	1	2	0.609458	0.002448	0.032580	0.001546
123	LdDocent_Contig_388_399	0	1	0.342819	0.355609	0.052495	0.014058
123	LdDocent_Contig_388_399	1	2	0.657181	0.644391	0.052495	0.014058
124	LdDocent_Contig_62242_79	0	1	0.997763	0.984271	0.003152	0.003963
124	LdDocent_Contig_62242_79	1	2	0.002237	0.015729	0.003152	0.003963
125	LdDocent_Contig_25631_95	0	1	0.961781	0.997706	0.012157	0.001445
125	LdDocent_Contig_25631_95	1	2	0.038219	0.002294	0.012157	0.001445
126	LdDocent_Contig_80646_404	0	1	0.993229	0.988521	0.005511	0.003360
126	LdDocent_Contig_80646_404	1	2	0.006771	0.011479	0.005511	0.003360
127	LdDocent_Contig_825_85	0	1	0.002275	0.353118	0.003201	0.014820
127	LdDocent_Contig_825_85	1	2	0.997725	0.646882	0.003201	0.014820
128	LdDocent_Contig_18191_486	0	1	0.992596	0.796183	0.005980	0.012765
128	LdDocent_Contig_18191_486	1	2	0.007404	0.203817	0.005980	0.012765
129	LdDocent_Contig_89475_470	0	1	0.797943	0.998656	0.026454	0.001092
129	LdDocent_Contig_89475_470	1	2	0.202057	0.001344	0.026454	0.001092
130	LdDocent_Contig_10193_124	0	1	0.993885	0.978289	0.004970	0.004528
130	LdDocent_Contig_10193_124	1	2	0.006115	0.021711	0.004970	0.004528
131	LdDocent_Contig_1056_71	0	1	0.593720	0.995619	0.031788	0.002043
131	LdDocent_Contig_1056_71	1	2	0.406280	0.004381	0.031788	0.002043
132	LdDocent_Contig_2015_499	0	1	0.997831	0.991476	0.003056	0.002910
132	LdDocent_Contig_2015_499	1	2	0.002169	0.008524	0.003056	0.002910
133	LdDocent_Contig_93050_380	0	1	0.997512	0.889686	0.003466	0.009469
133	LdDocent_Contig_93050_380	1	2	0.002488	0.110314	0.003466	0.009469
134	LdDocent_Contig_32_429	0	1	0.990099	0.972545	0.006230	0.004888
134	LdDocent_Contig_32_429	1	2	0.009901	0.027455	0.006230	0.004888
135	LdDocent_Contig_11404_44	0	1	0.997756	0.827692	0.003184	0.011976
135	LdDocent_Contig_11404_44	1	2	0.002244	0.172308	0.003184	0.011976
136	LdDocent_Contig_180_462	0	1	0.796732	0.997873	0.024982	0.001346
136	LdDocent_Contig_180_462	1	2	0.203268	0.002127	0.024982	0.001346
137	LdDocent_Contig_360_438	0	1	0.970536	0.970492	0.011318	0.005265
137	LdDocent_Contig_360_438	1	2	0.029464	0.029508	0.011318	0.005265
138	LdDocent_Contig_83599_135	0	1	0.997869	0.984935	0.003010	0.003677
138	LdDocent_Contig_83599_135	1	2	0.002131	0.015065	0.003010	0.003677
139	LdDocent_Contig_94840_462	0	1	0.997976	0.846952	0.002857	0.010468
139	LdDocent_Contig_94840_462	1	2	0.002024	0.153048	0.002857	0.010468
140	LdDocent_Contig_8645_51	0	1	0.993813	0.991035	0.005019	0.002891
140	LdDocent_Contig_8645_51	1	2	0.006187	0.008965	0.005019	0.002891
141	LdDocent_Contig_15010_341	0	1	0.926150	0.999487	0.018020	0.000725
141	LdDocent_Contig_15010_341	1	2	0.073850	0.000513	0.018020	0.000725
142	LdDocent_Contig_6837_8	0	1	0.977123	0.987094	0.009616	0.003623
142	LdDocent_Contig_6837_8	1	2	0.022877	0.012906	0.009616	0.003623
143	LdDocent_Contig_1475_425	0	1	0.997038	0.986283	0.003986	0.003633
143	LdDocent_Contig_1475_425	1	2	0.002962	0.013717	0.003986	0.003633
144	LdDocent_Contig_268_139	0	1	0.898855	0.999538	0.019721	0.000656
144	LdDocent_Contig_268_139	1	2	0.101145	0.000462	0.019721	0.000656
145	LdDocent_Contig_23923_355	0	1	0.990200	0.992768	0.013724	0.002473
145	LdDocent_Contig_23923_355	1	2	0.009800	0.007232	0.013724	0.002473
146	LdDocent_Contig_61554_18	0	1	0.998000	0.983376	0.002816	0.003836
146	LdDocent_Contig_61554_18	1	2	0.002000	0.016624	0.002816	0.003836
147	LdDocent_Contig_51_124	0	1	0.014531	0.994021	0.008269	0.002329
147	LdDocent_Contig_51_124	1	2	0.985469	0.005979	0.008269	0.002329
148	LdDocent_Contig_5832_22	0	1	0.997822	0.986989	0.003053	0.003653
148	LdDocent_Contig_5832_22	1	2	0.002178	0.013011	0.003053	0.003653
149	LdDocent_Contig_17933_449	0	1	0.997972	0.990901	0.002851	0.002941
149	LdDocent_Contig_17933_449	1	2	0.002028	0.009099	0.002851	0.002941
150	LdDocent_Contig_57890_429	0	1	0.997948	0.986273	0.002890	0.003462
150	LdDocent_Contig_57890_429	1	2	0.002052	0.013727	0.002890	0.003462
151	LdDocent_Contig_6302_85	0	1	0.997282	0.978758	0.003841	0.004541
151	LdDocent_Contig_6302_85	1	2	0.002718	0.021242	0.003841	0.004541
152	LdDocent_Contig_826_64	0	1	0.998092	0.956875	0.002685	0.005938
152	LdDocent_Contig_826_64	1	2	0.001908	0.043125	0.002685	0.005938
153	LdDocent_Contig_60842_48	0	1	0.998026	0.975919	0.002787	0.004539
153	LdDocent_Contig_60842_48	1	2	0.001974	0.024081	0.002787	0.004539
154	LdDocent_Contig_73527_499	0	1	0.998014	0.980111	0.002806	0.004585
154	LdDocent_Contig_73527_499	1	2	0.001986	0.019889	0.002806	0.004585
155	LdDocent_Contig_233_435	0	1	0.997866	0.889047	0.003019	0.009783
155	LdDocent_Contig_233_435	1	2	0.002134	0.110953	0.003019	0.009783
156	LdDocent_Contig_66635_480	0	1	0.993864	0.910241	0.004971	0.008619
156	LdDocent_Contig_66635_480	1	2	0.006136	0.089759	0.004971	0.008619
157	LdDocent_Contig_5_345	0	1	0.992807	0.993784	0.008417	0.002357
157	LdDocent_Contig_5_345	1	2	0.007193	0.006216	0.008417	0.002357
158	LdDocent_Contig_3639_383	0	1	0.997277	0.962585	0.003821	0.005992
158	LdDocent_Contig_3639_383	1	2	0.002723	0.037415	0.003821	0.005992
159	LdDocent_Contig_55695_22	0	1	0.967425	0.999518	0.011656	0.000678
159	LdDocent_Contig_55695_22	1	2	0.032575	0.000482	0.011656	0.000678
160	LdDocent_Contig_57787_96	0	1	0.997220	0.988711	0.003898	0.003310
160	LdDocent_Contig_57787_96	1	2	0.002780	0.011289	0.003898	0.003310
161	LdDocent_Contig_80193_479	0	1	0.997919	0.980955	0.002943	0.004060
161	LdDocent_Contig_80193_479	1	2	0.002081	0.019045	0.002943	0.004060
162	LdDocent_Contig_3892_445	0	1	0.997550	0.979822	0.003390	0.004331
162	LdDocent_Contig_3892_445	1	2	0.002450	0.020178	0.003390	0.004331
163	LdDocent_Contig_89454_464	0	1	0.997534	0.874754	0.003484	0.010417
163	LdDocent_Contig_89454_464	1	2	0.002466	0.125246	0.003484	0.010417
164	LdDocent_Contig_18110_444	0	1	0.969381	0.997523	0.011089	0.001558
164	LdDocent_Contig_18110_444	1	2	0.030619	0.002477	0.011089	0.001558
165	LdDocent_Contig_29388_323	0	1	0.882858	0.995615	0.021314	0.002064
165	LdDocent_Contig_29388_323	1	2	0.117142	0.004385	0.021314	0.002064
166	LdDocent_Contig_37048_15	0	1	0.672307	0.913058	0.030410	0.008587
166	LdDocent_Contig_37048_15	1	2	0.327693	0.086942	0.030410	0.008587
167	LdDocent_Contig_18290_404	0	1	0.908461	0.999560	0.017943	0.000621
167	LdDocent_Contig_18290_404	1	2	0.091539	0.000440	0.017943	0.000621
168	LdDocent_Contig_22027_75	0	1	0.990056	0.985960	0.006834	0.003788
168	LdDocent_Contig_22027_75	1	2	0.009944	0.014040	0.006834	0.003788
169	LdDocent_Contig_537_342	0	1	0.092080	0.996868	0.019088	0.001675
169	LdDocent_Contig_537_342	1	2	0.907920	0.003132	0.019088	0.001675
170	LdDocent_Contig_24356_62	0	1	0.997386	0.983992	0.003660	0.004050
170	LdDocent_Contig_24356_62	1	2	0.002614	0.016008	0.003660	0.004050
171	LdDocent_Contig_27270_67	0	1	0.997773	0.960968	0.003117	0.006243
171	LdDocent_Contig_27270_67	1	2	0.002227	0.039032	0.003117	0.006243
172	LdDocent_Contig_73992_382	0	1	0.986565	0.993458	0.007129	0.002381
172	LdDocent_Contig_73992_382	1	2	0.013435	0.006542	0.007129	0.002381
173	LdDocent_Contig_65895_364	0	1	0.997942	0.982961	0.002901	0.003912
173	LdDocent_Contig_65895_364	1	2	0.002058	0.017039	0.002901	0.003912
174	LdDocent_Contig_52032_450	0	1	0.997970	0.993353	0.002874	0.002418
174	LdDocent_Contig_52032_450	1	2	0.002030	0.006647	0.002874	0.002418
175	LdDocent_Contig_52841_389	0	1	0.115311	0.998644	0.020841	0.001107
175	LdDocent_Contig_52841_389	1	2	0.884689	0.001356	0.020841	0.001107
176	LdDocent_Contig_11501_28	0	1	0.997776	0.991439	0.003133	0.002923
176	LdDocent_Contig_11501_28	1	2	0.002224	0.008561	0.003133	0.002923
177	LdDocent_Contig_55008_490	0	1	0.987115	0.981344	0.008089	0.004295
177	LdDocent_Contig_55008_490	1	2	0.012885	0.018656	0.008089	0.004295
178	LdDocent_Contig_16031_24	0	1	0.997779	0.986325	0.003133	0.003559
178	LdDocent_Contig_16031_24	1	2	0.002221	0.013675	0.003133	0.003559
179	LdDocent_Contig_34076_10	0	1	0.497170	0.998717	0.030548	0.001048
179	LdDocent_Contig_34076_10	1	2	0.502830	0.001283	0.030548	0.001048
180	LdDocent_Contig_3899_397	0	1	0.997900	0.980401	0.002962	0.004297
180	LdDocent_Contig_3899_397	1	2	0.002100	0.019599	0.002962	0.004297
181	LdDocent_Contig_1447_75	0	2	0.990556	0.583416	0.005922	0.014540
181	LdDocent_Contig_1447_75	1	1	0.009444	0.416584	0.005922	0.014540
182	LdDocent_Contig_55045_105	0	1	0.104782	0.759331	0.019945	0.013007
182	LdDocent_Contig_55045_105	1	2	0.895218	0.240669	0.019945	0.013007
183	LdDocent_Contig_5896_124	0	1	0.997183	0.990610	0.003900	0.003055
183	LdDocent_Contig_5896_124	1	2	0.002817	0.009390	0.003900	0.003055
184	LdDocent_Contig_31023_420	0	1	0.967983	0.999527	0.011499	0.000673
184	LdDocent_Contig_31023_420	1	2	0.032017	0.000473	0.011499	0.000673
185	LdDocent_Contig_512_462	0	1	0.997151	0.991160	0.003754	0.002758
185	LdDocent_Contig_512_462	1	2	0.002849	0.008840	0.003754	0.002758
186	LdDocent_Contig_36677_39	0	1	0.997918	0.990240	0.002948	0.002996
186	LdDocent_Contig_36677_39	1	2	0.002082	0.009760	0.002948	0.002996
187	LdDocent_Contig_1810_402	0	1	0.997763	0.962137	0.003156	0.005919
187	LdDocent_Contig_1810_402	1	2	0.002237	0.037863	0.003156	0.005919
188	LdDocent_Contig_1392_480	0	1	0.997898	0.889992	0.002965	0.009722
188	LdDocent_Contig_1392_480	1	2	0.002102	0.110008	0.002965	0.009722
189	LdDocent_Contig_3697_141	0	1	0.998061	0.989397	0.002732	0.002977
189	LdDocent_Contig_3697_141	1	2	0.001939	0.010603	0.002732	0.002977
190	LdDocent_Contig_20556_416	0	1	0.989709	0.972348	0.006525	0.004919
190	LdDocent_Contig_20556_416	1	2	0.010291	0.027652	0.006525	0.004919
191	LdDocent_Contig_80797_118	0	1	0.986645	0.990067	0.007350	0.002916
191	LdDocent_Contig_80797_118	1	2	0.013355	0.009933	0.007350	0.002916
192	LdDocent_Contig_38475_385	0	1	0.852765	0.995910	0.022550	0.001922
192	LdDocent_Contig_38475_385	1	2	0.147235	0.004090	0.022550	0.001922
193	LdDocent_Contig_1112_383	0	1	0.764621	0.999480	0.028719	0.000732
193	LdDocent_Contig_1112_383	1	2	0.235379	0.000520	0.028719	0.000732
194	LdDocent_Contig_57504_43	0	1	0.997552	0.993337	0.003439	0.002608
194	LdDocent_Contig_57504_43	1	2	0.002448	0.006663	0.003439	0.002608
195	LdDocent_Contig_7550_432	0	1	0.968595	0.999549	0.011259	0.000636
195	LdDocent_Contig_7550_432	1	2	0.031405	0.000451	0.011259	0.000636
196	LdDocent_Contig_13997_103	0	1	0.998112	0.974722	0.002670	0.004610
196	LdDocent_Contig_13997_103	1	2	0.001888	0.025278	0.002670	0.004610
197	LdDocent_Contig_93275_493	0	1	0.996020	0.987600	0.005182	0.003558
197	LdDocent_Contig_93275_493	1	2	0.003980	0.012400	0.005182	0.003558
198	LdDocent_Contig_908_392	0	1	0.648072	0.984844	0.031088	0.003700
198	LdDocent_Contig_908_392	1	2	0.351928	0.015156	0.031088	0.003700
199	LdDocent_Contig_95108_34	0	1	0.993640	0.939561	0.005170	0.007432
199	LdDocent_Contig_95108_34	1	2	0.006360	0.060439	0.005170	0.007432
