1000000_sweeps	IndivName	1.000/0.000/0.000/0.000	0.000/0.000/0.000/1.000	0.000/0.500/0.500/0.000	0.250/0.250/0.250/0.250	0.500/0.250/0.250/0.000	0.000/0.250/0.250/0.500
1	NoName	0.00000	1.00000	0.00000	0.00000	0.00000	0.00000
2	NoName	0.00000	1.00000	0.00000	0.00000	0.00000	0.00000
3	NoName	0.00000	1.00000	0.00000	0.00000	0.00000	0.00000
4	NoName	0.00000	0.99836	0.00000	0.00003	0.00000	0.00160
5	NoName	0.00000	1.00000	0.00000	0.00000	0.00000	0.00000
6	NoName	0.00000	1.00000	0.00000	0.00000	0.00000	0.00000
7	NoName	0.00000	0.99999	0.00000	0.00000	0.00000	0.00001
8	NoName	0.00000	1.00000	0.00000	0.00000	0.00000	0.00000
9	NoName	0.00000	1.00000	0.00000	0.00000	0.00000	0.00000
10	NoName	0.00000	0.00000	0.00000	0.00009	0.99991	0.00000
11	NoName	1.00000	0.00000	0.00000	0.00000	0.00000	0.00000
12	NoName	0.00000	0.99935	0.00000	0.00000	0.00000	0.00065
13	NoName	0.00000	1.00000	0.00000	0.00000	0.00000	0.00000
14	NoName	0.00000	1.00000	0.00000	0.00000	0.00000	0.00000
15	NoName	0.00000	1.00000	0.00000	0.00000	0.00000	0.00000
16	NoName	0.00000	0.99999	0.00000	0.00000	0.00000	0.00001
17	NoName	1.00000	0.00000	0.00000	0.00000	0.00000	0.00000
18	NoName	0.98142	0.00002	0.00003	0.00175	0.01674	0.00004
19	NoName	0.00000	0.99964	0.00000	0.00000	0.00000	0.00035
20	NoName	1.00000	0.00000	0.00000	0.00000	0.00000	0.00000
21	NoName	0.00025	0.99126	0.00015	0.00069	0.00016	0.00750
22	NoName	0.00000	0.99996	0.00000	0.00000	0.00000	0.00004
23	NoName	1.00000	0.00000	0.00000	0.00000	0.00000	0.00000
24	NoName	1.00000	0.00000	0.00000	0.00000	0.00000	0.00000
25	NoName	1.00000	0.00000	0.00000	0.00000	0.00000	0.00000
26	NoName	0.00000	1.00000	0.00000	0.00000	0.00000	0.00000
27	NoName	0.00000	1.00000	0.00000	0.00000	0.00000	0.00000
28	NoName	0.00000	1.00000	0.00000	0.00000	0.00000	0.00000
29	NoName	0.00000	1.00000	0.00000	0.00000	0.00000	0.00000
30	NoName	1.00000	0.00000	0.00000	0.00000	0.00000	0.00000
31	NoName	1.00000	0.00000	0.00000	0.00000	0.00000	0.00000
32	NoName	0.00006	0.93818	0.00024	0.00284	0.00013	0.05855
33	NoName	0.99988	0.00000	0.00000	0.00000	0.00012	0.00000
34	NoName	0.98100	0.00001	0.00003	0.00180	0.01712	0.00004
35	NoName	0.00000	0.99993	0.00000	0.00000	0.00000	0.00007
36	NoName	0.00000	1.00000	0.00000	0.00000	0.00000	0.00000
37	NoName	1.00000	0.00000	0.00000	0.00000	0.00000	0.00000
38	NoName	1.00000	0.00000	0.00000	0.00000	0.00000	0.00000
39	NoName	0.00000	1.00000	0.00000	0.00000	0.00000	0.00000
40	NoName	0.00000	1.00000	0.00000	0.00000	0.00000	0.00000
41	NoName	0.00000	1.00000	0.00000	0.00000	0.00000	0.00000
42	NoName	0.00000	1.00000	0.00000	0.00000	0.00000	0.00000
43	NoName	0.25962	0.00000	0.00000	0.00001	0.74037	0.00000
44	NoName	0.00000	1.00000	0.00000	0.00000	0.00000	0.00000
45	NoName	1.00000	0.00000	0.00000	0.00000	0.00000	0.00000
46	NoName	0.00000	1.00000	0.00000	0.00000	0.00000	0.00000
47	NoName	0.00000	1.00000	0.00000	0.00000	0.00000	0.00000
48	NoName	0.99993	0.00000	0.00000	0.00000	0.00007	0.00000
49	NoName	1.00000	0.00000	0.00000	0.00000	0.00000	0.00000
50	NoName	0.00000	0.99999	0.00000	0.00000	0.00000	0.00001
51	NoName	0.00000	1.00000	0.00000	0.00000	0.00000	0.00000
52	NoName	0.00000	1.00000	0.00000	0.00000	0.00000	0.00000
53	NoName	0.95175	0.00000	0.00000	0.00022	0.04803	0.00000
54	NoName	0.00000	1.00000	0.00000	0.00000	0.00000	0.00000
55	NoName	0.00000	1.00000	0.00000	0.00000	0.00000	0.00000
56	NoName	0.99840	0.00000	0.00000	0.00001	0.00159	0.00000
57	NoName	0.00000	1.00000	0.00000	0.00000	0.00000	0.00000
58	NoName	0.00000	1.00000	0.00000	0.00000	0.00000	0.00000
59	NoName	0.00000	0.99994	0.00000	0.00000	0.00000	0.00006
60	NoName	0.00000	1.00000	0.00000	0.00000	0.00000	0.00000
61	NoName	0.00000	1.00000	0.00000	0.00000	0.00000	0.00000
62	NoName	0.00000	1.00000	0.00000	0.00000	0.00000	0.00000
63	NoName	0.00000	1.00000	0.00000	0.00000	0.00000	0.00000
64	NoName	0.00000	1.00000	0.00000	0.00000	0.00000	0.00000
65	NoName	0.00000	1.00000	0.00000	0.00000	0.00000	0.00000
66	NoName	1.00000	0.00000	0.00000	0.00000	0.00000	0.00000
67	NoName	0.00000	1.00000	0.00000	0.00000	0.00000	0.00000
68	NoName	0.00000	1.00000	0.00000	0.00000	0.00000	0.00000
69	NoName	0.00000	0.99922	0.00000	0.00001	0.00000	0.00077
70	NoName	0.00000	1.00000	0.00000	0.00000	0.00000	0.00000
71	NoName	0.00000	1.00000	0.00000	0.00000	0.00000	0.00000
72	NoName	0.00000	1.00000	0.00000	0.00000	0.00000	0.00000
73	NoName	0.00000	1.00000	0.00000	0.00000	0.00000	0.00000
74	NoName	0.00000	1.00000	0.00000	0.00000	0.00000	0.00000
75	NoName	0.00000	1.00000	0.00000	0.00000	0.00000	0.00000
76	NoName	0.00000	1.00000	0.00000	0.00000	0.00000	0.00000
77	NoName	1.00000	0.00000	0.00000	0.00000	0.00000	0.00000
78	NoName	1.00000	0.00000	0.00000	0.00000	0.00000	0.00000
79	NoName	0.97774	0.00000	0.00000	0.00001	0.02225	0.00000
80	NoName	0.00000	0.68632	0.00000	0.23088	0.00000	0.08279
81	NoName	0.00000	1.00000	0.00000	0.00000	0.00000	0.00000
82	NoName	0.98944	0.00000	0.00000	0.00060	0.00995	0.00000
83	NoName	1.00000	0.00000	0.00000	0.00000	0.00000	0.00000
84	NoName	0.00000	1.00000	0.00000	0.00000	0.00000	0.00000
85	NoName	1.00000	0.00000	0.00000	0.00000	0.00000	0.00000
86	NoName	0.99785	0.00000	0.00000	0.00000	0.00215	0.00000
87	NoName	0.00000	1.00000	0.00000	0.00000	0.00000	0.00000
88	NoName	1.00000	0.00000	0.00000	0.00000	0.00000	0.00000
89	NoName	0.00000	0.99997	0.00000	0.00000	0.00000	0.00003
90	NoName	0.00000	1.00000	0.00000	0.00000	0.00000	0.00000
91	NoName	0.99919	0.00000	0.00000	0.00000	0.00081	0.00000
92	NoName	0.00000	0.00000	0.00000	0.00093	0.00000	0.99907
93	NoName	0.00000	1.00000	0.00000	0.00000	0.00000	0.00000
94	NoName	0.99916	0.00000	0.00000	0.00001	0.00083	0.00000
95	NoName	0.00000	1.00000	0.00000	0.00000	0.00000	0.00000
96	NoName	0.00000	1.00000	0.00000	0.00000	0.00000	0.00000
97	NoName	1.00000	0.00000	0.00000	0.00000	0.00000	0.00000
98	NoName	0.00000	1.00000	0.00000	0.00000	0.00000	0.00000
99	NoName	0.00402	0.98809	0.00064	0.00047	0.00056	0.00622
100	NoName	0.00000	1.00000	0.00000	0.00000	0.00000	0.00000
101	NoName	0.00000	1.00000	0.00000	0.00000	0.00000	0.00000
102	NoName	0.00000	1.00000	0.00000	0.00000	0.00000	0.00000
103	NoName	0.00000	1.00000	0.00000	0.00000	0.00000	0.00000
104	NoName	0.00000	1.00000	0.00000	0.00000	0.00000	0.00000
105	NoName	0.00000	0.99926	0.00000	0.00001	0.00000	0.00073
106	NoName	0.00000	1.00000	0.00000	0.00000	0.00000	0.00000
107	NoName	0.00000	1.00000	0.00000	0.00000	0.00000	0.00000
108	NoName	1.00000	0.00000	0.00000	0.00000	0.00000	0.00000
109	NoName	0.00000	1.00000	0.00000	0.00000	0.00000	0.00000
110	NoName	0.00000	1.00000	0.00000	0.00000	0.00000	0.00000
111	NoName	0.00000	1.00000	0.00000	0.00000	0.00000	0.00000
112	NoName	1.00000	0.00000	0.00000	0.00000	0.00000	0.00000
113	NoName	1.00000	0.00000	0.00000	0.00000	0.00000	0.00000
114	NoName	0.00000	1.00000	0.00000	0.00000	0.00000	0.00000
115	NoName	0.00000	1.00000	0.00000	0.00000	0.00000	0.00000
116	NoName	0.00031	0.00000	0.00000	0.00004	0.99965	0.00000
117	NoName	0.00000	1.00000	0.00000	0.00000	0.00000	0.00000
118	NoName	1.00000	0.00000	0.00000	0.00000	0.00000	0.00000
119	NoName	1.00000	0.00000	0.00000	0.00000	0.00000	0.00000
120	NoName	0.00000	1.00000	0.00000	0.00000	0.00000	0.00000
121	NoName	0.00000	1.00000	0.00000	0.00000	0.00000	0.00000
122	NoName	0.00000	1.00000	0.00000	0.00000	0.00000	0.00000
123	NoName	0.00000	0.99690	0.00001	0.00011	0.00000	0.00298
124	NoName	0.00000	1.00000	0.00000	0.00000	0.00000	0.00000
125	NoName	0.00000	1.00000	0.00000	0.00000	0.00000	0.00000
126	NoName	0.00000	1.00000	0.00000	0.00000	0.00000	0.00000
127	NoName	0.00000	1.00000	0.00000	0.00000	0.00000	0.00000
128	NoName	0.00000	1.00000	0.00000	0.00000	0.00000	0.00000
129	NoName	0.00000	0.99999	0.00000	0.00000	0.00000	0.00001
130	NoName	0.00000	1.00000	0.00000	0.00000	0.00000	0.00000
131	NoName	1.00000	0.00000	0.00000	0.00000	0.00000	0.00000
132	NoName	0.00000	1.00000	0.00000	0.00000	0.00000	0.00000
133	NoName	0.00000	1.00000	0.00000	0.00000	0.00000	0.00000
134	NoName	0.00000	1.00000	0.00000	0.00000	0.00000	0.00000
135	NoName	0.00000	1.00000	0.00000	0.00000	0.00000	0.00000
136	NoName	0.00000	1.00000	0.00000	0.00000	0.00000	0.00000
137	NoName	0.00000	1.00000	0.00000	0.00000	0.00000	0.00000
138	NoName	1.00000	0.00000	0.00000	0.00000	0.00000	0.00000
139	NoName	0.99978	0.00000	0.00000	0.00000	0.00022	0.00000
140	NoName	1.00000	0.00000	0.00000	0.00000	0.00000	0.00000
141	NoName	0.99954	0.00000	0.00000	0.00000	0.00046	0.00000
142	NoName	0.99989	0.00000	0.00000	0.00000	0.00011	0.00000
143	NoName	0.00000	1.00000	0.00000	0.00000	0.00000	0.00000
144	NoName	0.99998	0.00000	0.00000	0.00000	0.00002	0.00000
145	NoName	1.00000	0.00000	0.00000	0.00000	0.00000	0.00000
146	NoName	1.00000	0.00000	0.00000	0.00000	0.00000	0.00000
147	NoName	1.00000	0.00000	0.00000	0.00000	0.00000	0.00000
148	NoName	1.00000	0.00000	0.00000	0.00000	0.00000	0.00000
149	NoName	1.00000	0.00000	0.00000	0.00000	0.00000	0.00000
150	NoName	1.00000	0.00000	0.00000	0.00000	0.00000	0.00000
151	NoName	0.00000	1.00000	0.00000	0.00000	0.00000	0.00000
152	NoName	0.24515	0.72169	0.00429	0.00330	0.01154	0.01403
153	NoName	0.00000	0.99999	0.00000	0.00000	0.00000	0.00001
154	NoName	0.00000	1.00000	0.00000	0.00000	0.00000	0.00000
155	NoName	0.00000	0.99995	0.00000	0.00000	0.00000	0.00005
156	NoName	0.00000	1.00000	0.00000	0.00000	0.00000	0.00000
157	NoName	0.00000	1.00000	0.00000	0.00000	0.00000	0.00000
158	NoName	0.00000	1.00000	0.00000	0.00000	0.00000	0.00000
159	NoName	0.00000	1.00000	0.00000	0.00000	0.00000	0.00000
160	NoName	0.00000	1.00000	0.00000	0.00000	0.00000	0.00000
161	NoName	0.00000	1.00000	0.00000	0.00000	0.00000	0.00000
162	NoName	1.00000	0.00000	0.00000	0.00000	0.00000	0.00000
163	NoName	0.00000	1.00000	0.00000	0.00000	0.00000	0.00000
164	NoName	0.00000	1.00000	0.00000	0.00000	0.00000	0.00000
165	NoName	0.00000	0.99864	0.00000	0.00002	0.00000	0.00134
166	NoName	1.00000	0.00000	0.00000	0.00000	0.00000	0.00000
167	NoName	1.00000	0.00000	0.00000	0.00000	0.00000	0.00000
168	NoName	0.01504	0.00000	0.00000	0.00691	0.97805	0.00000
169	NoName	0.00000	1.00000	0.00000	0.00000	0.00000	0.00000
170	NoName	0.00000	0.99946	0.00000	0.00000	0.00000	0.00054
171	NoName	0.00000	1.00000	0.00000	0.00000	0.00000	0.00000
172	NoName	0.00000	0.99998	0.00000	0.00000	0.00000	0.00002
173	NoName	1.00000	0.00000	0.00000	0.00000	0.00000	0.00000
174	NoName	0.00000	1.00000	0.00000	0.00000	0.00000	0.00000
175	NoName	0.00000	1.00000	0.00000	0.00000	0.00000	0.00000
176	NoName	0.00000	1.00000	0.00000	0.00000	0.00000	0.00000
177	NoName	0.00000	1.00000	0.00000	0.00000	0.00000	0.00000
178	NoName	1.00000	0.00000	0.00000	0.00000	0.00000	0.00000
179	NoName	1.00000	0.00000	0.00000	0.00000	0.00000	0.00000
180	NoName	0.00000	1.00000	0.00000	0.00000	0.00000	0.00000
181	NoName	0.00000	1.00000	0.00000	0.00000	0.00000	0.00000
182	NoName	0.99987	0.00000	0.00000	0.00000	0.00013	0.00000
183	NoName	0.00000	0.99999	0.00000	0.00000	0.00000	0.00001
184	NoName	0.00000	0.99998	0.00000	0.00000	0.00000	0.00002
185	NoName	0.00000	0.99995	0.00000	0.00000	0.00000	0.00005
186	NoName	1.00000	0.00000	0.00000	0.00000	0.00000	0.00000
187	NoName	0.00000	0.99999	0.00000	0.00000	0.00000	0.00001
188	NoName	0.00000	1.00000	0.00000	0.00000	0.00000	0.00000
189	NoName	0.00000	0.99999	0.00000	0.00000	0.00000	0.00001
190	NoName	0.00000	0.99998	0.00000	0.00000	0.00000	0.00002
191	NoName	1.00000	0.00000	0.00000	0.00000	0.00000	0.00000
192	NoName	1.00000	0.00000	0.00000	0.00000	0.00000	0.00000
193	NoName	0.99807	0.00000	0.00000	0.00000	0.00193	0.00000
194	NoName	0.00000	1.00000	0.00000	0.00000	0.00000	0.00000
195	NoName	0.00000	1.00000	0.00000	0.00000	0.00000	0.00000
196	NoName	0.00000	1.00000	0.00000	0.00000	0.00000	0.00000
197	NoName	0.00000	0.99999	0.00000	0.00000	0.00000	0.00001
198	NoName	0.00000	1.00000	0.00000	0.00000	0.00000	0.00000
199	NoName	0.00000	1.00000	0.00000	0.00000	0.00000	0.00000
200	NoName	0.00000	0.00000	0.82684	0.00346	0.00000	0.16970
201	NoName	0.00000	1.00000	0.00000	0.00000	0.00000	0.00000
202	NoName	0.00000	1.00000	0.00000	0.00000	0.00000	0.00000
203	NoName	0.00000	0.99787	0.00000	0.00005	0.00000	0.00208
204	NoName	0.00000	1.00000	0.00000	0.00000	0.00000	0.00000
205	NoName	0.00000	1.00000	0.00000	0.00000	0.00000	0.00000
206	NoName	0.00000	1.00000	0.00000	0.00000	0.00000	0.00000
207	NoName	0.00000	1.00000	0.00000	0.00000	0.00000	0.00000
208	NoName	0.00000	1.00000	0.00000	0.00000	0.00000	0.00000
209	NoName	0.00000	1.00000	0.00000	0.00000	0.00000	0.00000
210	NoName	0.00000	1.00000	0.00000	0.00000	0.00000	0.00000
211	NoName	0.00000	0.01625	0.00000	0.00001	0.00000	0.98374
212	NoName	0.00000	1.00000	0.00000	0.00000	0.00000	0.00000
213	NoName	0.99779	0.00000	0.00000	0.00000	0.00221	0.00000
214	NoName	1.00000	0.00000	0.00000	0.00000	0.00000	0.00000
215	NoName	0.00000	1.00000	0.00000	0.00000	0.00000	0.00000
216	NoName	0.00000	1.00000	0.00000	0.00000	0.00000	0.00000
217	NoName	0.00000	1.00000	0.00000	0.00000	0.00000	0.00000
218	NoName	0.00000	1.00000	0.00000	0.00000	0.00000	0.00000
219	NoName	0.00000	1.00000	0.00000	0.00000	0.00000	0.00000
220	NoName	0.00000	0.99969	0.00000	0.00000	0.00000	0.00031
221	NoName	0.00000	1.00000	0.00000	0.00000	0.00000	0.00000
222	NoName	0.00000	1.00000	0.00000	0.00000	0.00000	0.00000
223	NoName	0.00000	0.99998	0.00000	0.00000	0.00000	0.00002
224	NoName	0.00000	1.00000	0.00000	0.00000	0.00000	0.00000
225	NoName	0.00000	1.00000	0.00000	0.00000	0.00000	0.00000
226	NoName	0.99990	0.00000	0.00000	0.00000	0.00010	0.00000
227	NoName	0.00000	1.00000	0.00000	0.00000	0.00000	0.00000
228	NoName	0.00000	1.00000	0.00000	0.00000	0.00000	0.00000
229	NoName	0.99921	0.00000	0.00000	0.00000	0.00078	0.00000
230	NoName	0.00000	1.00000	0.00000	0.00000	0.00000	0.00000
231	NoName	0.00000	1.00000	0.00000	0.00000	0.00000	0.00000
232	NoName	0.00000	0.99999	0.00000	0.00000	0.00000	0.00001
233	NoName	1.00000	0.00000	0.00000	0.00000	0.00000	0.00000
234	NoName	0.00000	0.99972	0.00000	0.00000	0.00000	0.00028
235	NoName	0.00000	1.00000	0.00000	0.00000	0.00000	0.00000
236	NoName	0.00000	1.00000	0.00000	0.00000	0.00000	0.00000
237	NoName	0.00000	1.00000	0.00000	0.00000	0.00000	0.00000
238	NoName	0.00000	1.00000	0.00000	0.00000	0.00000	0.00000
239	NoName	1.00000	0.00000	0.00000	0.00000	0.00000	0.00000
240	NoName	1.00000	0.00000	0.00000	0.00000	0.00000	0.00000
241	NoName	1.00000	0.00000	0.00000	0.00000	0.00000	0.00000
242	NoName	1.00000	0.00000	0.00000	0.00000	0.00000	0.00000
243	NoName	0.00000	1.00000	0.00000	0.00000	0.00000	0.00000
244	NoName	1.00000	0.00000	0.00000	0.00000	0.00000	0.00000
245	NoName	1.00000	0.00000	0.00000	0.00000	0.00000	0.00000
246	NoName	0.00000	1.00000	0.00000	0.00000	0.00000	0.00000
247	NoName	0.00000	1.00000	0.00000	0.00000	0.00000	0.00000
248	NoName	0.00000	1.00000	0.00000	0.00000	0.00000	0.00000
249	NoName	0.00000	1.00000	0.00000	0.00000	0.00000	0.00000
250	NoName	0.00000	1.00000	0.00000	0.00000	0.00000	0.00000
251	NoName	0.00000	1.00000	0.00000	0.00000	0.00000	0.00000
252	NoName	0.00000	1.00000	0.00000	0.00000	0.00000	0.00000
253	NoName	0.00000	1.00000	0.00000	0.00000	0.00000	0.00000
254	NoName	0.00000	1.00000	0.00000	0.00000	0.00000	0.00000
255	NoName	0.00000	1.00000	0.00000	0.00000	0.00000	0.00000
256	NoName	0.00000	1.00000	0.00000	0.00000	0.00000	0.00000
257	NoName	0.00000	1.00000	0.00000	0.00000	0.00000	0.00000
258	NoName	0.00000	1.00000	0.00000	0.00000	0.00000	0.00000
259	NoName	0.00000	1.00000	0.00000	0.00000	0.00000	0.00000
260	NoName	0.00000	0.99962	0.00000	0.00000	0.00000	0.00038
261	NoName	0.00000	1.00000	0.00000	0.00000	0.00000	0.00000
262	NoName	0.00000	1.00000	0.00000	0.00000	0.00000	0.00000
263	NoName	0.00000	1.00000	0.00000	0.00000	0.00000	0.00000
264	NoName	0.00000	1.00000	0.00000	0.00000	0.00000	0.00000
265	NoName	0.00000	0.20161	0.00000	0.63612	0.00000	0.16227
266	NoName	0.00000	1.00000	0.00000	0.00000	0.00000	0.00000
267	NoName	0.00000	0.99999	0.00000	0.00000	0.00000	0.00001
268	NoName	0.00000	1.00000	0.00000	0.00000	0.00000	0.00000
269	NoName	0.00000	1.00000	0.00000	0.00000	0.00000	0.00000
270	NoName	0.00000	1.00000	0.00000	0.00000	0.00000	0.00000
271	NoName	0.00000	1.00000	0.00000	0.00000	0.00000	0.00000
272	NoName	0.00000	1.00000	0.00000	0.00000	0.00000	0.00000
273	NoName	0.00000	0.99997	0.00000	0.00000	0.00000	0.00003
274	NoName	0.00000	1.00000	0.00000	0.00000	0.00000	0.00000
275	NoName	0.00000	1.00000	0.00000	0.00000	0.00000	0.00000
276	NoName	0.00000	1.00000	0.00000	0.00000	0.00000	0.00000
277	NoName	0.00000	1.00000	0.00000	0.00000	0.00000	0.00000
278	NoName	0.00000	1.00000	0.00000	0.00000	0.00000	0.00000
279	NoName	0.00000	1.00000	0.00000	0.00000	0.00000	0.00000
280	NoName	0.00000	1.00000	0.00000	0.00000	0.00000	0.00000
281	NoName	0.00000	1.00000	0.00000	0.00000	0.00000	0.00000
282	NoName	0.00000	1.00000	0.00000	0.00000	0.00000	0.00000
283	NoName	1.00000	0.00000	0.00000	0.00000	0.00000	0.00000
284	NoName	0.00000	0.99995	0.00000	0.00000	0.00000	0.00005
285	NoName	0.00000	1.00000	0.00000	0.00000	0.00000	0.00000
286	NoName	0.00000	1.00000	0.00000	0.00000	0.00000	0.00000
287	NoName	0.00000	1.00000	0.00000	0.00000	0.00000	0.00000
288	NoName	0.00000	1.00000	0.00000	0.00000	0.00000	0.00000
289	NoName	0.00000	1.00000	0.00000	0.00000	0.00000	0.00000
290	NoName	0.00000	1.00000	0.00000	0.00000	0.00000	0.00000
291	NoName	0.00000	1.00000	0.00000	0.00000	0.00000	0.00000
292	NoName	0.00000	1.00000	0.00000	0.00000	0.00000	0.00000
293	NoName	0.00000	1.00000	0.00000	0.00000	0.00000	0.00000
294	NoName	0.00000	1.00000	0.00000	0.00000	0.00000	0.00000
295	NoName	0.00000	1.00000	0.00000	0.00000	0.00000	0.00000
296	NoName	1.00000	0.00000	0.00000	0.00000	0.00000	0.00000
297	NoName	0.00000	1.00000	0.00000	0.00000	0.00000	0.00000
298	NoName	0.00000	0.99991	0.00000	0.00000	0.00000	0.00009
299	NoName	0.99995	0.00000	0.00000	0.00000	0.00005	0.00000
300	NoName	0.00000	0.99999	0.00000	0.00000	0.00000	0.00001
301	NoName	0.00000	1.00000	0.00000	0.00000	0.00000	0.00000
302	NoName	0.00000	1.00000	0.00000	0.00000	0.00000	0.00000
303	NoName	0.00000	1.00000	0.00000	0.00000	0.00000	0.00000
304	NoName	0.00000	1.00000	0.00000	0.00000	0.00000	0.00000
305	NoName	0.00000	1.00000	0.00000	0.00000	0.00000	0.00000
306	NoName	0.00000	0.99999	0.00000	0.00000	0.00000	0.00001
307	NoName	0.00000	1.00000	0.00000	0.00000	0.00000	0.00000
308	NoName	0.00000	1.00000	0.00000	0.00000	0.00000	0.00000
309	NoName	0.00000	1.00000	0.00000	0.00000	0.00000	0.00000
310	NoName	0.00000	1.00000	0.00000	0.00000	0.00000	0.00000
311	NoName	0.00000	0.99897	0.00000	0.00001	0.00000	0.00101
312	NoName	0.00000	1.00000	0.00000	0.00000	0.00000	0.00000
313	NoName	0.00000	1.00000	0.00000	0.00000	0.00000	0.00000
314	NoName	0.00000	1.00000	0.00000	0.00000	0.00000	0.00000
315	NoName	0.00000	0.90956	0.00000	0.00000	0.00000	0.09044
316	NoName	0.00000	1.00000	0.00000	0.00000	0.00000	0.00000
317	NoName	0.00000	1.00000	0.00000	0.00000	0.00000	0.00000
318	NoName	0.00000	1.00000	0.00000	0.00000	0.00000	0.00000
319	NoName	0.00000	0.98980	0.00000	0.00000	0.00000	0.01019
320	NoName	0.00000	1.00000	0.00000	0.00000	0.00000	0.00000
321	NoName	0.00000	0.99999	0.00000	0.00000	0.00000	0.00001
322	NoName	0.00000	1.00000	0.00000	0.00000	0.00000	0.00000
323	NoName	0.00000	1.00000	0.00000	0.00000	0.00000	0.00000
324	NoName	0.00000	1.00000	0.00000	0.00000	0.00000	0.00000
325	NoName	0.00000	1.00000	0.00000	0.00000	0.00000	0.00000
326	NoName	0.00000	0.99771	0.00000	0.00006	0.00000	0.00223
327	NoName	0.00000	1.00000	0.00000	0.00000	0.00000	0.00000
328	NoName	0.00000	1.00000	0.00000	0.00000	0.00000	0.00000
329	NoName	0.00000	1.00000	0.00000	0.00000	0.00000	0.00000
330	NoName	0.00000	0.99844	0.00000	0.00003	0.00000	0.00154
331	NoName	0.00000	1.00000	0.00000	0.00000	0.00000	0.00000
332	NoName	0.00000	1.00000	0.00000	0.00000	0.00000	0.00000
333	NoName	0.00000	1.00000	0.00000	0.00000	0.00000	0.00000
334	NoName	0.00000	1.00000	0.00000	0.00000	0.00000	0.00000
335	NoName	0.00000	1.00000	0.00000	0.00000	0.00000	0.00000
336	NoName	0.00015	0.99294	0.00012	0.00047	0.00010	0.00622
337	NoName	0.00000	1.00000	0.00000	0.00000	0.00000	0.00000
338	NoName	0.00000	1.00000	0.00000	0.00000	0.00000	0.00000
339	NoName	0.00000	1.00000	0.00000	0.00000	0.00000	0.00000
340	NoName	0.00000	0.00000	0.99870	0.00002	0.00000	0.00129
341	NoName	0.00000	1.00000	0.00000	0.00000	0.00000	0.00000
342	NoName	0.00000	1.00000	0.00000	0.00000	0.00000	0.00000
343	NoName	0.00000	0.00061	0.00000	0.00000	0.00000	0.99938
344	NoName	0.00000	0.99991	0.00000	0.00000	0.00000	0.00009
345	NoName	0.00000	1.00000	0.00000	0.00000	0.00000	0.00000
346	NoName	0.00000	0.99964	0.00000	0.00000	0.00000	0.00036
347	NoName	0.00000	0.43085	0.00000	0.00000	0.00000	0.56915
348	NoName	0.00000	1.00000	0.00000	0.00000	0.00000	0.00000
349	NoName	0.00000	1.00000	0.00000	0.00000	0.00000	0.00000
350	NoName	0.00000	1.00000	0.00000	0.00000	0.00000	0.00000
351	NoName	0.00000	0.99892	0.00000	0.00001	0.00000	0.00107
352	NoName	0.00000	1.00000	0.00000	0.00000	0.00000	0.00000
353	NoName	0.00000	0.99912	0.00000	0.00001	0.00000	0.00088
354	NoName	0.00000	0.99785	0.00000	0.00005	0.00000	0.00210
355	NoName	1.00000	0.00000	0.00000	0.00000	0.00000	0.00000
356	NoName	0.00000	1.00000	0.00000	0.00000	0.00000	0.00000
357	NoName	0.00000	1.00000	0.00000	0.00000	0.00000	0.00000
358	NoName	0.01801	0.96097	0.00132	0.00260	0.00273	0.01437
359	NoName	0.00000	1.00000	0.00000	0.00000	0.00000	0.00000
360	NoName	0.00000	1.00000	0.00000	0.00000	0.00000	0.00000
361	NoName	1.00000	0.00000	0.00000	0.00000	0.00000	0.00000
362	NoName	1.00000	0.00000	0.00000	0.00000	0.00000	0.00000
363	NoName	0.00000	1.00000	0.00000	0.00000	0.00000	0.00000
364	NoName	0.00000	1.00000	0.00000	0.00000	0.00000	0.00000
365	NoName	0.00000	1.00000	0.00000	0.00000	0.00000	0.00000
366	NoName	0.00000	1.00000	0.00000	0.00000	0.00000	0.00000
367	NoName	0.00000	1.00000	0.00000	0.00000	0.00000	0.00000
368	NoName	1.00000	0.00000	0.00000	0.00000	0.00000	0.00000
369	NoName	0.00000	1.00000	0.00000	0.00000	0.00000	0.00000
370	NoName	0.00000	1.00000	0.00000	0.00000	0.00000	0.00000
371	NoName	0.00000	1.00000	0.00000	0.00000	0.00000	0.00000
372	NoName	0.00000	1.00000	0.00000	0.00000	0.00000	0.00000
373	NoName	0.00000	0.99892	0.00000	0.00001	0.00000	0.00107
374	NoName	0.99999	0.00000	0.00000	0.00000	0.00001	0.00000
375	NoName	0.00000	0.99998	0.00000	0.00000	0.00000	0.00002
376	NoName	0.21772	0.75887	0.00418	0.00160	0.00760	0.01003
377	NoName	1.00000	0.00000	0.00000	0.00000	0.00000	0.00000
378	NoName	0.99936	0.00000	0.00000	0.00000	0.00064	0.00000
379	NoName	0.00000	1.00000	0.00000	0.00000	0.00000	0.00000
380	NoName	0.00000	1.00000	0.00000	0.00000	0.00000	0.00000
381	NoName	0.00000	1.00000	0.00000	0.00000	0.00000	0.00000
382	NoName	0.99904	0.00000	0.00000	0.00000	0.00096	0.00000
383	NoName	0.00000	1.00000	0.00000	0.00000	0.00000	0.00000
384	NoName	0.00000	1.00000	0.00000	0.00000	0.00000	0.00000
385	NoName	0.00000	1.00000	0.00000	0.00000	0.00000	0.00000
386	NoName	0.00000	1.00000	0.00000	0.00000	0.00000	0.00000
387	NoName	0.99732	0.00000	0.00000	0.00001	0.00266	0.00000
388	NoName	0.00000	1.00000	0.00000	0.00000	0.00000	0.00000
389	NoName	0.00000	1.00000	0.00000	0.00000	0.00000	0.00000
390	NoName	0.00000	1.00000	0.00000	0.00000	0.00000	0.00000
391	NoName	0.00000	0.99938	0.00000	0.00000	0.00000	0.00062
392	NoName	0.00000	0.99773	0.00000	0.00007	0.00000	0.00220
393	NoName	0.00000	0.74445	0.00000	0.00006	0.00000	0.25549
394	NoName	0.00000	1.00000	0.00000	0.00000	0.00000	0.00000
395	NoName	0.00000	1.00000	0.00000	0.00000	0.00000	0.00000
396	NoName	0.00000	1.00000	0.00000	0.00000	0.00000	0.00000
397	NoName	0.00000	1.00000	0.00000	0.00000	0.00000	0.00000
398	NoName	0.04165	0.93653	0.00356	0.00167	0.00472	0.01187
399	NoName	0.00000	1.00000	0.00000	0.00000	0.00000	0.00000
400	NoName	0.00000	1.00000	0.00000	0.00000	0.00000	0.00000
401	NoName	0.21055	0.76403	0.00411	0.00196	0.00824	0.01111
402	NoName	0.00000	1.00000	0.00000	0.00000	0.00000	0.00000
403	NoName	0.00000	1.00000	0.00000	0.00000	0.00000	0.00000
404	NoName	0.00000	1.00000	0.00000	0.00000	0.00000	0.00000
405	NoName	0.00000	1.00000	0.00000	0.00000	0.00000	0.00000
406	NoName	0.00000	1.00000	0.00000	0.00000	0.00000	0.00000
407	NoName	0.00000	1.00000	0.00000	0.00000	0.00000	0.00000
408	NoName	0.00000	1.00000	0.00000	0.00000	0.00000	0.00000
409	NoName	0.00000	1.00000	0.00000	0.00000	0.00000	0.00000
410	NoName	0.00000	1.00000	0.00000	0.00000	0.00000	0.00000
411	NoName	1.00000	0.00000	0.00000	0.00000	0.00000	0.00000
412	NoName	0.00000	1.00000	0.00000	0.00000	0.00000	0.00000
413	NoName	0.00000	1.00000	0.00000	0.00000	0.00000	0.00000
414	NoName	0.00000	1.00000	0.00000	0.00000	0.00000	0.00000
415	NoName	0.00000	0.99954	0.00000	0.00000	0.00000	0.00046
416	NoName	0.00000	1.00000	0.00000	0.00000	0.00000	0.00000
417	NoName	0.00000	1.00000	0.00000	0.00000	0.00000	0.00000
418	NoName	0.00000	1.00000	0.00000	0.00000	0.00000	0.00000
419	NoName	0.00000	1.00000	0.00000	0.00000	0.00000	0.00000
420	NoName	0.00000	1.00000	0.00000	0.00000	0.00000	0.00000
421	NoName	0.00000	1.00000	0.00000	0.00000	0.00000	0.00000
422	NoName	0.00000	0.99956	0.00000	0.00000	0.00000	0.00044
423	NoName	0.00000	0.99996	0.00000	0.00000	0.00000	0.00004
424	NoName	0.00000	1.00000	0.00000	0.00000	0.00000	0.00000
425	NoName	0.00000	1.00000	0.00000	0.00000	0.00000	0.00000
426	NoName	0.00000	1.00000	0.00000	0.00000	0.00000	0.00000
427	NoName	0.00000	1.00000	0.00000	0.00000	0.00000	0.00000
428	NoName	0.00000	1.00000	0.00000	0.00000	0.00000	0.00000
429	NoName	0.00000	1.00000	0.00000	0.00000	0.00000	0.00000
430	NoName	0.00000	1.00000	0.00000	0.00000	0.00000	0.00000
431	NoName	0.00000	1.00000	0.00000	0.00000	0.00000	0.00000
432	NoName	0.00000	0.99999	0.00000	0.00000	0.00000	0.00001
433	NoName	0.00000	1.00000	0.00000	0.00000	0.00000	0.00000
434	NoName	0.00000	0.99999	0.00000	0.00000	0.00000	0.00001
435	NoName	0.00000	1.00000	0.00000	0.00000	0.00000	0.00000
436	NoName	0.99999	0.00000	0.00000	0.00000	0.00001	0.00000
437	NoName	0.00000	1.00000	0.00000	0.00000	0.00000	0.00000
438	NoName	0.00000	1.00000	0.00000	0.00000	0.00000	0.00000
439	NoName	0.00000	1.00000	0.00000	0.00000	0.00000	0.00000
440	NoName	0.00000	1.00000	0.00000	0.00000	0.00000	0.00000
441	NoName	0.00000	1.00000	0.00000	0.00000	0.00000	0.00000
442	NoName	0.00000	1.00000	0.00000	0.00000	0.00000	0.00000
443	NoName	0.00000	1.00000	0.00000	0.00000	0.00000	0.00000
444	NoName	0.00000	1.00000	0.00000	0.00000	0.00000	0.00000
445	NoName	0.00000	0.99576	0.00000	0.00000	0.00000	0.00424
446	NoName	0.00000	1.00000	0.00000	0.00000	0.00000	0.00000
447	NoName	0.00000	0.99999	0.00000	0.00000	0.00000	0.00001
448	NoName	0.00000	1.00000	0.00000	0.00000	0.00000	0.00000
449	NoName	0.00000	1.00000	0.00000	0.00000	0.00000	0.00000
450	NoName	0.00000	1.00000	0.00000	0.00000	0.00000	0.00000
451	NoName	0.00000	1.00000	0.00000	0.00000	0.00000	0.00000
452	NoName	0.00094	0.99256	0.00030	0.00038	0.00024	0.00558
453	NoName	0.00000	1.00000	0.00000	0.00000	0.00000	0.00000
454	NoName	0.00000	1.00000	0.00000	0.00000	0.00000	0.00000
455	NoName	0.00000	1.00000	0.00000	0.00000	0.00000	0.00000
456	NoName	0.00000	1.00000	0.00000	0.00000	0.00000	0.00000
457	NoName	0.00000	1.00000	0.00000	0.00000	0.00000	0.00000
458	NoName	0.00000	1.00000	0.00000	0.00000	0.00000	0.00000
459	NoName	0.00000	1.00000	0.00000	0.00000	0.00000	0.00000
460	NoName	1.00000	0.00000	0.00000	0.00000	0.00000	0.00000
461	NoName	0.00000	1.00000	0.00000	0.00000	0.00000	0.00000
462	NoName	0.00000	1.00000	0.00000	0.00000	0.00000	0.00000
463	NoName	0.12967	0.84995	0.00341	0.00143	0.00553	0.01001
464	NoName	1.00000	0.00000	0.00000	0.00000	0.00000	0.00000
465	NoName	0.00000	1.00000	0.00000	0.00000	0.00000	0.00000
466	NoName	0.00000	1.00000	0.00000	0.00000	0.00000	0.00000
467	NoName	0.00000	0.99716	0.00000	0.00009	0.00000	0.00275
468	NoName	0.00000	1.00000	0.00000	0.00000	0.00000	0.00000
469	NoName	0.00000	1.00000	0.00000	0.00000	0.00000	0.00000
470	NoName	0.00000	1.00000	0.00000	0.00000	0.00000	0.00000
471	NoName	0.00000	1.00000	0.00000	0.00000	0.00000	0.00000
472	NoName	0.00000	0.99999	0.00000	0.00000	0.00000	0.00001
473	NoName	0.00000	1.00000	0.00000	0.00000	0.00000	0.00000
474	NoName	0.00002	0.99315	0.00003	0.00048	0.00002	0.00630
475	NoName	0.00000	1.00000	0.00000	0.00000	0.00000	0.00000
476	NoName	0.00000	1.00000	0.00000	0.00000	0.00000	0.00000
477	NoName	0.00000	1.00000	0.00000	0.00000	0.00000	0.00000
478	NoName	0.00000	1.00000	0.00000	0.00000	0.00000	0.00000
479	NoName	0.00000	0.99999	0.00000	0.00000	0.00000	0.00001
480	NoName	0.00000	1.00000	0.00000	0.00000	0.00000	0.00000
481	NoName	0.00000	1.00000	0.00000	0.00000	0.00000	0.00000
482	NoName	0.00000	1.00000	0.00000	0.00000	0.00000	0.00000
483	NoName	0.00000	1.00000	0.00000	0.00000	0.00000	0.00000
484	NoName	0.00000	1.00000	0.00000	0.00000	0.00000	0.00000
485	NoName	0.00000	1.00000	0.00000	0.00000	0.00000	0.00000
486	NoName	0.00000	1.00000	0.00000	0.00000	0.00000	0.00000
487	NoName	0.00000	1.00000	0.00000	0.00000	0.00000	0.00000
488	NoName	0.00000	1.00000	0.00000	0.00000	0.00000	0.00000
489	NoName	0.00000	1.00000	0.00000	0.00000	0.00000	0.00000
490	NoName	0.00000	1.00000	0.00000	0.00000	0.00000	0.00000
491	NoName	0.00000	1.00000	0.00000	0.00000	0.00000	0.00000
492	NoName	0.00000	0.99999	0.00000	0.00000	0.00000	0.00001
493	NoName	0.00000	1.00000	0.00000	0.00000	0.00000	0.00000
494	NoName	0.00000	0.99948	0.00000	0.00000	0.00000	0.00051
495	NoName	0.00000	1.00000	0.00000	0.00000	0.00000	0.00000
496	NoName	0.00000	1.00000	0.00000	0.00000	0.00000	0.00000
497	NoName	0.00000	1.00000	0.00000	0.00000	0.00000	0.00000
498	NoName	0.00000	1.00000	0.00000	0.00000	0.00000	0.00000
499	NoName	0.00000	1.00000	0.00000	0.00000	0.00000	0.00000
500	NoName	0.98641	0.00000	0.00000	0.00149	0.01208	0.00001
501	NoName	0.00000	1.00000	0.00000	0.00000	0.00000	0.00000
502	NoName	0.00000	0.99776	0.00000	0.00006	0.00000	0.00218
503	NoName	0.00000	1.00000	0.00000	0.00000	0.00000	0.00000
504	NoName	0.00000	1.00000	0.00000	0.00000	0.00000	0.00000
505	NoName	0.00000	1.00000	0.00000	0.00000	0.00000	0.00000
506	NoName	1.00000	0.00000	0.00000	0.00000	0.00000	0.00000
507	NoName	1.00000	0.00000	0.00000	0.00000	0.00000	0.00000
508	NoName	0.00000	1.00000	0.00000	0.00000	0.00000	0.00000
509	NoName	0.00000	1.00000	0.00000	0.00000	0.00000	0.00000
510	NoName	0.00000	1.00000	0.00000	0.00000	0.00000	0.00000
511	NoName	0.00000	1.00000	0.00000	0.00000	0.00000	0.00000
512	NoName	0.00000	1.00000	0.00000	0.00000	0.00000	0.00000
513	NoName	0.99992	0.00000	0.00000	0.00000	0.00008	0.00000
514	NoName	0.00000	1.00000	0.00000	0.00000	0.00000	0.00000
515	NoName	1.00000	0.00000	0.00000	0.00000	0.00000	0.00000
516	NoName	0.00000	0.99855	0.00000	0.00002	0.00000	0.00144
517	NoName	0.00000	1.00000	0.00000	0.00000	0.00000	0.00000
518	NoName	0.99999	0.00000	0.00000	0.00000	0.00001	0.00000
519	NoName	0.00000	0.75521	0.00000	0.00000	0.00000	0.24479
520	NoName	0.00000	1.00000	0.00000	0.00000	0.00000	0.00000
521	NoName	0.00000	1.00000	0.00000	0.00000	0.00000	0.00000
522	NoName	0.00000	1.00000	0.00000	0.00000	0.00000	0.00000
523	NoName	0.00000	1.00000	0.00000	0.00000	0.00000	0.00000
524	NoName	0.00000	1.00000	0.00000	0.00000	0.00000	0.00000
525	NoName	0.00000	1.00000	0.00000	0.00000	0.00000	0.00000
526	NoName	0.00000	1.00000	0.00000	0.00000	0.00000	0.00000
527	NoName	0.00000	1.00000	0.00000	0.00000	0.00000	0.00000
528	NoName	0.00000	0.99991	0.00000	0.00000	0.00000	0.00009
529	NoName	0.01056	0.98019	0.00117	0.00052	0.00099	0.00657
530	NoName	0.00000	1.00000	0.00000	0.00000	0.00000	0.00000
531	NoName	0.00000	1.00000	0.00000	0.00000	0.00000	0.00000
532	NoName	0.00000	1.00000	0.00000	0.00000	0.00000	0.00000
533	NoName	1.00000	0.00000	0.00000	0.00000	0.00000	0.00000
534	NoName	0.00000	1.00000	0.00000	0.00000	0.00000	0.00000
535	NoName	0.00000	1.00000	0.00000	0.00000	0.00000	0.00000
536	NoName	0.00000	1.00000	0.00000	0.00000	0.00000	0.00000
537	NoName	0.99940	0.00000	0.00000	0.00000	0.00060	0.00000
538	NoName	0.00000	0.99944	0.00000	0.00000	0.00000	0.00055
539	NoName	0.00000	1.00000	0.00000	0.00000	0.00000	0.00000
540	NoName	0.99621	0.00000	0.00000	0.00008	0.00371	0.00000
541	NoName	1.00000	0.00000	0.00000	0.00000	0.00000	0.00000
542	NoName	1.00000	0.00000	0.00000	0.00000	0.00000	0.00000
543	NoName	0.00000	1.00000	0.00000	0.00000	0.00000	0.00000
544	NoName	0.00000	1.00000	0.00000	0.00000	0.00000	0.00000
545	NoName	0.00000	0.99999	0.00000	0.00000	0.00000	0.00001
546	NoName	0.00000	1.00000	0.00000	0.00000	0.00000	0.00000
547	NoName	0.00000	1.00000	0.00000	0.00000	0.00000	0.00000
548	NoName	0.99953	0.00000	0.00000	0.00000	0.00047	0.00000
549	NoName	0.00000	1.00000	0.00000	0.00000	0.00000	0.00000
550	NoName	0.00000	1.00000	0.00000	0.00000	0.00000	0.00000
551	NoName	1.00000	0.00000	0.00000	0.00000	0.00000	0.00000
552	NoName	0.00000	1.00000	0.00000	0.00000	0.00000	0.00000
553	NoName	0.00000	1.00000	0.00000	0.00000	0.00000	0.00000
554	NoName	0.00000	1.00000	0.00000	0.00000	0.00000	0.00000
555	NoName	0.00000	1.00000	0.00000	0.00000	0.00000	0.00000
556	NoName	0.00000	0.00000	0.98931	0.00003	0.00000	0.01067
557	NoName	0.00000	1.00000	0.00000	0.00000	0.00000	0.00000
558	NoName	0.00000	1.00000	0.00000	0.00000	0.00000	0.00000
559	NoName	0.99995	0.00000	0.00000	0.00000	0.00005	0.00000
560	NoName	1.00000	0.00000	0.00000	0.00000	0.00000	0.00000
561	NoName	1.00000	0.00000	0.00000	0.00000	0.00000	0.00000
562	NoName	1.00000	0.00000	0.00000	0.00000	0.00000	0.00000
563	NoName	0.00000	1.00000	0.00000	0.00000	0.00000	0.00000
564	NoName	0.00000	1.00000	0.00000	0.00000	0.00000	0.00000
565	NoName	1.00000	0.00000	0.00000	0.00000	0.00000	0.00000
566	NoName	0.00000	1.00000	0.00000	0.00000	0.00000	0.00000
567	NoName	0.97905	0.00021	0.00008	0.00210	0.01845	0.00011
568	NoName	1.00000	0.00000	0.00000	0.00000	0.00000	0.00000
569	NoName	0.00000	1.00000	0.00000	0.00000	0.00000	0.00000
570	NoName	0.00000	1.00000	0.00000	0.00000	0.00000	0.00000
571	NoName	0.00000	1.00000	0.00000	0.00000	0.00000	0.00000
572	NoName	0.00000	1.00000	0.00000	0.00000	0.00000	0.00000
573	NoName	0.00000	1.00000	0.00000	0.00000	0.00000	0.00000
574	NoName	0.00000	1.00000	0.00000	0.00000	0.00000	0.00000
575	NoName	0.00000	0.00000	0.00000	0.00006	0.99994	0.00000
576	NoName	0.00000	1.00000	0.00000	0.00000	0.00000	0.00000
577	NoName	1.00000	0.00000	0.00000	0.00000	0.00000	0.00000
578	NoName	0.00000	1.00000	0.00000	0.00000	0.00000	0.00000
579	NoName	0.00000	0.99627	0.00000	0.00000	0.00000	0.00373
580	NoName	0.00000	0.99964	0.00000	0.00000	0.00000	0.00036
581	NoName	0.00000	1.00000	0.00000	0.00000	0.00000	0.00000
582	NoName	0.00000	1.00000	0.00000	0.00000	0.00000	0.00000
583	NoName	0.00000	0.99943	0.00000	0.00000	0.00000	0.00057
584	NoName	0.00000	1.00000	0.00000	0.00000	0.00000	0.00000
585	NoName	0.00000	0.99998	0.00000	0.00000	0.00000	0.00002
586	NoName	0.00000	1.00000	0.00000	0.00000	0.00000	0.00000
587	NoName	0.00000	1.00000	0.00000	0.00000	0.00000	0.00000
588	NoName	0.00000	1.00000	0.00000	0.00000	0.00000	0.00000
589	NoName	0.00000	1.00000	0.00000	0.00000	0.00000	0.00000
590	NoName	0.00000	1.00000	0.00000	0.00000	0.00000	0.00000
591	NoName	0.00000	0.99883	0.00000	0.00002	0.00000	0.00115
592	NoName	0.00000	0.99953	0.00000	0.00000	0.00000	0.00047
593	NoName	0.00000	1.00000	0.00000	0.00000	0.00000	0.00000
594	NoName	0.00000	1.00000	0.00000	0.00000	0.00000	0.00000
595	NoName	0.00000	1.00000	0.00000	0.00000	0.00000	0.00000
596	NoName	0.00000	0.95837	0.00000	0.00013	0.00000	0.04150
597	NoName	0.00000	1.00000	0.00000	0.00000	0.00000	0.00000
598	NoName	0.00000	0.99903	0.00000	0.00001	0.00000	0.00096
599	NoName	0.00000	0.99900	0.00000	0.00000	0.00000	0.00100
600	NoName	0.00000	1.00000	0.00000	0.00000	0.00000	0.00000
601	NoName	0.00000	0.99869	0.00000	0.00002	0.00000	0.00129
602	NoName	0.99991	0.00000	0.00000	0.00000	0.00009	0.00000
603	NoName	0.99720	0.00000	0.00000	0.00005	0.00275	0.00000
604	NoName	0.00000	1.00000	0.00000	0.00000	0.00000	0.00000
605	NoName	0.00000	0.99995	0.00000	0.00000	0.00000	0.00005
606	NoName	0.00000	0.99995	0.00000	0.00000	0.00000	0.00005
607	NoName	0.00000	1.00000	0.00000	0.00000	0.00000	0.00000
608	NoName	0.00000	1.00000	0.00000	0.00000	0.00000	0.00000
609	NoName	0.00000	1.00000	0.00000	0.00000	0.00000	0.00000
610	NoName	0.99382	0.00000	0.00000	0.00000	0.00618	0.00000
611	NoName	0.00000	1.00000	0.00000	0.00000	0.00000	0.00000
612	NoName	0.00000	1.00000	0.00000	0.00000	0.00000	0.00000
613	NoName	0.00000	1.00000	0.00000	0.00000	0.00000	0.00000
614	NoName	0.00000	0.99997	0.00000	0.00000	0.00000	0.00003
615	NoName	0.00000	1.00000	0.00000	0.00000	0.00000	0.00000
616	NoName	0.00000	1.00000	0.00000	0.00000	0.00000	0.00000
617	NoName	0.00000	1.00000	0.00000	0.00000	0.00000	0.00000
618	NoName	0.00000	1.00000	0.00000	0.00000	0.00000	0.00000
619	NoName	0.00000	0.99998	0.00000	0.00000	0.00000	0.00002
620	NoName	0.00000	1.00000	0.00000	0.00000	0.00000	0.00000
621	NoName	0.00000	1.00000	0.00000	0.00000	0.00000	0.00000
622	NoName	0.00000	0.99980	0.00000	0.00000	0.00000	0.00020
623	NoName	0.00000	1.00000	0.00000	0.00000	0.00000	0.00000
624	NoName	0.00000	0.99974	0.00000	0.00000	0.00000	0.00026
625	NoName	0.00000	1.00000	0.00000	0.00000	0.00000	0.00000
626	NoName	0.00000	0.99582	0.00001	0.00013	0.00000	0.00404
627	NoName	0.00000	1.00000	0.00000	0.00000	0.00000	0.00000
628	NoName	0.00000	1.00000	0.00000	0.00000	0.00000	0.00000
629	NoName	0.00000	1.00000	0.00000	0.00000	0.00000	0.00000
630	NoName	0.00000	1.00000	0.00000	0.00000	0.00000	0.00000
631	NoName	0.00000	1.00000	0.00000	0.00000	0.00000	0.00000
632	NoName	0.99999	0.00000	0.00000	0.00000	0.00001	0.00000
633	NoName	0.00000	1.00000	0.00000	0.00000	0.00000	0.00000
634	NoName	0.00000	1.00000	0.00000	0.00000	0.00000	0.00000
635	NoName	0.00000	1.00000	0.00000	0.00000	0.00000	0.00000
636	NoName	0.00000	0.99802	0.00000	0.00005	0.00000	0.00192
637	NoName	0.00000	0.99999	0.00000	0.00000	0.00000	0.00001
638	NoName	0.00000	1.00000	0.00000	0.00000	0.00000	0.00000
639	NoName	0.00000	1.00000	0.00000	0.00000	0.00000	0.00000
640	NoName	0.00000	1.00000	0.00000	0.00000	0.00000	0.00000
641	NoName	0.00000	1.00000	0.00000	0.00000	0.00000	0.00000
642	NoName	0.00000	1.00000	0.00000	0.00000	0.00000	0.00000
643	NoName	0.00000	1.00000	0.00000	0.00000	0.00000	0.00000
644	NoName	0.00000	0.00001	0.00000	0.00001	0.00000	0.99998
645	NoName	0.00000	1.00000	0.00000	0.00000	0.00000	0.00000
646	NoName	0.00000	1.00000	0.00000	0.00000	0.00000	0.00000
647	NoName	0.00000	1.00000	0.00000	0.00000	0.00000	0.00000
648	NoName	0.00000	1.00000	0.00000	0.00000	0.00000	0.00000
649	NoName	0.00000	1.00000	0.00000	0.00000	0.00000	0.00000
650	NoName	1.00000	0.00000	0.00000	0.00000	0.00000	0.00000
651	NoName	0.00000	1.00000	0.00000	0.00000	0.00000	0.00000
652	NoName	0.00000	1.00000	0.00000	0.00000	0.00000	0.00000
653	NoName	0.99999	0.00000	0.00000	0.00000	0.00001	0.00000
654	NoName	0.00000	1.00000	0.00000	0.00000	0.00000	0.00000
655	NoName	0.00000	1.00000	0.00000	0.00000	0.00000	0.00000
656	NoName	0.00000	0.99995	0.00000	0.00000	0.00000	0.00005
657	NoName	0.00000	1.00000	0.00000	0.00000	0.00000	0.00000
658	NoName	0.00000	1.00000	0.00000	0.00000	0.00000	0.00000
659	NoName	0.99925	0.00000	0.00000	0.00000	0.00074	0.00000
660	NoName	0.00000	0.99967	0.00000	0.00000	0.00000	0.00033
661	NoName	0.00000	1.00000	0.00000	0.00000	0.00000	0.00000
662	NoName	0.00000	1.00000	0.00000	0.00000	0.00000	0.00000
663	NoName	0.00000	0.99825	0.00000	0.00003	0.00000	0.00172
664	NoName	1.00000	0.00000	0.00000	0.00000	0.00000	0.00000
665	NoName	0.00000	0.99992	0.00000	0.00000	0.00000	0.00008
666	NoName	1.00000	0.00000	0.00000	0.00000	0.00000	0.00000
667	NoName	1.00000	0.00000	0.00000	0.00000	0.00000	0.00000
668	NoName	1.00000	0.00000	0.00000	0.00000	0.00000	0.00000
669	NoName	1.00000	0.00000	0.00000	0.00000	0.00000	0.00000
670	NoName	1.00000	0.00000	0.00000	0.00000	0.00000	0.00000
671	NoName	0.00000	1.00000	0.00000	0.00000	0.00000	0.00000
672	NoName	0.00000	1.00000	0.00000	0.00000	0.00000	0.00000
673	NoName	0.00000	1.00000	0.00000	0.00000	0.00000	0.00000
674	NoName	0.00002	0.99067	0.00005	0.00080	0.00005	0.00842
675	NoName	0.00000	1.00000	0.00000	0.00000	0.00000	0.00000
676	NoName	0.00000	1.00000	0.00000	0.00000	0.00000	0.00000
677	NoName	0.00000	1.00000	0.00000	0.00000	0.00000	0.00000
678	NoName	1.00000	0.00000	0.00000	0.00000	0.00000	0.00000
679	NoName	0.00000	1.00000	0.00000	0.00000	0.00000	0.00000
680	NoName	0.00000	1.00000	0.00000	0.00000	0.00000	0.00000
681	NoName	0.00000	1.00000	0.00000	0.00000	0.00000	0.00000
682	NoName	0.00000	1.00000	0.00000	0.00000	0.00000	0.00000
683	NoName	0.00000	1.00000	0.00000	0.00000	0.00000	0.00000
684	NoName	0.00000	1.00000	0.00000	0.00000	0.00000	0.00000
685	NoName	0.00000	1.00000	0.00000	0.00000	0.00000	0.00000
686	NoName	0.00000	1.00000	0.00000	0.00000	0.00000	0.00000
687	NoName	0.00000	1.00000	0.00000	0.00000	0.00000	0.00000
688	NoName	0.00000	1.00000	0.00000	0.00000	0.00000	0.00000
689	NoName	0.00000	1.00000	0.00000	0.00000	0.00000	0.00000
690	NoName	0.00000	1.00000	0.00000	0.00000	0.00000	0.00000
691	NoName	0.00000	1.00000	0.00000	0.00000	0.00000	0.00000
692	NoName	0.00000	1.00000	0.00000	0.00000	0.00000	0.00000
693	NoName	0.00000	1.00000	0.00000	0.00000	0.00000	0.00000
694	NoName	0.00010	0.99452	0.00010	0.00029	0.00007	0.00491
695	NoName	0.00000	1.00000	0.00000	0.00000	0.00000	0.00000
696	NoName	0.00000	1.00000	0.00000	0.00000	0.00000	0.00000
697	NoName	0.00000	0.99998	0.00000	0.00000	0.00000	0.00002
698	NoName	0.00000	0.99998	0.00000	0.00000	0.00000	0.00002
699	NoName	0.00000	1.00000	0.00000	0.00000	0.00000	0.00000
700	NoName	0.00000	1.00000	0.00000	0.00000	0.00000	0.00000
701	NoName	1.00000	0.00000	0.00000	0.00000	0.00000	0.00000
702	NoName	0.99999	0.00000	0.00000	0.00000	0.00001	0.00000
703	NoName	0.99999	0.00000	0.00000	0.00000	0.00001	0.00000
704	NoName	0.16074	0.81820	0.00373	0.00141	0.00613	0.00978
705	NoName	0.99886	0.00000	0.00000	0.00001	0.00113	0.00000
706	NoName	0.00000	0.30410	0.00000	0.00011	0.00000	0.69579
707	NoName	0.00000	1.00000	0.00000	0.00000	0.00000	0.00000
708	NoName	1.00000	0.00000	0.00000	0.00000	0.00000	0.00000
709	NoName	0.00000	1.00000	0.00000	0.00000	0.00000	0.00000
710	NoName	0.00000	1.00000	0.00000	0.00000	0.00000	0.00000
711	NoName	0.00000	1.00000	0.00000	0.00000	0.00000	0.00000
712	NoName	0.00000	0.99986	0.00000	0.00000	0.00000	0.00014
713	NoName	0.00000	1.00000	0.00000	0.00000	0.00000	0.00000
714	NoName	0.00000	1.00000	0.00000	0.00000	0.00000	0.00000
715	NoName	0.99984	0.00000	0.00000	0.00000	0.00016	0.00000
716	NoName	0.00000	0.99923	0.00000	0.00001	0.00000	0.00077
717	NoName	0.00000	0.99999	0.00000	0.00000	0.00000	0.00001
718	NoName	0.00000	1.00000	0.00000	0.00000	0.00000	0.00000
719	NoName	1.00000	0.00000	0.00000	0.00000	0.00000	0.00000
720	NoName	0.00000	1.00000	0.00000	0.00000	0.00000	0.00000
721	NoName	0.00000	1.00000	0.00000	0.00000	0.00000	0.00000
722	NoName	0.00000	1.00000	0.00000	0.00000	0.00000	0.00000
723	NoName	0.00000	1.00000	0.00000	0.00000	0.00000	0.00000
724	NoName	0.00000	1.00000	0.00000	0.00000	0.00000	0.00000
725	NoName	0.00000	0.99891	0.00000	0.00001	0.00000	0.00107
726	NoName	0.00000	0.88071	0.00000	0.06112	0.00000	0.05817
727	NoName	0.00000	1.00000	0.00000	0.00000	0.00000	0.00000
728	NoName	0.00000	1.00000	0.00000	0.00000	0.00000	0.00000
729	NoName	0.00028	0.98269	0.00151	0.00149	0.00136	0.01268
730	NoName	0.00000	1.00000	0.00000	0.00000	0.00000	0.00000
731	NoName	0.00000	1.00000	0.00000	0.00000	0.00000	0.00000
732	NoName	0.00000	1.00000	0.00000	0.00000	0.00000	0.00000
733	NoName	1.00000	0.00000	0.00000	0.00000	0.00000	0.00000
734	NoName	0.00000	0.99999	0.00000	0.00000	0.00000	0.00001
735	NoName	0.00000	1.00000	0.00000	0.00000	0.00000	0.00000
736	NoName	0.00000	1.00000	0.00000	0.00000	0.00000	0.00000
737	NoName	0.00000	0.99988	0.00000	0.00000	0.00000	0.00012
738	NoName	0.00000	1.00000	0.00000	0.00000	0.00000	0.00000
739	NoName	1.00000	0.00000	0.00000	0.00000	0.00000	0.00000
740	NoName	0.00000	0.99975	0.00000	0.00000	0.00000	0.00025
741	NoName	0.00000	1.00000	0.00000	0.00000	0.00000	0.00000
742	NoName	1.00000	0.00000	0.00000	0.00000	0.00000	0.00000
743	NoName	0.00000	1.00000	0.00000	0.00000	0.00000	0.00000
744	NoName	0.00000	0.99710	0.00000	0.00000	0.00000	0.00290
745	NoName	0.00000	1.00000	0.00000	0.00000	0.00000	0.00000
746	NoName	1.00000	0.00000	0.00000	0.00000	0.00000	0.00000
747	NoName	0.00000	1.00000	0.00000	0.00000	0.00000	0.00000
748	NoName	0.00000	1.00000	0.00000	0.00000	0.00000	0.00000
749	NoName	0.00000	1.00000	0.00000	0.00000	0.00000	0.00000
750	NoName	0.00000	1.00000	0.00000	0.00000	0.00000	0.00000
751	NoName	0.08486	0.89802	0.00284	0.00113	0.00398	0.00917
752	NoName	0.00000	1.00000	0.00000	0.00000	0.00000	0.00000
753	NoName	0.00000	1.00000	0.00000	0.00000	0.00000	0.00000
754	NoName	0.00000	1.00000	0.00000	0.00000	0.00000	0.00000
755	NoName	0.00000	1.00000	0.00000	0.00000	0.00000	0.00000
756	NoName	0.00000	1.00000	0.00000	0.00000	0.00000	0.00000
757	NoName	0.00000	1.00000	0.00000	0.00000	0.00000	0.00000
758	NoName	0.00000	0.99989	0.00000	0.00000	0.00000	0.00011
759	NoName	0.00000	0.99999	0.00000	0.00000	0.00000	0.00001
760	NoName	0.99997	0.00000	0.00000	0.00000	0.00003	0.00000
761	NoName	1.00000	0.00000	0.00000	0.00000	0.00000	0.00000
762	NoName	0.00000	0.00395	0.00000	0.01223	0.00000	0.98382
763	NoName	0.00000	1.00000	0.00000	0.00000	0.00000	0.00000
764	NoName	0.00000	1.00000	0.00000	0.00000	0.00000	0.00000
765	NoName	0.00000	0.99993	0.00000	0.00000	0.00000	0.00007
766	NoName	0.00000	1.00000	0.00000	0.00000	0.00000	0.00000
767	NoName	0.00000	1.00000	0.00000	0.00000	0.00000	0.00000
768	NoName	0.00000	1.00000	0.00000	0.00000	0.00000	0.00000
769	NoName	0.00000	1.00000	0.00000	0.00000	0.00000	0.00000
770	NoName	0.00000	1.00000	0.00000	0.00000	0.00000	0.00000
771	NoName	0.00000	1.00000	0.00000	0.00000	0.00000	0.00000
772	NoName	0.00000	1.00000	0.00000	0.00000	0.00000	0.00000
773	NoName	0.00000	1.00000	0.00000	0.00000	0.00000	0.00000
774	NoName	0.00000	0.99994	0.00000	0.00000	0.00000	0.00006
775	NoName	0.00000	1.00000	0.00000	0.00000	0.00000	0.00000
776	NoName	0.00000	1.00000	0.00000	0.00000	0.00000	0.00000
777	NoName	0.00000	1.00000	0.00000	0.00000	0.00000	0.00000
