UponCompletionOf_1000000_sweeps
LocNumber LocName AlleleNumber AlleleName FreqInPop0 FreqInPop1 SDInPop0 SDinPop1
0	LdDocent_Contig_7713_355	0	1	0.969507	0.998468	0.011758	0.001248
0	LdDocent_Contig_7713_355	1	2	0.030493	0.001532	0.011758	0.001248
1	LdDocent_Contig_50600_49	0	1	0.897146	0.999533	0.018912	0.000659
1	LdDocent_Contig_50600_49	1	2	0.102854	0.000467	0.018912	0.000659
2	LdDocent_Contig_11840_426	0	1	0.968463	0.999506	0.011345	0.000697
2	LdDocent_Contig_11840_426	1	2	0.031537	0.000494	0.011345	0.000697
3	LdDocent_Contig_2082_46	0	1	0.998101	0.958787	0.002682	0.005851
3	LdDocent_Contig_2082_46	1	2	0.001899	0.041213	0.002682	0.005851
4	LdDocent_Contig_73591_371	0	1	0.286451	0.984084	0.031440	0.003766
4	LdDocent_Contig_73591_371	1	2	0.713549	0.015916	0.031440	0.003766
5	LdDocent_Contig_11498_456	0	1	0.997686	0.991232	0.003263	0.002992
5	LdDocent_Contig_11498_456	1	2	0.002314	0.008768	0.003263	0.002992
6	LdDocent_Contig_7113_415	0	1	0.984363	0.995701	0.008281	0.002023
6	LdDocent_Contig_7113_415	1	2	0.015637	0.004299	0.008281	0.002023
7	LdDocent_Contig_1872_41	0	1	0.992843	0.931933	0.005786	0.007732
7	LdDocent_Contig_1872_41	1	2	0.007157	0.068067	0.005786	0.007732
8	LdDocent_Contig_5114_355	0	1	0.847943	0.997392	0.024568	0.001646
8	LdDocent_Contig_5114_355	1	2	0.152057	0.002608	0.024568	0.001646
9	LdDocent_Contig_34296_483	0	1	0.002715	0.063997	0.003790	0.007838
9	LdDocent_Contig_34296_483	1	2	0.997285	0.936003	0.003790	0.007838
10	LdDocent_Contig_3867_9	0	1	0.997874	0.967656	0.002995	0.005416
10	LdDocent_Contig_3867_9	1	2	0.002126	0.032344	0.002995	0.005416
11	LdDocent_Contig_65043_38	0	1	0.997927	0.992808	0.002922	0.002618
11	LdDocent_Contig_65043_38	1	2	0.002073	0.007192	0.002922	0.002618
12	LdDocent_Contig_83061_73	0	1	0.997598	0.982777	0.003365	0.003973
12	LdDocent_Contig_83061_73	1	2	0.002402	0.017223	0.003365	0.003973
13	LdDocent_Contig_92_51	0	1	0.006186	0.995189	0.005091	0.002246
13	LdDocent_Contig_92_51	1	2	0.993814	0.004811	0.005091	0.002246
14	LdDocent_Contig_8911_456	0	1	0.992738	0.990928	0.005887	0.002927
14	LdDocent_Contig_8911_456	1	2	0.007262	0.009072	0.005887	0.002927
15	LdDocent_Contig_80753_403	0	1	0.997702	0.990671	0.003244	0.003009
15	LdDocent_Contig_80753_403	1	2	0.002298	0.009329	0.003244	0.003009
16	LdDocent_Contig_2088_420	0	1	0.997744	0.993225	0.003175	0.002651
16	LdDocent_Contig_2088_420	1	2	0.002256	0.006775	0.003175	0.002651
17	LdDocent_Contig_51667_419	0	1	0.997837	0.992627	0.003055	0.002681
17	LdDocent_Contig_51667_419	1	2	0.002163	0.007373	0.003055	0.002681
18	LdDocent_Contig_35158_404	0	1	0.913207	0.986475	0.019289	0.003510
18	LdDocent_Contig_35158_404	1	2	0.086793	0.013525	0.019289	0.003510
19	LdDocent_Contig_84424_439	0	2	0.997614	0.939074	0.003359	0.007286
19	LdDocent_Contig_84424_439	1	1	0.002386	0.060926	0.003359	0.007286
20	LdDocent_Contig_29147_75	0	1	0.997855	0.979358	0.003006	0.004221
20	LdDocent_Contig_29147_75	1	2	0.002145	0.020642	0.003006	0.004221
21	LdDocent_Contig_57890_429	0	1	0.997948	0.986269	0.002894	0.003466
21	LdDocent_Contig_57890_429	1	2	0.002052	0.013731	0.002894	0.003466
22	LdDocent_Contig_66831_458	0	1	0.997704	0.934536	0.003236	0.007813
22	LdDocent_Contig_66831_458	1	2	0.002296	0.065464	0.003236	0.007813
23	LdDocent_Contig_55987_437	0	1	0.997994	0.974453	0.002831	0.004806
23	LdDocent_Contig_55987_437	1	2	0.002006	0.025547	0.002831	0.004806
24	LdDocent_Contig_82072_81	0	1	0.997597	0.983022	0.003387	0.004140
24	LdDocent_Contig_82072_81	1	2	0.002403	0.016978	0.003387	0.004140
25	LdDocent_Contig_67827_401	0	1	0.997696	0.336686	0.003251	0.014495
25	LdDocent_Contig_67827_401	1	2	0.002304	0.663314	0.003251	0.014495
26	LdDocent_Contig_87375_64	0	1	0.997068	0.987380	0.004127	0.003412
26	LdDocent_Contig_87375_64	1	2	0.002932	0.012620	0.004127	0.003412
27	LdDocent_Contig_32_429	0	1	0.990197	0.972501	0.006170	0.004904
27	LdDocent_Contig_32_429	1	2	0.009803	0.027499	0.006170	0.004904
28	LdDocent_Contig_8454_442	0	1	0.997980	0.972602	0.002849	0.004893
28	LdDocent_Contig_8454_442	1	2	0.002020	0.027398	0.002849	0.004893
29	LdDocent_Contig_1503_489	0	1	0.918232	0.999559	0.020536	0.000624
29	LdDocent_Contig_1503_489	1	2	0.081768	0.000441	0.020536	0.000624
30	LdDocent_Contig_832_383	0	1	0.993426	0.944902	0.005339	0.006891
30	LdDocent_Contig_832_383	1	2	0.006574	0.055098	0.005339	0.006891
31	LdDocent_Contig_6220_132	0	1	0.997879	0.881081	0.002995	0.010116
31	LdDocent_Contig_6220_132	1	2	0.002121	0.118919	0.002995	0.010116
32	LdDocent_Contig_2296_38	0	1	0.997376	0.987093	0.003563	0.003520
32	LdDocent_Contig_2296_38	1	2	0.002624	0.012907	0.003563	0.003520
33	LdDocent_Contig_898_130	0	1	0.998088	0.990027	0.002702	0.002922
33	LdDocent_Contig_898_130	1	2	0.001912	0.009973	0.002702	0.002922
34	LdDocent_Contig_89062_15	0	1	0.997474	0.984425	0.003556	0.003925
34	LdDocent_Contig_89062_15	1	2	0.002526	0.015575	0.003556	0.003925
35	LdDocent_Contig_6165_441	0	1	0.098230	0.983715	0.019922	0.004025
35	LdDocent_Contig_6165_441	1	2	0.901770	0.016285	0.019922	0.004025
36	LdDocent_Contig_371_12	0	1	0.997984	0.967608	0.002829	0.005079
36	LdDocent_Contig_371_12	1	2	0.002016	0.032392	0.002829	0.005079
37	LdDocent_Contig_1427_377	0	1	0.997919	0.960275	0.002915	0.005982
37	LdDocent_Contig_1427_377	1	2	0.002081	0.039725	0.002915	0.005982
38	LdDocent_Contig_68003_459	0	1	0.997661	0.986263	0.003296	0.003715
38	LdDocent_Contig_68003_459	1	2	0.002339	0.013737	0.003296	0.003715
39	LdDocent_Contig_35118_44	0	1	0.998027	0.975110	0.002780	0.004683
39	LdDocent_Contig_35118_44	1	2	0.001973	0.024890	0.002780	0.004683
40	LdDocent_Contig_9472_330	0	1	0.871927	0.999524	0.021651	0.000673
40	LdDocent_Contig_9472_330	1	2	0.128073	0.000476	0.021651	0.000673
41	LdDocent_Contig_96111_324	0	1	0.987398	0.985370	0.007586	0.003767
41	LdDocent_Contig_96111_324	1	2	0.012602	0.014630	0.007586	0.003767
42	LdDocent_Contig_38846_389	0	1	0.997888	0.962688	0.002974	0.005553
42	LdDocent_Contig_38846_389	1	2	0.002112	0.037312	0.002974	0.005553
43	LdDocent_Contig_67014_384	0	1	0.997927	0.983163	0.002926	0.003988
43	LdDocent_Contig_67014_384	1	2	0.002073	0.016837	0.002926	0.003988
44	LdDocent_Contig_37919_472	0	1	0.997997	0.971235	0.002817	0.004971
44	LdDocent_Contig_37919_472	1	2	0.002003	0.028765	0.002817	0.004971
45	LdDocent_Contig_67427_465	0	1	0.997823	0.976160	0.003066	0.004665
45	LdDocent_Contig_67427_465	1	2	0.002177	0.023840	0.003066	0.004665
46	LdDocent_Contig_1213_457	0	2	0.024470	0.193519	0.010277	0.011800
46	LdDocent_Contig_1213_457	1	1	0.975530	0.806481	0.010277	0.011800
47	LdDocent_Contig_1949_86	0	1	0.997958	0.978556	0.002881	0.004371
47	LdDocent_Contig_1949_86	1	2	0.002042	0.021444	0.002881	0.004371
48	LdDocent_Contig_1135_355	0	1	0.736368	0.590508	0.043866	0.014274
48	LdDocent_Contig_1135_355	1	2	0.263632	0.409492	0.043866	0.014274
49	LdDocent_Contig_18579_377	0	1	0.968543	0.999489	0.011297	0.000722
49	LdDocent_Contig_18579_377	1	2	0.031457	0.000511	0.011297	0.000722
50	LdDocent_Contig_18521_68	0	1	0.997725	0.981948	0.003202	0.004158
50	LdDocent_Contig_18521_68	1	2	0.002275	0.018052	0.003202	0.004158
51	LdDocent_Contig_1508_470	0	1	0.913825	0.999520	0.018207	0.000680
51	LdDocent_Contig_1508_470	1	2	0.086175	0.000480	0.018207	0.000680
52	LdDocent_Contig_884_523	0	1	0.997750	0.990541	0.003176	0.003049
52	LdDocent_Contig_884_523	1	2	0.002250	0.009459	0.003176	0.003049
53	LdDocent_Contig_7999_435	0	1	0.937924	0.998498	0.015780	0.001223
53	LdDocent_Contig_7999_435	1	2	0.062076	0.001502	0.015780	0.001223
54	LdDocent_Contig_92730_110	0	1	0.993942	0.974087	0.004921	0.004703
54	LdDocent_Contig_92730_110	1	2	0.006058	0.025913	0.004921	0.004703
55	LdDocent_Contig_7302_328	0	1	0.997289	0.989792	0.003623	0.003039
55	LdDocent_Contig_7302_328	1	2	0.002711	0.010208	0.003623	0.003039
56	LdDocent_Contig_8151_404	0	1	0.997658	0.992511	0.003298	0.002726
56	LdDocent_Contig_8151_404	1	2	0.002342	0.007489	0.003298	0.002726
57	LdDocent_Contig_1419_120	0	1	0.997773	0.981549	0.003124	0.004148
57	LdDocent_Contig_1419_120	1	2	0.002227	0.018451	0.003124	0.004148
58	LdDocent_Contig_74332_136	0	1	0.998116	0.989301	0.002665	0.003010
58	LdDocent_Contig_74332_136	1	2	0.001884	0.010699	0.002665	0.003010
59	LdDocent_Contig_22979_369	0	1	0.976923	0.844587	0.012142	0.010943
59	LdDocent_Contig_22979_369	1	2	0.023077	0.155413	0.012142	0.010943
60	LdDocent_Contig_72344_144	0	1	0.996979	0.978455	0.004088	0.004529
60	LdDocent_Contig_72344_144	1	2	0.003021	0.021545	0.004088	0.004529
61	LdDocent_Contig_5757_327	0	1	0.997770	0.993333	0.003144	0.002606
61	LdDocent_Contig_5757_327	1	2	0.002230	0.006667	0.003144	0.002606
62	LdDocent_Contig_26351_351	0	1	0.872074	0.823812	0.021516	0.011886
62	LdDocent_Contig_26351_351	1	2	0.127926	0.176188	0.021516	0.011886
63	LdDocent_Contig_3461_11	0	1	0.993826	0.972866	0.005010	0.004930
63	LdDocent_Contig_3461_11	1	2	0.006174	0.027134	0.005010	0.004930
64	LdDocent_Contig_62242_79	0	1	0.997794	0.984239	0.003107	0.003965
64	LdDocent_Contig_62242_79	1	2	0.002206	0.015761	0.003107	0.003965
65	LdDocent_Contig_7457_431	0	1	0.997859	0.988636	0.003009	0.003331
65	LdDocent_Contig_7457_431	1	2	0.002141	0.011364	0.003009	0.003331
66	LdDocent_Contig_3582_360	0	1	0.990327	0.810446	0.006075	0.011320
66	LdDocent_Contig_3582_360	1	2	0.009673	0.189554	0.006075	0.011320
67	LdDocent_Contig_93511_376	0	1	0.952033	0.998537	0.013825	0.001194
67	LdDocent_Contig_93511_376	1	2	0.047967	0.001463	0.013825	0.001194
68	LdDocent_Contig_2311_20	0	1	0.966157	0.999502	0.011403	0.000704
68	LdDocent_Contig_2311_20	1	2	0.033843	0.000498	0.011403	0.000704
69	LdDocent_Contig_67026_370	0	1	0.318762	0.995710	0.035495	0.002119
69	LdDocent_Contig_67026_370	1	2	0.681238	0.004290	0.035495	0.002119
70	LdDocent_Contig_66472_350	0	1	0.924476	0.998577	0.016853	0.001160
70	LdDocent_Contig_66472_350	1	2	0.075524	0.001423	0.016853	0.001160
71	LdDocent_Contig_14107_449	0	1	0.997844	0.987666	0.003040	0.003464
71	LdDocent_Contig_14107_449	1	2	0.002156	0.012334	0.003040	0.003464
72	LdDocent_Contig_368_104	0	1	0.988529	0.993243	0.007192	0.002457
72	LdDocent_Contig_368_104	1	2	0.011471	0.006757	0.007192	0.002457
73	LdDocent_Contig_15323_432	0	1	0.979979	0.992917	0.009326	0.002579
73	LdDocent_Contig_15323_432	1	2	0.020021	0.007083	0.009326	0.002579
74	LdDocent_Contig_12655_420	0	1	0.997673	0.933495	0.003270	0.007658
74	LdDocent_Contig_12655_420	1	2	0.002327	0.066505	0.003270	0.007658
75	LdDocent_Contig_243_120	0	1	0.994358	0.992914	0.004588	0.002420
75	LdDocent_Contig_243_120	1	2	0.005642	0.007086	0.004588	0.002420
76	LdDocent_Contig_755_490	0	1	0.997719	0.975005	0.003212	0.004893
76	LdDocent_Contig_755_490	1	2	0.002281	0.024995	0.003212	0.004893
77	LdDocent_Contig_84162_115	0	1	0.997892	0.993211	0.002974	0.002469
77	LdDocent_Contig_84162_115	1	2	0.002108	0.006789	0.002974	0.002469
78	LdDocent_Contig_29872_47	0	1	0.992111	0.972503	0.006289	0.004938
78	LdDocent_Contig_29872_47	1	2	0.007889	0.027497	0.006289	0.004938
79	LdDocent_Contig_14698_433	0	1	0.996894	0.979453	0.004335	0.004298
79	LdDocent_Contig_14698_433	1	2	0.003106	0.020547	0.004335	0.004298
80	LdDocent_Contig_61906_78	0	1	0.997635	0.976416	0.003311	0.004819
80	LdDocent_Contig_61906_78	1	2	0.002365	0.023584	0.003311	0.004819
81	LdDocent_Contig_695_457	0	1	0.997959	0.855636	0.002875	0.010495
81	LdDocent_Contig_695_457	1	2	0.002041	0.144364	0.002875	0.010495
82	LdDocent_Contig_16031_24	0	1	0.997781	0.986306	0.003126	0.003575
82	LdDocent_Contig_16031_24	1	2	0.002219	0.013694	0.003126	0.003575
83	LdDocent_Contig_34132_66	0	1	0.997979	0.929112	0.002846	0.008071
83	LdDocent_Contig_34132_66	1	2	0.002021	0.070888	0.002846	0.008071
84	LdDocent_Contig_3176_388	0	1	0.997547	0.992308	0.003396	0.002655
84	LdDocent_Contig_3176_388	1	2	0.002453	0.007692	0.003396	0.002655
85	LdDocent_Contig_55448_441	0	1	0.998036	0.993369	0.002768	0.002411
85	LdDocent_Contig_55448_441	1	2	0.001964	0.006631	0.002768	0.002411
86	LdDocent_Contig_68168_309	0	1	0.997920	0.977936	0.002938	0.004601
86	LdDocent_Contig_68168_309	1	2	0.002080	0.022064	0.002938	0.004601
87	LdDocent_Contig_650_40	0	1	0.986696	0.989554	0.007926	0.003031
87	LdDocent_Contig_650_40	1	2	0.013304	0.010446	0.007926	0.003031
88	LdDocent_Contig_91159_460	0	1	0.997697	0.990216	0.003245	0.003153
88	LdDocent_Contig_91159_460	1	2	0.002303	0.009784	0.003245	0.003153
89	LdDocent_Contig_1573_343	0	1	0.993381	0.946086	0.005382	0.007036
89	LdDocent_Contig_1573_343	1	2	0.006619	0.053914	0.005382	0.007036
90	LdDocent_Contig_626_446	0	1	0.997390	0.989914	0.003677	0.002957
90	LdDocent_Contig_626_446	1	2	0.002610	0.010086	0.003677	0.002957
91	LdDocent_Contig_93405_379	0	1	0.990451	0.971066	0.005986	0.004935
91	LdDocent_Contig_93405_379	1	2	0.009549	0.028934	0.005986	0.004935
92	LdDocent_Contig_900_445	0	1	0.012206	0.997350	0.007519	0.001634
92	LdDocent_Contig_900_445	1	2	0.987794	0.002650	0.007519	0.001634
93	LdDocent_Contig_94363_340	0	1	0.611517	0.979105	0.030202	0.004340
93	LdDocent_Contig_94363_340	1	2	0.388483	0.020895	0.030202	0.004340
94	LdDocent_Contig_8487_141	0	1	0.030106	0.996503	0.011560	0.001865
94	LdDocent_Contig_8487_141	1	2	0.969894	0.003497	0.011560	0.001865
95	LdDocent_Contig_95108_34	0	1	0.993529	0.939532	0.005256	0.007419
95	LdDocent_Contig_95108_34	1	2	0.006471	0.060468	0.005256	0.007419
96	LdDocent_Contig_38670_362	0	1	0.997796	0.993300	0.003105	0.002616
96	LdDocent_Contig_38670_362	1	2	0.002204	0.006700	0.003105	0.002616
97	LdDocent_Contig_87373_403	0	1	0.997697	0.967092	0.003243	0.005681
97	LdDocent_Contig_87373_403	1	2	0.002303	0.032908	0.003243	0.005681
98	LdDocent_Contig_65614_7	0	1	0.942279	0.998707	0.014681	0.001097
98	LdDocent_Contig_65614_7	1	2	0.057721	0.001293	0.014681	0.001097
99	LdDocent_Contig_16_120	0	1	0.994474	0.980026	0.004487	0.004082
99	LdDocent_Contig_16_120	1	2	0.005526	0.019974	0.004487	0.004082
100	LdDocent_Contig_77480_115	0	1	0.997771	0.946628	0.003132	0.006967
100	LdDocent_Contig_77480_115	1	2	0.002229	0.053372	0.003132	0.006967
101	LdDocent_Contig_2596_459	0	1	0.195555	0.950326	0.026623	0.006797
101	LdDocent_Contig_2596_459	1	2	0.804445	0.049674	0.026623	0.006797
102	LdDocent_Contig_11516_110	0	1	0.977162	0.990487	0.009588	0.002920
102	LdDocent_Contig_11516_110	1	2	0.022838	0.009513	0.009588	0.002920
103	LdDocent_Contig_11569_119	0	1	0.976767	0.914619	0.009741	0.008459
103	LdDocent_Contig_11569_119	1	2	0.023233	0.085381	0.009741	0.008459
104	LdDocent_Contig_531_334	0	1	0.998029	0.992126	0.002773	0.002690
104	LdDocent_Contig_531_334	1	2	0.001971	0.007874	0.002773	0.002690
105	LdDocent_Contig_56001_309	0	1	0.997716	0.985961	0.003219	0.003795
105	LdDocent_Contig_56001_309	1	2	0.002284	0.014039	0.003219	0.003795
106	LdDocent_Contig_5132_456	0	2	0.997981	0.697343	0.002839	0.014307
106	LdDocent_Contig_5132_456	1	1	0.002019	0.302657	0.002839	0.014307
107	LdDocent_Contig_65667_417	0	1	0.942569	0.998667	0.014631	0.001087
107	LdDocent_Contig_65667_417	1	2	0.057431	0.001333	0.014631	0.001087
108	LdDocent_Contig_18297_138	0	1	0.997265	0.979568	0.003774	0.004484
108	LdDocent_Contig_18297_138	1	2	0.002735	0.020432	0.003774	0.004484
109	LdDocent_Contig_1275_383	0	1	0.998050	0.987893	0.002749	0.003273
109	LdDocent_Contig_1275_383	1	2	0.001950	0.012107	0.002749	0.003273
110	LdDocent_Contig_189_138	0	1	0.014266	0.998228	0.007547	0.001479
110	LdDocent_Contig_189_138	1	2	0.985734	0.001772	0.007547	0.001479
111	LdDocent_Contig_88057_115	0	1	0.998023	0.993298	0.002789	0.002440
111	LdDocent_Contig_88057_115	1	2	0.001977	0.006702	0.002789	0.002440
112	LdDocent_Contig_93_22	0	1	0.997676	0.924213	0.003270	0.007977
112	LdDocent_Contig_93_22	1	2	0.002324	0.075787	0.003270	0.007977
113	LdDocent_Contig_52503_494	0	1	0.932136	0.995694	0.017798	0.002023
113	LdDocent_Contig_52503_494	1	2	0.067864	0.004306	0.017798	0.002023
114	LdDocent_Contig_20556_416	0	1	0.989637	0.972338	0.006524	0.004941
114	LdDocent_Contig_20556_416	1	2	0.010363	0.027662	0.006524	0.004941
115	LdDocent_Contig_1011_519	0	1	0.597005	0.999518	0.034170	0.000680
115	LdDocent_Contig_1011_519	1	2	0.402995	0.000482	0.034170	0.000680
116	LdDocent_Contig_62593_144	0	1	0.992982	0.897208	0.005699	0.009344
116	LdDocent_Contig_62593_144	1	2	0.007018	0.102792	0.005699	0.009344
117	LdDocent_Contig_64816_334	0	1	0.997978	0.955864	0.002850	0.006189
117	LdDocent_Contig_64816_334	1	2	0.002022	0.044136	0.002850	0.006189
118	LdDocent_Contig_165_72	0	1	0.002209	0.998611	0.003108	0.001136
118	LdDocent_Contig_165_72	1	2	0.997791	0.001389	0.003108	0.001136
119	LdDocent_Contig_2089_140	0	1	0.997475	0.989283	0.003559	0.003015
119	LdDocent_Contig_2089_140	1	2	0.002525	0.010717	0.003559	0.003015
120	LdDocent_Contig_24441_470	0	1	0.997912	0.979764	0.002943	0.004220
120	LdDocent_Contig_24441_470	1	2	0.002088	0.020236	0.002943	0.004220
121	LdDocent_Contig_1935_91	0	1	0.997873	0.959539	0.002983	0.005812
121	LdDocent_Contig_1935_91	1	2	0.002127	0.040461	0.002983	0.005812
122	LdDocent_Contig_96182_330	0	1	0.993023	0.837114	0.005631	0.011272
122	LdDocent_Contig_96182_330	1	2	0.006977	0.162886	0.005631	0.011272
123	LdDocent_Contig_75564_337	0	1	0.988263	0.991341	0.007377	0.002956
123	LdDocent_Contig_75564_337	1	2	0.011737	0.008659	0.007377	0.002956
124	LdDocent_Contig_1026_343	0	1	0.997944	0.993048	0.002903	0.002529
124	LdDocent_Contig_1026_343	1	2	0.002056	0.006952	0.002903	0.002529
125	LdDocent_Contig_12932_335	0	2	0.991735	0.965071	0.006624	0.005705
125	LdDocent_Contig_12932_335	1	1	0.008265	0.034929	0.006624	0.005705
126	LdDocent_Contig_8057_405	0	1	0.378138	0.998561	0.031355	0.001173
126	LdDocent_Contig_8057_405	1	2	0.621862	0.001439	0.031355	0.001173
127	LdDocent_Contig_36582_322	0	1	0.997962	0.990910	0.002876	0.002785
127	LdDocent_Contig_36582_322	1	2	0.002038	0.009090	0.002876	0.002785
128	LdDocent_Contig_3892_445	0	1	0.997546	0.979816	0.003398	0.004326
128	LdDocent_Contig_3892_445	1	2	0.002454	0.020184	0.003398	0.004326
129	LdDocent_Contig_2015_499	0	1	0.997833	0.991474	0.003057	0.002909
129	LdDocent_Contig_2015_499	1	2	0.002167	0.008526	0.003057	0.002909
130	LdDocent_Contig_67629_426	0	1	0.997974	0.992241	0.002859	0.002649
130	LdDocent_Contig_67629_426	1	2	0.002026	0.007759	0.002859	0.002649
131	LdDocent_Contig_1696_362	0	1	0.928995	0.999547	0.016333	0.000640
131	LdDocent_Contig_1696_362	1	2	0.071005	0.000453	0.016333	0.000640
132	LdDocent_Contig_91572_481	0	1	0.959065	0.993408	0.012984	0.002578
132	LdDocent_Contig_91572_481	1	2	0.040935	0.006592	0.012984	0.002578
133	LdDocent_Contig_951_12	0	1	0.997922	0.992050	0.002931	0.002714
133	LdDocent_Contig_951_12	1	2	0.002078	0.007950	0.002931	0.002714
134	LdDocent_Contig_1183_492	0	1	0.978729	0.997629	0.009201	0.001491
134	LdDocent_Contig_1183_492	1	2	0.021271	0.002371	0.009201	0.001491
135	LdDocent_Contig_2519_114	0	1	0.026406	0.996919	0.010202	0.001740
135	LdDocent_Contig_2519_114	1	2	0.973594	0.003081	0.010202	0.001740
136	LdDocent_Contig_686_403	0	1	0.997872	0.985058	0.003004	0.003764
136	LdDocent_Contig_686_403	1	2	0.002128	0.014942	0.003004	0.003764
137	LdDocent_Contig_1722_466	0	2	0.996790	0.488553	0.004090	0.014682
137	LdDocent_Contig_1722_466	1	1	0.003210	0.511447	0.004090	0.014682
138	LdDocent_Contig_594_22	0	1	0.997744	0.987871	0.003154	0.003295
138	LdDocent_Contig_594_22	1	2	0.002256	0.012129	0.003154	0.003295
139	LdDocent_Contig_5947_310	0	1	0.094949	0.728250	0.022644	0.013236
139	LdDocent_Contig_5947_310	1	2	0.905051	0.271750	0.022644	0.013236
140	LdDocent_Contig_83889_467	0	1	0.633686	0.998194	0.029873	0.001442
140	LdDocent_Contig_83889_467	1	2	0.366314	0.001806	0.029873	0.001442
141	LdDocent_Contig_61345_82	0	1	0.997560	0.965060	0.003411	0.005691
141	LdDocent_Contig_61345_82	1	2	0.002440	0.034940	0.003411	0.005691
142	LdDocent_Contig_79960_434	0	1	0.560927	0.784036	0.031521	0.012469
142	LdDocent_Contig_79960_434	1	2	0.439073	0.215964	0.031521	0.012469
143	LdDocent_Contig_2737_462	0	1	0.997794	0.963597	0.003106	0.005687
143	LdDocent_Contig_2737_462	1	2	0.002206	0.036403	0.003106	0.005687
144	LdDocent_Contig_65881_48	0	1	0.998070	0.984710	0.002721	0.003738
144	LdDocent_Contig_65881_48	1	2	0.001930	0.015290	0.002721	0.003738
145	LdDocent_Contig_82370_364	0	1	0.965118	0.999525	0.011742	0.000671
145	LdDocent_Contig_82370_364	1	2	0.034882	0.000475	0.011742	0.000671
146	LdDocent_Contig_1778_125	0	1	0.997953	0.899640	0.002881	0.009015
146	LdDocent_Contig_1778_125	1	2	0.002047	0.100360	0.002881	0.009015
147	LdDocent_Contig_13740_312	0	1	0.997985	0.977243	0.002836	0.004453
147	LdDocent_Contig_13740_312	1	2	0.002015	0.022757	0.002836	0.004453
148	LdDocent_Contig_1172_344	0	1	0.997312	0.989015	0.003610	0.003129
148	LdDocent_Contig_1172_344	1	2	0.002688	0.010985	0.003610	0.003129
149	LdDocent_Contig_63_36	0	1	0.948052	0.998733	0.013761	0.001033
149	LdDocent_Contig_63_36	1	2	0.051948	0.001267	0.013761	0.001033
150	LdDocent_Contig_55464_10	0	1	0.849986	0.807955	0.023340	0.012110
150	LdDocent_Contig_55464_10	1	2	0.150014	0.192045	0.023340	0.012110
151	LdDocent_Contig_61266_75	0	1	0.902501	0.998554	0.019096	0.001181
151	LdDocent_Contig_61266_75	1	2	0.097499	0.001446	0.019096	0.001181
152	LdDocent_Contig_30158_257	0	1	0.997923	0.961159	0.002929	0.006210
152	LdDocent_Contig_30158_257	1	2	0.002077	0.038841	0.002929	0.006210
153	LdDocent_Contig_71998_388	0	1	0.997543	0.989929	0.003463	0.003094
153	LdDocent_Contig_71998_388	1	2	0.002457	0.010071	0.003463	0.003094
154	LdDocent_Contig_59780_91	0	1	0.997005	0.970701	0.004143	0.005333
154	LdDocent_Contig_59780_91	1	2	0.002995	0.029299	0.004143	0.005333
155	LdDocent_Contig_56_82	0	1	0.998107	0.986101	0.002674	0.003395
155	LdDocent_Contig_56_82	1	2	0.001893	0.013899	0.002674	0.003395
156	LdDocent_Contig_6758_133	0	1	0.201907	0.999548	0.028760	0.000640
156	LdDocent_Contig_6758_133	1	2	0.798093	0.000452	0.028760	0.000640
157	LdDocent_Contig_5274_54	0	1	0.950726	0.997821	0.014787	0.001377
157	LdDocent_Contig_5274_54	1	2	0.049274	0.002179	0.014787	0.001377
158	LdDocent_Contig_32785_482	0	1	0.997848	0.992850	0.003031	0.002598
158	LdDocent_Contig_32785_482	1	2	0.002152	0.007150	0.003031	0.002598
159	LdDocent_Contig_34180_70	0	1	0.997906	0.989288	0.002954	0.003144
159	LdDocent_Contig_34180_70	1	2	0.002094	0.010712	0.002954	0.003144
160	LdDocent_Contig_200_339	0	1	0.998091	0.983389	0.002694	0.003728
160	LdDocent_Contig_200_339	1	2	0.001909	0.016611	0.002694	0.003728
161	LdDocent_Contig_95033_334	0	1	0.829183	0.999478	0.025395	0.000736
161	LdDocent_Contig_95033_334	1	2	0.170817	0.000522	0.025395	0.000736
162	LdDocent_Contig_6081_81	0	1	0.989507	0.985839	0.008498	0.003575
162	LdDocent_Contig_6081_81	1	2	0.010493	0.014161	0.008498	0.003575
163	LdDocent_Contig_260_407	0	1	0.997831	0.977524	0.003056	0.004582
163	LdDocent_Contig_260_407	1	2	0.002169	0.022476	0.003056	0.004582
164	LdDocent_Contig_5961_352	0	1	0.010750	0.997646	0.006755	0.001546
164	LdDocent_Contig_5961_352	1	2	0.989250	0.002354	0.006755	0.001546
165	LdDocent_Contig_85597_421	0	1	0.007242	0.474518	0.005893	0.015971
165	LdDocent_Contig_85597_421	1	2	0.992758	0.525482	0.005893	0.015971
166	LdDocent_Contig_233_435	0	1	0.997865	0.889052	0.003010	0.009779
166	LdDocent_Contig_233_435	1	2	0.002135	0.110948	0.003010	0.009779
167	LdDocent_Contig_826_64	0	1	0.998093	0.956829	0.002688	0.005937
167	LdDocent_Contig_826_64	1	2	0.001907	0.043171	0.002688	0.005937
168	LdDocent_Contig_31898_418	0	1	0.997761	0.988823	0.003148	0.003276
168	LdDocent_Contig_31898_418	1	2	0.002239	0.011177	0.003148	0.003276
169	LdDocent_Contig_186_79	0	1	0.947085	0.998676	0.014000	0.001080
169	LdDocent_Contig_186_79	1	2	0.052915	0.001324	0.014000	0.001080
170	LdDocent_Contig_3692_359	0	1	0.035992	0.998549	0.013028	0.001187
170	LdDocent_Contig_3692_359	1	2	0.964008	0.001451	0.013028	0.001187
171	LdDocent_Contig_2749_435	0	1	0.997398	0.992820	0.003593	0.002644
171	LdDocent_Contig_2749_435	1	2	0.002602	0.007180	0.003593	0.002644
172	LdDocent_Contig_71732_419	0	1	0.997728	0.947797	0.003186	0.006764
172	LdDocent_Contig_71732_419	1	2	0.002272	0.052203	0.003186	0.006764
173	LdDocent_Contig_7177_362	0	1	0.947593	0.978488	0.014700	0.004693
173	LdDocent_Contig_7177_362	1	2	0.052407	0.021512	0.014700	0.004693
174	LdDocent_Contig_31_430	0	1	0.997908	0.969896	0.002952	0.005122
174	LdDocent_Contig_31_430	1	2	0.002092	0.030104	0.002952	0.005122
175	LdDocent_Contig_965_344	0	2	0.997895	0.575906	0.002967	0.014649
175	LdDocent_Contig_965_344	1	1	0.002105	0.424094	0.002967	0.014649
176	LdDocent_Contig_360_438	0	1	0.970527	0.970489	0.011358	0.005257
176	LdDocent_Contig_360_438	1	2	0.029473	0.029511	0.011358	0.005257
177	LdDocent_Contig_7902_345	0	1	0.987516	0.891915	0.017338	0.009137
177	LdDocent_Contig_7902_345	1	2	0.012484	0.108085	0.017338	0.009137
178	LdDocent_Contig_790_438	0	1	0.996581	0.988297	0.004154	0.003237
178	LdDocent_Contig_790_438	1	2	0.003419	0.011703	0.004154	0.003237
179	LdDocent_Contig_5507_409	0	1	0.985863	0.901027	0.008290	0.008972
179	LdDocent_Contig_5507_409	1	2	0.014137	0.098973	0.008290	0.008972
180	LdDocent_Contig_1146_501	0	1	0.631715	0.949749	0.033232	0.007102
180	LdDocent_Contig_1146_501	1	2	0.368285	0.050251	0.033232	0.007102
181	LdDocent_Contig_1795_134	0	1	0.082620	0.998543	0.020861	0.001192
181	LdDocent_Contig_1795_134	1	2	0.917380	0.001457	0.020861	0.001192
182	LdDocent_Contig_1990_48	0	1	0.941523	0.999567	0.016693	0.000611
182	LdDocent_Contig_1990_48	1	2	0.058477	0.000433	0.016693	0.000611
183	LdDocent_Contig_2452_429	0	1	0.993408	0.977180	0.005349	0.004658
183	LdDocent_Contig_2452_429	1	2	0.006592	0.022820	0.005349	0.004658
184	LdDocent_Contig_258_495	0	1	0.079306	0.997572	0.017232	0.001502
184	LdDocent_Contig_258_495	1	2	0.920694	0.002428	0.017232	0.001502
185	LdDocent_Contig_843_366	0	1	0.998083	0.991626	0.002703	0.002706
185	LdDocent_Contig_843_366	1	2	0.001917	0.008374	0.002703	0.002706
186	LdDocent_Contig_2090_55	0	1	0.998025	0.931948	0.002781	0.007608
186	LdDocent_Contig_2090_55	1	2	0.001975	0.068052	0.002781	0.007608
187	LdDocent_Contig_1715_437	0	1	0.997757	0.986916	0.003158	0.003681
187	LdDocent_Contig_1715_437	1	2	0.002243	0.013084	0.003158	0.003681
188	LdDocent_Contig_34198_66	0	1	0.993884	0.992306	0.004970	0.002628
188	LdDocent_Contig_34198_66	1	2	0.006116	0.007694	0.004970	0.002628
189	LdDocent_Contig_1845_21	0	1	0.998076	0.992796	0.002716	0.002460
189	LdDocent_Contig_1845_21	1	2	0.001924	0.007204	0.002716	0.002460
190	LdDocent_Contig_1444_463	0	1	0.997026	0.991783	0.004113	0.002680
190	LdDocent_Contig_1444_463	1	2	0.002974	0.008217	0.004113	0.002680
191	LdDocent_Contig_8037_376	0	1	0.025096	0.993600	0.010618	0.002497
191	LdDocent_Contig_8037_376	1	2	0.974904	0.006400	0.010618	0.002497
192	LdDocent_Contig_516_116	0	1	0.997252	0.979677	0.003779	0.004365
192	LdDocent_Contig_516_116	1	2	0.002748	0.020323	0.003779	0.004365
193	LdDocent_Contig_2287_379	0	1	0.015723	0.994258	0.008328	0.002500
193	LdDocent_Contig_2287_379	1	2	0.984277	0.005742	0.008328	0.002500
194	LdDocent_Contig_83599_135	0	1	0.997679	0.984969	0.003254	0.003681
194	LdDocent_Contig_83599_135	1	2	0.002321	0.015031	0.003254	0.003681
195	LdDocent_Contig_95448_16	0	1	0.997884	0.964266	0.002981	0.005973
195	LdDocent_Contig_95448_16	1	2	0.002116	0.035734	0.002981	0.005973
196	LdDocent_Contig_72768_63	0	1	0.997746	0.984308	0.003155	0.003728
196	LdDocent_Contig_72768_63	1	2	0.002254	0.015692	0.003155	0.003728
197	LdDocent_Contig_1278_371	0	1	0.570821	0.998925	0.033780	0.001035
197	LdDocent_Contig_1278_371	1	2	0.429179	0.001075	0.033780	0.001035
198	LdDocent_Contig_931_447	0	1	0.997773	0.989908	0.003146	0.003102
198	LdDocent_Contig_931_447	1	2	0.002227	0.010092	0.003146	0.003102
199	LdDocent_Contig_6471_364	0	1	0.855762	0.982872	0.023426	0.004158
199	LdDocent_Contig_6471_364	1	2	0.144238	0.017128	0.023426	0.004158
