UponCompletionOf_1000000_sweeps
LocNumber LocName AlleleNumber AlleleName FreqInPop0 FreqInPop1 SDInPop0 SDinPop1
0	LdDocent_Contig_88746_60	0	1	0.994519	0.846514	0.004452	0.010398
0	LdDocent_Contig_88746_60	1	2	0.005481	0.153486	0.004452	0.010398
1	LdDocent_Contig_2764_18	0	1	0.991488	0.977605	0.011889	0.004385
1	LdDocent_Contig_2764_18	1	2	0.008512	0.022395	0.011889	0.004385
2	LdDocent_Contig_51444_401	0	1	0.997860	0.983097	0.003016	0.003891
2	LdDocent_Contig_51444_401	1	2	0.002140	0.016903	0.003016	0.003891
3	LdDocent_Contig_81828_436	0	1	0.997680	0.991534	0.003264	0.002889
3	LdDocent_Contig_81828_436	1	2	0.002320	0.008466	0.003264	0.002889
4	LdDocent_Contig_74515_487	0	1	0.997633	0.896176	0.003336	0.009668
4	LdDocent_Contig_74515_487	1	2	0.002367	0.103824	0.003336	0.009668
5	LdDocent_Contig_75564_337	0	1	0.988204	0.991347	0.007400	0.002951
5	LdDocent_Contig_75564_337	1	2	0.011796	0.008653	0.007400	0.002951
6	LdDocent_Contig_1845_21	0	1	0.998093	0.992783	0.002686	0.002466
6	LdDocent_Contig_1845_21	1	2	0.001907	0.007217	0.002686	0.002466
7	LdDocent_Contig_72680_348	0	1	0.805808	0.556120	0.028134	0.015643
7	LdDocent_Contig_72680_348	1	2	0.194192	0.443880	0.028134	0.015643
8	LdDocent_Contig_7306_383	0	1	0.976275	0.970224	0.014259	0.005112
8	LdDocent_Contig_7306_383	1	2	0.023725	0.029776	0.014259	0.005112
9	LdDocent_Contig_74332_136	0	1	0.998095	0.989329	0.002688	0.003000
9	LdDocent_Contig_74332_136	1	2	0.001905	0.010671	0.002688	0.003000
10	LdDocent_Contig_6932_24	0	1	0.002226	0.531954	0.003059	0.014120
10	LdDocent_Contig_6932_24	1	2	0.997774	0.468046	0.003059	0.014120
11	LdDocent_Contig_23271_45	0	1	0.997704	0.976895	0.003220	0.004623
11	LdDocent_Contig_23271_45	1	2	0.002296	0.023105	0.003220	0.004623
12	LdDocent_Contig_1728_9	0	1	0.004889	0.991242	0.004736	0.002830
12	LdDocent_Contig_1728_9	1	2	0.995111	0.008758	0.004736	0.002830
13	LdDocent_Contig_72734_308	0	1	0.998049	0.993407	0.002748	0.002396
13	LdDocent_Contig_72734_308	1	2	0.001951	0.006593	0.002748	0.002396
14	LdDocent_Contig_22935_394	0	1	0.734113	0.519510	0.034534	0.014666
14	LdDocent_Contig_22935_394	1	2	0.265887	0.480490	0.034534	0.014666
15	LdDocent_Contig_83061_73	0	1	0.997785	0.982749	0.003117	0.003975
15	LdDocent_Contig_83061_73	1	2	0.002215	0.017251	0.003117	0.003975
16	LdDocent_Contig_85597_421	0	1	0.007206	0.474113	0.005856	0.015980
16	LdDocent_Contig_85597_421	1	2	0.992794	0.525887	0.005856	0.015980
17	LdDocent_Contig_13140_367	0	1	0.992776	0.984558	0.005882	0.003766
17	LdDocent_Contig_13140_367	1	2	0.007224	0.015442	0.005882	0.003766
18	LdDocent_Contig_260_407	0	1	0.997823	0.977539	0.003069	0.004579
18	LdDocent_Contig_260_407	1	2	0.002177	0.022461	0.003069	0.004579
19	LdDocent_Contig_379_118	0	1	0.974193	0.829982	0.011903	0.011355
19	LdDocent_Contig_379_118	1	2	0.025807	0.170018	0.011903	0.011355
20	LdDocent_Contig_7302_328	0	1	0.997292	0.989784	0.003620	0.003031
20	LdDocent_Contig_7302_328	1	2	0.002708	0.010216	0.003620	0.003031
21	LdDocent_Contig_90757_446	0	1	0.997314	0.993191	0.003783	0.002478
21	LdDocent_Contig_90757_446	1	2	0.002686	0.006809	0.003783	0.002478
22	LdDocent_Contig_1148_464	0	1	0.002158	0.995052	0.003048	0.002150
22	LdDocent_Contig_1148_464	1	2	0.997842	0.004948	0.003048	0.002150
23	LdDocent_Contig_34076_10	0	1	0.498879	0.998690	0.030457	0.001070
23	LdDocent_Contig_34076_10	1	2	0.501121	0.001310	0.030457	0.001070
24	LdDocent_Contig_72512_412	0	1	0.607326	0.927392	0.031646	0.007893
24	LdDocent_Contig_72512_412	1	2	0.392674	0.072608	0.031646	0.007893
25	LdDocent_Contig_36993_35	0	1	0.998084	0.988003	0.002704	0.003242
25	LdDocent_Contig_36993_35	1	2	0.001916	0.011997	0.002704	0.003242
26	LdDocent_Contig_35538_380	0	1	0.957899	0.999507	0.013331	0.000696
26	LdDocent_Contig_35538_380	1	2	0.042101	0.000493	0.013331	0.000696
27	LdDocent_Contig_25093_449	0	2	0.988363	0.806303	0.007296	0.012238
27	LdDocent_Contig_25093_449	1	1	0.011637	0.193697	0.007296	0.012238
28	LdDocent_Contig_25083_415	0	1	0.043692	0.995219	0.013217	0.002076
28	LdDocent_Contig_25083_415	1	2	0.956308	0.004781	0.013217	0.002076
29	LdDocent_Contig_71921_38	0	1	0.929277	0.997737	0.016270	0.001430
29	LdDocent_Contig_71921_38	1	2	0.070723	0.002263	0.016270	0.001430
30	LdDocent_Contig_849_378	0	1	0.936922	0.998513	0.016590	0.001220
30	LdDocent_Contig_849_378	1	2	0.063078	0.001487	0.016590	0.001220
31	LdDocent_Contig_27899_8	0	1	0.933608	0.943059	0.016728	0.007139
31	LdDocent_Contig_27899_8	1	2	0.066392	0.056941	0.016728	0.007139
32	LdDocent_Contig_14601_331	0	1	0.998045	0.990136	0.002755	0.003027
32	LdDocent_Contig_14601_331	1	2	0.001955	0.009864	0.002755	0.003027
33	LdDocent_Contig_23362_351	0	1	0.997766	0.962829	0.003136	0.005663
33	LdDocent_Contig_23362_351	1	2	0.002234	0.037171	0.003136	0.005663
34	LdDocent_Contig_32665_23	0	1	0.994275	0.949761	0.004669	0.006625
34	LdDocent_Contig_32665_23	1	2	0.005725	0.050239	0.004669	0.006625
35	LdDocent_Contig_15672_434	0	1	0.997593	0.990329	0.003390	0.003119
35	LdDocent_Contig_15672_434	1	2	0.002407	0.009671	0.003390	0.003119
36	LdDocent_Contig_12687_339	0	1	0.997772	0.888431	0.003128	0.009795
36	LdDocent_Contig_12687_339	1	2	0.002228	0.111569	0.003128	0.009795
37	LdDocent_Contig_1366_45	0	1	0.997882	0.977356	0.002988	0.004710
37	LdDocent_Contig_1366_45	1	2	0.002118	0.022644	0.002988	0.004710
38	LdDocent_Contig_29905_476	0	1	0.997817	0.991095	0.003080	0.002873
38	LdDocent_Contig_29905_476	1	2	0.002183	0.008905	0.003080	0.002873
39	LdDocent_Contig_2918_449	0	1	0.997825	0.970231	0.003066	0.005305
39	LdDocent_Contig_2918_449	1	2	0.002175	0.029769	0.003066	0.005305
40	LdDocent_Contig_943_15	0	1	0.997982	0.985701	0.002843	0.003601
40	LdDocent_Contig_943_15	1	2	0.002018	0.014299	0.002843	0.003601
41	LdDocent_Contig_30158_257	0	1	0.997825	0.961241	0.003061	0.006205
41	LdDocent_Contig_30158_257	1	2	0.002175	0.038759	0.003061	0.006205
42	LdDocent_Contig_1976_371	0	1	0.288863	0.389135	0.046410	0.014493
42	LdDocent_Contig_1976_371	1	2	0.711137	0.610865	0.046410	0.014493
43	LdDocent_Contig_3698_393	0	1	0.997961	0.855543	0.002872	0.010404
43	LdDocent_Contig_3698_393	1	2	0.002039	0.144457	0.002872	0.010404
44	LdDocent_Contig_61345_82	0	1	0.997853	0.965094	0.003029	0.005670
44	LdDocent_Contig_61345_82	1	2	0.002147	0.034906	0.003029	0.005670
45	LdDocent_Contig_72187_88	0	1	0.188393	0.998604	0.025270	0.001154
45	LdDocent_Contig_72187_88	1	2	0.811607	0.001396	0.025270	0.001154
46	LdDocent_Contig_5636_331	0	1	0.997947	0.965764	0.002900	0.005568
46	LdDocent_Contig_5636_331	1	2	0.002053	0.034236	0.002900	0.005568
47	LdDocent_Contig_35591_488	0	1	0.997800	0.977210	0.003087	0.004655
47	LdDocent_Contig_35591_488	1	2	0.002200	0.022790	0.003087	0.004655
48	LdDocent_Contig_30221_20	0	1	0.997844	0.991890	0.003039	0.002769
48	LdDocent_Contig_30221_20	1	2	0.002156	0.008110	0.003039	0.002769
49	LdDocent_Contig_56003_57	0	1	0.009595	0.997765	0.007196	0.001419
49	LdDocent_Contig_56003_57	1	2	0.990405	0.002235	0.007196	0.001419
50	LdDocent_Contig_63000_397	0	1	0.997479	0.935405	0.003505	0.007723
50	LdDocent_Contig_63000_397	1	2	0.002521	0.064595	0.003505	0.007723
51	LdDocent_Contig_6327_340	0	1	0.764233	0.999536	0.026247	0.000657
51	LdDocent_Contig_6327_340	1	2	0.235767	0.000464	0.026247	0.000657
52	LdDocent_Contig_35645_389	0	1	0.973095	0.998660	0.010405	0.001092
52	LdDocent_Contig_35645_389	1	2	0.026905	0.001340	0.010405	0.001092
53	LdDocent_Contig_62356_87	0	1	0.997079	0.989532	0.003890	0.003116
53	LdDocent_Contig_62356_87	1	2	0.002921	0.010468	0.003890	0.003116
54	LdDocent_Contig_66870_127	0	1	0.997873	0.979705	0.003000	0.004433
54	LdDocent_Contig_66870_127	1	2	0.002127	0.020295	0.003000	0.004433
55	LdDocent_Contig_1516_126	0	1	0.880851	0.998656	0.020579	0.001094
55	LdDocent_Contig_1516_126	1	2	0.119149	0.001344	0.020579	0.001094
56	LdDocent_Contig_1862_110	0	1	0.997932	0.936461	0.002917	0.007484
56	LdDocent_Contig_1862_110	1	2	0.002068	0.063539	0.002917	0.007484
57	LdDocent_Contig_29834_411	0	1	0.990017	0.985770	0.006266	0.003589
57	LdDocent_Contig_29834_411	1	2	0.009983	0.014230	0.006266	0.003589
58	LdDocent_Contig_56486_405	0	1	0.402512	0.994591	0.031673	0.002309
58	LdDocent_Contig_56486_405	1	2	0.597488	0.005409	0.031673	0.002309
59	LdDocent_Contig_34839_463	0	1	0.997476	0.991896	0.003557	0.002768
59	LdDocent_Contig_34839_463	1	2	0.002524	0.008104	0.003557	0.002768
60	LdDocent_Contig_234_468	0	1	0.966821	0.999575	0.011169	0.000600
60	LdDocent_Contig_234_468	1	2	0.033179	0.000425	0.011169	0.000600
61	LdDocent_Contig_14813_337	0	1	0.997844	0.974953	0.003034	0.004989
61	LdDocent_Contig_14813_337	1	2	0.002156	0.025047	0.003034	0.004989
62	LdDocent_Contig_14273_434	0	1	0.997685	0.980272	0.003257	0.004420
62	LdDocent_Contig_14273_434	1	2	0.002315	0.019728	0.003257	0.004420
63	LdDocent_Contig_92624_35	0	1	0.997886	0.987997	0.002985	0.003370
63	LdDocent_Contig_92624_35	1	2	0.002114	0.012003	0.002985	0.003370
64	LdDocent_Contig_14692_50	0	1	0.997865	0.990723	0.003006	0.002991
64	LdDocent_Contig_14692_50	1	2	0.002135	0.009277	0.003006	0.002991
65	LdDocent_Contig_7457_431	0	1	0.997877	0.988625	0.002995	0.003335
65	LdDocent_Contig_7457_431	1	2	0.002123	0.011375	0.002995	0.003335
66	LdDocent_Contig_2942_110	0	1	0.997934	0.992409	0.002911	0.002593
66	LdDocent_Contig_2942_110	1	2	0.002066	0.007591	0.002911	0.002593
67	LdDocent_Contig_6152_64	0	1	0.997922	0.790096	0.002933	0.012245
67	LdDocent_Contig_6152_64	1	2	0.002078	0.209904	0.002933	0.012245
68	LdDocent_Contig_58774_132	0	1	0.997816	0.973232	0.003081	0.005032
68	LdDocent_Contig_58774_132	1	2	0.002184	0.026768	0.003081	0.005032
69	LdDocent_Contig_34882_446	0	1	0.997897	0.985636	0.002953	0.003522
69	LdDocent_Contig_34882_446	1	2	0.002103	0.014364	0.002953	0.003522
70	LdDocent_Contig_3748_382	0	1	0.997802	0.987498	0.003095	0.003382
70	LdDocent_Contig_3748_382	1	2	0.002198	0.012502	0.003095	0.003382
71	LdDocent_Contig_53_131	0	1	0.998019	0.992269	0.002789	0.002635
71	LdDocent_Contig_53_131	1	2	0.001981	0.007731	0.002789	0.002635
72	LdDocent_Contig_6302_85	0	1	0.997249	0.978777	0.003875	0.004526
72	LdDocent_Contig_6302_85	1	2	0.002751	0.021223	0.003875	0.004526
73	LdDocent_Contig_65678_140	0	1	0.989660	0.988435	0.006493	0.003249
73	LdDocent_Contig_65678_140	1	2	0.010340	0.011565	0.006493	0.003249
74	LdDocent_Contig_5780_110	0	1	0.888336	0.998638	0.019379	0.001110
74	LdDocent_Contig_5780_110	1	2	0.111664	0.001362	0.019379	0.001110
75	LdDocent_Contig_5574_400	0	1	0.997783	0.977562	0.003131	0.004479
75	LdDocent_Contig_5574_400	1	2	0.002217	0.022438	0.003131	0.004479
76	LdDocent_Contig_95004_457	0	1	0.997778	0.918258	0.003138	0.008674
76	LdDocent_Contig_95004_457	1	2	0.002222	0.081742	0.003138	0.008674
77	LdDocent_Contig_64647_330	0	1	0.997543	0.940649	0.003410	0.007181
77	LdDocent_Contig_64647_330	1	2	0.002457	0.059351	0.003410	0.007181
78	LdDocent_Contig_58887_18	0	1	0.997833	0.957579	0.003056	0.006435
78	LdDocent_Contig_58887_18	1	2	0.002167	0.042421	0.003056	0.006435
79	LdDocent_Contig_62231_437	0	2	0.993880	0.871919	0.004967	0.009975
79	LdDocent_Contig_62231_437	1	1	0.006120	0.128081	0.004967	0.009975
80	LdDocent_Contig_83053_143	0	1	0.798605	0.983335	0.026509	0.004065
80	LdDocent_Contig_83053_143	1	2	0.201395	0.016665	0.026509	0.004065
81	LdDocent_Contig_1303_365	0	1	0.997486	0.988878	0.003537	0.003268
81	LdDocent_Contig_1303_365	1	2	0.002514	0.011122	0.003537	0.003268
82	LdDocent_Contig_58399_344	0	1	0.998052	0.993060	0.002738	0.002528
82	LdDocent_Contig_58399_344	1	2	0.001948	0.006940	0.002738	0.002528
83	LdDocent_Contig_8071_81	0	1	0.997371	0.993328	0.003712	0.002428
83	LdDocent_Contig_8071_81	1	2	0.002629	0.006672	0.003712	0.002428
84	LdDocent_Contig_1973_420	0	1	0.997655	0.988147	0.003306	0.003474
84	LdDocent_Contig_1973_420	1	2	0.002345	0.011853	0.003306	0.003474
85	LdDocent_Contig_37548_397	0	1	0.997963	0.951248	0.002872	0.006829
85	LdDocent_Contig_37548_397	1	2	0.002037	0.048752	0.002872	0.006829
86	LdDocent_Contig_17880_388	0	2	0.993229	0.908766	0.005499	0.009348
86	LdDocent_Contig_17880_388	1	1	0.006771	0.091234	0.005499	0.009348
87	LdDocent_Contig_2099_104	0	1	0.070687	0.997742	0.018023	0.001427
87	LdDocent_Contig_2099_104	1	2	0.929313	0.002258	0.018023	0.001427
88	LdDocent_Contig_3035_346	0	1	0.945223	0.999543	0.014484	0.000648
88	LdDocent_Contig_3035_346	1	2	0.054777	0.000457	0.014484	0.000648
89	LdDocent_Contig_2756_412	0	1	0.942803	0.999548	0.014572	0.000639
89	LdDocent_Contig_2756_412	1	2	0.057197	0.000452	0.014572	0.000639
90	LdDocent_Contig_25605_470	0	1	0.736681	0.780872	0.032243	0.013091
90	LdDocent_Contig_25605_470	1	2	0.263319	0.219128	0.032243	0.013091
91	LdDocent_Contig_83082_314	0	1	0.997857	0.988297	0.003000	0.003179
91	LdDocent_Contig_83082_314	1	2	0.002143	0.011703	0.003000	0.003179
92	LdDocent_Contig_59618_419	0	1	0.997812	0.991038	0.003085	0.002899
92	LdDocent_Contig_59618_419	1	2	0.002188	0.008962	0.003085	0.002899
93	LdDocent_Contig_1038_464	0	1	0.437292	0.997704	0.030156	0.001440
93	LdDocent_Contig_1038_464	1	2	0.562708	0.002296	0.030156	0.001440
94	LdDocent_Contig_98_468	0	1	0.997939	0.990376	0.002897	0.002956
94	LdDocent_Contig_98_468	1	2	0.002061	0.009624	0.002897	0.002956
95	LdDocent_Contig_1260_354	0	1	0.473790	0.904527	0.032112	0.008835
95	LdDocent_Contig_1260_354	1	2	0.526210	0.095473	0.032112	0.008835
96	LdDocent_Contig_2220_13	0	1	0.997531	0.979504	0.003488	0.004477
96	LdDocent_Contig_2220_13	1	2	0.002469	0.020496	0.003488	0.004477
97	LdDocent_Contig_9583_106	0	1	0.918414	0.886951	0.017994	0.009690
97	LdDocent_Contig_9583_106	1	2	0.081586	0.113049	0.017994	0.009690
98	LdDocent_Contig_1517_115	0	2	0.989439	0.679653	0.006623	0.013923
98	LdDocent_Contig_1517_115	1	1	0.010561	0.320347	0.006623	0.013923
99	LdDocent_Contig_23680_26	0	1	0.483603	0.980284	0.029995	0.004340
99	LdDocent_Contig_23680_26	1	2	0.516397	0.019716	0.029995	0.004340
100	LdDocent_Contig_8239_413	0	1	0.997764	0.991291	0.003145	0.002972
100	LdDocent_Contig_8239_413	1	2	0.002236	0.008709	0.003145	0.002972
101	LdDocent_Contig_22_433	0	1	0.903846	0.999545	0.018842	0.000642
101	LdDocent_Contig_22_433	1	2	0.096154	0.000455	0.018842	0.000642
102	LdDocent_Contig_1525_64	0	1	0.998084	0.989627	0.002696	0.002920
102	LdDocent_Contig_1525_64	1	2	0.001916	0.010373	0.002696	0.002920
103	LdDocent_Contig_659_73	0	1	0.998003	0.993348	0.002817	0.002419
103	LdDocent_Contig_659_73	1	2	0.001997	0.006652	0.002817	0.002419
104	LdDocent_Contig_826_64	0	1	0.998107	0.956760	0.002667	0.005949
104	LdDocent_Contig_826_64	1	2	0.001893	0.043240	0.002667	0.005949
105	LdDocent_Contig_55987_437	0	1	0.997989	0.974466	0.002833	0.004810
105	LdDocent_Contig_55987_437	1	2	0.002011	0.025534	0.002833	0.004810
106	LdDocent_Contig_92144_320	0	1	0.997930	0.985524	0.002923	0.003650
106	LdDocent_Contig_92144_320	1	2	0.002070	0.014476	0.002923	0.003650
107	LdDocent_Contig_12500_50	0	1	0.997948	0.989596	0.002894	0.003049
107	LdDocent_Contig_12500_50	1	2	0.002052	0.010404	0.002894	0.003049
108	LdDocent_Contig_29388_323	0	1	0.882458	0.995626	0.021436	0.002057
108	LdDocent_Contig_29388_323	1	2	0.117542	0.004374	0.021436	0.002057
109	LdDocent_Contig_58621_49	0	1	0.931792	0.999520	0.016216	0.000679
109	LdDocent_Contig_58621_49	1	2	0.068208	0.000480	0.016216	0.000679
110	LdDocent_Contig_6917_113	0	1	0.918665	0.999526	0.018099	0.000670
110	LdDocent_Contig_6917_113	1	2	0.081335	0.000474	0.018099	0.000670
111	LdDocent_Contig_986_12	0	1	0.997827	0.987704	0.003066	0.003455
111	LdDocent_Contig_986_12	1	2	0.002173	0.012296	0.003066	0.003455
112	LdDocent_Contig_19991_347	0	1	0.968098	0.996798	0.011434	0.001707
112	LdDocent_Contig_19991_347	1	2	0.031902	0.003202	0.011434	0.001707
113	LdDocent_Contig_795_439	0	1	0.997904	0.986921	0.002956	0.003412
113	LdDocent_Contig_795_439	1	2	0.002096	0.013079	0.002956	0.003412
114	LdDocent_Contig_1438_37	0	1	0.998032	0.992505	0.002773	0.002559
114	LdDocent_Contig_1438_37	1	2	0.001968	0.007495	0.002773	0.002559
115	LdDocent_Contig_15593_87	0	1	0.993630	0.974855	0.005176	0.004816
115	LdDocent_Contig_15593_87	1	2	0.006370	0.025145	0.005176	0.004816
116	LdDocent_Contig_24246_437	0	1	0.990389	0.931140	0.007714	0.007760
116	LdDocent_Contig_24246_437	1	2	0.009611	0.068860	0.007714	0.007760
117	LdDocent_Contig_96909_417	0	2	0.117945	0.855705	0.025121	0.010903
117	LdDocent_Contig_96909_417	1	1	0.882055	0.144295	0.025121	0.010903
118	LdDocent_Contig_77480_115	0	1	0.997805	0.946479	0.003084	0.006993
118	LdDocent_Contig_77480_115	1	2	0.002195	0.053521	0.003084	0.006993
119	LdDocent_Contig_801_381	0	1	0.977530	0.990230	0.014004	0.003000
119	LdDocent_Contig_801_381	1	2	0.022470	0.009770	0.014004	0.003000
120	LdDocent_Contig_51380_365	0	1	0.997758	0.981111	0.003166	0.004237
120	LdDocent_Contig_51380_365	1	2	0.002242	0.018889	0.003166	0.004237
121	LdDocent_Contig_2026_19	0	1	0.997793	0.992885	0.003107	0.002590
121	LdDocent_Contig_2026_19	1	2	0.002207	0.007115	0.003107	0.002590
122	LdDocent_Contig_89454_464	0	1	0.997500	0.874917	0.003515	0.010398
122	LdDocent_Contig_89454_464	1	2	0.002500	0.125083	0.003515	0.010398
123	LdDocent_Contig_29337_450	0	1	0.997893	0.977995	0.002971	0.004689
123	LdDocent_Contig_29337_450	1	2	0.002107	0.022005	0.002971	0.004689
124	LdDocent_Contig_1195_372	0	1	0.860146	0.999521	0.023833	0.000677
124	LdDocent_Contig_1195_372	1	2	0.139854	0.000479	0.023833	0.000677
125	LdDocent_Contig_3482_420	0	1	0.899233	0.987412	0.019037	0.003402
125	LdDocent_Contig_3482_420	1	2	0.100767	0.012588	0.019037	0.003402
126	LdDocent_Contig_96823_339	0	1	0.996846	0.962778	0.004274	0.005984
126	LdDocent_Contig_96823_339	1	2	0.003154	0.037222	0.004274	0.005984
127	LdDocent_Contig_92674_381	0	1	0.997755	0.981383	0.003160	0.004171
127	LdDocent_Contig_92674_381	1	2	0.002245	0.018617	0.003160	0.004171
128	LdDocent_Contig_61302_456	0	1	0.865768	0.997694	0.021945	0.001545
128	LdDocent_Contig_61302_456	1	2	0.134232	0.002306	0.021945	0.001545
129	LdDocent_Contig_67361_402	0	1	0.997519	0.987753	0.003496	0.003443
129	LdDocent_Contig_67361_402	1	2	0.002481	0.012247	0.003496	0.003443
130	LdDocent_Contig_2571_8	0	1	0.997855	0.986273	0.003022	0.003581
130	LdDocent_Contig_2571_8	1	2	0.002145	0.013727	0.003022	0.003581
131	LdDocent_Contig_56622_436	0	1	0.714433	0.898886	0.029338	0.009060
131	LdDocent_Contig_56622_436	1	2	0.285567	0.101114	0.029338	0.009060
132	LdDocent_Contig_80781_76	0	1	0.030336	0.650162	0.011144	0.013900
132	LdDocent_Contig_80781_76	1	2	0.969664	0.349838	0.011144	0.013900
133	LdDocent_Contig_15667_369	0	1	0.980228	0.993035	0.009219	0.002534
133	LdDocent_Contig_15667_369	1	2	0.019772	0.006965	0.009219	0.002534
134	LdDocent_Contig_3848_142	0	1	0.996747	0.964164	0.004576	0.005740
134	LdDocent_Contig_3848_142	1	2	0.003253	0.035836	0.004576	0.005740
135	LdDocent_Contig_25844_74	0	1	0.998023	0.975583	0.002784	0.004772
135	LdDocent_Contig_25844_74	1	2	0.001977	0.024417	0.002784	0.004772
136	LdDocent_Contig_36542_62	0	1	0.988644	0.614038	0.007124	0.015400
136	LdDocent_Contig_36542_62	1	2	0.011356	0.385962	0.007124	0.015400
137	LdDocent_Contig_62264_478	0	1	0.961296	0.999511	0.012987	0.000691
137	LdDocent_Contig_62264_478	1	2	0.038704	0.000489	0.012987	0.000691
138	LdDocent_Contig_69388_420	0	1	0.997947	0.991382	0.002893	0.002784
138	LdDocent_Contig_69388_420	1	2	0.002053	0.008618	0.002893	0.002784
139	LdDocent_Contig_58182_29	0	1	0.997303	0.979955	0.003804	0.004276
139	LdDocent_Contig_58182_29	1	2	0.002697	0.020045	0.003804	0.004276
140	LdDocent_Contig_3692_359	0	1	0.034924	0.998565	0.012800	0.001184
140	LdDocent_Contig_3692_359	1	2	0.965076	0.001435	0.012800	0.001184
141	LdDocent_Contig_1771_43	0	1	0.997359	0.981790	0.003719	0.004085
141	LdDocent_Contig_1771_43	1	2	0.002641	0.018210	0.003719	0.004085
142	LdDocent_Contig_34290_495	0	1	0.972489	0.298553	0.010613	0.013693
142	LdDocent_Contig_34290_495	1	2	0.027511	0.701447	0.010613	0.013693
143	LdDocent_Contig_81466_125	0	1	0.997577	0.984645	0.003396	0.003754
143	LdDocent_Contig_81466_125	1	2	0.002423	0.015355	0.003396	0.003754
144	LdDocent_Contig_31140_48	0	1	0.997865	0.969316	0.003008	0.005380
144	LdDocent_Contig_31140_48	1	2	0.002135	0.030684	0.003008	0.005380
145	LdDocent_Contig_934_99	0	1	0.936759	0.998707	0.015075	0.001056
145	LdDocent_Contig_934_99	1	2	0.063241	0.001293	0.015075	0.001056
146	LdDocent_Contig_52167_327	0	1	0.964942	0.999525	0.011814	0.000672
146	LdDocent_Contig_52167_327	1	2	0.035058	0.000475	0.011814	0.000672
147	LdDocent_Contig_9177_452	0	1	0.997658	0.988054	0.003304	0.003504
147	LdDocent_Contig_9177_452	1	2	0.002342	0.011946	0.003304	0.003504
148	LdDocent_Contig_2739_120	0	1	0.998002	0.969760	0.002808	0.004999
148	LdDocent_Contig_2739_120	1	2	0.001998	0.030240	0.002808	0.004999
149	LdDocent_Contig_1433_455	0	1	0.946035	0.999560	0.014260	0.000621
149	LdDocent_Contig_1433_455	1	2	0.053965	0.000440	0.014260	0.000621
150	LdDocent_Contig_577_423	0	1	0.998051	0.984242	0.002746	0.003631
150	LdDocent_Contig_577_423	1	2	0.001949	0.015758	0.002746	0.003631
151	LdDocent_Contig_52503_494	0	1	0.931791	0.995701	0.017881	0.002022
151	LdDocent_Contig_52503_494	1	2	0.068209	0.004299	0.017881	0.002022
152	LdDocent_Contig_2901_428	0	1	0.973128	0.998335	0.010904	0.001364
152	LdDocent_Contig_2901_428	1	2	0.026872	0.001665	0.010904	0.001364
153	LdDocent_Contig_880_369	0	1	0.087026	0.997659	0.024209	0.001478
153	LdDocent_Contig_880_369	1	2	0.912974	0.002341	0.024209	0.001478
154	LdDocent_Contig_23639_101	0	1	0.992937	0.704092	0.005759	0.014627
154	LdDocent_Contig_23639_101	1	2	0.007063	0.295908	0.005759	0.014627
155	LdDocent_Contig_156_432	0	1	0.966727	0.999519	0.011261	0.000678
155	LdDocent_Contig_156_432	1	2	0.033273	0.000481	0.011261	0.000678
156	LdDocent_Contig_55498_404	0	1	0.997748	0.989418	0.003170	0.003247
156	LdDocent_Contig_55498_404	1	2	0.002252	0.010582	0.003170	0.003247
157	LdDocent_Contig_20190_448	0	1	0.997409	0.991434	0.003529	0.002801
157	LdDocent_Contig_20190_448	1	2	0.002591	0.008566	0.003529	0.002801
158	LdDocent_Contig_88403_16	0	1	0.998107	0.965509	0.002674	0.005389
158	LdDocent_Contig_88403_16	1	2	0.001893	0.034491	0.002674	0.005389
159	LdDocent_Contig_32_429	0	1	0.990269	0.972504	0.006227	0.004907
159	LdDocent_Contig_32_429	1	2	0.009731	0.027496	0.006227	0.004907
160	LdDocent_Contig_20171_45	0	1	0.998109	0.990687	0.002668	0.002856
160	LdDocent_Contig_20171_45	1	2	0.001891	0.009313	0.002668	0.002856
161	LdDocent_Contig_55556_440	0	1	0.283232	0.954244	0.042320	0.006357
161	LdDocent_Contig_55556_440	1	2	0.716768	0.045756	0.042320	0.006357
162	LdDocent_Contig_95088_379	0	1	0.997700	0.992122	0.003236	0.002863
162	LdDocent_Contig_95088_379	1	2	0.002300	0.007878	0.003236	0.002863
163	LdDocent_Contig_18521_68	0	1	0.997716	0.981957	0.003216	0.004156
163	LdDocent_Contig_18521_68	1	2	0.002284	0.018043	0.003216	0.004156
164	LdDocent_Contig_2752_8	0	1	0.997599	0.933581	0.003381	0.007871
164	LdDocent_Contig_2752_8	1	2	0.002401	0.066419	0.003381	0.007871
165	LdDocent_Contig_1657_34	0	1	0.968893	0.999514	0.011159	0.000688
165	LdDocent_Contig_1657_34	1	2	0.031107	0.000486	0.011159	0.000688
166	LdDocent_Contig_25631_95	0	1	0.961718	0.997708	0.012156	0.001450
166	LdDocent_Contig_25631_95	1	2	0.038282	0.002292	0.012156	0.001450
167	LdDocent_Contig_699_378	0	1	0.998026	0.992402	0.002786	0.002593
167	LdDocent_Contig_699_378	1	2	0.001974	0.007598	0.002786	0.002593
168	LdDocent_Contig_19332_430	0	1	0.940773	0.999596	0.020910	0.000571
168	LdDocent_Contig_19332_430	1	2	0.059227	0.000404	0.020910	0.000571
169	LdDocent_Contig_2750_91	0	1	0.997933	0.991381	0.002912	0.002779
169	LdDocent_Contig_2750_91	1	2	0.002067	0.008619	0.002912	0.002779
170	LdDocent_Contig_1756_66	0	1	0.998085	0.986025	0.002704	0.003416
170	LdDocent_Contig_1756_66	1	2	0.001915	0.013975	0.002704	0.003416
171	LdDocent_Contig_686_403	0	1	0.997861	0.985064	0.003018	0.003767
171	LdDocent_Contig_686_403	1	2	0.002139	0.014936	0.003018	0.003767
172	LdDocent_Contig_34626_57	0	1	0.987653	0.993021	0.007482	0.002653
172	LdDocent_Contig_34626_57	1	2	0.012347	0.006979	0.007482	0.002653
173	LdDocent_Contig_16044_389	0	1	0.997952	0.991332	0.002889	0.002801
173	LdDocent_Contig_16044_389	1	2	0.002048	0.008668	0.002889	0.002801
174	LdDocent_Contig_2935_20	0	1	0.997938	0.609410	0.002903	0.014814
174	LdDocent_Contig_2935_20	1	2	0.002062	0.390590	0.002903	0.014814
175	LdDocent_Contig_9472_330	0	1	0.871519	0.999523	0.021693	0.000674
175	LdDocent_Contig_9472_330	1	2	0.128481	0.000477	0.021693	0.000674
176	LdDocent_Contig_13621_496	0	1	0.996078	0.992191	0.005520	0.002666
176	LdDocent_Contig_13621_496	1	2	0.003922	0.007809	0.005520	0.002666
177	LdDocent_Contig_817_11	0	1	0.006093	0.498525	0.004950	0.015124
177	LdDocent_Contig_817_11	1	2	0.993907	0.501475	0.004950	0.015124
178	LdDocent_Contig_1787_380	0	1	0.851547	0.999576	0.021770	0.000599
178	LdDocent_Contig_1787_380	1	2	0.148453	0.000424	0.021770	0.000599
179	LdDocent_Contig_95524_427	0	1	0.995582	0.986051	0.006008	0.003545
179	LdDocent_Contig_95524_427	1	2	0.004418	0.013949	0.006008	0.003545
180	LdDocent_Contig_2761_113	0	1	0.997940	0.991434	0.002911	0.002765
180	LdDocent_Contig_2761_113	1	2	0.002060	0.008566	0.002911	0.002765
181	LdDocent_Contig_6_383	0	1	0.997946	0.991447	0.002901	0.002762
181	LdDocent_Contig_6_383	1	2	0.002054	0.008553	0.002901	0.002762
182	LdDocent_Contig_6034_478	0	1	0.992540	0.828141	0.006053	0.011647
182	LdDocent_Contig_6034_478	1	2	0.007460	0.171859	0.006053	0.011647
183	LdDocent_Contig_65145_333	0	1	0.027282	0.990960	0.011386	0.002973
183	LdDocent_Contig_65145_333	1	2	0.972718	0.009040	0.011386	0.002973
184	LdDocent_Contig_80646_404	0	1	0.993232	0.988520	0.005497	0.003362
184	LdDocent_Contig_80646_404	1	2	0.006768	0.011480	0.005497	0.003362
185	LdDocent_Contig_77421_22	0	1	0.993554	0.989162	0.005234	0.003047
185	LdDocent_Contig_77421_22	1	2	0.006446	0.010838	0.005234	0.003047
186	LdDocent_Contig_968_90	0	1	0.997420	0.975145	0.003612	0.004686
186	LdDocent_Contig_968_90	1	2	0.002580	0.024855	0.003612	0.004686
187	LdDocent_Contig_10199_293	0	1	0.997757	0.989710	0.003156	0.003160
187	LdDocent_Contig_10199_293	1	2	0.002243	0.010290	0.003156	0.003160
188	LdDocent_Contig_85159_67	0	1	0.997078	0.992175	0.004120	0.002672
188	LdDocent_Contig_85159_67	1	2	0.002922	0.007825	0.004120	0.002672
189	LdDocent_Contig_1778_125	0	1	0.997936	0.899780	0.002905	0.009001
189	LdDocent_Contig_1778_125	1	2	0.002064	0.100220	0.002905	0.009001
190	LdDocent_Contig_74105_99	0	1	0.997633	0.993317	0.003336	0.002611
190	LdDocent_Contig_74105_99	1	2	0.002367	0.006683	0.003336	0.002611
191	LdDocent_Contig_5644_464	0	1	0.989059	0.994259	0.015237	0.002244
191	LdDocent_Contig_5644_464	1	2	0.010941	0.005741	0.015237	0.002244
192	LdDocent_Contig_52721_451	0	1	0.963834	0.997887	0.011488	0.001338
192	LdDocent_Contig_52721_451	1	2	0.036166	0.002113	0.011488	0.001338
193	LdDocent_Contig_35672_447	0	1	0.997929	0.986193	0.002915	0.003596
193	LdDocent_Contig_35672_447	1	2	0.002071	0.013807	0.002915	0.003596
194	LdDocent_Contig_1993_364	0	1	0.910757	0.999553	0.017944	0.000631
194	LdDocent_Contig_1993_364	1	2	0.089243	0.000447	0.017944	0.000631
195	LdDocent_Contig_1523_70	0	1	0.997926	0.993128	0.002927	0.002498
195	LdDocent_Contig_1523_70	1	2	0.002074	0.006872	0.002927	0.002498
196	LdDocent_Contig_172_60	0	1	0.958507	0.999541	0.012521	0.000650
196	LdDocent_Contig_172_60	1	2	0.041493	0.000459	0.012521	0.000650
197	LdDocent_Contig_83889_467	0	1	0.637784	0.997104	0.029824	0.001668
197	LdDocent_Contig_83889_467	1	2	0.362216	0.002896	0.029824	0.001668
198	LdDocent_Contig_52702_107	0	1	0.997766	0.991365	0.003154	0.002950
198	LdDocent_Contig_52702_107	1	2	0.002234	0.008635	0.003154	0.002950
199	LdDocent_Contig_15_89	0	1	0.009979	0.997709	0.006296	0.001699
199	LdDocent_Contig_15_89	1	2	0.990021	0.002291	0.006296	0.001699
