UponCompletionOf_1000000_sweeps
LocNumber LocName AlleleNumber AlleleName FreqInPop0 FreqInPop1 SDInPop0 SDinPop1
0	LdDocent_Contig_55556_440	0	1	0.285933	0.954284	0.042291	0.006345
0	LdDocent_Contig_55556_440	1	2	0.714067	0.045716	0.042291	0.006345
1	LdDocent_Contig_1038_464	0	1	0.437338	0.997046	0.030276	0.001580
1	LdDocent_Contig_1038_464	1	2	0.562662	0.002954	0.030276	0.001580
2	LdDocent_Contig_1728_9	0	1	0.002028	0.991275	0.002866	0.002817
2	LdDocent_Contig_1728_9	1	2	0.997972	0.008725	0.002866	0.002817
3	LdDocent_Contig_68613_84	0	1	0.023429	0.541473	0.009832	0.015259
3	LdDocent_Contig_68613_84	1	2	0.976571	0.458527	0.009832	0.015259
4	LdDocent_Contig_2596_459	0	1	0.194945	0.949457	0.026579	0.006793
4	LdDocent_Contig_2596_459	1	2	0.805055	0.050543	0.026579	0.006793
5	LdDocent_Contig_817_11	0	1	0.006004	0.500335	0.004877	0.015169
5	LdDocent_Contig_817_11	1	2	0.993996	0.499665	0.004877	0.015169
6	LdDocent_Contig_23680_26	0	1	0.485654	0.979814	0.030008	0.004397
6	LdDocent_Contig_23680_26	1	2	0.514346	0.020186	0.030008	0.004397
7	LdDocent_Contig_836_77	0	1	0.005885	0.501111	0.004787	0.014615
7	LdDocent_Contig_836_77	1	2	0.994115	0.498889	0.004787	0.014615
8	LdDocent_Contig_1148_464	0	1	0.002173	0.994937	0.003064	0.002149
8	LdDocent_Contig_1148_464	1	2	0.997827	0.005063	0.003064	0.002149
9	LdDocent_Contig_1517_115	0	2	0.993327	0.678976	0.005415	0.013923
9	LdDocent_Contig_1517_115	1	1	0.006673	0.321024	0.005415	0.013923
10	LdDocent_Contig_68637_134	0	1	0.997564	0.338742	0.003429	0.014670
10	LdDocent_Contig_68637_134	1	2	0.002436	0.661258	0.003429	0.014670
11	LdDocent_Contig_94363_340	0	1	0.611292	0.978595	0.030215	0.004366
11	LdDocent_Contig_94363_340	1	2	0.388708	0.021405	0.030215	0.004366
12	LdDocent_Contig_6675_116	0	1	0.997873	0.479762	0.002998	0.015226
12	LdDocent_Contig_6675_116	1	2	0.002127	0.520238	0.002998	0.015226
13	LdDocent_Contig_94030_367	0	1	0.014986	0.990755	0.007929	0.002980
13	LdDocent_Contig_94030_367	1	2	0.985014	0.009245	0.007929	0.002980
14	LdDocent_Contig_31766_49	0	2	0.006053	0.698912	0.004906	0.013467
14	LdDocent_Contig_31766_49	1	1	0.993947	0.301088	0.004906	0.013467
15	LdDocent_Contig_848_442	0	1	0.007216	0.990694	0.005853	0.003000
15	LdDocent_Contig_848_442	1	2	0.992784	0.009306	0.005853	0.003000
16	LdDocent_Contig_5869_45	0	1	0.010122	0.994046	0.006361	0.002370
16	LdDocent_Contig_5869_45	1	2	0.989878	0.005954	0.006361	0.002370
17	LdDocent_Contig_53301_366	0	2	0.006927	0.334198	0.005620	0.014366
17	LdDocent_Contig_53301_366	1	1	0.993073	0.665802	0.005620	0.014366
18	LdDocent_Contig_184_77	0	1	0.010624	0.995715	0.006660	0.002017
18	LdDocent_Contig_184_77	1	2	0.989376	0.004285	0.006660	0.002017
19	LdDocent_Contig_67026_370	0	1	0.316583	0.995544	0.035362	0.002101
19	LdDocent_Contig_67026_370	1	2	0.683417	0.004456	0.035362	0.002101
20	LdDocent_Contig_96192_356	0	1	0.189042	0.996255	0.024237	0.001769
20	LdDocent_Contig_96192_356	1	2	0.810958	0.003745	0.024237	0.001769
21	LdDocent_Contig_85_72	0	1	0.006555	0.995715	0.005322	0.002012
21	LdDocent_Contig_85_72	1	2	0.993445	0.004285	0.005322	0.002012
22	LdDocent_Contig_1276_33	0	1	0.021169	0.411924	0.008891	0.014327
22	LdDocent_Contig_1276_33	1	2	0.978831	0.588076	0.008891	0.014327
23	LdDocent_Contig_63433_418	0	1	0.010917	0.989423	0.006844	0.003240
23	LdDocent_Contig_63433_418	1	2	0.989083	0.010577	0.006844	0.003240
24	LdDocent_Contig_1869_438	0	1	0.011053	0.998544	0.006935	0.001187
24	LdDocent_Contig_1869_438	1	2	0.988947	0.001456	0.006935	0.001187
25	LdDocent_Contig_2099_104	0	1	0.072636	0.997736	0.018261	0.001429
25	LdDocent_Contig_2099_104	1	2	0.927364	0.002264	0.018261	0.001429
26	LdDocent_Contig_1468_45	0	1	0.020880	0.861574	0.009706	0.010532
26	LdDocent_Contig_1468_45	1	2	0.979120	0.138426	0.009706	0.010532
27	LdDocent_Contig_369_381	0	1	0.568737	0.996202	0.030134	0.001793
27	LdDocent_Contig_369_381	1	2	0.431263	0.003798	0.030134	0.001793
28	LdDocent_Contig_1920_333	0	1	0.006390	0.996603	0.005193	0.001812
28	LdDocent_Contig_1920_333	1	2	0.993610	0.003397	0.005193	0.001812
29	LdDocent_Contig_60_384	0	1	0.002048	0.994834	0.002880	0.002214
29	LdDocent_Contig_60_384	1	2	0.997952	0.005166	0.002880	0.002214
30	LdDocent_Contig_73_392	0	1	0.981907	0.596439	0.008425	0.014215
30	LdDocent_Contig_73_392	1	2	0.018093	0.403561	0.008425	0.014215
31	LdDocent_Contig_69005_402	0	1	0.622755	0.992842	0.034074	0.002641
31	LdDocent_Contig_69005_402	1	2	0.377245	0.007158	0.034074	0.002641
32	LdDocent_Contig_55551_107	0	1	0.016247	0.998512	0.008580	0.001213
32	LdDocent_Contig_55551_107	1	2	0.983753	0.001488	0.008580	0.001213
33	LdDocent_Contig_10275_57	0	1	0.263806	0.853152	0.029472	0.010868
33	LdDocent_Contig_10275_57	1	2	0.736194	0.146848	0.029472	0.010868
34	LdDocent_Contig_36542_62	0	1	0.988571	0.614056	0.007161	0.015399
34	LdDocent_Contig_36542_62	1	2	0.011429	0.385944	0.007161	0.015399
35	LdDocent_Contig_517_62	0	1	0.269434	0.997801	0.028111	0.001390
35	LdDocent_Contig_517_62	1	2	0.730566	0.002199	0.028111	0.001390
36	LdDocent_Contig_8057_405	0	1	0.376210	0.998562	0.031304	0.001174
36	LdDocent_Contig_8057_405	1	2	0.623790	0.001438	0.031304	0.001174
37	LdDocent_Contig_908_392	0	1	0.647367	0.984849	0.031149	0.003700
37	LdDocent_Contig_908_392	1	2	0.352633	0.015151	0.031149	0.003700
38	LdDocent_Contig_85002_61	0	1	0.009760	0.996266	0.006126	0.001763
38	LdDocent_Contig_85002_61	1	2	0.990240	0.003734	0.006126	0.001763
39	LdDocent_Contig_64876_131	0	1	0.675019	0.996930	0.028746	0.001638
39	LdDocent_Contig_64876_131	1	2	0.324981	0.003070	0.028746	0.001638
40	LdDocent_Contig_5583_376	0	1	0.006555	0.292512	0.005319	0.014752
40	LdDocent_Contig_5583_376	1	2	0.993445	0.707488	0.005319	0.014752
41	LdDocent_Contig_59656_344	0	1	0.584045	0.997460	0.033276	0.001602
41	LdDocent_Contig_59656_344	1	2	0.415955	0.002540	0.033276	0.001602
42	LdDocent_Contig_879_336	0	1	0.006413	0.996625	0.005208	0.001805
42	LdDocent_Contig_879_336	1	2	0.993587	0.003375	0.005208	0.001805
43	LdDocent_Contig_323_126	0	1	0.693601	0.999547	0.029152	0.000639
43	LdDocent_Contig_323_126	1	2	0.306399	0.000453	0.029152	0.000639
44	LdDocent_Contig_95601_465	0	1	0.585082	0.998438	0.031357	0.001274
44	LdDocent_Contig_95601_465	1	2	0.414918	0.001562	0.031357	0.001274
45	LdDocent_Contig_95_404	0	1	0.010077	0.996969	0.006324	0.001616
45	LdDocent_Contig_95_404	1	2	0.989923	0.003031	0.006324	0.001616
46	LdDocent_Contig_6522_393	0	1	0.439641	0.909599	0.033480	0.008699
46	LdDocent_Contig_6522_393	1	2	0.560359	0.090401	0.033480	0.008699
47	LdDocent_Contig_1885_127	0	1	0.959245	0.482400	0.012270	0.014760
47	LdDocent_Contig_1885_127	1	2	0.040755	0.517600	0.012270	0.014760
48	LdDocent_Contig_965_344	0	2	0.997923	0.575472	0.002933	0.014643
48	LdDocent_Contig_965_344	1	1	0.002077	0.424528	0.002933	0.014643
49	LdDocent_Contig_5189_370	0	2	0.989822	0.582900	0.006387	0.014887
49	LdDocent_Contig_5189_370	1	1	0.010178	0.417100	0.006387	0.014887
50	LdDocent_Contig_34290_495	0	1	0.972582	0.298047	0.010585	0.013695
50	LdDocent_Contig_34290_495	1	2	0.027418	0.701953	0.010585	0.013695
51	LdDocent_Contig_22707_96	0	2	0.006132	0.322764	0.004983	0.013834
51	LdDocent_Contig_22707_96	1	1	0.993868	0.677236	0.004983	0.013834
52	LdDocent_Contig_8037_376	0	1	0.025124	0.993607	0.010557	0.002497
52	LdDocent_Contig_8037_376	1	2	0.974876	0.006393	0.010557	0.002497
53	LdDocent_Contig_608_527	0	1	0.010827	0.996649	0.006792	0.001787
53	LdDocent_Contig_608_527	1	2	0.989173	0.003351	0.006792	0.001787
54	LdDocent_Contig_37469_445	0	1	0.021579	0.998646	0.010011	0.001107
54	LdDocent_Contig_37469_445	1	2	0.978421	0.001354	0.010011	0.001107
55	LdDocent_Contig_830_125	0	1	0.997872	0.504417	0.002996	0.014930
55	LdDocent_Contig_830_125	1	2	0.002128	0.495583	0.002996	0.014930
56	LdDocent_Contig_1481_423	0	1	0.966655	0.613607	0.011203	0.014044
56	LdDocent_Contig_1481_423	1	2	0.033345	0.386393	0.011203	0.014044
57	LdDocent_Contig_1331_460	0	1	0.014276	0.996796	0.007551	0.001709
57	LdDocent_Contig_1331_460	1	2	0.985724	0.003204	0.007551	0.001709
58	LdDocent_Contig_18493_369	0	1	0.804460	0.992511	0.047572	0.002560
58	LdDocent_Contig_18493_369	1	2	0.195540	0.007489	0.047572	0.002560
59	LdDocent_Contig_1252_438	0	1	0.006311	0.633122	0.005113	0.014234
59	LdDocent_Contig_1252_438	1	2	0.993689	0.366878	0.005113	0.014234
60	LdDocent_Contig_73591_371	0	1	0.283526	0.984520	0.031242	0.003697
60	LdDocent_Contig_73591_371	1	2	0.716474	0.015480	0.031242	0.003697
61	LdDocent_Contig_2521_375	0	1	0.693265	0.991313	0.029803	0.002805
61	LdDocent_Contig_2521_375	1	2	0.306735	0.008687	0.029803	0.002805
62	LdDocent_Contig_96909_417	0	2	0.116049	0.855956	0.025123	0.010876
62	LdDocent_Contig_96909_417	1	1	0.883951	0.144044	0.025123	0.010876
63	LdDocent_Contig_60398_404	0	1	0.392758	0.790400	0.030264	0.012512
63	LdDocent_Contig_60398_404	1	2	0.607242	0.209600	0.030264	0.012512
64	LdDocent_Contig_6932_24	0	1	0.001869	0.531902	0.002634	0.014145
64	LdDocent_Contig_6932_24	1	2	0.998131	0.468098	0.002634	0.014145
65	LdDocent_Contig_2935_20	0	1	0.997881	0.609178	0.002993	0.014802
65	LdDocent_Contig_2935_20	1	2	0.002119	0.390822	0.002993	0.014802
66	LdDocent_Contig_1011_519	0	1	0.596472	0.999518	0.034136	0.000680
66	LdDocent_Contig_1011_519	1	2	0.403528	0.000482	0.034136	0.000680
67	LdDocent_Contig_2064_430	0	1	0.319894	0.997512	0.029029	0.001604
67	LdDocent_Contig_2064_430	1	2	0.680106	0.002488	0.029029	0.001604
68	LdDocent_Contig_1278_371	0	1	0.570372	0.998704	0.033770	0.001056
68	LdDocent_Contig_1278_371	1	2	0.429628	0.001296	0.033770	0.001056
69	LdDocent_Contig_65145_333	0	1	0.031039	0.990888	0.011944	0.002980
69	LdDocent_Contig_65145_333	1	2	0.968961	0.009112	0.011944	0.002980
70	LdDocent_Contig_18259_310	0	1	0.676888	0.999477	0.031877	0.000739
70	LdDocent_Contig_18259_310	1	2	0.323112	0.000523	0.031877	0.000739
71	LdDocent_Contig_24656_389	0	1	0.566964	0.985573	0.034000	0.003756
71	LdDocent_Contig_24656_389	1	2	0.433036	0.014427	0.034000	0.003756
72	LdDocent_Contig_1305_432	0	1	0.037492	0.996638	0.012561	0.001855
72	LdDocent_Contig_1305_432	1	2	0.962508	0.003362	0.012561	0.001855
73	LdDocent_Contig_2705_470	0	2	0.993684	0.201777	0.005134	0.012264
73	LdDocent_Contig_2705_470	1	1	0.006316	0.798223	0.005134	0.012264
74	LdDocent_Contig_254_411	0	1	0.001993	0.994692	0.002816	0.002253
74	LdDocent_Contig_254_411	1	2	0.998007	0.005308	0.002816	0.002253
75	LdDocent_Contig_6165_441	0	1	0.100643	0.983489	0.019992	0.004027
75	LdDocent_Contig_6165_441	1	2	0.899357	0.016511	0.019992	0.004027
76	LdDocent_Contig_91257_23	0	1	0.993523	0.670740	0.005251	0.014357
76	LdDocent_Contig_91257_23	1	2	0.006477	0.329260	0.005251	0.014357
77	LdDocent_Contig_1776_72	0	1	0.077661	0.997064	0.016823	0.001574
77	LdDocent_Contig_1776_72	1	2	0.922339	0.002936	0.016823	0.001574
78	LdDocent_Contig_83028_26	0	1	0.006149	0.993330	0.004995	0.002466
78	LdDocent_Contig_83028_26	1	2	0.993851	0.006670	0.004995	0.002466
79	LdDocent_Contig_900_445	0	1	0.011240	0.995800	0.007050	0.001975
79	LdDocent_Contig_900_445	1	2	0.988760	0.004200	0.007050	0.001975
80	LdDocent_Contig_3756_476	0	1	0.022040	0.977456	0.010237	0.004501
80	LdDocent_Contig_3756_476	1	2	0.977960	0.022544	0.010237	0.004501
81	LdDocent_Contig_132_427	0	1	0.023395	0.996693	0.009826	0.001766
81	LdDocent_Contig_132_427	1	2	0.976605	0.003307	0.009826	0.001766
82	LdDocent_Contig_91203_358	0	1	0.006106	0.997020	0.004951	0.001592
82	LdDocent_Contig_91203_358	1	2	0.993894	0.002980	0.004951	0.001592
83	LdDocent_Contig_165_72	0	1	0.006284	0.998613	0.005099	0.001132
83	LdDocent_Contig_165_72	1	2	0.993716	0.001387	0.005099	0.001132
84	LdDocent_Contig_1960_27	0	1	0.404302	0.996102	0.043048	0.001833
84	LdDocent_Contig_1960_27	1	2	0.595698	0.003898	0.043048	0.001833
85	LdDocent_Contig_22846_422	0	1	0.337614	0.963614	0.031305	0.005605
85	LdDocent_Contig_22846_422	1	2	0.662386	0.036386	0.031305	0.005605
86	LdDocent_Contig_928_73	0	1	0.007005	0.992415	0.005680	0.002756
86	LdDocent_Contig_928_73	1	2	0.992995	0.007585	0.005680	0.002756
87	LdDocent_Contig_85597_421	0	1	0.007215	0.474085	0.005859	0.015974
87	LdDocent_Contig_85597_421	1	2	0.992785	0.525915	0.005859	0.015974
88	LdDocent_Contig_381_140	0	1	0.622757	0.976580	0.030923	0.004495
88	LdDocent_Contig_381_140	1	2	0.377243	0.023420	0.030923	0.004495
89	LdDocent_Contig_2287_379	0	1	0.020067	0.993468	0.009341	0.002553
89	LdDocent_Contig_2287_379	1	2	0.979933	0.006532	0.009341	0.002553
90	LdDocent_Contig_935_140	0	1	0.989309	0.588366	0.006705	0.014972
90	LdDocent_Contig_935_140	1	2	0.010691	0.411634	0.006705	0.014972
91	LdDocent_Contig_60825_73	0	1	0.039654	0.981250	0.013270	0.004318
91	LdDocent_Contig_60825_73	1	2	0.960346	0.018750	0.013270	0.004318
92	LdDocent_Contig_2364_439	0	1	0.998097	0.621734	0.002680	0.014155
92	LdDocent_Contig_2364_439	1	2	0.001903	0.378266	0.002680	0.014155
93	LdDocent_Contig_56486_405	0	1	0.399601	0.994591	0.031682	0.002301
93	LdDocent_Contig_56486_405	1	2	0.600399	0.005409	0.031682	0.002301
94	LdDocent_Contig_3692_359	0	1	0.035444	0.998546	0.012661	0.001185
94	LdDocent_Contig_3692_359	1	2	0.964556	0.001454	0.012661	0.001185
95	LdDocent_Contig_12_130	0	1	0.459720	0.994636	0.029966	0.002134
95	LdDocent_Contig_12_130	1	2	0.540280	0.005364	0.029966	0.002134
96	LdDocent_Contig_12899_65	0	1	0.997996	0.514358	0.002823	0.014772
96	LdDocent_Contig_12899_65	1	2	0.002004	0.485642	0.002823	0.014772
97	LdDocent_Contig_123_16	0	1	0.010153	0.995975	0.006372	0.001942
97	LdDocent_Contig_123_16	1	2	0.989847	0.004025	0.006372	0.001942
98	LdDocent_Contig_58901_116	0	1	0.013845	0.689859	0.007335	0.014670
98	LdDocent_Contig_58901_116	1	2	0.986155	0.310141	0.007335	0.014670
99	LdDocent_Contig_1307_442	0	1	0.079043	0.831752	0.017546	0.011195
99	LdDocent_Contig_1307_442	1	2	0.920957	0.168248	0.017546	0.011195
100	LdDocent_Contig_8632_365	0	1	0.029626	0.997506	0.011424	0.001574
100	LdDocent_Contig_8632_365	1	2	0.970374	0.002494	0.011424	0.001574
101	LdDocent_Contig_1643_122	0	1	0.002159	0.449863	0.003039	0.015300
101	LdDocent_Contig_1643_122	1	2	0.997841	0.550137	0.003039	0.015300
102	LdDocent_Contig_18_354	0	1	0.017408	0.997062	0.008113	0.001569
102	LdDocent_Contig_18_354	1	2	0.982592	0.002938	0.008113	0.001569
103	LdDocent_Contig_77839_91	0	2	0.796035	0.359107	0.026415	0.014793
103	LdDocent_Contig_77839_91	1	1	0.203965	0.640893	0.026415	0.014793
104	LdDocent_Contig_51_124	0	1	0.014502	0.994011	0.007660	0.002343
104	LdDocent_Contig_51_124	1	2	0.985498	0.005989	0.007660	0.002343
105	LdDocent_Contig_25390_51	0	1	0.018588	0.857199	0.008664	0.010483
105	LdDocent_Contig_25390_51	1	2	0.981412	0.142801	0.008664	0.010483
106	LdDocent_Contig_6336_459	0	1	0.997953	0.721900	0.002879	0.013284
106	LdDocent_Contig_6336_459	1	2	0.002047	0.278100	0.002879	0.013284
107	LdDocent_Contig_50075_322	0	1	0.235133	0.697008	0.027301	0.014256
107	LdDocent_Contig_50075_322	1	2	0.764867	0.302992	0.027301	0.014256
108	LdDocent_Contig_75288_327	0	1	0.018707	0.995915	0.008704	0.001919
108	LdDocent_Contig_75288_327	1	2	0.981293	0.004085	0.008704	0.001919
109	LdDocent_Contig_92_51	0	1	0.010148	0.995157	0.006377	0.002103
109	LdDocent_Contig_92_51	1	2	0.989852	0.004843	0.006377	0.002103
110	LdDocent_Contig_1722_466	0	2	0.997865	0.488825	0.003007	0.014666
110	LdDocent_Contig_1722_466	1	1	0.002135	0.511175	0.003007	0.014666
111	LdDocent_Contig_258_495	0	1	0.079494	0.996971	0.017173	0.001617
111	LdDocent_Contig_258_495	1	2	0.920506	0.003029	0.017173	0.001617
112	LdDocent_Contig_7330_136	0	1	0.174766	0.997643	0.032345	0.001487
112	LdDocent_Contig_7330_136	1	2	0.825234	0.002357	0.032345	0.001487
113	LdDocent_Contig_8505_368	0	1	0.015702	0.989647	0.008301	0.003176
113	LdDocent_Contig_8505_368	1	2	0.984298	0.010353	0.008301	0.003176
114	LdDocent_Contig_552_409	0	2	0.992939	0.478582	0.005725	0.014962
114	LdDocent_Contig_552_409	1	1	0.007061	0.521418	0.005725	0.014962
115	LdDocent_Contig_56003_57	0	1	0.013885	0.997752	0.007355	0.001419
115	LdDocent_Contig_56003_57	1	2	0.986115	0.002248	0.007355	0.001419
116	LdDocent_Contig_32321_134	0	1	0.133773	0.994559	0.023500	0.002128
116	LdDocent_Contig_32321_134	1	2	0.866227	0.005441	0.023500	0.002128
117	LdDocent_Contig_5879_36	0	1	0.014027	0.985054	0.007428	0.003763
117	LdDocent_Contig_5879_36	1	2	0.985973	0.014946	0.007428	0.003763
118	LdDocent_Contig_2017_52	0	1	0.050758	0.994510	0.013931	0.002150
118	LdDocent_Contig_2017_52	1	2	0.949242	0.005490	0.013931	0.002150
119	LdDocent_Contig_2225_409	0	1	0.001944	0.998843	0.002741	0.001026
119	LdDocent_Contig_2225_409	1	2	0.998056	0.001157	0.002741	0.001026
120	LdDocent_Contig_752_383	0	1	0.005747	0.996949	0.004673	0.001628
120	LdDocent_Contig_752_383	1	2	0.994253	0.003051	0.004673	0.001628
121	LdDocent_Contig_22136_393	0	1	0.393848	0.995523	0.032047	0.002104
121	LdDocent_Contig_22136_393	1	2	0.606152	0.004477	0.032047	0.002104
122	LdDocent_Contig_3213_422	0	1	0.043540	0.872810	0.013122	0.010193
122	LdDocent_Contig_3213_422	1	2	0.956460	0.127190	0.013122	0.010193
123	LdDocent_Contig_6758_133	0	1	0.202776	0.998533	0.028835	0.001227
123	LdDocent_Contig_6758_133	1	2	0.797224	0.001467	0.028835	0.001227
124	LdDocent_Contig_537_342	0	1	0.089096	0.996865	0.018662	0.001669
124	LdDocent_Contig_537_342	1	2	0.910904	0.003135	0.018662	0.001669
125	LdDocent_Contig_1056_71	0	1	0.595355	0.995920	0.031699	0.001918
125	LdDocent_Contig_1056_71	1	2	0.404645	0.004080	0.031699	0.001918
126	LdDocent_Contig_6407_358	0	1	0.611825	0.995644	0.030605	0.002043
126	LdDocent_Contig_6407_358	1	2	0.388175	0.004356	0.030605	0.002043
127	LdDocent_Contig_808_44	0	1	0.988059	0.649502	0.007486	0.014875
127	LdDocent_Contig_808_44	1	2	0.011941	0.350498	0.007486	0.014875
128	LdDocent_Contig_25083_415	0	1	0.043993	0.995107	0.013218	0.002081
128	LdDocent_Contig_25083_415	1	2	0.956007	0.004893	0.013218	0.002081
129	LdDocent_Contig_23413_464	0	1	0.060628	0.995222	0.015913	0.002075
129	LdDocent_Contig_23413_464	1	2	0.939372	0.004778	0.015913	0.002075
130	LdDocent_Contig_664_128	0	1	0.312438	0.989784	0.030579	0.003137
130	LdDocent_Contig_664_128	1	2	0.687562	0.010216	0.030579	0.003137
131	LdDocent_Contig_1334_465	0	1	0.006018	0.994766	0.004888	0.002229
131	LdDocent_Contig_1334_465	1	2	0.993982	0.005234	0.004888	0.002229
132	LdDocent_Contig_27_441	0	1	0.056435	0.997117	0.014817	0.001547
132	LdDocent_Contig_27_441	1	2	0.943565	0.002883	0.014817	0.001547
133	LdDocent_Contig_631_17	0	1	0.196440	0.995076	0.026480	0.002140
133	LdDocent_Contig_631_17	1	2	0.803560	0.004924	0.026480	0.002140
134	LdDocent_Contig_189_138	0	1	0.014324	0.996148	0.007580	0.002039
134	LdDocent_Contig_189_138	1	2	0.985676	0.003852	0.007580	0.002039
135	LdDocent_Contig_1790_39	0	1	0.014330	0.989964	0.007581	0.003115
135	LdDocent_Contig_1790_39	1	2	0.985670	0.010036	0.007581	0.003115
136	LdDocent_Contig_5285_474	0	1	0.041292	0.973329	0.014672	0.004927
136	LdDocent_Contig_5285_474	1	2	0.958708	0.026671	0.014672	0.004927
137	LdDocent_Contig_67827_401	0	1	0.997674	0.336966	0.003282	0.014491
137	LdDocent_Contig_67827_401	1	2	0.002326	0.663034	0.003282	0.014491
138	LdDocent_Contig_5004_363	0	1	0.053395	0.997516	0.015962	0.001567
138	LdDocent_Contig_5004_363	1	2	0.946605	0.002484	0.015962	0.001567
139	LdDocent_Contig_825_85	0	1	0.002279	0.353042	0.003206	0.014817
139	LdDocent_Contig_825_85	1	2	0.997721	0.646958	0.003206	0.014817
140	LdDocent_Contig_96750_119	0	1	0.022899	0.996944	0.009622	0.001630
140	LdDocent_Contig_96750_119	1	2	0.977101	0.003056	0.009622	0.001630
141	LdDocent_Contig_940_379	0	1	0.017982	0.997794	0.008375	0.001393
141	LdDocent_Contig_940_379	1	2	0.982018	0.002206	0.008375	0.001393
142	LdDocent_Contig_52841_389	0	1	0.112786	0.998646	0.020505	0.001105
142	LdDocent_Contig_52841_389	1	2	0.887214	0.001354	0.020505	0.001105
143	LdDocent_Contig_1754_390	0	1	0.993595	0.701713	0.005205	0.014027
143	LdDocent_Contig_1754_390	1	2	0.006405	0.298287	0.005205	0.014027
144	LdDocent_Contig_61074_386	0	1	0.014215	0.990530	0.007518	0.003062
144	LdDocent_Contig_61074_386	1	2	0.985785	0.009470	0.007518	0.003062
145	LdDocent_Contig_2305_392	0	1	0.002390	0.594533	0.003368	0.015644
145	LdDocent_Contig_2305_392	1	2	0.997610	0.405467	0.003368	0.015644
146	LdDocent_Contig_5790_351	0	1	0.015230	0.696541	0.008064	0.013743
146	LdDocent_Contig_5790_351	1	2	0.984770	0.303459	0.008064	0.013743
147	LdDocent_Contig_23284_87	0	1	0.984083	0.068397	0.008412	0.007857
147	LdDocent_Contig_23284_87	1	2	0.015917	0.931603	0.008412	0.007857
148	LdDocent_Contig_5961_352	0	1	0.010718	0.996709	0.006727	0.001818
148	LdDocent_Contig_5961_352	1	2	0.989282	0.003291	0.006727	0.001818
149	LdDocent_Contig_61650_466	0	1	0.070141	0.957055	0.017116	0.006534
149	LdDocent_Contig_61650_466	1	2	0.929859	0.042945	0.017116	0.006534
150	LdDocent_Contig_11514_142	0	1	0.500455	0.998512	0.033108	0.001214
150	LdDocent_Contig_11514_142	1	2	0.499545	0.001488	0.033108	0.001214
151	LdDocent_Contig_15_89	0	1	0.010162	0.996878	0.006381	0.001665
151	LdDocent_Contig_15_89	1	2	0.989838	0.003122	0.006381	0.001665
152	LdDocent_Contig_16537_509	0	1	0.031467	0.992187	0.012094	0.002838
152	LdDocent_Contig_16537_509	1	2	0.968533	0.007813	0.012094	0.002838
153	LdDocent_Contig_10659_140	0	1	0.061580	0.954182	0.016804	0.006554
153	LdDocent_Contig_10659_140	1	2	0.938420	0.045818	0.016804	0.006554
154	LdDocent_Contig_81500_448	0	1	0.371430	0.976230	0.029781	0.004864
154	LdDocent_Contig_81500_448	1	2	0.628570	0.023770	0.029781	0.004864
155	LdDocent_Contig_301_42	0	1	0.002091	0.994970	0.002945	0.002141
155	LdDocent_Contig_301_42	1	2	0.997909	0.005030	0.002945	0.002141
156	LdDocent_Contig_1795_134	0	1	0.082460	0.998542	0.020659	0.001190
156	LdDocent_Contig_1795_134	1	2	0.917540	0.001458	0.020659	0.001190
157	LdDocent_Contig_7764_464	0	1	0.960914	0.550076	0.013946	0.015203
157	LdDocent_Contig_7764_464	1	2	0.039086	0.449924	0.013946	0.015203
158	LdDocent_Contig_680_458	0	2	0.011214	0.626508	0.007041	0.015410
158	LdDocent_Contig_680_458	1	1	0.988786	0.373492	0.007041	0.015410
159	LdDocent_Contig_80681_384	0	1	0.628340	0.997755	0.033958	0.001418
159	LdDocent_Contig_80681_384	1	2	0.371660	0.002245	0.033958	0.001418
160	LdDocent_Contig_5132_456	0	2	0.997973	0.697603	0.002856	0.014270
160	LdDocent_Contig_5132_456	1	1	0.002027	0.302397	0.002856	0.014270
161	LdDocent_Contig_322_364	0	1	0.010249	0.964118	0.006429	0.005530
161	LdDocent_Contig_322_364	1	2	0.989751	0.035882	0.006429	0.005530
162	LdDocent_Contig_85118_145	0	1	0.571004	0.972247	0.067270	0.004872
162	LdDocent_Contig_85118_145	1	2	0.428996	0.027753	0.067270	0.004872
163	LdDocent_Contig_37945_58	0	1	0.572575	0.997745	0.032955	0.001426
163	LdDocent_Contig_37945_58	1	2	0.427425	0.002255	0.032955	0.001426
164	LdDocent_Contig_2281_74	0	1	0.567014	0.999568	0.031121	0.000611
164	LdDocent_Contig_2281_74	1	2	0.432986	0.000432	0.031121	0.000611
165	LdDocent_Contig_83889_467	0	1	0.634070	0.998684	0.029707	0.001073
165	LdDocent_Contig_83889_467	1	2	0.365930	0.001316	0.029707	0.001073
166	LdDocent_Contig_7411_142	0	1	0.010720	0.997762	0.006729	0.001412
166	LdDocent_Contig_7411_142	1	2	0.989280	0.002238	0.006729	0.001412
167	LdDocent_Contig_2426_50	0	2	0.997660	0.731754	0.003293	0.013557
167	LdDocent_Contig_2426_50	1	1	0.002340	0.268246	0.003293	0.013557
168	LdDocent_Contig_34076_10	0	1	0.499121	0.998713	0.030515	0.001050
168	LdDocent_Contig_34076_10	1	2	0.500879	0.001287	0.030515	0.001050
169	LdDocent_Contig_65369_74	0	2	0.997978	0.500928	0.002851	0.014951
169	LdDocent_Contig_65369_74	1	1	0.002022	0.499072	0.002851	0.014951
170	LdDocent_Contig_19364_448	0	1	0.020102	0.991275	0.009367	0.002979
170	LdDocent_Contig_19364_448	1	2	0.979898	0.008725	0.009367	0.002979
171	LdDocent_Contig_19136_144	0	1	0.390172	0.997547	0.032596	0.001552
171	LdDocent_Contig_19136_144	1	2	0.609828	0.002453	0.032596	0.001552
172	LdDocent_Contig_1171_8	0	1	0.318653	0.982660	0.029770	0.004130
172	LdDocent_Contig_1171_8	1	2	0.681347	0.017340	0.029770	0.004130
173	LdDocent_Contig_671_38	0	1	0.006171	0.987265	0.005009	0.003441
173	LdDocent_Contig_671_38	1	2	0.993829	0.012735	0.005009	0.003441
174	LdDocent_Contig_555_371	0	1	0.027430	0.995543	0.010587	0.002094
174	LdDocent_Contig_555_371	1	2	0.972570	0.004457	0.010587	0.002094
175	LdDocent_Contig_5947_310	0	1	0.093830	0.727591	0.022435	0.013216
175	LdDocent_Contig_5947_310	1	2	0.906170	0.272409	0.022435	0.013216
176	LdDocent_Contig_55777_313	0	2	0.993629	0.354962	0.005170	0.014644
176	LdDocent_Contig_55777_313	1	1	0.006371	0.645038	0.005170	0.014644
177	LdDocent_Contig_55045_105	0	1	0.105396	0.759207	0.020028	0.013015
177	LdDocent_Contig_55045_105	1	2	0.894604	0.240793	0.020028	0.013015
178	LdDocent_Contig_80781_76	0	1	0.031700	0.650185	0.011327	0.013891
178	LdDocent_Contig_80781_76	1	2	0.968300	0.349815	0.011327	0.013891
179	LdDocent_Contig_880_369	0	1	0.094403	0.997678	0.024295	0.001465
179	LdDocent_Contig_880_369	1	2	0.905597	0.002322	0.024295	0.001465
180	LdDocent_Contig_1251_33	0	1	0.464452	0.999575	0.035913	0.000601
180	LdDocent_Contig_1251_33	1	2	0.535548	0.000425	0.035913	0.000601
181	LdDocent_Contig_23105_115	0	1	0.524372	0.996675	0.033311	0.001775
181	LdDocent_Contig_23105_115	1	2	0.475628	0.003325	0.033311	0.001775
182	LdDocent_Contig_314_39	0	1	0.990035	0.298526	0.006251	0.013345
182	LdDocent_Contig_314_39	1	2	0.009965	0.701474	0.006251	0.013345
183	LdDocent_Contig_148_331	0	1	0.010838	0.977670	0.006805	0.004461
183	LdDocent_Contig_148_331	1	2	0.989162	0.022330	0.006805	0.004461
184	LdDocent_Contig_1447_75	0	2	0.990672	0.582444	0.005861	0.014511
184	LdDocent_Contig_1447_75	1	1	0.009328	0.417556	0.005861	0.014511
185	LdDocent_Contig_2519_114	0	1	0.030158	0.997871	0.010792	0.001344
185	LdDocent_Contig_2519_114	1	2	0.969842	0.002129	0.010792	0.001344
186	LdDocent_Contig_712_475	0	1	0.133367	0.541552	0.021799	0.014374
186	LdDocent_Contig_712_475	1	2	0.866633	0.458448	0.021799	0.014374
187	LdDocent_Contig_37423_386	0	1	0.340793	0.984213	0.029755	0.003642
187	LdDocent_Contig_37423_386	1	2	0.659207	0.015787	0.029755	0.003642
188	LdDocent_Contig_242_431	0	1	0.087352	0.976333	0.018343	0.004631
188	LdDocent_Contig_242_431	1	2	0.912648	0.023667	0.018343	0.004631
189	LdDocent_Contig_365_65	0	1	0.002097	0.419077	0.002958	0.014781
189	LdDocent_Contig_365_65	1	2	0.997903	0.580923	0.002958	0.014781
190	LdDocent_Contig_72187_88	0	1	0.186367	0.996919	0.025260	0.001642
190	LdDocent_Contig_72187_88	1	2	0.813633	0.003081	0.025260	0.001642
191	LdDocent_Contig_386_67	0	1	0.010656	0.996651	0.006682	0.001786
191	LdDocent_Contig_386_67	1	2	0.989344	0.003349	0.006682	0.001786
192	LdDocent_Contig_133_465	0	1	0.118948	0.999516	0.023900	0.000683
192	LdDocent_Contig_133_465	1	2	0.881052	0.000484	0.023900	0.000683
193	LdDocent_Contig_1972_409	0	1	0.006001	0.994887	0.004887	0.002175
193	LdDocent_Contig_1972_409	1	2	0.993999	0.005113	0.004887	0.002175
194	LdDocent_Contig_11713_433	0	1	0.585112	0.998538	0.032855	0.001190
194	LdDocent_Contig_11713_433	1	2	0.414888	0.001462	0.032855	0.001190
195	LdDocent_Contig_1260_354	0	1	0.471348	0.904896	0.032197	0.008804
195	LdDocent_Contig_1260_354	1	2	0.528652	0.095104	0.032197	0.008804
196	LdDocent_Contig_3168_53	0	1	0.216601	0.779285	0.025299	0.012176
196	LdDocent_Contig_3168_53	1	2	0.783399	0.220715	0.025299	0.012176
197	LdDocent_Contig_1684_333	0	1	0.006604	0.997839	0.005371	0.001434
197	LdDocent_Contig_1684_333	1	2	0.993396	0.002161	0.005371	0.001434
198	LdDocent_Contig_8487_141	0	1	0.030014	0.995546	0.011541	0.002094
198	LdDocent_Contig_8487_141	1	2	0.969986	0.004454	0.011541	0.002094
199	LdDocent_Contig_905_57	0	1	0.013871	0.921817	0.007339	0.007886
199	LdDocent_Contig_905_57	1	2	0.986129	0.078183	0.007339	0.007886
