UponCompletionOf_1000000_sweeps
LocNumber LocName AlleleNumber AlleleName FreqInPop0 FreqInPop1 SDInPop0 SDinPop1
0	LdDocent_Contig_2033_416	0	1	0.860906	0.998634	0.021947	0.001114
0	LdDocent_Contig_2033_416	1	2	0.139094	0.001366	0.021947	0.001114
1	LdDocent_Contig_53782_341	0	1	0.997611	0.992415	0.003359	0.002761
1	LdDocent_Contig_53782_341	1	2	0.002389	0.007585	0.003359	0.002761
2	LdDocent_Contig_2287_379	0	1	0.019891	0.994645	0.009259	0.002345
2	LdDocent_Contig_2287_379	1	2	0.980109	0.005355	0.009259	0.002345
3	LdDocent_Contig_1378_140	0	1	0.997817	0.993221	0.003069	0.002462
3	LdDocent_Contig_1378_140	1	2	0.002183	0.006779	0.003069	0.002462
4	LdDocent_Contig_13342_419	0	1	0.992237	0.964469	0.006203	0.005747
4	LdDocent_Contig_13342_419	1	2	0.007763	0.035531	0.006203	0.005747
5	LdDocent_Contig_795_439	0	1	0.997870	0.986938	0.002998	0.003412
5	LdDocent_Contig_795_439	1	2	0.002130	0.013062	0.002998	0.003412
6	LdDocent_Contig_55008_490	0	1	0.987051	0.981351	0.008106	0.004300
6	LdDocent_Contig_55008_490	1	2	0.012949	0.018649	0.008106	0.004300
7	LdDocent_Contig_94380_460	0	1	0.993781	0.993424	0.005051	0.002410
7	LdDocent_Contig_94380_460	1	2	0.006219	0.006576	0.005051	0.002410
8	LdDocent_Contig_68168_309	0	1	0.997931	0.977907	0.002915	0.004606
8	LdDocent_Contig_68168_309	1	2	0.002069	0.022093	0.002915	0.004606
9	LdDocent_Contig_62593_144	0	1	0.993183	0.896927	0.005531	0.009371
9	LdDocent_Contig_62593_144	1	2	0.006817	0.103073	0.005531	0.009371
10	LdDocent_Contig_73978_457	0	1	0.997740	0.986481	0.003183	0.003524
10	LdDocent_Contig_73978_457	1	2	0.002260	0.013519	0.003183	0.003524
11	LdDocent_Contig_5132_456	0	2	0.997981	0.697255	0.002847	0.014302
11	LdDocent_Contig_5132_456	1	1	0.002019	0.302745	0.002847	0.014302
12	LdDocent_Contig_680_458	0	2	0.011304	0.626906	0.007101	0.015404
12	LdDocent_Contig_680_458	1	1	0.988696	0.373094	0.007101	0.015404
13	LdDocent_Contig_8645_51	0	1	0.993857	0.991017	0.004992	0.002904
13	LdDocent_Contig_8645_51	1	2	0.006143	0.008983	0.004992	0.002904
14	LdDocent_Contig_15841_367	0	1	0.997934	0.984615	0.002911	0.003755
14	LdDocent_Contig_15841_367	1	2	0.002066	0.015385	0.002911	0.003755
15	LdDocent_Contig_12500_50	0	1	0.997963	0.989564	0.002871	0.003062
15	LdDocent_Contig_12500_50	1	2	0.002037	0.010436	0.002871	0.003062
16	LdDocent_Contig_1563_72	0	1	0.997984	0.983172	0.002842	0.003986
16	LdDocent_Contig_1563_72	1	2	0.002016	0.016828	0.002842	0.003986
17	LdDocent_Contig_2326_368	0	1	0.997793	0.946002	0.003108	0.006749
17	LdDocent_Contig_2326_368	1	2	0.002207	0.053998	0.003108	0.006749
18	LdDocent_Contig_18877_34	0	1	0.950511	0.997256	0.013807	0.001724
18	LdDocent_Contig_18877_34	1	2	0.049489	0.002744	0.013807	0.001724
19	LdDocent_Contig_348_110	0	1	0.913951	0.998542	0.018166	0.001190
19	LdDocent_Contig_348_110	1	2	0.086049	0.001458	0.018166	0.001190
20	LdDocent_Contig_36449_103	0	1	0.997797	0.991705	0.003055	0.002700
20	LdDocent_Contig_36449_103	1	2	0.002203	0.008295	0.003055	0.002700
21	LdDocent_Contig_161_8	0	1	0.997858	0.976656	0.003021	0.004565
21	LdDocent_Contig_161_8	1	2	0.002142	0.023344	0.003021	0.004565
22	LdDocent_Contig_1172_344	0	1	0.997306	0.989019	0.003614	0.003131
22	LdDocent_Contig_1172_344	1	2	0.002694	0.010981	0.003614	0.003131
23	LdDocent_Contig_72722_48	0	1	0.858358	0.998606	0.024137	0.001136
23	LdDocent_Contig_72722_48	1	2	0.141642	0.001394	0.024137	0.001136
24	LdDocent_Contig_34172_122	0	1	0.997967	0.931346	0.002871	0.007471
24	LdDocent_Contig_34172_122	1	2	0.002033	0.068654	0.002871	0.007471
25	LdDocent_Contig_34421_360	0	1	0.983062	0.979106	0.008963	0.004568
25	LdDocent_Contig_34421_360	1	2	0.016938	0.020894	0.008963	0.004568
26	LdDocent_Contig_7978_19	0	1	0.997979	0.980911	0.002853	0.004075
26	LdDocent_Contig_7978_19	1	2	0.002021	0.019089	0.002853	0.004075
27	LdDocent_Contig_1872_41	0	1	0.992810	0.931891	0.005808	0.007741
27	LdDocent_Contig_1872_41	1	2	0.007190	0.068109	0.005808	0.007741
28	LdDocent_Contig_92674_381	0	1	0.997790	0.981310	0.003118	0.004190
28	LdDocent_Contig_92674_381	1	2	0.002210	0.018690	0.003118	0.004190
29	LdDocent_Contig_9085_42	0	1	0.921877	0.937148	0.018271	0.007870
29	LdDocent_Contig_9085_42	1	2	0.078123	0.062852	0.018271	0.007870
30	LdDocent_Contig_25166_474	0	1	0.992739	0.990996	0.005896	0.002907
30	LdDocent_Contig_25166_474	1	2	0.007261	0.009004	0.005896	0.002907
31	LdDocent_Contig_82354_396	0	1	0.993896	0.976418	0.004961	0.004708
31	LdDocent_Contig_82354_396	1	2	0.006104	0.023582	0.004961	0.004708
32	LdDocent_Contig_18405_337	0	1	0.964883	0.999522	0.011827	0.000676
32	LdDocent_Contig_18405_337	1	2	0.035117	0.000478	0.011827	0.000676
33	LdDocent_Contig_11759_29	0	1	0.992350	0.980877	0.006214	0.004180
33	LdDocent_Contig_11759_29	1	2	0.007650	0.019123	0.006214	0.004180
34	LdDocent_Contig_5099_92	0	1	0.773906	0.998789	0.026231	0.001109
34	LdDocent_Contig_5099_92	1	2	0.226094	0.001211	0.026231	0.001109
35	LdDocent_Contig_30661_369	0	1	0.997915	0.992827	0.002940	0.002609
35	LdDocent_Contig_30661_369	1	2	0.002085	0.007173	0.002940	0.002609
36	LdDocent_Contig_84158_445	0	1	0.997908	0.985448	0.002954	0.003671
36	LdDocent_Contig_84158_445	1	2	0.002092	0.014552	0.002954	0.003671
37	LdDocent_Contig_29486_72	0	1	0.998075	0.976169	0.002712	0.004570
37	LdDocent_Contig_29486_72	1	2	0.001925	0.023831	0.002712	0.004570
38	LdDocent_Contig_6938_455	0	1	0.993478	0.955994	0.005295	0.006519
38	LdDocent_Contig_6938_455	1	2	0.006522	0.044006	0.005295	0.006519
39	LdDocent_Contig_3163_44	0	1	0.997940	0.991872	0.002905	0.002775
39	LdDocent_Contig_3163_44	1	2	0.002060	0.008128	0.002905	0.002775
40	LdDocent_Contig_55980_330	0	1	0.990445	0.984357	0.007739	0.003816
40	LdDocent_Contig_55980_330	1	2	0.009555	0.015643	0.007739	0.003816
41	LdDocent_Contig_58319_142	0	1	0.997996	0.990746	0.002832	0.002839
41	LdDocent_Contig_58319_142	1	2	0.002004	0.009254	0.002832	0.002839
42	LdDocent_Contig_75564_337	0	1	0.988275	0.991332	0.007347	0.002956
42	LdDocent_Contig_75564_337	1	2	0.011725	0.008668	0.007347	0.002956
43	LdDocent_Contig_92144_320	0	1	0.997949	0.985491	0.002889	0.003653
43	LdDocent_Contig_92144_320	1	2	0.002051	0.014509	0.002889	0.003653
44	LdDocent_Contig_832_383	0	1	0.993544	0.944880	0.005251	0.006882
44	LdDocent_Contig_832_383	1	2	0.006456	0.055120	0.005251	0.006882
45	LdDocent_Contig_91572_481	0	1	0.959950	0.993370	0.012719	0.002591
45	LdDocent_Contig_91572_481	1	2	0.040050	0.006630	0.012719	0.002591
46	LdDocent_Contig_1112_383	0	1	0.766248	0.999480	0.028496	0.000735
46	LdDocent_Contig_1112_383	1	2	0.233752	0.000520	0.028496	0.000735
47	LdDocent_Contig_913_80	0	1	0.954258	0.998522	0.013747	0.001206
47	LdDocent_Contig_913_80	1	2	0.045742	0.001478	0.013747	0.001206
48	LdDocent_Contig_9162_69	0	1	0.997625	0.985638	0.003329	0.003633
48	LdDocent_Contig_9162_69	1	2	0.002375	0.014362	0.003329	0.003633
49	LdDocent_Contig_2336_361	0	1	0.997963	0.858601	0.002867	0.010377
49	LdDocent_Contig_2336_361	1	2	0.002037	0.141399	0.002867	0.010377
50	LdDocent_Contig_2756_412	0	1	0.943046	0.999548	0.014487	0.000640
50	LdDocent_Contig_2756_412	1	2	0.056954	0.000452	0.014487	0.000640
51	LdDocent_Contig_55556_440	0	1	0.292639	0.954230	0.042422	0.006350
51	LdDocent_Contig_55556_440	1	2	0.707361	0.045770	0.042422	0.006350
52	LdDocent_Contig_30110_37	0	1	0.952873	0.998532	0.014918	0.001199
52	LdDocent_Contig_30110_37	1	2	0.047127	0.001468	0.014918	0.001199
53	LdDocent_Contig_368_104	0	1	0.988557	0.993240	0.007174	0.002460
53	LdDocent_Contig_368_104	1	2	0.011443	0.006760	0.007174	0.002460
54	LdDocent_Contig_2270_79	0	1	0.997335	0.959870	0.003726	0.006257
54	LdDocent_Contig_2270_79	1	2	0.002665	0.040130	0.003726	0.006257
55	LdDocent_Contig_74710_31	0	1	0.993959	0.992964	0.004904	0.002556
55	LdDocent_Contig_74710_31	1	2	0.006041	0.007036	0.004904	0.002556
56	LdDocent_Contig_1270_88	0	1	0.997891	0.983054	0.002973	0.004012
56	LdDocent_Contig_1270_88	1	2	0.002109	0.016946	0.002973	0.004012
57	LdDocent_Contig_1900_402	0	1	0.997853	0.938600	0.003025	0.007124
57	LdDocent_Contig_1900_402	1	2	0.002147	0.061400	0.003025	0.007124
58	LdDocent_Contig_525_7	0	1	0.997950	0.833874	0.002889	0.011250
58	LdDocent_Contig_525_7	1	2	0.002050	0.166126	0.002889	0.011250
59	LdDocent_Contig_75525_132	0	1	0.983006	0.973710	0.008974	0.004945
59	LdDocent_Contig_75525_132	1	2	0.016994	0.026290	0.008974	0.004945
60	LdDocent_Contig_67847_130	0	1	0.997802	0.992735	0.003097	0.002643
60	LdDocent_Contig_67847_130	1	2	0.002198	0.007265	0.003097	0.002643
61	LdDocent_Contig_1648_467	0	1	0.993135	0.987737	0.005571	0.003445
61	LdDocent_Contig_1648_467	1	2	0.006865	0.012263	0.005571	0.003445
62	LdDocent_Contig_1254_90	0	1	0.997861	0.987981	0.003020	0.003374
62	LdDocent_Contig_1254_90	1	2	0.002139	0.012019	0.003020	0.003374
63	LdDocent_Contig_93230_388	0	1	0.948759	0.999536	0.014103	0.000657
63	LdDocent_Contig_93230_388	1	2	0.051241	0.000464	0.014103	0.000657
64	LdDocent_Contig_1762_432	0	1	0.997780	0.983743	0.003135	0.003971
64	LdDocent_Contig_1762_432	1	2	0.002220	0.016257	0.003135	0.003971
65	LdDocent_Contig_664_128	0	1	0.320504	0.989203	0.030711	0.003272
65	LdDocent_Contig_664_128	1	2	0.679496	0.010797	0.030711	0.003272
66	LdDocent_Contig_1218_82	0	1	0.997736	0.991628	0.003188	0.002854
66	LdDocent_Contig_1218_82	1	2	0.002264	0.008372	0.003188	0.002854
67	LdDocent_Contig_19963_437	0	1	0.989475	0.993706	0.006608	0.002458
67	LdDocent_Contig_19963_437	1	2	0.010525	0.006294	0.006608	0.002458
68	LdDocent_Contig_2452_429	0	1	0.993530	0.977148	0.005253	0.004660
68	LdDocent_Contig_2452_429	1	2	0.006470	0.022852	0.005253	0.004660
69	LdDocent_Contig_84423_75	0	1	0.998044	0.968288	0.002747	0.005166
69	LdDocent_Contig_84423_75	1	2	0.001956	0.031712	0.002747	0.005166
70	LdDocent_Contig_672_99	0	1	0.943804	0.999558	0.014341	0.000624
70	LdDocent_Contig_672_99	1	2	0.056196	0.000442	0.014341	0.000624
71	LdDocent_Contig_83009_25	0	1	0.996877	0.981032	0.004399	0.003951
71	LdDocent_Contig_83009_25	1	2	0.003123	0.018968	0.004399	0.003951
72	LdDocent_Contig_1148_464	0	1	0.002181	0.994963	0.003071	0.002147
72	LdDocent_Contig_1148_464	1	2	0.997819	0.005037	0.003071	0.002147
73	LdDocent_Contig_10276_140	0	1	0.997895	0.967989	0.002967	0.005439
73	LdDocent_Contig_10276_140	1	2	0.002105	0.032011	0.002967	0.005439
74	LdDocent_Contig_9270_28	0	1	0.997976	0.992511	0.002854	0.002559
74	LdDocent_Contig_9270_28	1	2	0.002024	0.007489	0.002854	0.002559
75	LdDocent_Contig_1862_110	0	1	0.997947	0.936349	0.002897	0.007501
75	LdDocent_Contig_1862_110	1	2	0.002053	0.063651	0.002897	0.007501
76	LdDocent_Contig_88_383	0	1	0.794440	0.998740	0.024151	0.001030
76	LdDocent_Contig_88_383	1	2	0.205560	0.001260	0.024151	0.001030
77	LdDocent_Contig_9480_391	0	1	0.997950	0.993191	0.002885	0.002479
77	LdDocent_Contig_9480_391	1	2	0.002050	0.006809	0.002885	0.002479
78	LdDocent_Contig_6898_461	0	1	0.989027	0.738864	0.006866	0.012913
78	LdDocent_Contig_6898_461	1	2	0.010973	0.261136	0.006866	0.012913
79	LdDocent_Contig_16107_139	0	1	0.997304	0.962439	0.003769	0.006118
79	LdDocent_Contig_16107_139	1	2	0.002696	0.037561	0.003769	0.006118
80	LdDocent_Contig_14227_467	0	1	0.966743	0.998703	0.011200	0.001058
80	LdDocent_Contig_14227_467	1	2	0.033257	0.001297	0.011200	0.001058
81	LdDocent_Contig_83061_73	0	1	0.997719	0.982745	0.003209	0.003979
81	LdDocent_Contig_83061_73	1	2	0.002281	0.017255	0.003209	0.003979
82	LdDocent_Contig_13621_496	0	1	0.996153	0.992177	0.005403	0.002670
82	LdDocent_Contig_13621_496	1	2	0.003847	0.007823	0.005403	0.002670
83	LdDocent_Contig_555_371	0	1	0.026508	0.995950	0.010638	0.002074
83	LdDocent_Contig_555_371	1	2	0.973492	0.004050	0.010638	0.002074
84	LdDocent_Contig_95108_34	0	1	0.993661	0.939476	0.005154	0.007419
84	LdDocent_Contig_95108_34	1	2	0.006339	0.060524	0.005154	0.007419
85	LdDocent_Contig_6758_133	0	1	0.206483	0.998996	0.028994	0.001044
85	LdDocent_Contig_6758_133	1	2	0.793517	0.001004	0.028994	0.001044
86	LdDocent_Contig_3461_11	0	1	0.993786	0.972856	0.005047	0.004929
86	LdDocent_Contig_3461_11	1	2	0.006214	0.027144	0.005047	0.004929
87	LdDocent_Contig_52721_451	0	1	0.963836	0.997889	0.011505	0.001333
87	LdDocent_Contig_52721_451	1	2	0.036164	0.002111	0.011505	0.001333
88	LdDocent_Contig_799_467	0	1	0.997937	0.991906	0.002909	0.002760
88	LdDocent_Contig_799_467	1	2	0.002063	0.008094	0.002909	0.002760
89	LdDocent_Contig_84063_14	0	1	0.995059	0.991844	0.006286	0.002783
89	LdDocent_Contig_84063_14	1	2	0.004941	0.008156	0.006286	0.002783
90	LdDocent_Contig_8187_385	0	1	0.997921	0.991361	0.002933	0.002789
90	LdDocent_Contig_8187_385	1	2	0.002079	0.008639	0.002933	0.002789
91	LdDocent_Contig_12538_19	0	1	0.996940	0.989772	0.004056	0.003190
91	LdDocent_Contig_12538_19	1	2	0.003060	0.010228	0.004056	0.003190
92	LdDocent_Contig_66_32	0	1	0.996900	0.987063	0.004359	0.003500
92	LdDocent_Contig_66_32	1	2	0.003100	0.012937	0.004359	0.003500
93	LdDocent_Contig_72187_88	0	1	0.186275	0.998672	0.025164	0.001086
93	LdDocent_Contig_72187_88	1	2	0.813725	0.001328	0.025164	0.001086
94	LdDocent_Contig_67026_370	0	1	0.320770	0.996474	0.035241	0.002243
94	LdDocent_Contig_67026_370	1	2	0.679230	0.003526	0.035241	0.002243
95	LdDocent_Contig_2791_386	0	1	0.994355	0.933984	0.004583	0.007230
95	LdDocent_Contig_2791_386	1	2	0.005645	0.066016	0.004583	0.007230
96	LdDocent_Contig_24693_440	0	1	0.992213	0.993850	0.006318	0.002406
96	LdDocent_Contig_24693_440	1	2	0.007787	0.006150	0.006318	0.002406
97	LdDocent_Contig_5579_24	0	1	0.997906	0.983693	0.002939	0.003764
97	LdDocent_Contig_5579_24	1	2	0.002094	0.016307	0.002939	0.003764
98	LdDocent_Contig_29905_476	0	1	0.997843	0.991076	0.003039	0.002883
98	LdDocent_Contig_29905_476	1	2	0.002157	0.008924	0.003039	0.002883
99	LdDocent_Contig_84958_16	0	1	0.997678	0.987431	0.003267	0.003533
99	LdDocent_Contig_84958_16	1	2	0.002322	0.012569	0.003267	0.003533
100	LdDocent_Contig_73992_382	0	1	0.986607	0.993446	0.007104	0.002381
100	LdDocent_Contig_73992_382	1	2	0.013393	0.006554	0.007104	0.002381
101	LdDocent_Contig_29420_376	0	1	0.997838	0.991927	0.003040	0.002757
101	LdDocent_Contig_29420_376	1	2	0.002162	0.008073	0.003040	0.002757
102	LdDocent_Contig_68637_134	0	1	0.997556	0.338292	0.003439	0.014680
102	LdDocent_Contig_68637_134	1	2	0.002444	0.661708	0.003439	0.014680
103	LdDocent_Contig_56310_109	0	1	0.993826	0.914608	0.005006	0.008319
103	LdDocent_Contig_56310_109	1	2	0.006174	0.085392	0.005006	0.008319
104	LdDocent_Contig_75487_42	0	1	0.997473	0.987381	0.003502	0.003445
104	LdDocent_Contig_75487_42	1	2	0.002527	0.012619	0.003502	0.003445
105	LdDocent_Contig_61554_18	0	1	0.998018	0.983366	0.002792	0.003834
105	LdDocent_Contig_61554_18	1	2	0.001982	0.016634	0.002792	0.003834
106	LdDocent_Contig_67620_119	0	1	0.997733	0.985314	0.003198	0.003829
106	LdDocent_Contig_67620_119	1	2	0.002267	0.014686	0.003198	0.003829
107	LdDocent_Contig_6635_469	0	1	0.963333	0.999550	0.012311	0.000637
107	LdDocent_Contig_6635_469	1	2	0.036667	0.000450	0.012311	0.000637
108	LdDocent_Contig_3848_142	0	1	0.996781	0.964108	0.004534	0.005751
108	LdDocent_Contig_3848_142	1	2	0.003219	0.035892	0.004534	0.005751
109	LdDocent_Contig_121_388	0	1	0.997957	0.767594	0.002879	0.012643
109	LdDocent_Contig_121_388	1	2	0.002043	0.232406	0.002879	0.012643
110	LdDocent_Contig_388_399	0	1	0.340406	0.355831	0.052664	0.014106
110	LdDocent_Contig_388_399	1	2	0.659594	0.644169	0.052664	0.014106
111	LdDocent_Contig_13628_392	0	1	0.996753	0.990309	0.004183	0.003033
111	LdDocent_Contig_13628_392	1	2	0.003247	0.009691	0.004183	0.003033
112	LdDocent_Contig_29138_390	0	1	0.997657	0.964021	0.003304	0.005762
112	LdDocent_Contig_29138_390	1	2	0.002343	0.035979	0.003304	0.005762
113	LdDocent_Contig_24056_402	0	1	0.997952	0.986118	0.002888	0.003499
113	LdDocent_Contig_24056_402	1	2	0.002048	0.013882	0.002888	0.003499
114	LdDocent_Contig_527_494	0	1	0.985205	0.992980	0.007836	0.002552
114	LdDocent_Contig_527_494	1	2	0.014795	0.007020	0.007836	0.002552
115	LdDocent_Contig_8065_390	0	1	0.882792	0.980594	0.020595	0.004273
115	LdDocent_Contig_8065_390	1	2	0.117208	0.019406	0.020595	0.004273
116	LdDocent_Contig_81251_341	0	1	0.969265	0.999501	0.011063	0.000704
116	LdDocent_Contig_81251_341	1	2	0.030735	0.000499	0.011063	0.000704
117	LdDocent_Contig_2935_20	0	1	0.997899	0.608821	0.002965	0.014821
117	LdDocent_Contig_2935_20	1	2	0.002101	0.391179	0.002965	0.014821
118	LdDocent_Contig_35183_450	0	1	0.997042	0.990683	0.004096	0.002887
118	LdDocent_Contig_35183_450	1	2	0.002958	0.009317	0.004096	0.002887
119	LdDocent_Contig_6814_386	0	1	0.927746	0.988553	0.019627	0.003358
119	LdDocent_Contig_6814_386	1	2	0.072254	0.011447	0.019627	0.003358
120	LdDocent_Contig_160_7	0	1	0.996334	0.988673	0.005158	0.003183
120	LdDocent_Contig_160_7	1	2	0.003666	0.011327	0.005158	0.003183
121	LdDocent_Contig_1236_34	0	1	0.994083	0.990954	0.008317	0.002778
121	LdDocent_Contig_1236_34	1	2	0.005917	0.009046	0.008317	0.002778
122	LdDocent_Contig_5274_54	0	1	0.951018	0.997819	0.014716	0.001375
122	LdDocent_Contig_5274_54	1	2	0.048982	0.002181	0.014716	0.001375
123	LdDocent_Contig_5583_376	0	1	0.006505	0.293265	0.005281	0.014795
123	LdDocent_Contig_5583_376	1	2	0.993495	0.706735	0.005281	0.014795
124	LdDocent_Contig_38670_362	0	1	0.997793	0.993292	0.003102	0.002621
124	LdDocent_Contig_38670_362	1	2	0.002207	0.006708	0.003102	0.002621
125	LdDocent_Contig_1253_103	0	1	0.998091	0.989824	0.002690	0.002981
125	LdDocent_Contig_1253_103	1	2	0.001909	0.010176	0.002690	0.002981
126	LdDocent_Contig_3639_383	0	1	0.997301	0.962550	0.003798	0.005998
126	LdDocent_Contig_3639_383	1	2	0.002699	0.037450	0.003798	0.005998
127	LdDocent_Contig_72303_51	0	1	0.997926	0.993198	0.002927	0.002475
127	LdDocent_Contig_72303_51	1	2	0.002074	0.006802	0.002927	0.002475
128	LdDocent_Contig_7564_403	0	1	0.993418	0.975880	0.005347	0.004919
128	LdDocent_Contig_7564_403	1	2	0.006582	0.024120	0.005347	0.004919
129	LdDocent_Contig_9177_452	0	1	0.997676	0.988033	0.003263	0.003505
129	LdDocent_Contig_9177_452	1	2	0.002324	0.011967	0.003263	0.003505
130	LdDocent_Contig_845_83	0	1	0.961367	0.999509	0.012264	0.000696
130	LdDocent_Contig_845_83	1	2	0.038633	0.000491	0.012264	0.000696
131	LdDocent_Contig_35645_389	0	1	0.973369	0.998660	0.010288	0.001098
131	LdDocent_Contig_35645_389	1	2	0.026631	0.001340	0.010288	0.001098
132	LdDocent_Contig_60418_73	0	1	0.968768	0.999510	0.011198	0.000694
132	LdDocent_Contig_60418_73	1	2	0.031232	0.000490	0.011198	0.000694
133	LdDocent_Contig_66891_104	0	1	0.998062	0.981691	0.002732	0.004214
133	LdDocent_Contig_66891_104	1	2	0.001938	0.018309	0.002732	0.004214
134	LdDocent_Contig_56615_443	0	1	0.981803	0.984942	0.008404	0.003623
134	LdDocent_Contig_56615_443	1	2	0.018197	0.015058	0.008404	0.003623
135	LdDocent_Contig_96750_119	0	1	0.033554	0.997814	0.011468	0.001388
135	LdDocent_Contig_96750_119	1	2	0.966446	0.002186	0.011468	0.001388
136	LdDocent_Contig_29041_10	0	1	0.878414	0.932377	0.021660	0.007585
136	LdDocent_Contig_29041_10	1	2	0.121586	0.067623	0.021660	0.007585
137	LdDocent_Contig_1508_470	0	1	0.914780	0.999518	0.018008	0.000679
137	LdDocent_Contig_1508_470	1	2	0.085220	0.000482	0.018008	0.000679
138	LdDocent_Contig_13040_148	0	1	0.943760	0.999548	0.014346	0.000639
138	LdDocent_Contig_13040_148	1	2	0.056240	0.000452	0.014346	0.000639
139	LdDocent_Contig_19946_25	0	1	0.949538	0.999518	0.014484	0.000681
139	LdDocent_Contig_19946_25	1	2	0.050462	0.000482	0.014484	0.000681
140	LdDocent_Contig_91285_26	0	1	0.997965	0.988096	0.002874	0.003346
140	LdDocent_Contig_91285_26	1	2	0.002035	0.011904	0.002874	0.003346
141	LdDocent_Contig_1146_501	0	1	0.632259	0.949860	0.033139	0.007079
141	LdDocent_Contig_1146_501	1	2	0.367741	0.050140	0.033139	0.007079
142	LdDocent_Contig_59564_136	0	1	0.989277	0.909382	0.006727	0.008654
142	LdDocent_Contig_59564_136	1	2	0.010723	0.090618	0.006727	0.008654
143	LdDocent_Contig_536_406	0	1	0.997883	0.986942	0.002982	0.003531
143	LdDocent_Contig_536_406	1	2	0.002117	0.013058	0.002982	0.003531
144	LdDocent_Contig_1792_462	0	1	0.829243	0.997715	0.025069	0.001444
144	LdDocent_Contig_1792_462	1	2	0.170757	0.002285	0.025069	0.001444
145	LdDocent_Contig_1629_400	0	1	0.948160	0.999563	0.013716	0.000617
145	LdDocent_Contig_1629_400	1	2	0.051840	0.000437	0.013716	0.000617
146	LdDocent_Contig_38007_408	0	1	0.997593	0.978065	0.003381	0.004676
146	LdDocent_Contig_38007_408	1	2	0.002407	0.021935	0.003381	0.004676
147	LdDocent_Contig_1875_18	0	2	0.965377	0.838396	0.012998	0.011063
147	LdDocent_Contig_1875_18	1	1	0.034623	0.161604	0.012998	0.011063
148	LdDocent_Contig_3236_426	0	1	0.945102	0.999497	0.015705	0.000712
148	LdDocent_Contig_3236_426	1	2	0.054898	0.000503	0.015705	0.000712
149	LdDocent_Contig_10199_293	0	1	0.997785	0.989687	0.003121	0.003160
149	LdDocent_Contig_10199_293	1	2	0.002215	0.010313	0.003121	0.003160
150	LdDocent_Contig_2763_332	0	1	0.997688	0.991387	0.003210	0.002800
150	LdDocent_Contig_2763_332	1	2	0.002312	0.008613	0.003210	0.002800
151	LdDocent_Contig_18105_445	0	1	0.997741	0.990423	0.003182	0.003091
151	LdDocent_Contig_18105_445	1	2	0.002259	0.009577	0.003182	0.003091
152	LdDocent_Contig_642_418	0	1	0.996584	0.986391	0.004407	0.003512
152	LdDocent_Contig_642_418	1	2	0.003416	0.013609	0.004407	0.003512
153	LdDocent_Contig_1778_125	0	1	0.997957	0.899560	0.002880	0.009018
153	LdDocent_Contig_1778_125	1	2	0.002043	0.100440	0.002880	0.009018
154	LdDocent_Contig_2523_454	0	1	0.998016	0.993388	0.002797	0.002411
154	LdDocent_Contig_2523_454	1	2	0.001984	0.006612	0.002797	0.002411
155	LdDocent_Contig_31285_385	0	1	0.997934	0.988546	0.002909	0.003217
155	LdDocent_Contig_31285_385	1	2	0.002066	0.011454	0.002909	0.003217
156	LdDocent_Contig_59794_426	0	1	0.991540	0.993575	0.006633	0.002613
156	LdDocent_Contig_59794_426	1	2	0.008460	0.006425	0.006633	0.002613
157	LdDocent_Contig_296_143	0	1	0.968905	0.999530	0.011151	0.000665
157	LdDocent_Contig_296_143	1	2	0.031095	0.000470	0.011151	0.000665
158	LdDocent_Contig_2985_333	0	1	0.428526	0.834192	0.031420	0.011078
158	LdDocent_Contig_2985_333	1	2	0.571474	0.165808	0.031420	0.011078
159	LdDocent_Contig_5201_330	0	1	0.731483	0.864258	0.062913	0.010150
159	LdDocent_Contig_5201_330	1	2	0.268517	0.135742	0.062913	0.010150
160	LdDocent_Contig_5854_133	0	2	0.997869	0.926915	0.003008	0.008148
160	LdDocent_Contig_5854_133	1	1	0.002131	0.073085	0.003008	0.008148
161	LdDocent_Contig_1722_466	0	2	0.993760	0.488699	0.005086	0.014696
161	LdDocent_Contig_1722_466	1	1	0.006240	0.511301	0.005086	0.014696
162	LdDocent_Contig_6302_85	0	1	0.997293	0.978737	0.003807	0.004538
162	LdDocent_Contig_6302_85	1	2	0.002707	0.021263	0.003807	0.004538
163	LdDocent_Contig_531_334	0	1	0.998042	0.992115	0.002760	0.002693
163	LdDocent_Contig_531_334	1	2	0.001958	0.007885	0.002760	0.002693
164	LdDocent_Contig_261_140	0	1	0.992584	0.785680	0.006021	0.012979
164	LdDocent_Contig_261_140	1	2	0.007416	0.214320	0.006021	0.012979
165	LdDocent_Contig_22232_67	0	1	0.966827	0.999499	0.011881	0.000710
165	LdDocent_Contig_22232_67	1	2	0.033173	0.000501	0.011881	0.000710
166	LdDocent_Contig_569_458	0	2	0.002307	0.190143	0.003249	0.012205
166	LdDocent_Contig_569_458	1	1	0.997693	0.809857	0.003249	0.012205
167	LdDocent_Contig_8396_64	0	1	0.997829	0.947870	0.003058	0.007073
167	LdDocent_Contig_8396_64	1	2	0.002171	0.052130	0.003058	0.007073
168	LdDocent_Contig_31898_418	0	1	0.997779	0.988815	0.003133	0.003277
168	LdDocent_Contig_31898_418	1	2	0.002221	0.011185	0.003133	0.003277
169	LdDocent_Contig_2082_46	0	1	0.998140	0.958596	0.002620	0.005880
169	LdDocent_Contig_2082_46	1	2	0.001860	0.041404	0.002620	0.005880
170	LdDocent_Contig_301_42	0	1	0.002085	0.995750	0.002944	0.002116
170	LdDocent_Contig_301_42	1	2	0.997915	0.004250	0.002944	0.002116
171	LdDocent_Contig_62356_87	0	1	0.997130	0.989499	0.003834	0.003124
171	LdDocent_Contig_62356_87	1	2	0.002870	0.010501	0.003834	0.003124
172	LdDocent_Contig_1814_354	0	1	0.961271	0.999492	0.012353	0.000716
172	LdDocent_Contig_1814_354	1	2	0.038729	0.000508	0.012353	0.000716
173	LdDocent_Contig_2017_52	0	1	0.053959	0.994662	0.014261	0.002206
173	LdDocent_Contig_2017_52	1	2	0.946041	0.005338	0.014261	0.002206
174	LdDocent_Contig_3716_93	0	1	0.993968	0.951913	0.004912	0.006731
174	LdDocent_Contig_3716_93	1	2	0.006032	0.048087	0.004912	0.006731
175	LdDocent_Contig_931_447	0	1	0.997780	0.989917	0.003133	0.003097
175	LdDocent_Contig_931_447	1	2	0.002220	0.010083	0.003133	0.003097
176	LdDocent_Contig_6037_101	0	1	0.962399	0.999500	0.012631	0.000706
176	LdDocent_Contig_6037_101	1	2	0.037601	0.000500	0.012631	0.000706
177	LdDocent_Contig_50906_460	0	1	0.997990	0.992157	0.002840	0.002677
177	LdDocent_Contig_50906_460	1	2	0.002010	0.007843	0.002840	0.002677
178	LdDocent_Contig_12779_143	0	1	0.997341	0.988599	0.003583	0.003115
178	LdDocent_Contig_12779_143	1	2	0.002659	0.011401	0.003583	0.003115
179	LdDocent_Contig_714_530	0	1	0.988729	0.993501	0.007077	0.002540
179	LdDocent_Contig_714_530	1	2	0.011271	0.006499	0.007077	0.002540
180	LdDocent_Contig_1770_106	0	1	0.990144	0.858453	0.006191	0.010409
180	LdDocent_Contig_1770_106	1	2	0.009856	0.141547	0.006191	0.010409
181	LdDocent_Contig_879_336	0	1	0.006318	0.997589	0.005163	0.001521
181	LdDocent_Contig_879_336	1	2	0.993682	0.002411	0.005163	0.001521
182	LdDocent_Contig_1065_489	0	1	0.990467	0.994947	0.006916	0.002329
182	LdDocent_Contig_1065_489	1	2	0.009533	0.005053	0.006916	0.002329
183	LdDocent_Contig_1960_27	0	1	0.414981	0.996757	0.042805	0.001858
183	LdDocent_Contig_1960_27	1	2	0.585019	0.003243	0.042805	0.001858
184	LdDocent_Contig_89475_470	0	1	0.798705	0.998657	0.026348	0.001094
184	LdDocent_Contig_89475_470	1	2	0.201295	0.001343	0.026348	0.001094
185	LdDocent_Contig_16527_454	0	1	0.977440	0.920733	0.009494	0.008424
185	LdDocent_Contig_16527_454	1	2	0.022560	0.079267	0.009494	0.008424
186	LdDocent_Contig_14127_482	0	1	0.997970	0.992191	0.002854	0.002667
186	LdDocent_Contig_14127_482	1	2	0.002030	0.007809	0.002854	0.002667
187	LdDocent_Contig_1583_367	0	1	0.975148	0.981226	0.019895	0.004009
187	LdDocent_Contig_1583_367	1	2	0.024852	0.018774	0.019895	0.004009
188	LdDocent_Contig_20645_16	0	1	0.997879	0.989988	0.002989	0.003067
188	LdDocent_Contig_20645_16	1	2	0.002121	0.010012	0.002989	0.003067
189	LdDocent_Contig_15051_388	0	1	0.997797	0.990385	0.003111	0.003103
189	LdDocent_Contig_15051_388	1	2	0.002203	0.009615	0.003111	0.003103
190	LdDocent_Contig_940_379	0	1	0.017986	0.996903	0.008392	0.001753
190	LdDocent_Contig_940_379	1	2	0.982014	0.003097	0.008392	0.001753
191	LdDocent_Contig_1983_105	0	1	0.997800	0.987230	0.003102	0.003588
191	LdDocent_Contig_1983_105	1	2	0.002200	0.012770	0.003102	0.003588
192	LdDocent_Contig_5911_120	0	1	0.997518	0.989836	0.003492	0.003118
192	LdDocent_Contig_5911_120	1	2	0.002482	0.010164	0.003492	0.003118
193	LdDocent_Contig_1263_350	0	1	0.996908	0.990814	0.004070	0.003024
193	LdDocent_Contig_1263_350	1	2	0.003092	0.009186	0.004070	0.003024
194	LdDocent_Contig_1585_417	0	1	0.997767	0.869990	0.003135	0.010412
194	LdDocent_Contig_1585_417	1	2	0.002233	0.130010	0.003135	0.010412
195	LdDocent_Contig_14520_40	0	1	0.751552	0.998595	0.027451	0.001149
195	LdDocent_Contig_14520_40	1	2	0.248448	0.001405	0.027451	0.001149
196	LdDocent_Contig_1635_376	0	1	0.997810	0.980580	0.003090	0.004243
196	LdDocent_Contig_1635_376	1	2	0.002190	0.019420	0.003090	0.004243
197	LdDocent_Contig_31548_378	0	1	0.968284	0.996569	0.011709	0.001810
197	LdDocent_Contig_31548_378	1	2	0.031716	0.003431	0.011709	0.001810
198	LdDocent_Contig_72884_89	0	1	0.934404	0.998664	0.015562	0.001090
198	LdDocent_Contig_72884_89	1	2	0.065596	0.001336	0.015562	0.001090
199	LdDocent_Contig_64727_373	0	1	0.992348	0.903867	0.006112	0.008872
199	LdDocent_Contig_64727_373	1	2	0.007652	0.096133	0.006112	0.008872
