999901_sweeps	1.000/0.000/0.000/0.000	0.000/0.000/0.000/1.000	0.000/0.500/0.500/0.000	0.250/0.250/0.250/0.250	0.500/0.250/0.250/0.000	0.000/0.250/0.250/0.500
1	0.00000	0.99964	0.00000	0.00000	0.00000	0.00036
2	0.00000	0.99989	0.00000	0.00000	0.00000	0.00011
3	0.00000	0.99999	0.00000	0.00000	0.00000	0.00001
4	0.00000	0.97462	0.00000	0.00044	0.00000	0.02495
5	0.00000	0.99966	0.00000	0.00000	0.00000	0.00034
6	0.00000	0.99987	0.00000	0.00000	0.00000	0.00013
7	0.00000	0.99340	0.00000	0.00000	0.00000	0.00660
8	0.00000	0.99999	0.00000	0.00000	0.00000	0.00001
9	0.00000	0.99996	0.00000	0.00000	0.00000	0.00004
10	0.00000	0.00000	0.00168	0.05336	0.94495	0.00000
11	1.00000	0.00000	0.00000	0.00000	0.00000	0.00000
12	0.00000	0.81840	0.00000	0.00103	0.00000	0.18057
13	0.00000	0.99996	0.00000	0.00000	0.00000	0.00004
14	0.00000	1.00000	0.00000	0.00000	0.00000	0.00000
15	0.00000	0.99803	0.00000	0.00000	0.00000	0.00197
16	0.00000	0.99955	0.00000	0.00000	0.00000	0.00044
17	0.99997	0.00000	0.00000	0.00000	0.00003	0.00000
18	0.78311	0.00000	0.00036	0.03990	0.17655	0.00008
19	0.00000	0.73056	0.00000	0.04698	0.00000	0.22246
20	0.99994	0.00000	0.00000	0.00000	0.00006	0.00000
21	0.00000	0.00008	0.00001	0.99075	0.00154	0.00761
22	0.00000	0.99883	0.00000	0.00000	0.00000	0.00117
23	0.83295	0.00000	0.00000	0.00698	0.16006	0.00000
24	0.99978	0.00000	0.00000	0.00000	0.00022	0.00000
25	1.00000	0.00000	0.00000	0.00000	0.00000	0.00000
26	0.00000	0.99985	0.00000	0.00000	0.00000	0.00015
27	0.00000	0.99999	0.00000	0.00000	0.00000	0.00001
28	0.00000	0.98746	0.00000	0.00000	0.00000	0.01254
29	0.00000	0.99999	0.00000	0.00000	0.00000	0.00001
30	0.99993	0.00000	0.00000	0.00000	0.00007	0.00000
31	0.99995	0.00000	0.00000	0.00000	0.00005	0.00000
32	0.00000	0.99145	0.00000	0.00008	0.00000	0.00848
33	0.99978	0.00000	0.00000	0.00000	0.00022	0.00000
34	0.00000	0.86618	0.00020	0.01618	0.00003	0.11741
35	0.00000	0.93381	0.00000	0.00414	0.00000	0.06204
36	0.00000	0.99999	0.00000	0.00000	0.00000	0.00001
37	0.99992	0.00000	0.00000	0.00000	0.00008	0.00000
38	0.99994	0.00000	0.00000	0.00000	0.00006	0.00000
39	0.00000	0.99996	0.00000	0.00000	0.00000	0.00004
40	0.00000	0.99999	0.00000	0.00000	0.00000	0.00001
41	0.00000	1.00000	0.00000	0.00000	0.00000	0.00000
42	0.00000	0.99999	0.00000	0.00000	0.00000	0.00001
43	0.00016	0.00000	0.00000	0.00016	0.99968	0.00000
44	0.00000	0.99994	0.00000	0.00000	0.00000	0.00006
45	0.99924	0.00000	0.00000	0.00000	0.00076	0.00000
46	0.00000	0.99973	0.00000	0.00000	0.00000	0.00027
47	0.00000	0.99852	0.00000	0.00000	0.00000	0.00148
48	0.98410	0.00000	0.00000	0.00000	0.01590	0.00000
49	0.99968	0.00000	0.00000	0.00000	0.00032	0.00000
50	0.00000	0.97826	0.00000	0.00042	0.00000	0.02132
51	0.00000	1.00000	0.00000	0.00000	0.00000	0.00000
52	0.00000	0.99996	0.00000	0.00000	0.00000	0.00004
53	0.27136	0.00000	0.00000	0.01258	0.71607	0.00000
54	0.00000	0.99967	0.00000	0.00000	0.00000	0.00033
55	0.00000	1.00000	0.00000	0.00000	0.00000	0.00000
56	0.03683	0.00000	0.00000	0.77404	0.18913	0.00000
57	0.00000	0.99999	0.00000	0.00000	0.00000	0.00001
58	0.00000	1.00000	0.00000	0.00000	0.00000	0.00000
59	0.00000	0.99964	0.00000	0.00000	0.00000	0.00036
60	0.00000	0.99999	0.00000	0.00000	0.00000	0.00001
61	0.00000	0.99994	0.00000	0.00000	0.00000	0.00006
62	0.00000	1.00000	0.00000	0.00000	0.00000	0.00000
63	0.00000	0.99999	0.00000	0.00000	0.00000	0.00001
64	0.00000	0.95666	0.00000	0.00000	0.00000	0.04334
65	0.00000	0.99837	0.00000	0.00000	0.00000	0.00163
66	1.00000	0.00000	0.00000	0.00000	0.00000	0.00000
67	0.00000	1.00000	0.00000	0.00000	0.00000	0.00000
68	0.00000	0.99905	0.00000	0.00000	0.00000	0.00095
69	0.00001	0.71203	0.00183	0.06713	0.00057	0.21844
70	0.00000	0.99998	0.00000	0.00000	0.00000	0.00002
71	0.00000	1.00000	0.00000	0.00000	0.00000	0.00000
72	0.00000	0.99999	0.00000	0.00000	0.00000	0.00001
73	0.00000	0.99542	0.00000	0.00001	0.00000	0.00456
74	0.00000	0.99999	0.00000	0.00000	0.00000	0.00001
75	0.00000	1.00000	0.00000	0.00000	0.00000	0.00000
76	0.00000	0.99999	0.00000	0.00000	0.00000	0.00001
77	1.00000	0.00000	0.00000	0.00000	0.00000	0.00000
78	0.99910	0.00000	0.00000	0.00000	0.00090	0.00000
79	0.99917	0.00000	0.00000	0.00000	0.00083	0.00000
80	0.00000	0.72772	0.00000	0.05949	0.00000	0.21279
81	0.00000	1.00000	0.00000	0.00000	0.00000	0.00000
82	0.75000	0.00000	0.00171	0.05149	0.19634	0.00045
83	0.99919	0.00000	0.00000	0.00000	0.00081	0.00000
84	0.00000	1.00000	0.00000	0.00000	0.00000	0.00000
85	0.99938	0.00000	0.00000	0.00000	0.00062	0.00000
86	0.92464	0.00000	0.00000	0.00001	0.07535	0.00000
87	0.00000	0.99999	0.00000	0.00000	0.00000	0.00001
88	0.99973	0.00000	0.00000	0.00000	0.00027	0.00000
89	0.00000	0.99932	0.00000	0.00000	0.00000	0.00068
90	0.00000	1.00000	0.00000	0.00000	0.00000	0.00000
91	0.98991	0.00000	0.00000	0.00007	0.01002	0.00000
92	0.00000	0.00000	0.00000	0.00051	0.00000	0.99949
93	0.00000	0.99995	0.00000	0.00000	0.00000	0.00005
94	0.99889	0.00000	0.00000	0.00000	0.00110	0.00000
95	0.00000	0.99999	0.00000	0.00000	0.00000	0.00001
96	0.00000	0.88985	0.00000	0.00001	0.00000	0.11014
97	0.99970	0.00000	0.00000	0.00000	0.00030	0.00000
98	0.00000	0.99997	0.00000	0.00000	0.00000	0.00003
99	0.00000	0.74261	0.00150	0.05449	0.00041	0.20097
100	0.00000	1.00000	0.00000	0.00000	0.00000	0.00000
101	0.00000	0.99996	0.00000	0.00000	0.00000	0.00004
102	0.00000	0.99984	0.00000	0.00000	0.00000	0.00016
103	0.00000	1.00000	0.00000	0.00000	0.00000	0.00000
104	0.00000	0.99962	0.00000	0.00000	0.00000	0.00038
105	0.00000	0.94266	0.00000	0.00283	0.00000	0.05451
106	0.00000	1.00000	0.00000	0.00000	0.00000	0.00000
107	0.00000	0.99962	0.00000	0.00000	0.00000	0.00038
108	0.99908	0.00000	0.00000	0.00000	0.00092	0.00000
109	0.00000	0.99985	0.00000	0.00000	0.00000	0.00015
110	0.00000	0.99972	0.00000	0.00000	0.00000	0.00028
111	0.00000	0.99999	0.00000	0.00000	0.00000	0.00001
112	0.99969	0.00000	0.00000	0.00000	0.00031	0.00000
113	0.99985	0.00000	0.00000	0.00000	0.00015	0.00000
114	0.00000	0.99999	0.00000	0.00000	0.00000	0.00001
115	0.00000	1.00000	0.00000	0.00000	0.00000	0.00000
116	0.49549	0.00000	0.00000	0.00036	0.50415	0.00000
117	0.00000	0.99999	0.00000	0.00000	0.00000	0.00001
118	1.00000	0.00000	0.00000	0.00000	0.00000	0.00000
119	0.99994	0.00000	0.00000	0.00000	0.00006	0.00000
120	0.00000	0.99999	0.00000	0.00000	0.00000	0.00001
121	0.00000	1.00000	0.00000	0.00000	0.00000	0.00000
122	0.00000	0.99996	0.00000	0.00000	0.00000	0.00004
123	0.00000	0.85501	0.00071	0.01852	0.00011	0.12567
124	0.00000	0.99998	0.00000	0.00000	0.00000	0.00002
125	0.00000	0.99970	0.00000	0.00000	0.00000	0.00030
126	0.00000	0.99999	0.00000	0.00000	0.00000	0.00001
127	0.00000	0.99979	0.00000	0.00000	0.00000	0.00021
128	0.00000	0.99996	0.00000	0.00000	0.00000	0.00004
129	0.00000	0.99773	0.00000	0.00000	0.00000	0.00226
130	0.00000	0.98597	0.00000	0.00000	0.00000	0.01403
131	0.99879	0.00000	0.00000	0.00000	0.00121	0.00000
132	0.00000	0.99999	0.00000	0.00000	0.00000	0.00001
133	0.00000	1.00000	0.00000	0.00000	0.00000	0.00000
134	0.00000	0.99975	0.00000	0.00000	0.00000	0.00025
135	0.00000	0.99951	0.00000	0.00000	0.00000	0.00049
136	0.00000	0.99999	0.00000	0.00000	0.00000	0.00001
137	0.00000	0.99995	0.00000	0.00000	0.00000	0.00005
138	0.99890	0.00000	0.00000	0.00000	0.00110	0.00000
139	0.98734	0.00000	0.00000	0.00000	0.01266	0.00000
140	0.99990	0.00000	0.00000	0.00000	0.00010	0.00000
141	0.81824	0.00000	0.00000	0.03020	0.15156	0.00000
142	0.99951	0.00000	0.00000	0.00000	0.00049	0.00000
143	0.00000	0.99999	0.00000	0.00000	0.00000	0.00001
144	0.97392	0.00000	0.00000	0.00000	0.02608	0.00000
145	0.99623	0.00000	0.00000	0.00000	0.00377	0.00000
146	0.99992	0.00000	0.00000	0.00000	0.00008	0.00000
147	0.99773	0.00000	0.00000	0.00001	0.00226	0.00000
148	0.99998	0.00000	0.00000	0.00000	0.00002	0.00000
149	0.99992	0.00000	0.00000	0.00000	0.00008	0.00000
150	0.99987	0.00000	0.00000	0.00000	0.00013	0.00000
151	0.00000	0.97279	0.00000	0.00042	0.00000	0.02680
152	0.07349	0.29071	0.14568	0.16312	0.10935	0.21765
153	0.00000	0.99972	0.00000	0.00000	0.00000	0.00028
154	0.00000	0.99997	0.00000	0.00000	0.00000	0.00003
155	0.00000	0.99989	0.00000	0.00000	0.00000	0.00011
156	0.00000	0.99988	0.00000	0.00000	0.00000	0.00012
157	0.00000	0.99995	0.00000	0.00000	0.00000	0.00005
158	0.00000	0.99996	0.00000	0.00000	0.00000	0.00004
159	0.00000	0.99977	0.00000	0.00000	0.00000	0.00023
160	0.00000	0.99999	0.00000	0.00000	0.00000	0.00001
161	0.00000	0.99987	0.00000	0.00000	0.00000	0.00013
162	0.95046	0.00000	0.00000	0.00001	0.04953	0.00000
163	0.00000	1.00000	0.00000	0.00000	0.00000	0.00000
164	0.00000	0.99970	0.00000	0.00000	0.00000	0.00030
165	0.00000	0.98660	0.00000	0.00013	0.00000	0.01327
166	0.99993	0.00000	0.00000	0.00000	0.00007	0.00000
167	0.99998	0.00000	0.00000	0.00000	0.00002	0.00000
168	0.99984	0.00000	0.00000	0.00000	0.00016	0.00000
169	0.00000	0.99992	0.00000	0.00000	0.00000	0.00008
170	0.00000	0.99959	0.00000	0.00000	0.00000	0.00041
171	0.00000	0.99994	0.00000	0.00000	0.00000	0.00006
172	0.00000	0.99848	0.00000	0.00000	0.00000	0.00152
173	0.99349	0.00000	0.00000	0.00001	0.00650	0.00000
174	0.00000	0.99997	0.00000	0.00000	0.00000	0.00003
175	0.00000	0.99939	0.00000	0.00000	0.00000	0.00061
176	0.00000	1.00000	0.00000	0.00000	0.00000	0.00000
177	0.00000	0.99999	0.00000	0.00000	0.00000	0.00001
178	0.99999	0.00000	0.00000	0.00000	0.00001	0.00000
179	0.99986	0.00000	0.00000	0.00000	0.00014	0.00000
180	0.00000	0.99714	0.00000	0.00000	0.00000	0.00286
181	0.00000	0.99999	0.00000	0.00000	0.00000	0.00001
182	0.80229	0.00000	0.00000	0.02887	0.16884	0.00000
183	0.00000	0.98638	0.00000	0.00000	0.00000	0.01362
184	0.00000	1.00000	0.00000	0.00000	0.00000	0.00000
185	0.00000	1.00000	0.00000	0.00000	0.00000	0.00000
186	0.99957	0.00000	0.00000	0.00000	0.00043	0.00000
187	0.00000	0.99744	0.00000	0.00000	0.00000	0.00256
188	0.00000	1.00000	0.00000	0.00000	0.00000	0.00000
189	0.00000	0.99978	0.00000	0.00000	0.00000	0.00022
190	0.00000	0.72375	0.00000	0.02670	0.00000	0.24955
191	0.99944	0.00000	0.00000	0.00000	0.00056	0.00000
192	0.99917	0.00000	0.00000	0.00000	0.00083	0.00000
193	0.98564	0.00000	0.00000	0.00000	0.01436	0.00000
194	0.00000	0.99981	0.00000	0.00000	0.00000	0.00019
195	0.00000	0.99998	0.00000	0.00000	0.00000	0.00002
196	0.00000	0.99999	0.00000	0.00000	0.00000	0.00001
197	0.00000	0.99509	0.00000	0.00002	0.00000	0.00488
198	0.00000	0.99995	0.00000	0.00000	0.00000	0.00005
199	0.00000	0.99998	0.00000	0.00000	0.00000	0.00002
200	0.00000	0.00000	0.15195	0.82920	0.00033	0.01852
201	0.00000	0.94589	0.00000	0.00000	0.00000	0.05411
202	0.00000	0.99823	0.00000	0.00000	0.00000	0.00177
203	0.00000	0.82389	0.00099	0.02636	0.00017	0.14858
204	0.00000	0.99998	0.00000	0.00000	0.00000	0.00002
205	0.00000	1.00000	0.00000	0.00000	0.00000	0.00000
206	0.00000	0.99990	0.00000	0.00000	0.00000	0.00010
207	0.00000	1.00000	0.00000	0.00000	0.00000	0.00000
208	0.00000	0.99998	0.00000	0.00000	0.00000	0.00002
209	0.00000	0.99998	0.00000	0.00000	0.00000	0.00002
210	0.00000	0.99981	0.00000	0.00000	0.00000	0.00019
211	0.00000	0.13911	0.00000	0.00002	0.00000	0.86088
212	0.00000	0.99999	0.00000	0.00000	0.00000	0.00001
213	0.98397	0.00000	0.00000	0.00000	0.01602	0.00000
214	0.99994	0.00000	0.00000	0.00000	0.00006	0.00000
215	0.00000	1.00000	0.00000	0.00000	0.00000	0.00000
216	0.00000	0.99809	0.00000	0.00000	0.00000	0.00191
217	0.00000	0.99997	0.00000	0.00000	0.00000	0.00003
218	0.00000	1.00000	0.00000	0.00000	0.00000	0.00000
219	0.00000	0.99949	0.00000	0.00000	0.00000	0.00051
220	0.00000	0.96680	0.00000	0.00107	0.00000	0.03213
221	0.00000	0.99999	0.00000	0.00000	0.00000	0.00001
222	0.00000	1.00000	0.00000	0.00000	0.00000	0.00000
223	0.00000	0.99956	0.00000	0.00000	0.00000	0.00044
224	0.00000	0.99997	0.00000	0.00000	0.00000	0.00003
225	0.00000	0.99998	0.00000	0.00000	0.00000	0.00002
226	0.99999	0.00000	0.00000	0.00000	0.00001	0.00000
227	0.00000	0.99997	0.00000	0.00000	0.00000	0.00003
228	0.00000	0.99303	0.00000	0.00002	0.00000	0.00695
229	0.66362	0.00000	0.00117	0.08409	0.25083	0.00030
230	0.00000	0.99991	0.00000	0.00000	0.00000	0.00009
231	0.00000	0.99998	0.00000	0.00000	0.00000	0.00002
232	0.00000	0.99666	0.00000	0.00001	0.00000	0.00333
233	0.99997	0.00000	0.00000	0.00000	0.00003	0.00000
234	0.00000	0.99980	0.00000	0.00000	0.00000	0.00020
235	0.00000	0.98399	0.00000	0.00000	0.00000	0.01601
236	0.00000	0.99892	0.00000	0.00000	0.00000	0.00108
237	0.00000	0.99796	0.00000	0.00000	0.00000	0.00204
238	0.00000	0.99997	0.00000	0.00000	0.00000	0.00003
239	0.99996	0.00000	0.00000	0.00000	0.00004	0.00000
240	0.99533	0.00000	0.00000	0.00000	0.00467	0.00000
241	0.99992	0.00000	0.00000	0.00000	0.00008	0.00000
242	0.99987	0.00000	0.00000	0.00000	0.00013	0.00000
243	0.00000	0.99998	0.00000	0.00000	0.00000	0.00002
244	0.99974	0.00000	0.00000	0.00000	0.00026	0.00000
245	0.99994	0.00000	0.00000	0.00000	0.00006	0.00000
246	0.00000	0.99970	0.00000	0.00000	0.00000	0.00030
247	0.00000	0.99999	0.00000	0.00000	0.00000	0.00001
248	0.00000	0.99998	0.00000	0.00000	0.00000	0.00002
249	0.00000	0.89730	0.00000	0.00005	0.00000	0.10265
250	0.00000	0.99990	0.00000	0.00000	0.00000	0.00010
251	0.00000	0.99997	0.00000	0.00000	0.00000	0.00003
252	0.00000	0.99998	0.00000	0.00000	0.00000	0.00002
253	0.00000	0.99999	0.00000	0.00000	0.00000	0.00001
254	0.00000	0.99994	0.00000	0.00000	0.00000	0.00006
255	0.00000	0.99994	0.00000	0.00000	0.00000	0.00006
256	0.00000	0.99943	0.00000	0.00000	0.00000	0.00057
257	0.00000	0.99999	0.00000	0.00000	0.00000	0.00001
258	0.00000	0.99747	0.00000	0.00000	0.00000	0.00253
259	0.00000	0.99998	0.00000	0.00000	0.00000	0.00002
260	0.00000	0.99529	0.00000	0.00002	0.00000	0.00469
261	0.00000	1.00000	0.00000	0.00000	0.00000	0.00000
262	0.00000	0.99999	0.00000	0.00000	0.00000	0.00001
263	0.00000	0.99999	0.00000	0.00000	0.00000	0.00001
264	0.00000	0.99999	0.00000	0.00000	0.00000	0.00001
265	0.00000	0.05759	0.00003	0.75492	0.00014	0.18732
266	0.00000	0.99999	0.00000	0.00000	0.00000	0.00001
267	0.00000	0.99981	0.00000	0.00000	0.00000	0.00019
268	0.00000	0.99996	0.00000	0.00000	0.00000	0.00004
269	0.00000	0.99994	0.00000	0.00000	0.00000	0.00006
270	0.00000	0.99995	0.00000	0.00000	0.00000	0.00005
271	0.00000	0.99999	0.00000	0.00000	0.00000	0.00001
272	0.00000	0.99989	0.00000	0.00000	0.00000	0.00011
273	0.00000	0.99577	0.00000	0.00000	0.00000	0.00423
274	0.00000	0.99998	0.00000	0.00000	0.00000	0.00002
275	0.00000	0.99980	0.00000	0.00000	0.00000	0.00020
276	0.00000	0.99943	0.00000	0.00000	0.00000	0.00057
277	0.00000	0.99992	0.00000	0.00000	0.00000	0.00008
278	0.00000	1.00000	0.00000	0.00000	0.00000	0.00000
279	0.00000	0.99991	0.00000	0.00000	0.00000	0.00009
280	0.00000	0.99999	0.00000	0.00000	0.00000	0.00001
281	0.00000	0.99274	0.00000	0.00003	0.00000	0.00723
282	0.00000	0.99950	0.00000	0.00000	0.00000	0.00050
283	0.99999	0.00000	0.00000	0.00000	0.00001	0.00000
284	0.00000	0.99586	0.00000	0.00002	0.00000	0.00412
285	0.00000	0.99999	0.00000	0.00000	0.00000	0.00001
286	0.00000	0.99997	0.00000	0.00000	0.00000	0.00003
287	0.00000	0.99999	0.00000	0.00000	0.00000	0.00001
288	0.00000	0.99992	0.00000	0.00000	0.00000	0.00008
289	0.00000	0.99997	0.00000	0.00000	0.00000	0.00003
290	0.00000	0.99990	0.00000	0.00000	0.00000	0.00010
291	0.00000	0.99999	0.00000	0.00000	0.00000	0.00001
292	0.00000	0.58016	0.00000	0.00008	0.00000	0.41976
293	0.00000	0.99995	0.00000	0.00000	0.00000	0.00005
294	0.00000	0.99987	0.00000	0.00000	0.00000	0.00013
295	0.00000	1.00000	0.00000	0.00000	0.00000	0.00000
296	0.99986	0.00000	0.00000	0.00000	0.00014	0.00000
297	0.16940	0.16395	0.16665	0.16666	0.16803	0.16530
298	0.00000	0.99494	0.00000	0.00000	0.00000	0.00506
299	0.00001	0.78212	0.00238	0.03952	0.00054	0.17543
300	0.99997	0.00000	0.00000	0.00000	0.00003	0.00000
301	0.00000	0.99982	0.00000	0.00000	0.00000	0.00018
302	0.00000	0.99999	0.00000	0.00000	0.00000	0.00001
303	0.00000	0.99999	0.00000	0.00000	0.00000	0.00001
304	0.00000	0.99937	0.00000	0.00000	0.00000	0.00063
305	0.00000	0.99999	0.00000	0.00000	0.00000	0.00001
306	0.00000	0.99997	0.00000	0.00000	0.00000	0.00003
307	0.00000	0.99965	0.00000	0.00000	0.00000	0.00035
308	0.00000	0.99997	0.00000	0.00000	0.00000	0.00003
309	0.00000	1.00000	0.00000	0.00000	0.00000	0.00000
310	0.00000	0.99993	0.00000	0.00000	0.00000	0.00007
311	0.00000	0.99998	0.00000	0.00000	0.00000	0.00002
312	0.00000	0.94944	0.00000	0.00269	0.00000	0.04787
313	0.00000	0.99999	0.00000	0.00000	0.00000	0.00001
314	0.00000	0.99998	0.00000	0.00000	0.00000	0.00002
315	0.00000	0.99738	0.00000	0.00000	0.00000	0.00262
316	0.00000	0.99990	0.00000	0.00000	0.00000	0.00010
317	0.00000	0.99999	0.00000	0.00000	0.00000	0.00001
318	0.00000	0.99996	0.00000	0.00000	0.00000	0.00004
319	0.00000	0.99995	0.00000	0.00000	0.00000	0.00005
320	0.00000	0.99969	0.00000	0.00000	0.00000	0.00031
321	0.00000	1.00000	0.00000	0.00000	0.00000	0.00000
322	0.00000	0.99969	0.00000	0.00000	0.00000	0.00031
323	0.00000	0.99997	0.00000	0.00000	0.00000	0.00003
324	0.00000	0.99995	0.00000	0.00000	0.00000	0.00005
325	0.00000	0.99983	0.00000	0.00000	0.00000	0.00017
326	0.00000	0.77100	0.00000	0.00003	0.00000	0.22896
327	0.00000	0.98352	0.00000	0.00022	0.00000	0.01626
328	0.00000	1.00000	0.00000	0.00000	0.00000	0.00000
329	0.00000	0.99987	0.00000	0.00000	0.00000	0.00013
330	0.00000	0.99996	0.00000	0.00000	0.00000	0.00004
331	0.00000	0.98694	0.00000	0.00017	0.00000	0.01289
332	0.00000	0.99999	0.00000	0.00000	0.00000	0.00001
333	0.00000	1.00000	0.00000	0.00000	0.00000	0.00000
334	0.00000	0.99998	0.00000	0.00000	0.00000	0.00002
335	0.00000	0.99999	0.00000	0.00000	0.00000	0.00001
336	0.00000	0.99985	0.00000	0.00000	0.00000	0.00015
337	0.00103	0.42519	0.01946	0.22868	0.01442	0.31123
338	0.00000	0.99999	0.00000	0.00000	0.00000	0.00001
339	0.00000	1.00000	0.00000	0.00000	0.00000	0.00000
340	0.00000	0.99980	0.00000	0.00000	0.00000	0.00020
341	0.00000	0.00000	0.99997	0.00002	0.00000	0.00001
342	0.00000	0.99995	0.00000	0.00000	0.00000	0.00005
343	0.00000	0.99999	0.00000	0.00000	0.00000	0.00001
344	0.00000	0.89954	0.00000	0.00000	0.00000	0.10045
345	0.00000	0.99995	0.00000	0.00000	0.00000	0.00005
346	0.00000	0.99995	0.00000	0.00000	0.00000	0.00005
347	0.00000	0.98437	0.00000	0.00015	0.00000	0.01548
348	0.00000	0.35213	0.00000	0.00000	0.00000	0.64787
349	0.00000	0.99987	0.00000	0.00000	0.00000	0.00013
350	0.00000	1.00000	0.00000	0.00000	0.00000	0.00000
351	0.00000	0.99999	0.00000	0.00000	0.00000	0.00001
352	0.00000	0.99753	0.00000	0.00000	0.00000	0.00247
353	0.00000	0.99997	0.00000	0.00000	0.00000	0.00003
354	0.00000	0.99937	0.00000	0.00000	0.00000	0.00063
355	0.00000	0.96136	0.00000	0.00144	0.00000	0.03720
356	0.99998	0.00000	0.00000	0.00000	0.00002	0.00000
357	0.00000	0.99998	0.00000	0.00000	0.00000	0.00002
358	0.00000	0.99963	0.00000	0.00000	0.00000	0.00037
359	0.00100	0.52154	0.02136	0.15763	0.01180	0.28668
360	0.00000	0.99963	0.00000	0.00000	0.00000	0.00037
361	0.00000	0.99862	0.00000	0.00000	0.00000	0.00138
362	0.99942	0.00000	0.00000	0.00000	0.00058	0.00000
363	0.99999	0.00000	0.00000	0.00000	0.00001	0.00000
364	0.00000	1.00000	0.00000	0.00000	0.00000	0.00000
365	0.00000	0.99980	0.00000	0.00000	0.00000	0.00020
366	0.00000	0.99600	0.00000	0.00000	0.00000	0.00400
367	0.00000	0.99999	0.00000	0.00000	0.00000	0.00001
368	0.00000	1.00000	0.00000	0.00000	0.00000	0.00000
369	0.99277	0.00000	0.00000	0.00000	0.00722	0.00000
370	0.00000	0.99998	0.00000	0.00000	0.00000	0.00002
371	0.00000	0.99972	0.00000	0.00000	0.00000	0.00028
372	0.00000	0.99995	0.00000	0.00000	0.00000	0.00005
373	0.00000	0.99990	0.00000	0.00000	0.00000	0.00010
374	0.00000	0.97214	0.00000	0.00076	0.00000	0.02709
375	0.99992	0.00000	0.00000	0.00000	0.00008	0.00000
376	0.00000	0.99993	0.00000	0.00000	0.00000	0.00007
377	0.00283	0.53545	0.03285	0.13907	0.01716	0.27265
378	0.99990	0.00000	0.00000	0.00000	0.00010	0.00000
379	0.99898	0.00000	0.00000	0.00000	0.00102	0.00000
380	0.00000	0.99994	0.00000	0.00000	0.00000	0.00006
381	0.00000	0.99999	0.00000	0.00000	0.00000	0.00001
382	0.00000	0.99995	0.00000	0.00000	0.00000	0.00005
383	0.99127	0.00000	0.00000	0.00000	0.00873	0.00000
384	0.00000	0.99994	0.00000	0.00000	0.00000	0.00006
385	0.00000	1.00000	0.00000	0.00000	0.00000	0.00000
386	0.00000	0.99999	0.00000	0.00000	0.00000	0.00001
387	0.00000	0.99999	0.00000	0.00000	0.00000	0.00001
388	0.99573	0.00000	0.00000	0.00001	0.00426	0.00000
389	0.00000	0.99999	0.00000	0.00000	0.00000	0.00001
390	0.00000	1.00000	0.00000	0.00000	0.00000	0.00000
391	0.00000	1.00000	0.00000	0.00000	0.00000	0.00000
392	0.00000	0.80153	0.00009	0.03392	0.00002	0.16444
393	0.00000	0.99345	0.00000	0.00001	0.00000	0.00654
394	0.00000	0.99893	0.00000	0.00000	0.00000	0.00107
395	0.00000	0.99998	0.00000	0.00000	0.00000	0.00002
396	0.00000	1.00000	0.00000	0.00000	0.00000	0.00000
397	0.00000	0.99935	0.00000	0.00000	0.00000	0.00065
398	0.00000	1.00000	0.00000	0.00000	0.00000	0.00000
399	0.08151	0.25208	0.14265	0.18521	0.12268	0.21586
400	0.00000	0.99993	0.00000	0.00000	0.00000	0.00007
401	0.00000	1.00000	0.00000	0.00000	0.00000	0.00000
402	0.00013	0.39014	0.00337	0.27745	0.00338	0.32553
403	0.00000	0.99999	0.00000	0.00000	0.00000	0.00001
404	0.00000	1.00000	0.00000	0.00000	0.00000	0.00000
405	0.00000	0.99962	0.00000	0.00000	0.00000	0.00038
406	0.00000	0.99967	0.00000	0.00000	0.00000	0.00033
407	0.00000	0.99897	0.00000	0.00000	0.00000	0.00103
408	0.00000	1.00000	0.00000	0.00000	0.00000	0.00000
409	0.00000	0.99997	0.00000	0.00000	0.00000	0.00003
410	0.00000	0.99991	0.00000	0.00000	0.00000	0.00009
411	0.00000	0.99998	0.00000	0.00000	0.00000	0.00002
412	0.99959	0.00000	0.00000	0.00000	0.00041	0.00000
413	0.00000	1.00000	0.00000	0.00000	0.00000	0.00000
414	0.00000	0.99981	0.00000	0.00000	0.00000	0.00019
415	0.00000	0.98729	0.00000	0.00000	0.00000	0.01271
416	0.00000	0.99857	0.00000	0.00000	0.00000	0.00143
417	0.00000	0.99999	0.00000	0.00000	0.00000	0.00001
418	0.00000	0.99999	0.00000	0.00000	0.00000	0.00001
419	0.00000	0.99794	0.00000	0.00000	0.00000	0.00206
420	0.00000	0.99999	0.00000	0.00000	0.00000	0.00001
421	0.00000	0.99999	0.00000	0.00000	0.00000	0.00001
422	0.00000	0.99996	0.00000	0.00000	0.00000	0.00004
423	0.00000	0.99778	0.00000	0.00000	0.00000	0.00221
424	0.00000	0.87222	0.00000	0.00895	0.00000	0.11883
425	0.00000	0.99999	0.00000	0.00000	0.00000	0.00001
426	0.00000	1.00000	0.00000	0.00000	0.00000	0.00000
427	0.00000	0.99998	0.00000	0.00000	0.00000	0.00002
428	0.00000	0.99990	0.00000	0.00000	0.00000	0.00010
429	0.00000	0.99998	0.00000	0.00000	0.00000	0.00002
430	0.00000	0.99998	0.00000	0.00000	0.00000	0.00002
431	0.00000	0.99998	0.00000	0.00000	0.00000	0.00002
432	0.00000	0.99999	0.00000	0.00000	0.00000	0.00001
433	0.00000	0.99943	0.00000	0.00000	0.00000	0.00057
434	0.00000	0.99999	0.00000	0.00000	0.00000	0.00001
435	0.00000	0.99811	0.00000	0.00000	0.00000	0.00188
436	0.00000	1.00000	0.00000	0.00000	0.00000	0.00000
437	0.99992	0.00000	0.00000	0.00000	0.00008	0.00000
438	0.00000	1.00000	0.00000	0.00000	0.00000	0.00000
439	0.00000	0.99978	0.00000	0.00000	0.00000	0.00022
440	0.00000	0.99998	0.00000	0.00000	0.00000	0.00002
441	0.00000	0.99992	0.00000	0.00000	0.00000	0.00008
442	0.00000	0.99999	0.00000	0.00000	0.00000	0.00001
443	0.00000	0.99992	0.00000	0.00000	0.00000	0.00008
444	0.00000	0.99998	0.00000	0.00000	0.00000	0.00002
445	0.00000	0.99996	0.00000	0.00000	0.00000	0.00004
446	0.00000	0.95999	0.00000	0.00000	0.00000	0.04001
447	0.00000	0.99793	0.00000	0.00000	0.00000	0.00207
448	0.00000	0.99579	0.00000	0.00000	0.00000	0.00421
449	0.00000	0.99986	0.00000	0.00000	0.00000	0.00014
450	0.00000	0.99513	0.00000	0.00000	0.00000	0.00487
451	0.00000	0.99994	0.00000	0.00000	0.00000	0.00006
452	0.00000	0.99999	0.00000	0.00000	0.00000	0.00001
453	0.00000	0.96749	0.00000	0.00103	0.00000	0.03148
454	0.00000	0.99998	0.00000	0.00000	0.00000	0.00002
455	0.00000	0.99991	0.00000	0.00000	0.00000	0.00009
456	0.00000	0.99747	0.00000	0.00000	0.00000	0.00253
457	0.00000	0.99996	0.00000	0.00000	0.00000	0.00004
458	0.00000	1.00000	0.00000	0.00000	0.00000	0.00000
459	0.00000	1.00000	0.00000	0.00000	0.00000	0.00000
460	0.00000	0.99997	0.00000	0.00000	0.00000	0.00003
461	0.99942	0.00000	0.00000	0.00000	0.00058	0.00000
462	0.00000	0.99998	0.00000	0.00000	0.00000	0.00002
463	0.00000	0.99954	0.00000	0.00000	0.00000	0.00046
464	0.00000	0.77102	0.00064	0.04403	0.00015	0.18416
465	0.99923	0.00000	0.00000	0.00000	0.00077	0.00000
466	0.00000	0.99998	0.00000	0.00000	0.00000	0.00002
467	0.00000	0.99999	0.00000	0.00000	0.00000	0.00001
468	0.00000	0.99268	0.00000	0.00005	0.00000	0.00726
469	0.00000	0.99999	0.00000	0.00000	0.00000	0.00001
470	0.00000	0.99997	0.00000	0.00000	0.00000	0.00003
471	0.00000	0.98408	0.00000	0.00019	0.00000	0.01573
472	0.00000	0.99989	0.00000	0.00000	0.00000	0.00011
473	0.00000	0.97027	0.00000	0.00003	0.00000	0.02970
474	0.00000	0.99994	0.00000	0.00000	0.00000	0.00006
475	0.24334	0.10553	0.16016	0.16186	0.19843	0.13068
476	0.00000	0.99996	0.00000	0.00000	0.00000	0.00004
477	0.00000	0.99987	0.00000	0.00000	0.00000	0.00013
478	0.00000	1.00000	0.00000	0.00000	0.00000	0.00000
479	0.00000	1.00000	0.00000	0.00000	0.00000	0.00000
480	0.00000	0.99113	0.00000	0.00005	0.00000	0.00881
481	0.00000	1.00000	0.00000	0.00000	0.00000	0.00000
482	0.00000	0.99829	0.00000	0.00000	0.00000	0.00171
483	0.00000	0.99999	0.00000	0.00000	0.00000	0.00001
484	0.00000	0.99999	0.00000	0.00000	0.00000	0.00001
485	0.00000	0.99986	0.00000	0.00000	0.00000	0.00014
486	0.00000	0.99999	0.00000	0.00000	0.00000	0.00001
487	0.00000	0.99993	0.00000	0.00000	0.00000	0.00007
488	0.00000	0.99999	0.00000	0.00000	0.00000	0.00001
489	0.00000	0.99999	0.00000	0.00000	0.00000	0.00001
490	0.00000	0.99970	0.00000	0.00000	0.00000	0.00030
491	0.00000	0.99870	0.00000	0.00000	0.00000	0.00130
492	0.00000	0.99994	0.00000	0.00000	0.00000	0.00006
493	0.00000	0.99607	0.00000	0.00001	0.00000	0.00392
494	0.00000	0.99999	0.00000	0.00000	0.00000	0.00001
495	0.00000	0.99177	0.00000	0.00006	0.00000	0.00817
496	0.00000	0.99938	0.00000	0.00000	0.00000	0.00062
497	0.00000	0.99993	0.00000	0.00000	0.00000	0.00007
498	0.00000	0.99999	0.00000	0.00000	0.00000	0.00001
499	0.00000	0.99960	0.00000	0.00000	0.00000	0.00040
500	0.00000	0.99999	0.00000	0.00000	0.00000	0.00001
501	0.00008	0.59990	0.00388	0.12315	0.00193	0.27107
502	0.00000	0.99997	0.00000	0.00000	0.00000	0.00003
503	0.00263	0.51333	0.03544	0.15102	0.01934	0.27824
504	0.00000	0.99999	0.00000	0.00000	0.00000	0.00001
505	0.00000	0.99992	0.00000	0.00000	0.00000	0.00008
506	0.00000	0.99999	0.00000	0.00000	0.00000	0.00001
507	0.99934	0.00000	0.00000	0.00000	0.00066	0.00000
508	0.99998	0.00000	0.00000	0.00000	0.00002	0.00000
509	0.00000	0.99972	0.00000	0.00000	0.00000	0.00028
510	0.00000	0.99980	0.00000	0.00000	0.00000	0.00020
511	0.00000	0.99796	0.00000	0.00000	0.00000	0.00204
512	0.00000	0.99996	0.00000	0.00000	0.00000	0.00004
513	0.00000	0.71821	0.00000	0.00018	0.00000	0.28161
514	0.99820	0.00000	0.00000	0.00000	0.00180	0.00000
515	0.00000	0.99972	0.00000	0.00000	0.00000	0.00028
516	0.98122	0.00000	0.00000	0.00001	0.01877	0.00000
517	0.00000	0.98277	0.00000	0.00030	0.00000	0.01693
518	0.00000	0.99997	0.00000	0.00000	0.00000	0.00003
519	0.99999	0.00000	0.00000	0.00000	0.00001	0.00000
520	0.00000	0.99984	0.00000	0.00000	0.00000	0.00016
521	0.00000	0.99999	0.00000	0.00000	0.00000	0.00001
522	0.00000	0.99999	0.00000	0.00000	0.00000	0.00001
523	0.00000	0.99996	0.00000	0.00000	0.00000	0.00004
524	0.00000	0.99999	0.00000	0.00000	0.00000	0.00001
525	0.00000	0.99999	0.00000	0.00000	0.00000	0.00001
526	0.00000	0.99993	0.00000	0.00000	0.00000	0.00007
527	0.00000	0.99803	0.00000	0.00000	0.00000	0.00196
528	0.00000	0.99998	0.00000	0.00000	0.00000	0.00002
529	0.00000	0.99774	0.00000	0.00000	0.00000	0.00226
530	0.00000	0.91312	0.00005	0.00679	0.00000	0.08004
531	0.00000	0.99994	0.00000	0.00000	0.00000	0.00006
532	0.00000	0.99994	0.00000	0.00000	0.00000	0.00006
533	0.00000	0.99290	0.00000	0.00000	0.00000	0.00710
534	0.99999	0.00000	0.00000	0.00000	0.00001	0.00000
535	0.00000	0.99999	0.00000	0.00000	0.00000	0.00001
536	0.00000	0.99999	0.00000	0.00000	0.00000	0.00001
537	0.00000	0.99996	0.00000	0.00000	0.00000	0.00004
538	0.99608	0.00000	0.00000	0.00000	0.00392	0.00000
539	0.00000	0.97973	0.00000	0.00041	0.00000	0.01987
540	0.00000	0.99999	0.00000	0.00000	0.00000	0.00001
541	0.98315	0.00000	0.00000	0.00022	0.01662	0.00000
542	0.99997	0.00000	0.00000	0.00000	0.00003	0.00000
543	0.99986	0.00000	0.00000	0.00000	0.00014	0.00000
544	0.00000	0.99406	0.00000	0.00000	0.00000	0.00593
545	0.00000	0.99999	0.00000	0.00000	0.00000	0.00001
546	0.00000	1.00000	0.00000	0.00000	0.00000	0.00000
547	0.00000	0.99997	0.00000	0.00000	0.00000	0.00003
548	0.00000	1.00000	0.00000	0.00000	0.00000	0.00000
549	0.48570	0.00000	0.00000	0.00343	0.51086	0.00000
550	0.00000	0.99990	0.00000	0.00000	0.00000	0.00010
551	0.00000	1.00000	0.00000	0.00000	0.00000	0.00000
552	0.99997	0.00000	0.00000	0.00000	0.00003	0.00000
553	0.00000	0.99999	0.00000	0.00000	0.00000	0.00001
554	0.00000	1.00000	0.00000	0.00000	0.00000	0.00000
555	0.00000	0.99999	0.00000	0.00000	0.00000	0.00001
556	0.00000	0.99990	0.00000	0.00000	0.00000	0.00010
557	0.00000	0.00000	0.99807	0.00132	0.00060	0.00000
558	0.00000	1.00000	0.00000	0.00000	0.00000	0.00000
559	0.00000	0.99998	0.00000	0.00000	0.00000	0.00002
560	0.99746	0.00000	0.00000	0.00000	0.00254	0.00000
561	1.00000	0.00000	0.00000	0.00000	0.00000	0.00000
562	0.99997	0.00000	0.00000	0.00000	0.00003	0.00000
563	0.99998	0.00000	0.00000	0.00000	0.00002	0.00000
564	0.00000	0.99996	0.00000	0.00000	0.00000	0.00004
565	0.00000	0.99996	0.00000	0.00000	0.00000	0.00004
566	0.99994	0.00000	0.00000	0.00000	0.00006	0.00000
567	0.00000	0.99993	0.00000	0.00000	0.00000	0.00007
568	0.57730	0.00002	0.00325	0.13682	0.28103	0.00159
569	0.99945	0.00000	0.00000	0.00000	0.00055	0.00000
570	0.00000	0.99917	0.00000	0.00000	0.00000	0.00083
571	0.00000	0.99999	0.00000	0.00000	0.00000	0.00001
572	0.00000	1.00000	0.00000	0.00000	0.00000	0.00000
573	0.00000	1.00000	0.00000	0.00000	0.00000	0.00000
574	0.00000	0.99979	0.00000	0.00000	0.00000	0.00021
575	0.00000	0.99969	0.00000	0.00000	0.00000	0.00031
576	0.00000	0.00000	0.00006	0.06590	0.93404	0.00000
577	0.00000	0.99992	0.00000	0.00000	0.00000	0.00008
578	0.99998	0.00000	0.00000	0.00000	0.00002	0.00000
579	0.00000	0.99998	0.00000	0.00000	0.00000	0.00002
580	0.00000	0.99917	0.00000	0.00000	0.00000	0.00083
581	0.00000	0.95958	0.00000	0.00158	0.00000	0.03884
582	0.00000	0.99996	0.00000	0.00000	0.00000	0.00004
583	0.00000	0.99992	0.00000	0.00000	0.00000	0.00008
584	0.00000	0.99936	0.00000	0.00000	0.00000	0.00064
585	0.00000	0.99777	0.00000	0.00000	0.00000	0.00223
586	0.00000	0.21020	0.00000	0.00002	0.00000	0.78978
587	0.00000	0.99999	0.00000	0.00000	0.00000	0.00001
588	0.00000	0.99999	0.00000	0.00000	0.00000	0.00001
589	0.00000	0.99999	0.00000	0.00000	0.00000	0.00001
590	0.00000	1.00000	0.00000	0.00000	0.00000	0.00000
591	0.00000	1.00000	0.00000	0.00000	0.00000	0.00000
592	0.00000	0.93332	0.00000	0.00421	0.00000	0.06246
593	0.00000	0.99992	0.00000	0.00000	0.00000	0.00008
594	0.00000	0.99938	0.00000	0.00000	0.00000	0.00062
595	0.00000	0.99996	0.00000	0.00000	0.00000	0.00004
596	0.00000	0.99999	0.00000	0.00000	0.00000	0.00001
597	0.00000	0.01455	0.00010	0.04777	0.00000	0.93758
598	0.00000	0.99809	0.00000	0.00000	0.00000	0.00191
599	0.00000	0.98044	0.00000	0.00038	0.00000	0.01918
600	0.00000	0.32793	0.00000	0.01626	0.00000	0.65581
601	0.00000	0.99661	0.00000	0.00000	0.00000	0.00339
602	0.00000	0.90173	0.00000	0.00799	0.00000	0.09028
603	0.95625	0.00000	0.00000	0.00004	0.04371	0.00000
604	0.96343	0.00000	0.00000	0.00130	0.03528	0.00000
605	0.00000	0.99993	0.00000	0.00000	0.00000	0.00007
606	0.00000	0.99744	0.00000	0.00001	0.00000	0.00255
607	0.00000	0.99998	0.00000	0.00000	0.00000	0.00002
608	0.00000	0.99999	0.00000	0.00000	0.00000	0.00001
609	0.00000	0.99997	0.00000	0.00000	0.00000	0.00003
610	0.00000	0.99979	0.00000	0.00000	0.00000	0.00021
611	0.00366	0.00000	0.00000	0.02033	0.97601	0.00000
612	0.00000	0.99990	0.00000	0.00000	0.00000	0.00010
613	0.00000	1.00000	0.00000	0.00000	0.00000	0.00000
614	0.00000	1.00000	0.00000	0.00000	0.00000	0.00000
615	0.00000	0.99986	0.00000	0.00000	0.00000	0.00014
616	0.00000	1.00000	0.00000	0.00000	0.00000	0.00000
617	0.00000	0.99771	0.00000	0.00000	0.00000	0.00229
618	0.00000	1.00000	0.00000	0.00000	0.00000	0.00000
619	0.00000	0.99999	0.00000	0.00000	0.00000	0.00001
620	0.00000	0.99990	0.00000	0.00000	0.00000	0.00010
621	0.00000	0.99994	0.00000	0.00000	0.00000	0.00006
622	0.00000	0.99999	0.00000	0.00000	0.00000	0.00001
623	0.00000	0.98974	0.00000	0.00012	0.00000	0.01014
624	0.00000	0.99998	0.00000	0.00000	0.00000	0.00002
625	0.00000	0.99997	0.00000	0.00000	0.00000	0.00003
626	0.00000	0.99997	0.00000	0.00000	0.00000	0.00003
627	0.00000	0.83577	0.00001	0.02442	0.00000	0.13979
628	0.00000	0.99999	0.00000	0.00000	0.00000	0.00001
629	0.00000	0.99999	0.00000	0.00000	0.00000	0.00001
630	0.00000	1.00000	0.00000	0.00000	0.00000	0.00000
631	0.00000	0.99998	0.00000	0.00000	0.00000	0.00002
632	0.00000	0.99993	0.00000	0.00000	0.00000	0.00007
633	0.99997	0.00000	0.00000	0.00000	0.00003	0.00000
634	0.00000	0.99999	0.00000	0.00000	0.00000	0.00001
635	0.00000	1.00000	0.00000	0.00000	0.00000	0.00000
636	0.00000	0.99999	0.00000	0.00000	0.00000	0.00001
637	0.00000	0.64663	0.00000	0.11200	0.00000	0.24138
638	0.00000	0.99876	0.00000	0.00000	0.00000	0.00124
639	0.00000	0.99825	0.00000	0.00000	0.00000	0.00175
640	0.00000	0.99995	0.00000	0.00000	0.00000	0.00005
641	0.00000	0.99999	0.00000	0.00000	0.00000	0.00001
642	0.00000	0.99996	0.00000	0.00000	0.00000	0.00004
643	0.00000	0.99863	0.00000	0.00000	0.00000	0.00136
644	0.00000	0.99998	0.00000	0.00000	0.00000	0.00002
645	0.00000	0.17922	0.00000	0.00018	0.00000	0.82060
646	0.00000	0.99986	0.00000	0.00000	0.00000	0.00014
647	0.00000	0.99998	0.00000	0.00000	0.00000	0.00002
648	0.00000	0.99998	0.00000	0.00000	0.00000	0.00002
649	0.00000	0.99999	0.00000	0.00000	0.00000	0.00001
650	0.00000	0.99537	0.00000	0.00001	0.00000	0.00462
651	0.99789	0.00000	0.00000	0.00000	0.00211	0.00000
652	0.00000	1.00000	0.00000	0.00000	0.00000	0.00000
653	0.00000	0.99997	0.00000	0.00000	0.00000	0.00003
654	0.65143	0.00000	0.00000	0.03997	0.30860	0.00000
655	0.00000	0.99955	0.00000	0.00000	0.00000	0.00045
656	0.00000	1.00000	0.00000	0.00000	0.00000	0.00000
657	0.00000	0.99565	0.00000	0.00000	0.00000	0.00435
658	0.00000	0.99995	0.00000	0.00000	0.00000	0.00005
659	0.00000	1.00000	0.00000	0.00000	0.00000	0.00000
660	0.99440	0.00000	0.00000	0.00003	0.00557	0.00000
661	0.00000	0.98535	0.00000	0.00014	0.00000	0.01451
662	0.00000	0.99753	0.00000	0.00000	0.00000	0.00247
663	0.00000	1.00000	0.00000	0.00000	0.00000	0.00000
664	0.00000	0.88688	0.00005	0.00870	0.00000	0.10436
665	0.99998	0.00000	0.00000	0.00000	0.00002	0.00000
666	0.00000	0.99967	0.00000	0.00000	0.00000	0.00033
667	1.00000	0.00000	0.00000	0.00000	0.00000	0.00000
668	1.00000	0.00000	0.00000	0.00000	0.00000	0.00000
669	0.99998	0.00000	0.00000	0.00000	0.00002	0.00000
670	0.99994	0.00000	0.00000	0.00000	0.00006	0.00000
671	0.76980	0.00000	0.00000	0.00405	0.22615	0.00000
672	0.00000	0.99783	0.00000	0.00000	0.00000	0.00217
673	0.00000	0.99998	0.00000	0.00000	0.00000	0.00002
674	0.00000	0.99999	0.00000	0.00000	0.00000	0.00001
675	0.00000	0.84534	0.00006	0.02118	0.00001	0.13341
676	0.00000	0.99602	0.00000	0.00002	0.00000	0.00396
677	0.00000	0.99992	0.00000	0.00000	0.00000	0.00008
678	0.00000	0.99999	0.00000	0.00000	0.00000	0.00001
679	0.85610	0.00000	0.00000	0.00002	0.14388	0.00000
680	0.00000	1.00000	0.00000	0.00000	0.00000	0.00000
681	0.00000	0.99971	0.00000	0.00000	0.00000	0.00029
682	0.00000	0.99996	0.00000	0.00000	0.00000	0.00004
683	0.00000	1.00000	0.00000	0.00000	0.00000	0.00000
684	0.00000	1.00000	0.00000	0.00000	0.00000	0.00000
685	0.00000	0.99990	0.00000	0.00000	0.00000	0.00010
686	0.00000	1.00000	0.00000	0.00000	0.00000	0.00000
687	0.00000	0.99997	0.00000	0.00000	0.00000	0.00003
688	0.00000	0.99875	0.00000	0.00000	0.00000	0.00125
689	0.00000	0.99953	0.00000	0.00000	0.00000	0.00047
690	0.00000	0.99999	0.00000	0.00000	0.00000	0.00001
691	0.00000	0.99999	0.00000	0.00000	0.00000	0.00001
692	0.00000	0.99999	0.00000	0.00000	0.00000	0.00001
693	0.00000	0.99982	0.00000	0.00000	0.00000	0.00018
694	0.00000	0.99966	0.00000	0.00000	0.00000	0.00034
695	0.00001	0.71770	0.00233	0.06443	0.00071	0.21483
696	0.00000	0.99999	0.00000	0.00000	0.00000	0.00001
697	0.00000	0.99997	0.00000	0.00000	0.00000	0.00003
698	0.00000	0.99283	0.00000	0.00000	0.00000	0.00717
699	0.00000	0.99900	0.00000	0.00000	0.00000	0.00100
700	0.00000	0.97991	0.00000	0.00000	0.00000	0.02009
701	0.00000	1.00000	0.00000	0.00000	0.00000	0.00000
702	0.99999	0.00000	0.00000	0.00000	0.00001	0.00000
703	0.96987	0.00000	0.00000	0.00001	0.03012	0.00000
704	0.99982	0.00000	0.00000	0.00000	0.00018	0.00000
705	0.94080	0.00000	0.00000	0.00333	0.05587	0.00000
706	0.00000	0.99993	0.00000	0.00000	0.00000	0.00007
707	0.00000	0.99982	0.00000	0.00000	0.00000	0.00018
708	0.99895	0.00000	0.00000	0.00000	0.00105	0.00000
709	0.00000	0.99109	0.00000	0.00000	0.00000	0.00891
710	0.00000	0.99156	0.00000	0.00000	0.00000	0.00844
711	0.00000	1.00000	0.00000	0.00000	0.00000	0.00000
712	0.00000	0.99991	0.00000	0.00000	0.00000	0.00009
713	0.00000	0.99999	0.00000	0.00000	0.00000	0.00001
714	0.00000	0.99983	0.00000	0.00000	0.00000	0.00017
715	1.00000	0.00000	0.00000	0.00000	0.00000	0.00000
716	0.00000	0.94886	0.00000	0.00257	0.00000	0.04857
717	0.00000	0.99690	0.00000	0.00000	0.00000	0.00309
718	0.00000	0.99921	0.00000	0.00000	0.00000	0.00079
719	0.99996	0.00000	0.00000	0.00000	0.00004	0.00000
720	0.00000	0.99995	0.00000	0.00000	0.00000	0.00005
721	0.00000	0.99993	0.00000	0.00000	0.00000	0.00007
722	0.00000	0.99965	0.00000	0.00000	0.00000	0.00035
723	0.00000	0.99999	0.00000	0.00000	0.00000	0.00001
724	0.00000	1.00000	0.00000	0.00000	0.00000	0.00000
725	0.00000	0.94104	0.00000	0.00361	0.00000	0.05535
726	0.00000	0.69241	0.00000	0.07717	0.00000	0.23042
727	0.00000	0.99994	0.00000	0.00000	0.00000	0.00006
728	0.00000	1.00000	0.00000	0.00000	0.00000	0.00000
729	0.00000	0.77625	0.00006	0.02276	0.00000	0.20093
730	0.00000	0.99964	0.00000	0.00000	0.00000	0.00036
731	0.00000	0.99995	0.00000	0.00000	0.00000	0.00005
732	0.00000	0.99994	0.00000	0.00000	0.00000	0.00006
733	0.94350	0.00000	0.00000	0.00001	0.05649	0.00000
734	0.00000	0.99955	0.00000	0.00000	0.00000	0.00045
735	0.00000	0.99995	0.00000	0.00000	0.00000	0.00005
736	0.00000	0.99922	0.00000	0.00000	0.00000	0.00078
737	0.00000	0.99485	0.00000	0.00002	0.00000	0.00513
738	0.00000	0.99999	0.00000	0.00000	0.00000	0.00001
739	0.99995	0.00000	0.00000	0.00000	0.00005	0.00000
740	0.00000	0.99470	0.00000	0.00003	0.00000	0.00528
741	0.00000	0.99997	0.00000	0.00000	0.00000	0.00003
742	0.99998	0.00000	0.00000	0.00000	0.00002	0.00000
743	0.00000	0.99997	0.00000	0.00000	0.00000	0.00003
744	0.00000	0.99936	0.00000	0.00000	0.00000	0.00064
745	0.00000	0.99675	0.00000	0.00000	0.00000	0.00325
746	0.99999	0.00000	0.00000	0.00000	0.00001	0.00000
747	0.00000	0.99999	0.00000	0.00000	0.00000	0.00001
748	0.00000	0.99995	0.00000	0.00000	0.00000	0.00005
749	0.00000	0.99999	0.00000	0.00000	0.00000	0.00001
750	0.00000	0.99851	0.00000	0.00000	0.00000	0.00148
751	0.17400	0.15950	0.16658	0.16662	0.17027	0.16302
752	0.00000	1.00000	0.00000	0.00000	0.00000	0.00000
753	0.00000	1.00000	0.00000	0.00000	0.00000	0.00000
754	0.00000	0.99999	0.00000	0.00000	0.00000	0.00001
755	0.00000	0.99993	0.00000	0.00000	0.00000	0.00007
756	0.00000	0.99976	0.00000	0.00000	0.00000	0.00024
757	0.00000	1.00000	0.00000	0.00000	0.00000	0.00000
758	0.00000	0.96341	0.00000	0.00139	0.00000	0.03520
759	0.00000	0.99442	0.00000	0.00002	0.00000	0.00557
760	0.99961	0.00000	0.00000	0.00000	0.00039	0.00000
761	1.00000	0.00000	0.00000	0.00000	0.00000	0.00000
762	0.00000	0.95323	0.00000	0.00001	0.00000	0.04676
763	0.00000	1.00000	0.00000	0.00000	0.00000	0.00000
764	0.00000	0.99988	0.00000	0.00000	0.00000	0.00012
765	0.00000	0.99997	0.00000	0.00000	0.00000	0.00003
766	0.00000	0.99999	0.00000	0.00000	0.00000	0.00001
767	0.00000	0.99984	0.00000	0.00000	0.00000	0.00016
768	0.00000	0.99999	0.00000	0.00000	0.00000	0.00001
769	0.00000	0.99502	0.00000	0.00002	0.00000	0.00496
770	0.00000	0.99736	0.00000	0.00001	0.00000	0.00263
771	0.00000	1.00000	0.00000	0.00000	0.00000	0.00000
772	0.00000	0.99994	0.00000	0.00000	0.00000	0.00006
773	0.00000	0.99831	0.00000	0.00000	0.00000	0.00169
774	0.00000	0.99225	0.00000	0.00006	0.00000	0.00769
775	0.00000	0.97939	0.00000	0.00048	0.00000	0.02014
776	0.00000	0.99997	0.00000	0.00000	0.00000	0.00003
777	0.00000	0.99999	0.00000	0.00000	0.00000	0.00001
