UponCompletionOf_1000000_sweeps
LocNumber LocName AlleleNumber AlleleName FreqInPop0 FreqInPop1 SDInPop0 SDinPop1
0	LdDocent_Contig_2609_395	0	1	0.996625	0.962247	0.004321	0.005918
0	LdDocent_Contig_2609_395	1	2	0.003375	0.037753	0.004321	0.005918
1	LdDocent_Contig_2239_446	0	1	0.997324	0.969046	0.003764	0.005118
1	LdDocent_Contig_2239_446	1	2	0.002676	0.030954	0.003764	0.005118
2	LdDocent_Contig_197_114	0	1	0.998060	0.989048	0.002735	0.003075
2	LdDocent_Contig_197_114	1	2	0.001940	0.010952	0.002735	0.003075
3	LdDocent_Contig_13420_330	0	1	0.997867	0.984697	0.003011	0.003849
3	LdDocent_Contig_13420_330	1	2	0.002133	0.015303	0.003011	0.003849
4	LdDocent_Contig_29834_411	0	1	0.990097	0.985744	0.006216	0.003594
4	LdDocent_Contig_29834_411	1	2	0.009903	0.014256	0.006216	0.003594
5	LdDocent_Contig_73096_334	0	1	0.997828	0.979890	0.003060	0.004399
5	LdDocent_Contig_73096_334	1	2	0.002172	0.020110	0.003060	0.004399
6	LdDocent_Contig_5583_376	0	1	0.002822	0.293099	0.003822	0.014759
6	LdDocent_Contig_5583_376	1	2	0.997178	0.706901	0.003822	0.014759
7	LdDocent_Contig_822_416	0	1	0.997757	0.925133	0.003158	0.008175
7	LdDocent_Contig_822_416	1	2	0.002243	0.074867	0.003158	0.008175
8	LdDocent_Contig_1433_455	0	1	0.946188	0.999559	0.014224	0.000624
8	LdDocent_Contig_1433_455	1	2	0.053812	0.000441	0.014224	0.000624
9	LdDocent_Contig_600_364	0	1	0.997809	0.992797	0.003085	0.002617
9	LdDocent_Contig_600_364	1	2	0.002191	0.007203	0.003085	0.002617
10	LdDocent_Contig_7119_434	0	1	0.997960	0.991615	0.002876	0.002713
10	LdDocent_Contig_7119_434	1	2	0.002040	0.008385	0.002876	0.002713
11	LdDocent_Contig_1865_27	0	1	0.997683	0.983168	0.003256	0.003994
11	LdDocent_Contig_1865_27	1	2	0.002317	0.016832	0.003256	0.003994
12	LdDocent_Contig_95857_118	0	1	0.984287	0.967735	0.008210	0.005525
12	LdDocent_Contig_95857_118	1	2	0.015713	0.032265	0.008210	0.005525
13	LdDocent_Contig_95990_58	0	1	0.979720	0.980225	0.009442	0.004428
13	LdDocent_Contig_95990_58	1	2	0.020280	0.019775	0.009442	0.004428
14	LdDocent_Contig_377_384	0	1	0.994009	0.994057	0.004867	0.002321
14	LdDocent_Contig_377_384	1	2	0.005991	0.005943	0.004867	0.002321
15	LdDocent_Contig_64738_356	0	1	0.993146	0.969455	0.005498	0.005469
15	LdDocent_Contig_64738_356	1	2	0.006854	0.030545	0.005498	0.005469
16	LdDocent_Contig_626_446	0	1	0.997406	0.989903	0.003656	0.002958
16	LdDocent_Contig_626_446	1	2	0.002594	0.010097	0.003656	0.002958
17	LdDocent_Contig_2607_448	0	1	0.854703	0.860677	0.035539	0.010530
17	LdDocent_Contig_2607_448	1	2	0.145297	0.139323	0.035539	0.010530
18	LdDocent_Contig_2341_410	0	1	0.997651	0.992233	0.003314	0.002825
18	LdDocent_Contig_2341_410	1	2	0.002349	0.007767	0.003314	0.002825
19	LdDocent_Contig_37885_42	0	1	0.993763	0.939854	0.005067	0.007209
19	LdDocent_Contig_37885_42	1	2	0.006237	0.060146	0.005067	0.007209
20	LdDocent_Contig_95596_78	0	1	0.997714	0.991219	0.003214	0.002995
20	LdDocent_Contig_95596_78	1	2	0.002286	0.008781	0.003214	0.002995
21	LdDocent_Contig_75564_337	0	1	0.988139	0.991361	0.007432	0.002955
21	LdDocent_Contig_75564_337	1	2	0.011861	0.008639	0.007432	0.002955
22	LdDocent_Contig_1253_103	0	1	0.998070	0.989853	0.002720	0.002977
22	LdDocent_Contig_1253_103	1	2	0.001930	0.010147	0.002720	0.002977
23	LdDocent_Contig_6159_50	0	1	0.953606	0.989639	0.013976	0.003180
23	LdDocent_Contig_6159_50	1	2	0.046394	0.010361	0.013976	0.003180
24	LdDocent_Contig_92144_320	0	1	0.997919	0.985537	0.002933	0.003643
24	LdDocent_Contig_92144_320	1	2	0.002081	0.014463	0.002933	0.003643
25	LdDocent_Contig_16348_134	0	1	0.942665	0.999535	0.014583	0.000658
25	LdDocent_Contig_16348_134	1	2	0.057335	0.000465	0.014583	0.000658
26	LdDocent_Contig_34198_66	0	1	0.993875	0.992309	0.004976	0.002623
26	LdDocent_Contig_34198_66	1	2	0.006125	0.007691	0.004976	0.002623
27	LdDocent_Contig_202_400	0	1	0.997889	0.983963	0.002975	0.003909
27	LdDocent_Contig_202_400	1	2	0.002111	0.016037	0.002975	0.003909
28	LdDocent_Contig_5606_401	0	1	0.982503	0.924596	0.009243	0.008241
28	LdDocent_Contig_5606_401	1	2	0.017497	0.075404	0.009243	0.008241
29	LdDocent_Contig_18013_371	0	1	0.997754	0.986384	0.003170	0.003676
29	LdDocent_Contig_18013_371	1	2	0.002246	0.013616	0.003170	0.003676
30	LdDocent_Contig_87054_34	0	1	0.997957	0.984935	0.002879	0.003678
30	LdDocent_Contig_87054_34	1	2	0.002043	0.015065	0.002879	0.003678
31	LdDocent_Contig_1438_37	0	1	0.998034	0.992498	0.002772	0.002563
31	LdDocent_Contig_1438_37	1	2	0.001966	0.007502	0.002772	0.002563
32	LdDocent_Contig_51380_365	0	1	0.997772	0.981099	0.003141	0.004238
32	LdDocent_Contig_51380_365	1	2	0.002228	0.018901	0.003141	0.004238
33	LdDocent_Contig_1427_377	0	1	0.997933	0.960208	0.002903	0.005982
33	LdDocent_Contig_1427_377	1	2	0.002067	0.039792	0.002903	0.005982
34	LdDocent_Contig_1469_52	0	1	0.997954	0.990401	0.002886	0.002946
34	LdDocent_Contig_1469_52	1	2	0.002046	0.009599	0.002886	0.002946
35	LdDocent_Contig_1546_110	0	1	0.997901	0.960751	0.002945	0.005709
35	LdDocent_Contig_1546_110	1	2	0.002099	0.039249	0.002945	0.005709
36	LdDocent_Contig_5061_132	0	1	0.957749	0.999505	0.013381	0.000700
36	LdDocent_Contig_5061_132	1	2	0.042251	0.000495	0.013381	0.000700
37	LdDocent_Contig_913_80	0	1	0.954080	0.998524	0.013819	0.001205
37	LdDocent_Contig_913_80	1	2	0.045920	0.001476	0.013819	0.001205
38	LdDocent_Contig_898_130	0	1	0.998089	0.990025	0.002696	0.002926
38	LdDocent_Contig_898_130	1	2	0.001911	0.009975	0.002696	0.002926
39	LdDocent_Contig_25631_95	0	1	0.958495	0.998531	0.012620	0.001193
39	LdDocent_Contig_25631_95	1	2	0.041505	0.001469	0.012620	0.001193
40	LdDocent_Contig_30110_37	0	1	0.951996	0.998562	0.015156	0.001195
40	LdDocent_Contig_30110_37	1	2	0.048004	0.001438	0.015156	0.001195
41	LdDocent_Contig_66891_104	0	1	0.998052	0.981704	0.002749	0.004213
41	LdDocent_Contig_66891_104	1	2	0.001948	0.018296	0.002749	0.004213
42	LdDocent_Contig_8454_442	0	1	0.997973	0.972581	0.002863	0.004888
42	LdDocent_Contig_8454_442	1	2	0.002027	0.027419	0.002863	0.004888
43	LdDocent_Contig_1573_343	0	1	0.993408	0.946027	0.005351	0.007038
43	LdDocent_Contig_1573_343	1	2	0.006592	0.053973	0.005351	0.007038
44	LdDocent_Contig_91285_26	0	1	0.997944	0.988130	0.002901	0.003337
44	LdDocent_Contig_91285_26	1	2	0.002056	0.011870	0.002901	0.003337
45	LdDocent_Contig_6048_73	0	1	0.997955	0.993042	0.002882	0.002531
45	LdDocent_Contig_6048_73	1	2	0.002045	0.006958	0.002882	0.002531
46	LdDocent_Contig_6137_407	0	1	0.933547	0.988150	0.034115	0.003203
46	LdDocent_Contig_6137_407	1	2	0.066453	0.011850	0.034115	0.003203
47	LdDocent_Contig_29262_433	0	1	0.997932	0.848705	0.002914	0.010905
47	LdDocent_Contig_29262_433	1	2	0.002068	0.151295	0.002914	0.010905
48	LdDocent_Contig_35538_380	0	1	0.958092	0.999507	0.013282	0.000697
48	LdDocent_Contig_35538_380	1	2	0.041908	0.000493	0.013282	0.000697
49	LdDocent_Contig_27899_8	0	1	0.933230	0.943153	0.016774	0.007138
49	LdDocent_Contig_27899_8	1	2	0.066770	0.056847	0.016774	0.007138
50	LdDocent_Contig_6009_395	0	1	0.965790	0.999541	0.011506	0.000650
50	LdDocent_Contig_6009_395	1	2	0.034210	0.000459	0.011506	0.000650
51	LdDocent_Contig_29172_435	0	1	0.996962	0.938333	0.004266	0.007489
51	LdDocent_Contig_29172_435	1	2	0.003038	0.061667	0.004266	0.007489
52	LdDocent_Contig_1517_115	0	2	0.989327	0.679367	0.006707	0.013940
52	LdDocent_Contig_1517_115	1	1	0.010673	0.320633	0.006707	0.013940
53	LdDocent_Contig_1722_466	0	2	0.994440	0.488986	0.004978	0.014688
53	LdDocent_Contig_1722_466	1	1	0.005560	0.511014	0.004978	0.014688
54	LdDocent_Contig_839_379	0	1	0.997855	0.989164	0.003021	0.003176
54	LdDocent_Contig_839_379	1	2	0.002145	0.010836	0.003021	0.003176
55	LdDocent_Contig_2317_16	0	1	0.997884	0.989795	0.002981	0.003133
55	LdDocent_Contig_2317_16	1	2	0.002116	0.010205	0.002981	0.003133
56	LdDocent_Contig_797_407	0	1	0.997528	0.947560	0.003404	0.006678
56	LdDocent_Contig_797_407	1	2	0.002472	0.052440	0.003404	0.006678
57	LdDocent_Contig_9393_335	0	1	0.997865	0.978529	0.003010	0.004584
57	LdDocent_Contig_9393_335	1	2	0.002135	0.021471	0.003010	0.004584
58	LdDocent_Contig_1960_27	0	1	0.403680	0.996318	0.043094	0.001856
58	LdDocent_Contig_1960_27	1	2	0.596320	0.003682	0.043094	0.001856
59	LdDocent_Contig_84179_359	0	1	0.964936	0.999533	0.011795	0.000660
59	LdDocent_Contig_84179_359	1	2	0.035064	0.000467	0.011795	0.000660
60	LdDocent_Contig_5286_97	0	1	0.986469	0.974440	0.008470	0.004902
60	LdDocent_Contig_5286_97	1	2	0.013531	0.025560	0.008470	0.004902
61	LdDocent_Contig_31898_418	0	1	0.997753	0.988819	0.003169	0.003273
61	LdDocent_Contig_31898_418	1	2	0.002247	0.011181	0.003169	0.003273
62	LdDocent_Contig_60380_375	0	1	0.998101	0.983871	0.002675	0.003722
62	LdDocent_Contig_60380_375	1	2	0.001899	0.016129	0.002675	0.003722
63	LdDocent_Contig_3810_26	0	1	0.945812	0.999534	0.014881	0.000658
63	LdDocent_Contig_3810_26	1	2	0.054188	0.000466	0.014881	0.000658
64	LdDocent_Contig_15456_449	0	1	0.989708	0.971102	0.006448	0.005257
64	LdDocent_Contig_15456_449	1	2	0.010292	0.028898	0.006448	0.005257
65	LdDocent_Contig_95236_418	0	1	0.822962	0.999522	0.024335	0.000676
65	LdDocent_Contig_95236_418	1	2	0.177038	0.000478	0.024335	0.000676
66	LdDocent_Contig_2608_327	0	1	0.997618	0.911553	0.003349	0.008919
66	LdDocent_Contig_2608_327	1	2	0.002382	0.088447	0.003349	0.008919
67	LdDocent_Contig_71732_419	0	1	0.997712	0.947811	0.003210	0.006770
67	LdDocent_Contig_71732_419	1	2	0.002288	0.052189	0.003210	0.006770
68	LdDocent_Contig_2763_332	0	1	0.997652	0.991410	0.003265	0.002800
68	LdDocent_Contig_2763_332	1	2	0.002348	0.008590	0.003265	0.002800
69	LdDocent_Contig_13140_367	0	1	0.992913	0.984498	0.005809	0.003783
69	LdDocent_Contig_13140_367	1	2	0.007087	0.015502	0.005809	0.003783
70	LdDocent_Contig_2685_326	0	1	0.997950	0.934972	0.002885	0.007288
70	LdDocent_Contig_2685_326	1	2	0.002050	0.065028	0.002885	0.007288
71	LdDocent_Contig_526_74	0	1	0.998009	0.948297	0.002795	0.006416
71	LdDocent_Contig_526_74	1	2	0.001991	0.051703	0.002795	0.006416
72	LdDocent_Contig_89276_141	0	1	0.964879	0.964656	0.012068	0.005854
72	LdDocent_Contig_89276_141	1	2	0.035121	0.035344	0.012068	0.005854
73	LdDocent_Contig_2723_376	0	1	0.992131	0.991814	0.011034	0.002645
73	LdDocent_Contig_2723_376	1	2	0.007869	0.008186	0.011034	0.002645
74	LdDocent_Contig_5579_24	0	1	0.998062	0.983657	0.002729	0.003766
74	LdDocent_Contig_5579_24	1	2	0.001938	0.016343	0.002729	0.003766
75	LdDocent_Contig_37945_58	0	1	0.572375	0.997767	0.032957	0.001422
75	LdDocent_Contig_37945_58	1	2	0.427625	0.002233	0.032957	0.001422
76	LdDocent_Contig_31766_49	0	2	0.009212	0.700010	0.006110	0.013478
76	LdDocent_Contig_31766_49	1	1	0.990788	0.299990	0.006110	0.013478
77	LdDocent_Contig_79990_70	0	1	0.997767	0.980664	0.003153	0.004225
77	LdDocent_Contig_79990_70	1	2	0.002233	0.019336	0.003153	0.004225
78	LdDocent_Contig_1179_412	0	1	0.996760	0.977899	0.004465	0.004439
78	LdDocent_Contig_1179_412	1	2	0.003240	0.022101	0.004465	0.004439
79	LdDocent_Contig_2465_75	0	1	0.997971	0.985125	0.002867	0.003638
79	LdDocent_Contig_2465_75	1	2	0.002029	0.014875	0.002867	0.003638
80	LdDocent_Contig_302_353	0	1	0.998087	0.990114	0.002694	0.002898
80	LdDocent_Contig_302_353	1	2	0.001913	0.009886	0.002694	0.002898
81	LdDocent_Contig_13473_79	0	1	0.954020	0.998444	0.013933	0.001268
81	LdDocent_Contig_13473_79	1	2	0.045980	0.001556	0.013933	0.001268
82	LdDocent_Contig_8059_35	0	1	0.910612	0.999505	0.019285	0.000698
82	LdDocent_Contig_8059_35	1	2	0.089388	0.000495	0.019285	0.000698
83	LdDocent_Contig_7538_103	0	1	0.995123	0.991756	0.005349	0.002851
83	LdDocent_Contig_7538_103	1	2	0.004877	0.008244	0.005349	0.002851
84	LdDocent_Contig_569_458	0	2	0.002331	0.189877	0.003277	0.012192
84	LdDocent_Contig_569_458	1	1	0.997669	0.810123	0.003277	0.012192
85	LdDocent_Contig_74360_432	0	2	0.060938	0.127819	0.015390	0.010125
85	LdDocent_Contig_74360_432	1	1	0.939062	0.872181	0.015390	0.010125
86	LdDocent_Contig_80137_105	0	1	0.997832	0.979958	0.003056	0.004378
86	LdDocent_Contig_80137_105	1	2	0.002168	0.020042	0.003056	0.004378
87	LdDocent_Contig_506_129	0	1	0.942116	0.999496	0.016530	0.000711
87	LdDocent_Contig_506_129	1	2	0.057884	0.000504	0.016530	0.000711
88	LdDocent_Contig_35183_450	0	1	0.997026	0.990683	0.004107	0.002885
88	LdDocent_Contig_35183_450	1	2	0.002974	0.009317	0.004107	0.002885
89	LdDocent_Contig_3166_66	0	1	0.997810	0.968846	0.003086	0.005458
89	LdDocent_Contig_3166_66	1	2	0.002190	0.031154	0.003086	0.005458
90	LdDocent_Contig_80302_44	0	1	0.930288	0.999491	0.017020	0.000718
90	LdDocent_Contig_80302_44	1	2	0.069712	0.000509	0.017020	0.000718
91	LdDocent_Contig_6226_357	0	1	0.997857	0.980726	0.003010	0.004125
91	LdDocent_Contig_6226_357	1	2	0.002143	0.019274	0.003010	0.004125
92	LdDocent_Contig_1539_383	0	1	0.900714	0.998731	0.018623	0.001039
92	LdDocent_Contig_1539_383	1	2	0.099286	0.001269	0.018623	0.001039
93	LdDocent_Contig_905_57	0	1	0.010550	0.919359	0.006662	0.008020
93	LdDocent_Contig_905_57	1	2	0.989450	0.080641	0.006662	0.008020
94	LdDocent_Contig_5132_456	0	2	0.997949	0.697581	0.002887	0.014282
94	LdDocent_Contig_5132_456	1	1	0.002051	0.302419	0.002887	0.014282
95	LdDocent_Contig_68815_372	0	1	0.994068	0.977804	0.004823	0.004345
95	LdDocent_Contig_68815_372	1	2	0.005932	0.022196	0.004823	0.004345
96	LdDocent_Contig_6076_371	0	2	0.998026	0.973960	0.002785	0.004722
96	LdDocent_Contig_6076_371	1	1	0.001974	0.026040	0.002785	0.004722
97	LdDocent_Contig_1232_390	0	1	0.965058	0.999540	0.011768	0.000649
97	LdDocent_Contig_1232_390	1	2	0.034942	0.000460	0.011768	0.000649
98	LdDocent_Contig_84158_445	0	1	0.997920	0.985453	0.002930	0.003668
98	LdDocent_Contig_84158_445	1	2	0.002080	0.014547	0.002930	0.003668
99	LdDocent_Contig_61554_18	0	1	0.998010	0.983377	0.002807	0.003826
99	LdDocent_Contig_61554_18	1	2	0.001990	0.016623	0.002807	0.003826
100	LdDocent_Contig_68801_463	0	1	0.998041	0.990764	0.002760	0.002833
100	LdDocent_Contig_68801_463	1	2	0.001959	0.009236	0.002760	0.002833
101	LdDocent_Contig_93340_36	0	1	0.997454	0.981115	0.003581	0.004357
101	LdDocent_Contig_93340_36	1	2	0.002546	0.018885	0.003581	0.004357
102	LdDocent_Contig_8911_456	0	1	0.992762	0.990927	0.005877	0.002926
102	LdDocent_Contig_8911_456	1	2	0.007238	0.009073	0.005877	0.002926
103	LdDocent_Contig_729_126	0	1	0.998098	0.987267	0.002682	0.003325
103	LdDocent_Contig_729_126	1	2	0.001902	0.012733	0.002682	0.003325
104	LdDocent_Contig_6037_101	0	1	0.962225	0.999497	0.012689	0.000710
104	LdDocent_Contig_6037_101	1	2	0.037775	0.000503	0.012689	0.000710
105	LdDocent_Contig_5102_9	0	1	0.997942	0.991366	0.002902	0.002787
105	LdDocent_Contig_5102_9	1	2	0.002058	0.008634	0.002902	0.002787
106	LdDocent_Contig_60842_48	0	1	0.998041	0.975899	0.002766	0.004537
106	LdDocent_Contig_60842_48	1	2	0.001959	0.024101	0.002766	0.004537
107	LdDocent_Contig_64815_411	0	1	0.997496	0.960398	0.003504	0.006185
107	LdDocent_Contig_64815_411	1	2	0.002504	0.039602	0.003504	0.006185
108	LdDocent_Contig_718_137	0	1	0.992135	0.986751	0.006302	0.003619
108	LdDocent_Contig_718_137	1	2	0.007865	0.013249	0.006302	0.003619
109	LdDocent_Contig_1748_352	0	1	0.997946	0.992839	0.002895	0.002603
109	LdDocent_Contig_1748_352	1	2	0.002054	0.007161	0.002895	0.002603
110	LdDocent_Contig_2541_50	0	1	0.993445	0.984014	0.005276	0.003815
110	LdDocent_Contig_2541_50	1	2	0.006555	0.015986	0.005276	0.003815
111	LdDocent_Contig_2311_20	0	1	0.966046	0.999508	0.011422	0.000695
111	LdDocent_Contig_2311_20	1	2	0.033954	0.000492	0.011422	0.000695
112	LdDocent_Contig_77297_395	0	1	0.981534	0.993112	0.009146	0.002669
112	LdDocent_Contig_77297_395	1	2	0.018466	0.006888	0.009146	0.002669
113	LdDocent_Contig_93959_359	0	1	0.993447	0.981199	0.005314	0.004209
113	LdDocent_Contig_93959_359	1	2	0.006553	0.018801	0.005314	0.004209
114	LdDocent_Contig_301_42	0	1	0.002059	0.998264	0.002904	0.001356
114	LdDocent_Contig_301_42	1	2	0.997941	0.001736	0.002904	0.001356
115	LdDocent_Contig_12655_420	0	1	0.997710	0.933483	0.003227	0.007649
115	LdDocent_Contig_12655_420	1	2	0.002290	0.066517	0.003227	0.007649
116	LdDocent_Contig_1347_343	0	1	0.997927	0.992431	0.002917	0.002584
116	LdDocent_Contig_1347_343	1	2	0.002073	0.007569	0.002917	0.002584
117	LdDocent_Contig_59658_364	0	1	0.992955	0.970476	0.005651	0.005137
117	LdDocent_Contig_59658_364	1	2	0.007045	0.029524	0.005651	0.005137
118	LdDocent_Contig_244_402	0	1	0.997979	0.989593	0.002856	0.003050
118	LdDocent_Contig_244_402	1	2	0.002021	0.010407	0.002856	0.003050
119	LdDocent_Contig_2983_350	0	1	0.907567	0.993122	0.020085	0.002681
119	LdDocent_Contig_2983_350	1	2	0.092433	0.006878	0.020085	0.002681
120	LdDocent_Contig_2251_429	0	1	0.988553	0.989280	0.007180	0.003290
120	LdDocent_Contig_2251_429	1	2	0.011447	0.010720	0.007180	0.003290
121	LdDocent_Contig_1577_413	0	1	0.994125	0.953377	0.004777	0.006221
121	LdDocent_Contig_1577_413	1	2	0.005875	0.046623	0.004777	0.006221
122	LdDocent_Contig_13066_328	0	1	0.916788	0.960820	0.019478	0.005728
122	LdDocent_Contig_13066_328	1	2	0.083212	0.039180	0.019478	0.005728
123	LdDocent_Contig_7713_355	0	1	0.969166	0.998469	0.011875	0.001246
123	LdDocent_Contig_7713_355	1	2	0.030834	0.001531	0.011875	0.001246
124	LdDocent_Contig_3698_393	0	1	0.997944	0.855543	0.002897	0.010400
124	LdDocent_Contig_3698_393	1	2	0.002056	0.144457	0.002897	0.010400
125	LdDocent_Contig_1481_423	0	1	0.968394	0.612886	0.010993	0.014066
125	LdDocent_Contig_1481_423	1	2	0.031606	0.387114	0.010993	0.014066
126	LdDocent_Contig_19332_430	0	1	0.942592	0.999596	0.020299	0.000570
126	LdDocent_Contig_19332_430	1	2	0.057408	0.000404	0.020299	0.000570
127	LdDocent_Contig_723_69	0	1	0.957488	0.999496	0.013510	0.000710
127	LdDocent_Contig_723_69	1	2	0.042512	0.000504	0.013510	0.000710
128	LdDocent_Contig_61650_466	0	1	0.071665	0.955937	0.017481	0.006614
128	LdDocent_Contig_61650_466	1	2	0.928335	0.044063	0.017481	0.006614
129	LdDocent_Contig_93998_405	0	1	0.997781	0.988720	0.003138	0.003307
129	LdDocent_Contig_93998_405	1	2	0.002219	0.011280	0.003138	0.003307
130	LdDocent_Contig_3283_367	0	1	0.988012	0.989433	0.007520	0.003242
130	LdDocent_Contig_3283_367	1	2	0.011988	0.010567	0.007520	0.003242
131	LdDocent_Contig_18191_486	0	1	0.992663	0.795849	0.005945	0.012733
131	LdDocent_Contig_18191_486	1	2	0.007337	0.204151	0.005945	0.012733
132	LdDocent_Contig_38898_83	0	1	0.997753	0.955363	0.003162	0.006390
132	LdDocent_Contig_38898_83	1	2	0.002247	0.044637	0.003162	0.006390
133	LdDocent_Contig_884_523	0	1	0.997658	0.990554	0.003291	0.003054
133	LdDocent_Contig_884_523	1	2	0.002342	0.009446	0.003291	0.003054
134	LdDocent_Contig_11713_433	0	1	0.586376	0.998538	0.032779	0.001196
134	LdDocent_Contig_11713_433	1	2	0.413624	0.001462	0.032779	0.001196
135	LdDocent_Contig_6838_318	0	1	0.998053	0.975909	0.002747	0.004454
135	LdDocent_Contig_6838_318	1	2	0.001947	0.024091	0.002747	0.004454
136	LdDocent_Contig_1643_122	0	1	0.002169	0.450016	0.003060	0.015313
136	LdDocent_Contig_1643_122	1	2	0.997831	0.549984	0.003060	0.015313
137	LdDocent_Contig_328_71	0	1	0.929156	0.993710	0.016642	0.002437
137	LdDocent_Contig_328_71	1	2	0.070844	0.006290	0.016642	0.002437
138	LdDocent_Contig_2302_110	0	1	0.990022	0.932870	0.006437	0.007611
138	LdDocent_Contig_2302_110	1	2	0.009978	0.067130	0.006437	0.007611
139	LdDocent_Contig_1169_467	0	1	0.998105	0.984823	0.002675	0.003595
139	LdDocent_Contig_1169_467	1	2	0.001895	0.015177	0.002675	0.003595
140	LdDocent_Contig_10199_293	0	1	0.997775	0.989698	0.003132	0.003158
140	LdDocent_Contig_10199_293	1	2	0.002225	0.010302	0.003132	0.003158
141	LdDocent_Contig_1195_372	0	1	0.860768	0.999520	0.023725	0.000679
141	LdDocent_Contig_1195_372	1	2	0.139232	0.000480	0.023725	0.000679
142	LdDocent_Contig_74588_389	0	1	0.997678	0.987408	0.003267	0.003538
142	LdDocent_Contig_74588_389	1	2	0.002322	0.012592	0.003267	0.003538
143	LdDocent_Contig_1608_459	0	1	0.997200	0.987108	0.003903	0.003263
143	LdDocent_Contig_1608_459	1	2	0.002800	0.012892	0.003903	0.003263
144	LdDocent_Contig_96823_339	0	1	0.996752	0.962795	0.004354	0.005988
144	LdDocent_Contig_96823_339	1	2	0.003248	0.037205	0.004354	0.005988
145	LdDocent_Contig_3593_327	0	1	0.997854	0.971020	0.003029	0.005081
145	LdDocent_Contig_3593_327	1	2	0.002146	0.028980	0.003029	0.005081
146	LdDocent_Contig_30057_56	0	1	0.997844	0.983266	0.003040	0.003965
146	LdDocent_Contig_30057_56	1	2	0.002156	0.016734	0.003040	0.003965
147	LdDocent_Contig_1799_68	0	1	0.992953	0.686499	0.005723	0.014515
147	LdDocent_Contig_1799_68	1	2	0.007047	0.313501	0.005723	0.014515
148	LdDocent_Contig_1972_409	0	1	0.005757	0.996409	0.004792	0.002017
148	LdDocent_Contig_1972_409	1	2	0.994243	0.003591	0.004792	0.002017
149	LdDocent_Contig_87086_22	0	1	0.984556	0.983819	0.008165	0.003951
149	LdDocent_Contig_87086_22	1	2	0.015444	0.016181	0.008165	0.003951
150	LdDocent_Contig_52503_494	0	1	0.932770	0.995685	0.017642	0.002029
150	LdDocent_Contig_52503_494	1	2	0.067230	0.004315	0.017642	0.002029
151	LdDocent_Contig_19946_25	0	1	0.949216	0.999518	0.014580	0.000681
151	LdDocent_Contig_19946_25	1	2	0.050784	0.000482	0.014580	0.000681
152	LdDocent_Contig_80797_118	0	1	0.987127	0.989973	0.007225	0.002935
152	LdDocent_Contig_80797_118	1	2	0.012873	0.010027	0.007225	0.002935
153	LdDocent_Contig_371_12	0	1	0.997987	0.967629	0.002817	0.005068
153	LdDocent_Contig_371_12	1	2	0.002013	0.032371	0.002817	0.005068
154	LdDocent_Contig_15643_369	0	1	0.997949	0.993028	0.002888	0.002533
154	LdDocent_Contig_15643_369	1	2	0.002051	0.006972	0.002888	0.002533
155	LdDocent_Contig_15237_23	0	1	0.997431	0.949535	0.003672	0.006544
155	LdDocent_Contig_15237_23	1	2	0.002569	0.050465	0.003672	0.006544
156	LdDocent_Contig_53104_11	0	1	0.993296	0.984021	0.005351	0.003825
156	LdDocent_Contig_53104_11	1	2	0.006704	0.015979	0.005351	0.003825
157	LdDocent_Contig_95959_313	0	1	0.989876	0.975623	0.006355	0.004675
157	LdDocent_Contig_95959_313	1	2	0.010124	0.024377	0.006355	0.004675
158	LdDocent_Contig_1759_312	0	1	0.969130	0.999556	0.011080	0.000626
158	LdDocent_Contig_1759_312	1	2	0.030870	0.000444	0.011080	0.000626
159	LdDocent_Contig_95200_92	0	1	0.997854	0.988158	0.003028	0.003329
159	LdDocent_Contig_95200_92	1	2	0.002146	0.011842	0.003028	0.003329
160	LdDocent_Contig_89966_342	0	1	0.998053	0.986626	0.002744	0.003371
160	LdDocent_Contig_89966_342	1	2	0.001947	0.013374	0.002744	0.003371
161	LdDocent_Contig_5593_130	0	1	0.993438	0.976507	0.005329	0.004688
161	LdDocent_Contig_5593_130	1	2	0.006562	0.023493	0.005329	0.004688
162	LdDocent_Contig_92672_101	0	1	0.948125	0.799036	0.014722	0.012724
162	LdDocent_Contig_92672_101	1	2	0.051875	0.200964	0.014722	0.012724
163	LdDocent_Contig_55464_10	0	1	0.850735	0.807800	0.023168	0.012101
163	LdDocent_Contig_55464_10	1	2	0.149265	0.192200	0.023168	0.012101
164	LdDocent_Contig_1148_464	0	1	0.002206	0.994113	0.003109	0.002331
164	LdDocent_Contig_1148_464	1	2	0.997794	0.005887	0.003109	0.002331
165	LdDocent_Contig_10633_334	0	1	0.997954	0.948671	0.002876	0.006534
165	LdDocent_Contig_10633_334	1	2	0.002046	0.051329	0.002876	0.006534
166	LdDocent_Contig_5114_355	0	1	0.845285	0.997999	0.024823	0.001527
166	LdDocent_Contig_5114_355	1	2	0.154715	0.002001	0.024823	0.001527
167	LdDocent_Contig_95220_99	0	1	0.989666	0.798019	0.006534	0.012272
167	LdDocent_Contig_95220_99	1	2	0.010334	0.201981	0.006534	0.012272
168	LdDocent_Contig_20036_452	0	1	0.989842	0.994909	0.006387	0.002166
168	LdDocent_Contig_20036_452	1	2	0.010158	0.005091	0.006387	0.002166
169	LdDocent_Contig_69005_402	0	1	0.628376	0.992616	0.033828	0.002685
169	LdDocent_Contig_69005_402	1	2	0.371624	0.007384	0.033828	0.002685
170	LdDocent_Contig_59656_344	0	1	0.584416	0.997464	0.033269	0.001603
170	LdDocent_Contig_59656_344	1	2	0.415584	0.002536	0.033269	0.001603
171	LdDocent_Contig_30222_90	0	1	0.997790	0.968752	0.003111	0.005317
171	LdDocent_Contig_30222_90	1	2	0.002210	0.031248	0.003111	0.005317
172	LdDocent_Contig_2508_21	0	1	0.997826	0.984650	0.003068	0.003865
172	LdDocent_Contig_2508_21	1	2	0.002174	0.015350	0.003068	0.003865
173	LdDocent_Contig_26523_388	0	1	0.990776	0.956938	0.007094	0.006164
173	LdDocent_Contig_26523_388	1	2	0.009224	0.043062	0.007094	0.006164
174	LdDocent_Contig_89291_130	0	1	0.995652	0.963935	0.006112	0.005555
174	LdDocent_Contig_89291_130	1	2	0.004348	0.036065	0.006112	0.005555
175	LdDocent_Contig_64793_130	0	1	0.998056	0.971683	0.002744	0.004977
175	LdDocent_Contig_64793_130	1	2	0.001944	0.028317	0.002744	0.004977
176	LdDocent_Contig_951_12	0	1	0.997925	0.992050	0.002930	0.002715
176	LdDocent_Contig_951_12	1	2	0.002075	0.007950	0.002930	0.002715
177	LdDocent_Contig_36985_77	0	1	0.997952	0.992079	0.002891	0.002705
177	LdDocent_Contig_36985_77	1	2	0.002048	0.007921	0.002891	0.002705
178	LdDocent_Contig_2258_368	0	1	0.997749	0.987812	0.003172	0.003424
178	LdDocent_Contig_2258_368	1	2	0.002251	0.012188	0.003172	0.003424
179	LdDocent_Contig_7184_46	0	1	0.998070	0.979680	0.002718	0.004143
179	LdDocent_Contig_7184_46	1	2	0.001930	0.020320	0.002718	0.004143
180	LdDocent_Contig_26396_434	0	1	0.997916	0.935314	0.002941	0.007393
180	LdDocent_Contig_26396_434	1	2	0.002084	0.064686	0.002941	0.007393
181	LdDocent_Contig_3035_346	0	1	0.945280	0.999541	0.014447	0.000648
181	LdDocent_Contig_3035_346	1	2	0.054720	0.000459	0.014447	0.000648
182	LdDocent_Contig_12602_422	0	1	0.997931	0.992424	0.002914	0.002589
182	LdDocent_Contig_12602_422	1	2	0.002069	0.007576	0.002914	0.002589
183	LdDocent_Contig_528_15	0	1	0.963929	0.999555	0.012885	0.000629
183	LdDocent_Contig_528_15	1	2	0.036071	0.000445	0.012885	0.000629
184	LdDocent_Contig_72874_463	0	1	0.990307	0.991819	0.013496	0.002644
184	LdDocent_Contig_72874_463	1	2	0.009693	0.008181	0.013496	0.002644
185	LdDocent_Contig_69295_349	0	1	0.997715	0.983752	0.003217	0.003845
185	LdDocent_Contig_69295_349	1	2	0.002285	0.016248	0.003217	0.003845
186	LdDocent_Contig_111_133	0	1	0.998075	0.860578	0.002710	0.010063
186	LdDocent_Contig_111_133	1	2	0.001925	0.139422	0.002710	0.010063
187	LdDocent_Contig_25825_133	0	1	0.993767	0.987153	0.005058	0.003614
187	LdDocent_Contig_25825_133	1	2	0.006233	0.012847	0.005058	0.003614
188	LdDocent_Contig_245_458	0	1	0.998096	0.986461	0.002685	0.003416
188	LdDocent_Contig_245_458	1	2	0.001904	0.013539	0.002685	0.003416
189	LdDocent_Contig_81500_448	0	1	0.369238	0.976249	0.029802	0.004859
189	LdDocent_Contig_81500_448	1	2	0.630762	0.023751	0.029802	0.004859
190	LdDocent_Contig_59308_379	0	1	0.995962	0.993031	0.005675	0.002535
190	LdDocent_Contig_59308_379	1	2	0.004038	0.006969	0.005675	0.002535
191	LdDocent_Contig_24629_85	0	1	0.997716	0.959708	0.003219	0.006058
191	LdDocent_Contig_24629_85	1	2	0.002284	0.040292	0.003219	0.006058
192	LdDocent_Contig_18579_377	0	1	0.968825	0.999488	0.011181	0.000724
192	LdDocent_Contig_18579_377	1	2	0.031175	0.000512	0.011181	0.000724
193	LdDocent_Contig_1307_442	0	1	0.074552	0.832547	0.017050	0.011188
193	LdDocent_Contig_1307_442	1	2	0.925448	0.167453	0.017050	0.011188
194	LdDocent_Contig_5184_376	0	1	0.997717	0.982765	0.003208	0.004079
194	LdDocent_Contig_5184_376	1	2	0.002283	0.017235	0.003208	0.004079
195	LdDocent_Contig_7550_432	0	1	0.968641	0.999550	0.011252	0.000637
195	LdDocent_Contig_7550_432	1	2	0.031359	0.000450	0.011252	0.000637
196	LdDocent_Contig_62264_478	0	1	0.961371	0.999512	0.012962	0.000689
196	LdDocent_Contig_62264_478	1	2	0.038629	0.000488	0.012962	0.000689
197	LdDocent_Contig_192_122	0	1	0.997889	0.787395	0.002976	0.012696
197	LdDocent_Contig_192_122	1	2	0.002111	0.212605	0.002976	0.012696
198	LdDocent_Contig_69820_346	0	1	0.997741	0.977192	0.003183	0.004869
198	LdDocent_Contig_69820_346	1	2	0.002259	0.022808	0.003183	0.004869
199	LdDocent_Contig_8_403	0	1	0.997981	0.980043	0.002820	0.004002
199	LdDocent_Contig_8_403	1	2	0.002019	0.019957	0.002820	0.004002
