999901_sweeps	1.000/0.000/0.000/0.000	0.000/0.000/0.000/1.000	0.000/0.500/0.500/0.000	0.250/0.250/0.250/0.250	0.500/0.250/0.250/0.000	0.000/0.250/0.250/0.500
1	0.00000	0.99995	0.00000	0.00000	0.00000	0.00005
2	0.00000	0.99999	0.00000	0.00000	0.00000	0.00001
3	0.00000	1.00000	0.00000	0.00000	0.00000	0.00000
4	0.00000	0.94932	0.00000	0.00252	0.00000	0.04816
5	0.00000	1.00000	0.00000	0.00000	0.00000	0.00000
6	0.00000	0.99940	0.00000	0.00000	0.00000	0.00060
7	0.00000	0.99997	0.00000	0.00000	0.00000	0.00003
8	0.00000	0.99995	0.00000	0.00000	0.00000	0.00005
9	0.00000	1.00000	0.00000	0.00000	0.00000	0.00000
10	0.00000	0.00000	0.00000	0.00214	0.99786	0.00000
11	1.00000	0.00000	0.00000	0.00000	0.00000	0.00000
12	0.00000	0.98611	0.00000	0.00006	0.00000	0.01383
13	0.00000	0.99999	0.00000	0.00000	0.00000	0.00001
14	0.00000	1.00000	0.00000	0.00000	0.00000	0.00000
15	0.00000	0.99996	0.00000	0.00000	0.00000	0.00004
16	0.00000	0.96438	0.00000	0.00208	0.00000	0.03354
17	1.00000	0.00000	0.00000	0.00000	0.00000	0.00000
18	0.71855	0.00000	0.00026	0.06535	0.21577	0.00008
19	0.00000	0.98928	0.00000	0.00007	0.00000	0.01064
20	0.99998	0.00000	0.00000	0.00000	0.00002	0.00000
21	0.00057	0.45353	0.01457	0.21185	0.01003	0.30945
22	0.00000	0.99599	0.00000	0.00001	0.00000	0.00400
23	0.99998	0.00000	0.00000	0.00000	0.00002	0.00000
24	0.99999	0.00000	0.00000	0.00000	0.00001	0.00000
25	1.00000	0.00000	0.00000	0.00000	0.00000	0.00000
26	0.00000	1.00000	0.00000	0.00000	0.00000	0.00000
27	0.00000	1.00000	0.00000	0.00000	0.00000	0.00000
28	0.00000	1.00000	0.00000	0.00000	0.00000	0.00000
29	0.00000	1.00000	0.00000	0.00000	0.00000	0.00000
30	1.00000	0.00000	0.00000	0.00000	0.00000	0.00000
31	0.99996	0.00000	0.00000	0.00000	0.00004	0.00000
32	0.00000	0.04751	0.00000	0.77265	0.00000	0.17984
33	0.99995	0.00000	0.00000	0.00000	0.00005	0.00000
34	0.00007	0.57332	0.00436	0.13882	0.00218	0.28124
35	0.00000	0.98241	0.00000	0.00033	0.00000	0.01726
36	0.00000	0.99890	0.00000	0.00000	0.00000	0.00110
37	1.00000	0.00000	0.00000	0.00000	0.00000	0.00000
38	0.99999	0.00000	0.00000	0.00000	0.00001	0.00000
39	0.00000	0.99999	0.00000	0.00000	0.00000	0.00001
40	0.00000	1.00000	0.00000	0.00000	0.00000	0.00000
41	0.00000	0.99999	0.00000	0.00000	0.00000	0.00001
42	0.00000	0.99999	0.00000	0.00000	0.00000	0.00001
43	0.97376	0.00000	0.00000	0.00000	0.02624	0.00000
44	0.00000	0.99984	0.00000	0.00000	0.00000	0.00016
45	0.99994	0.00000	0.00000	0.00000	0.00006	0.00000
46	0.00000	0.36722	0.00000	0.00000	0.00000	0.63278
47	0.00000	0.99981	0.00000	0.00000	0.00000	0.00019
48	0.99997	0.00000	0.00000	0.00000	0.00003	0.00000
49	0.99893	0.00000	0.00000	0.00000	0.00107	0.00000
50	0.00000	0.99701	0.00000	0.00001	0.00000	0.00298
51	0.00000	1.00000	0.00000	0.00000	0.00000	0.00000
52	0.00000	1.00000	0.00000	0.00000	0.00000	0.00000
53	0.98618	0.00000	0.00000	0.00001	0.01380	0.00000
54	0.00000	1.00000	0.00000	0.00000	0.00000	0.00000
55	0.00000	1.00000	0.00000	0.00000	0.00000	0.00000
56	0.94570	0.00000	0.00000	0.00314	0.05117	0.00000
57	0.00000	1.00000	0.00000	0.00000	0.00000	0.00000
58	0.00000	1.00000	0.00000	0.00000	0.00000	0.00000
59	0.00000	0.99966	0.00000	0.00000	0.00000	0.00034
60	0.00000	0.99996	0.00000	0.00000	0.00000	0.00004
61	0.00000	1.00000	0.00000	0.00000	0.00000	0.00000
62	0.00000	1.00000	0.00000	0.00000	0.00000	0.00000
63	0.00000	1.00000	0.00000	0.00000	0.00000	0.00000
64	0.00000	1.00000	0.00000	0.00000	0.00000	0.00000
65	0.00000	0.99986	0.00000	0.00000	0.00000	0.00014
66	1.00000	0.00000	0.00000	0.00000	0.00000	0.00000
67	0.00000	0.99991	0.00000	0.00000	0.00000	0.00009
68	0.00000	0.99300	0.00000	0.00000	0.00000	0.00700
69	0.00000	0.83467	0.00001	0.02404	0.00000	0.14128
70	0.00000	0.99999	0.00000	0.00000	0.00000	0.00001
71	0.00000	0.99996	0.00000	0.00000	0.00000	0.00004
72	0.00000	0.99927	0.00000	0.00000	0.00000	0.00073
73	0.00000	0.99627	0.00000	0.00001	0.00000	0.00373
74	0.00000	1.00000	0.00000	0.00000	0.00000	0.00000
75	0.00000	0.99998	0.00000	0.00000	0.00000	0.00002
76	0.00000	1.00000	0.00000	0.00000	0.00000	0.00000
77	1.00000	0.00000	0.00000	0.00000	0.00000	0.00000
78	1.00000	0.00000	0.00000	0.00000	0.00000	0.00000
79	0.99096	0.00000	0.00000	0.00000	0.00904	0.00000
80	0.00000	0.98886	0.00000	0.00012	0.00000	0.01102
81	0.00000	0.99999	0.00000	0.00000	0.00000	0.00001
82	0.60093	0.00000	0.00017	0.12513	0.27370	0.00008
83	1.00000	0.00000	0.00000	0.00000	0.00000	0.00000
84	0.00000	1.00000	0.00000	0.00000	0.00000	0.00000
85	1.00000	0.00000	0.00000	0.00000	0.00000	0.00000
86	0.99878	0.00000	0.00000	0.00000	0.00122	0.00000
87	0.00000	0.99975	0.00000	0.00000	0.00000	0.00025
88	0.99999	0.00000	0.00000	0.00000	0.00001	0.00000
89	0.00000	0.81430	0.00000	0.00294	0.00000	0.18276
90	0.00000	1.00000	0.00000	0.00000	0.00000	0.00000
91	0.99870	0.00000	0.00000	0.00000	0.00130	0.00000
92	0.00000	0.00000	0.00000	0.00180	0.00000	0.99820
93	0.00000	1.00000	0.00000	0.00000	0.00000	0.00000
94	0.99621	0.00000	0.00000	0.00001	0.00378	0.00000
95	0.00000	0.99995	0.00000	0.00000	0.00000	0.00005
96	0.00000	0.99995	0.00000	0.00000	0.00000	0.00005
97	1.00000	0.00000	0.00000	0.00000	0.00000	0.00000
98	0.00000	0.99998	0.00000	0.00000	0.00000	0.00002
99	0.00000	0.74722	0.00083	0.05299	0.00022	0.19874
100	0.00000	1.00000	0.00000	0.00000	0.00000	0.00000
101	0.00000	0.99888	0.00000	0.00000	0.00000	0.00112
102	0.00000	0.99975	0.00000	0.00000	0.00000	0.00025
103	0.00000	0.99997	0.00000	0.00000	0.00000	0.00003
104	0.00000	0.99997	0.00000	0.00000	0.00000	0.00003
105	0.00000	0.96078	0.00000	0.00149	0.00000	0.03773
106	0.00000	1.00000	0.00000	0.00000	0.00000	0.00000
107	0.00000	0.99999	0.00000	0.00000	0.00000	0.00001
108	0.99996	0.00000	0.00000	0.00000	0.00004	0.00000
109	0.00000	0.99993	0.00000	0.00000	0.00000	0.00007
110	0.00000	0.99997	0.00000	0.00000	0.00000	0.00003
111	0.00000	1.00000	0.00000	0.00000	0.00000	0.00000
112	0.99976	0.00000	0.00000	0.00000	0.00024	0.00000
113	0.98915	0.00000	0.00000	0.00002	0.01083	0.00000
114	0.00000	0.99996	0.00000	0.00000	0.00000	0.00004
115	0.00000	1.00000	0.00000	0.00000	0.00000	0.00000
116	0.00202	0.00000	0.00000	0.00012	0.99786	0.00000
117	0.00000	1.00000	0.00000	0.00000	0.00000	0.00000
118	0.99989	0.00000	0.00000	0.00000	0.00011	0.00000
119	0.99981	0.00000	0.00000	0.00000	0.00019	0.00000
120	0.00000	0.99994	0.00000	0.00000	0.00000	0.00006
121	0.00000	0.99999	0.00000	0.00000	0.00000	0.00001
122	0.00000	0.99999	0.00000	0.00000	0.00000	0.00001
123	0.00476	0.51039	0.04836	0.14189	0.02561	0.26899
124	0.00000	0.99997	0.00000	0.00000	0.00000	0.00003
125	0.00000	0.99980	0.00000	0.00000	0.00000	0.00020
126	0.00000	1.00000	0.00000	0.00000	0.00000	0.00000
127	0.00000	0.99994	0.00000	0.00000	0.00000	0.00006
128	0.00000	0.99985	0.00000	0.00000	0.00000	0.00015
129	0.00000	0.99642	0.00000	0.00001	0.00000	0.00357
130	0.00000	0.99999	0.00000	0.00000	0.00000	0.00001
131	1.00000	0.00000	0.00000	0.00000	0.00000	0.00000
132	0.00000	1.00000	0.00000	0.00000	0.00000	0.00000
133	0.00000	1.00000	0.00000	0.00000	0.00000	0.00000
134	0.00000	0.99999	0.00000	0.00000	0.00000	0.00001
135	0.00000	1.00000	0.00000	0.00000	0.00000	0.00000
136	0.00000	1.00000	0.00000	0.00000	0.00000	0.00000
137	0.00000	0.99848	0.00000	0.00000	0.00000	0.00152
138	0.99988	0.00000	0.00000	0.00000	0.00012	0.00000
139	0.99934	0.00000	0.00000	0.00000	0.00066	0.00000
140	0.99996	0.00000	0.00000	0.00000	0.00004	0.00000
141	0.55693	0.00000	0.00000	0.15174	0.29133	0.00000
142	1.00000	0.00000	0.00000	0.00000	0.00000	0.00000
143	0.00000	0.99982	0.00000	0.00000	0.00000	0.00018
144	1.00000	0.00000	0.00000	0.00000	0.00000	0.00000
145	0.99999	0.00000	0.00000	0.00000	0.00001	0.00000
146	1.00000	0.00000	0.00000	0.00000	0.00000	0.00000
147	0.99999	0.00000	0.00000	0.00000	0.00001	0.00000
148	1.00000	0.00000	0.00000	0.00000	0.00000	0.00000
149	0.99985	0.00000	0.00000	0.00000	0.00015	0.00000
150	0.99996	0.00000	0.00000	0.00000	0.00004	0.00000
151	0.00000	0.99763	0.00000	0.00000	0.00000	0.00236
152	0.03398	0.40220	0.11544	0.14138	0.06896	0.23804
153	0.00000	0.99903	0.00000	0.00000	0.00000	0.00097
154	0.00000	0.99999	0.00000	0.00000	0.00000	0.00001
155	0.00000	0.98444	0.00000	0.00004	0.00000	0.01552
156	0.00000	0.99997	0.00000	0.00000	0.00000	0.00003
157	0.00000	0.99996	0.00000	0.00000	0.00000	0.00004
158	0.00000	1.00000	0.00000	0.00000	0.00000	0.00000
159	0.00000	0.99993	0.00000	0.00000	0.00000	0.00007
160	0.00000	0.99997	0.00000	0.00000	0.00000	0.00003
161	0.00000	0.99995	0.00000	0.00000	0.00000	0.00005
162	0.99921	0.00000	0.00000	0.00000	0.00079	0.00000
163	0.00000	0.99990	0.00000	0.00000	0.00000	0.00010
164	0.00000	0.99837	0.00000	0.00000	0.00000	0.00163
165	0.00000	0.98994	0.00000	0.00009	0.00000	0.00996
166	1.00000	0.00000	0.00000	0.00000	0.00000	0.00000
167	1.00000	0.00000	0.00000	0.00000	0.00000	0.00000
168	0.72621	0.00000	0.00000	0.00002	0.27377	0.00000
169	0.00000	0.99988	0.00000	0.00000	0.00000	0.00012
170	0.00000	0.99989	0.00000	0.00000	0.00000	0.00011
171	0.00000	0.99999	0.00000	0.00000	0.00000	0.00001
172	0.00000	0.99997	0.00000	0.00000	0.00000	0.00003
173	0.99823	0.00000	0.00000	0.00000	0.00177	0.00000
174	0.00000	0.99999	0.00000	0.00000	0.00000	0.00001
175	0.00000	0.99976	0.00000	0.00000	0.00000	0.00024
176	0.00000	1.00000	0.00000	0.00000	0.00000	0.00000
177	0.00000	0.99998	0.00000	0.00000	0.00000	0.00002
178	1.00000	0.00000	0.00000	0.00000	0.00000	0.00000
179	1.00000	0.00000	0.00000	0.00000	0.00000	0.00000
180	0.00000	0.99998	0.00000	0.00000	0.00000	0.00002
181	0.00000	1.00000	0.00000	0.00000	0.00000	0.00000
182	0.99953	0.00000	0.00000	0.00000	0.00047	0.00000
183	0.00000	0.98701	0.00000	0.00000	0.00000	0.01299
184	0.00000	0.99999	0.00000	0.00000	0.00000	0.00001
185	0.00000	1.00000	0.00000	0.00000	0.00000	0.00000
186	0.99988	0.00000	0.00000	0.00000	0.00012	0.00000
187	0.00000	0.99966	0.00000	0.00000	0.00000	0.00034
188	0.00000	0.99999	0.00000	0.00000	0.00000	0.00001
189	0.00000	0.99995	0.00000	0.00000	0.00000	0.00005
190	0.00000	0.99842	0.00000	0.00000	0.00000	0.00158
191	1.00000	0.00000	0.00000	0.00000	0.00000	0.00000
192	0.99998	0.00000	0.00000	0.00000	0.00002	0.00000
193	0.99999	0.00000	0.00000	0.00000	0.00001	0.00000
194	0.00000	1.00000	0.00000	0.00000	0.00000	0.00000
195	0.00000	0.99926	0.00000	0.00000	0.00000	0.00074
196	0.00000	0.99999	0.00000	0.00000	0.00000	0.00001
197	0.00000	0.99942	0.00000	0.00000	0.00000	0.00058
198	0.00000	0.99989	0.00000	0.00000	0.00000	0.00011
199	0.00000	0.99992	0.00000	0.00000	0.00000	0.00008
200	0.00000	0.00000	0.99740	0.00247	0.00002	0.00012
201	0.00000	0.99999	0.00000	0.00000	0.00000	0.00001
202	0.00000	1.00000	0.00000	0.00000	0.00000	0.00000
203	0.00000	0.98719	0.00000	0.00016	0.00000	0.01265
204	0.00000	0.99993	0.00000	0.00000	0.00000	0.00007
205	0.00000	0.99999	0.00000	0.00000	0.00000	0.00001
206	0.00000	1.00000	0.00000	0.00000	0.00000	0.00000
207	0.00000	1.00000	0.00000	0.00000	0.00000	0.00000
208	0.00000	1.00000	0.00000	0.00000	0.00000	0.00000
209	0.00000	0.99998	0.00000	0.00000	0.00000	0.00002
210	0.00000	0.99999	0.00000	0.00000	0.00000	0.00001
211	0.00000	0.99978	0.00000	0.00000	0.00000	0.00022
212	0.00000	0.99999	0.00000	0.00000	0.00000	0.00001
213	0.99239	0.00000	0.00000	0.00000	0.00761	0.00000
214	0.99979	0.00000	0.00000	0.00000	0.00021	0.00000
215	0.00000	1.00000	0.00000	0.00000	0.00000	0.00000
216	0.00000	0.99997	0.00000	0.00000	0.00000	0.00003
217	0.00000	0.99999	0.00000	0.00000	0.00000	0.00001
218	0.00000	1.00000	0.00000	0.00000	0.00000	0.00000
219	0.00000	1.00000	0.00000	0.00000	0.00000	0.00000
220	0.00000	0.91748	0.00000	0.00643	0.00000	0.07608
221	0.00000	1.00000	0.00000	0.00000	0.00000	0.00000
222	0.00000	1.00000	0.00000	0.00000	0.00000	0.00000
223	0.00000	0.94014	0.00000	0.00261	0.00000	0.05725
224	0.00000	0.99968	0.00000	0.00000	0.00000	0.00032
225	0.00000	0.99957	0.00000	0.00000	0.00000	0.00043
226	0.99988	0.00000	0.00000	0.00000	0.00012	0.00000
227	0.00000	0.99982	0.00000	0.00000	0.00000	0.00018
228	0.00000	0.99677	0.00000	0.00001	0.00000	0.00322
229	0.64853	0.00001	0.00167	0.09762	0.25152	0.00065
230	0.00000	1.00000	0.00000	0.00000	0.00000	0.00000
231	0.00000	0.99998	0.00000	0.00000	0.00000	0.00002
232	0.00000	0.99745	0.00000	0.00001	0.00000	0.00255
233	1.00000	0.00000	0.00000	0.00000	0.00000	0.00000
234	0.00000	0.99527	0.00000	0.00002	0.00000	0.00471
235	0.00000	0.99810	0.00000	0.00000	0.00000	0.00190
236	0.00000	0.99999	0.00000	0.00000	0.00000	0.00001
237	0.00000	0.99999	0.00000	0.00000	0.00000	0.00001
238	0.00000	0.99984	0.00000	0.00000	0.00000	0.00016
239	1.00000	0.00000	0.00000	0.00000	0.00000	0.00000
240	1.00000	0.00000	0.00000	0.00000	0.00000	0.00000
241	1.00000	0.00000	0.00000	0.00000	0.00000	0.00000
242	1.00000	0.00000	0.00000	0.00000	0.00000	0.00000
243	0.00000	1.00000	0.00000	0.00000	0.00000	0.00000
244	0.99995	0.00000	0.00000	0.00000	0.00005	0.00000
245	1.00000	0.00000	0.00000	0.00000	0.00000	0.00000
246	0.00000	1.00000	0.00000	0.00000	0.00000	0.00000
247	0.00000	1.00000	0.00000	0.00000	0.00000	0.00000
248	0.00000	0.97160	0.00000	0.00000	0.00000	0.02840
249	0.00000	1.00000	0.00000	0.00000	0.00000	0.00000
250	0.00000	0.99999	0.00000	0.00000	0.00000	0.00001
251	0.00000	0.99993	0.00000	0.00000	0.00000	0.00007
252	0.00000	0.99999	0.00000	0.00000	0.00000	0.00001
253	0.00000	1.00000	0.00000	0.00000	0.00000	0.00000
254	0.00000	0.99984	0.00000	0.00000	0.00000	0.00016
255	0.00000	1.00000	0.00000	0.00000	0.00000	0.00000
256	0.00000	0.99762	0.00000	0.00000	0.00000	0.00238
257	0.00000	1.00000	0.00000	0.00000	0.00000	0.00000
258	0.00000	0.99993	0.00000	0.00000	0.00000	0.00007
259	0.00000	0.99999	0.00000	0.00000	0.00000	0.00001
260	0.00000	0.26422	0.00000	0.02992	0.00000	0.70586
261	0.00000	1.00000	0.00000	0.00000	0.00000	0.00000
262	0.00000	1.00000	0.00000	0.00000	0.00000	0.00000
263	0.00000	1.00000	0.00000	0.00000	0.00000	0.00000
264	0.00000	1.00000	0.00000	0.00000	0.00000	0.00000
265	0.00000	0.00691	0.00000	0.91958	0.00003	0.07348
266	0.00000	1.00000	0.00000	0.00000	0.00000	0.00000
267	0.00000	0.99974	0.00000	0.00000	0.00000	0.00026
268	0.00000	1.00000	0.00000	0.00000	0.00000	0.00000
269	0.00000	0.99966	0.00000	0.00000	0.00000	0.00034
270	0.00000	1.00000	0.00000	0.00000	0.00000	0.00000
271	0.00000	1.00000	0.00000	0.00000	0.00000	0.00000
272	0.00000	0.99999	0.00000	0.00000	0.00000	0.00001
273	0.00000	0.99968	0.00000	0.00000	0.00000	0.00032
274	0.00000	1.00000	0.00000	0.00000	0.00000	0.00000
275	0.00000	0.99999	0.00000	0.00000	0.00000	0.00001
276	0.00000	0.99986	0.00000	0.00000	0.00000	0.00014
277	0.00000	0.99979	0.00000	0.00000	0.00000	0.00021
278	0.00000	0.99998	0.00000	0.00000	0.00000	0.00002
279	0.00000	1.00000	0.00000	0.00000	0.00000	0.00000
280	0.00000	1.00000	0.00000	0.00000	0.00000	0.00000
281	0.00000	0.99981	0.00000	0.00000	0.00000	0.00019
282	0.00000	0.99997	0.00000	0.00000	0.00000	0.00003
283	1.00000	0.00000	0.00000	0.00000	0.00000	0.00000
284	0.00000	0.99128	0.00000	0.00006	0.00000	0.00866
285	0.00000	0.99999	0.00000	0.00000	0.00000	0.00001
286	0.00000	1.00000	0.00000	0.00000	0.00000	0.00000
287	0.00000	1.00000	0.00000	0.00000	0.00000	0.00000
288	0.00000	1.00000	0.00000	0.00000	0.00000	0.00000
289	0.00000	0.99992	0.00000	0.00000	0.00000	0.00008
290	0.00000	0.99995	0.00000	0.00000	0.00000	0.00005
291	0.00000	0.99999	0.00000	0.00000	0.00000	0.00001
292	0.00000	0.85128	0.00000	0.00000	0.00000	0.14872
293	0.00000	0.99982	0.00000	0.00000	0.00000	0.00018
294	0.00000	1.00000	0.00000	0.00000	0.00000	0.00000
295	0.00000	1.00000	0.00000	0.00000	0.00000	0.00000
296	0.99999	0.00000	0.00000	0.00000	0.00001	0.00000
297	0.00000	0.99999	0.00000	0.00000	0.00000	0.00001
298	0.00000	0.82392	0.00001	0.02223	0.00000	0.15384
299	0.99999	0.00000	0.00000	0.00000	0.00001	0.00000
300	0.00000	0.98338	0.00000	0.00000	0.00000	0.01662
301	0.00000	1.00000	0.00000	0.00000	0.00000	0.00000
302	0.00000	0.99994	0.00000	0.00000	0.00000	0.00006
303	0.00000	0.99999	0.00000	0.00000	0.00000	0.00001
304	0.00000	0.99924	0.00000	0.00000	0.00000	0.00076
305	0.00000	0.99999	0.00000	0.00000	0.00000	0.00001
306	0.00000	0.99978	0.00000	0.00000	0.00000	0.00022
307	0.00000	0.99999	0.00000	0.00000	0.00000	0.00001
308	0.00000	0.99986	0.00000	0.00000	0.00000	0.00014
309	0.00000	0.99982	0.00000	0.00000	0.00000	0.00018
310	0.00000	0.99878	0.00000	0.00000	0.00000	0.00122
311	0.00000	0.94408	0.00000	0.00307	0.00000	0.05285
312	0.00000	0.99999	0.00000	0.00000	0.00000	0.00001
313	0.00000	0.99999	0.00000	0.00000	0.00000	0.00001
314	0.00000	0.99985	0.00000	0.00000	0.00000	0.00015
315	0.00000	0.49318	0.00000	0.00012	0.00000	0.50670
316	0.00000	0.99957	0.00000	0.00000	0.00000	0.00043
317	0.00000	0.99999	0.00000	0.00000	0.00000	0.00001
318	0.00000	1.00000	0.00000	0.00000	0.00000	0.00000
319	0.00000	0.22665	0.00000	0.00328	0.00000	0.77006
320	0.00000	1.00000	0.00000	0.00000	0.00000	0.00000
321	0.00000	0.99991	0.00000	0.00000	0.00000	0.00009
322	0.00000	0.99999	0.00000	0.00000	0.00000	0.00001
323	0.00000	0.99954	0.00000	0.00000	0.00000	0.00046
324	0.00000	0.99999	0.00000	0.00000	0.00000	0.00001
325	0.00000	0.99588	0.00000	0.00000	0.00000	0.00412
326	0.00000	0.99304	0.00000	0.00005	0.00000	0.00691
327	0.00000	0.99999	0.00000	0.00000	0.00000	0.00001
328	0.00000	0.99987	0.00000	0.00000	0.00000	0.00013
329	0.00000	0.99999	0.00000	0.00000	0.00000	0.00001
330	0.00000	0.93105	0.00000	0.00449	0.00000	0.06446
331	0.00000	1.00000	0.00000	0.00000	0.00000	0.00000
332	0.00000	1.00000	0.00000	0.00000	0.00000	0.00000
333	0.00000	0.99998	0.00000	0.00000	0.00000	0.00002
334	0.00000	1.00000	0.00000	0.00000	0.00000	0.00000
335	0.00000	0.99985	0.00000	0.00000	0.00000	0.00015
336	0.00000	0.83432	0.00011	0.02405	0.00002	0.14150
337	0.00000	1.00000	0.00000	0.00000	0.00000	0.00000
338	0.00000	0.99990	0.00000	0.00000	0.00000	0.00010
339	0.00000	1.00000	0.00000	0.00000	0.00000	0.00000
340	0.00000	0.00000	0.99996	0.00001	0.00000	0.00003
341	0.00000	1.00000	0.00000	0.00000	0.00000	0.00000
342	0.00000	0.99998	0.00000	0.00000	0.00000	0.00002
343	0.00000	0.00011	0.00000	0.00169	0.00000	0.99821
344	0.00000	0.99704	0.00000	0.00000	0.00000	0.00296
345	0.00000	1.00000	0.00000	0.00000	0.00000	0.00000
346	0.00000	0.63781	0.01262	0.07872	0.00214	0.26871
347	0.00000	0.00000	0.00000	0.00065	0.00000	0.99935
348	0.00000	0.99988	0.00000	0.00000	0.00000	0.00012
349	0.00000	0.99983	0.00000	0.00000	0.00000	0.00017
350	0.00000	1.00000	0.00000	0.00000	0.00000	0.00000
351	0.00000	0.97427	0.00000	0.00020	0.00000	0.02553
352	0.00000	1.00000	0.00000	0.00000	0.00000	0.00000
353	0.00000	0.99476	0.00000	0.00003	0.00000	0.00521
354	0.00004	0.49303	0.00420	0.19236	0.00265	0.30772
355	1.00000	0.00000	0.00000	0.00000	0.00000	0.00000
356	0.00000	0.99998	0.00000	0.00000	0.00000	0.00002
357	0.00000	0.99999	0.00000	0.00000	0.00000	0.00001
358	0.00127	0.51689	0.02438	0.15812	0.01355	0.28579
359	0.00000	0.99973	0.00000	0.00000	0.00000	0.00027
360	0.00000	0.99963	0.00000	0.00000	0.00000	0.00037
361	1.00000	0.00000	0.00000	0.00000	0.00000	0.00000
362	0.99999	0.00000	0.00000	0.00000	0.00001	0.00000
363	0.00000	1.00000	0.00000	0.00000	0.00000	0.00000
364	0.00000	0.99985	0.00000	0.00000	0.00000	0.00015
365	0.00000	0.99988	0.00000	0.00000	0.00000	0.00012
366	0.00000	0.99979	0.00000	0.00000	0.00000	0.00021
367	0.00000	0.99997	0.00000	0.00000	0.00000	0.00003
368	0.99999	0.00000	0.00000	0.00000	0.00001	0.00000
369	0.00000	0.99998	0.00000	0.00000	0.00000	0.00002
370	0.00000	1.00000	0.00000	0.00000	0.00000	0.00000
371	0.00000	1.00000	0.00000	0.00000	0.00000	0.00000
372	0.00000	1.00000	0.00000	0.00000	0.00000	0.00000
373	0.00000	0.99451	0.00000	0.00002	0.00000	0.00547
374	0.99990	0.00000	0.00000	0.00000	0.00010	0.00000
375	0.00000	0.99936	0.00000	0.00000	0.00000	0.00064
376	0.99998	0.00000	0.00000	0.00000	0.00002	0.00000
377	0.97898	0.00000	0.00000	0.00022	0.02080	0.00000
378	0.00000	0.99954	0.00000	0.00000	0.00000	0.00046
379	0.00000	0.99998	0.00000	0.00000	0.00000	0.00002
380	0.00000	0.99988	0.00000	0.00000	0.00000	0.00012
381	0.99999	0.00000	0.00000	0.00000	0.00001	0.00000
382	0.00000	0.99998	0.00000	0.00000	0.00000	0.00002
383	0.00000	1.00000	0.00000	0.00000	0.00000	0.00000
384	0.00000	1.00000	0.00000	0.00000	0.00000	0.00000
385	0.00000	1.00000	0.00000	0.00000	0.00000	0.00000
386	0.99224	0.00000	0.00000	0.00002	0.00774	0.00000
387	0.00000	1.00000	0.00000	0.00000	0.00000	0.00000
388	0.00000	0.99995	0.00000	0.00000	0.00000	0.00005
389	0.00000	1.00000	0.00000	0.00000	0.00000	0.00000
390	0.00000	0.95964	0.00000	0.00154	0.00000	0.03882
391	0.00000	0.99986	0.00000	0.00000	0.00000	0.00014
392	0.00000	0.90307	0.00000	0.00005	0.00000	0.09689
393	0.00000	1.00000	0.00000	0.00000	0.00000	0.00000
394	0.00000	0.99995	0.00000	0.00000	0.00000	0.00005
395	0.00000	0.99995	0.00000	0.00000	0.00000	0.00005
396	0.00000	1.00000	0.00000	0.00000	0.00000	0.00000
397	0.28513	0.07457	0.14515	0.16636	0.21756	0.11124
398	0.00000	1.00000	0.00000	0.00000	0.00000	0.00000
399	0.00000	0.99999	0.00000	0.00000	0.00000	0.00001
400	0.00000	0.86579	0.00001	0.01552	0.00000	0.11867
401	0.00000	0.99999	0.00000	0.00000	0.00000	0.00001
402	0.00000	0.99999	0.00000	0.00000	0.00000	0.00001
403	0.00000	0.99653	0.00000	0.00001	0.00000	0.00346
404	0.00000	1.00000	0.00000	0.00000	0.00000	0.00000
405	0.00000	1.00000	0.00000	0.00000	0.00000	0.00000
406	0.00000	0.99999	0.00000	0.00000	0.00000	0.00001
407	0.00000	1.00000	0.00000	0.00000	0.00000	0.00000
408	0.00000	0.99990	0.00000	0.00000	0.00000	0.00010
409	0.00000	1.00000	0.00000	0.00000	0.00000	0.00000
410	1.00000	0.00000	0.00000	0.00000	0.00000	0.00000
411	0.00000	0.99999	0.00000	0.00000	0.00000	0.00001
412	0.00000	0.99997	0.00000	0.00000	0.00000	0.00003
413	0.00000	1.00000	0.00000	0.00000	0.00000	0.00000
414	0.00000	0.89267	0.00002	0.01058	0.00000	0.09673
415	0.00000	0.99999	0.00000	0.00000	0.00000	0.00001
416	0.00000	0.99999	0.00000	0.00000	0.00000	0.00001
417	0.00000	0.99997	0.00000	0.00000	0.00000	0.00003
418	0.00000	1.00000	0.00000	0.00000	0.00000	0.00000
419	0.00000	1.00000	0.00000	0.00000	0.00000	0.00000
420	0.00000	0.99993	0.00000	0.00000	0.00000	0.00007
421	0.00000	0.96017	0.00000	0.00156	0.00000	0.03827
422	0.00000	0.98537	0.00000	0.00028	0.00000	0.01435
423	0.00000	0.98894	0.00000	0.00000	0.00000	0.01106
424	0.00000	0.99989	0.00000	0.00000	0.00000	0.00011
425	0.00000	1.00000	0.00000	0.00000	0.00000	0.00000
426	0.00000	0.99995	0.00000	0.00000	0.00000	0.00005
427	0.00000	0.99996	0.00000	0.00000	0.00000	0.00004
428	0.00000	0.99986	0.00000	0.00000	0.00000	0.00014
429	0.00000	0.99955	0.00000	0.00000	0.00000	0.00045
430	0.00000	0.99995	0.00000	0.00000	0.00000	0.00005
431	0.00000	0.99991	0.00000	0.00000	0.00000	0.00009
432	0.00000	0.99997	0.00000	0.00000	0.00000	0.00003
433	0.00000	0.99781	0.00000	0.00000	0.00000	0.00219
434	0.00000	1.00000	0.00000	0.00000	0.00000	0.00000
435	1.00000	0.00000	0.00000	0.00000	0.00000	0.00000
436	0.00000	1.00000	0.00000	0.00000	0.00000	0.00000
437	0.00000	0.99923	0.00000	0.00000	0.00000	0.00077
438	0.00000	0.99997	0.00000	0.00000	0.00000	0.00003
439	0.00000	0.99951	0.00000	0.00000	0.00000	0.00049
440	0.00000	0.99996	0.00000	0.00000	0.00000	0.00004
441	0.00000	0.99999	0.00000	0.00000	0.00000	0.00001
442	0.00000	0.99991	0.00000	0.00000	0.00000	0.00009
443	0.00000	1.00000	0.00000	0.00000	0.00000	0.00000
444	0.00000	0.91966	0.00000	0.00000	0.00000	0.08034
445	0.00000	0.99952	0.00000	0.00000	0.00000	0.00048
446	0.00000	0.99827	0.00000	0.00000	0.00000	0.00173
447	0.00000	0.99977	0.00000	0.00000	0.00000	0.00023
448	0.00000	0.99994	0.00000	0.00000	0.00000	0.00006
449	0.00000	0.99992	0.00000	0.00000	0.00000	0.00008
450	0.00000	0.99999	0.00000	0.00000	0.00000	0.00001
451	0.00001	0.74328	0.00231	0.05196	0.00055	0.20188
452	0.00000	0.99999	0.00000	0.00000	0.00000	0.00001
453	0.00000	1.00000	0.00000	0.00000	0.00000	0.00000
454	0.00000	0.99818	0.00000	0.00000	0.00000	0.00182
455	0.00000	1.00000	0.00000	0.00000	0.00000	0.00000
456	0.00000	0.99974	0.00000	0.00000	0.00000	0.00026
457	0.00000	1.00000	0.00000	0.00000	0.00000	0.00000
458	0.00000	0.99998	0.00000	0.00000	0.00000	0.00002
459	0.99989	0.00000	0.00000	0.00000	0.00011	0.00000
460	0.00000	0.99999	0.00000	0.00000	0.00000	0.00001
461	0.00000	0.99987	0.00000	0.00000	0.00000	0.00013
462	0.00076	0.55563	0.01949	0.13790	0.00979	0.27643
463	1.00000	0.00000	0.00000	0.00000	0.00000	0.00000
464	0.00000	1.00000	0.00000	0.00000	0.00000	0.00000
465	0.00000	1.00000	0.00000	0.00000	0.00000	0.00000
466	0.00000	0.94952	0.00000	0.00244	0.00000	0.04804
467	0.00000	1.00000	0.00000	0.00000	0.00000	0.00000
468	0.00000	1.00000	0.00000	0.00000	0.00000	0.00000
469	0.00000	0.66235	0.00000	0.06159	0.00000	0.27607
470	0.00000	0.99992	0.00000	0.00000	0.00000	0.00008
471	0.00000	1.00000	0.00000	0.00000	0.00000	0.00000
472	0.00000	0.99999	0.00000	0.00000	0.00000	0.00001
473	0.15797	0.17553	0.16586	0.16717	0.16235	0.17112
474	0.00000	0.99999	0.00000	0.00000	0.00000	0.00001
475	0.00000	0.99999	0.00000	0.00000	0.00000	0.00001
476	0.00000	1.00000	0.00000	0.00000	0.00000	0.00000
477	0.00000	1.00000	0.00000	0.00000	0.00000	0.00000
478	0.00000	0.98876	0.00000	0.00008	0.00000	0.01116
479	0.00000	1.00000	0.00000	0.00000	0.00000	0.00000
480	0.00000	0.99977	0.00000	0.00000	0.00000	0.00023
481	0.00000	1.00000	0.00000	0.00000	0.00000	0.00000
482	0.00000	1.00000	0.00000	0.00000	0.00000	0.00000
483	0.00000	1.00000	0.00000	0.00000	0.00000	0.00000
484	0.00000	0.99800	0.00000	0.00000	0.00000	0.00200
485	0.00000	0.99969	0.00000	0.00000	0.00000	0.00031
486	0.00000	1.00000	0.00000	0.00000	0.00000	0.00000
487	0.00000	1.00000	0.00000	0.00000	0.00000	0.00000
488	0.00000	0.98420	0.00000	0.00000	0.00000	0.01580
489	0.00000	0.99909	0.00000	0.00000	0.00000	0.00091
490	0.00000	1.00000	0.00000	0.00000	0.00000	0.00000
491	0.00000	0.99955	0.00000	0.00000	0.00000	0.00045
492	0.00000	1.00000	0.00000	0.00000	0.00000	0.00000
493	0.00000	0.94068	0.00000	0.00334	0.00000	0.05598
494	0.00000	0.99998	0.00000	0.00000	0.00000	0.00002
495	0.00000	0.99998	0.00000	0.00000	0.00000	0.00002
496	0.00000	1.00000	0.00000	0.00000	0.00000	0.00000
497	0.00000	0.99999	0.00000	0.00000	0.00000	0.00001
498	0.00000	1.00000	0.00000	0.00000	0.00000	0.00000
499	0.20257	0.00012	0.00394	0.49868	0.28762	0.00707
500	0.00000	0.99999	0.00000	0.00000	0.00000	0.00001
501	0.00000	0.66760	0.00008	0.08891	0.00003	0.24339
502	0.00000	0.99999	0.00000	0.00000	0.00000	0.00001
503	0.00000	0.99994	0.00000	0.00000	0.00000	0.00006
504	0.00000	0.99997	0.00000	0.00000	0.00000	0.00003
505	0.99986	0.00000	0.00000	0.00000	0.00014	0.00000
506	1.00000	0.00000	0.00000	0.00000	0.00000	0.00000
507	0.00000	0.99973	0.00000	0.00000	0.00000	0.00027
508	0.00000	0.99999	0.00000	0.00000	0.00000	0.00001
509	0.00000	0.99969	0.00000	0.00000	0.00000	0.00031
510	0.00000	0.99999	0.00000	0.00000	0.00000	0.00001
511	0.00000	0.99999	0.00000	0.00000	0.00000	0.00001
512	0.99909	0.00000	0.00000	0.00000	0.00091	0.00000
513	0.00000	0.99998	0.00000	0.00000	0.00000	0.00002
514	0.99998	0.00000	0.00000	0.00000	0.00002	0.00000
515	0.00000	0.97351	0.00000	0.00066	0.00000	0.02583
516	0.00000	0.99999	0.00000	0.00000	0.00000	0.00001
517	1.00000	0.00000	0.00000	0.00000	0.00000	0.00000
518	0.00000	0.00004	0.00000	0.00011	0.00000	0.99986
519	0.00000	1.00000	0.00000	0.00000	0.00000	0.00000
520	0.00000	0.99995	0.00000	0.00000	0.00000	0.00005
521	0.00000	0.99999	0.00000	0.00000	0.00000	0.00001
522	0.00000	0.99999	0.00000	0.00000	0.00000	0.00001
523	0.00000	0.99993	0.00000	0.00000	0.00000	0.00007
524	0.00000	0.99999	0.00000	0.00000	0.00000	0.00001
525	0.00000	0.99956	0.00000	0.00000	0.00000	0.00044
526	0.00000	1.00000	0.00000	0.00000	0.00000	0.00000
527	0.00000	0.99574	0.00000	0.00002	0.00000	0.00424
528	0.00000	0.86859	0.00070	0.01548	0.00010	0.11514
529	0.00000	1.00000	0.00000	0.00000	0.00000	0.00000
530	0.00000	0.99988	0.00000	0.00000	0.00000	0.00012
531	0.00000	0.99998	0.00000	0.00000	0.00000	0.00002
532	1.00000	0.00000	0.00000	0.00000	0.00000	0.00000
533	0.00000	0.99999	0.00000	0.00000	0.00000	0.00001
534	0.00000	0.99999	0.00000	0.00000	0.00000	0.00001
535	0.00000	0.99993	0.00000	0.00000	0.00000	0.00007
536	0.99994	0.00000	0.00000	0.00000	0.00006	0.00000
537	0.00000	0.98340	0.00000	0.00027	0.00000	0.01633
538	0.00000	0.99976	0.00000	0.00000	0.00000	0.00024
539	0.94331	0.00000	0.00000	0.00114	0.05554	0.00000
540	0.99999	0.00000	0.00000	0.00000	0.00001	0.00000
541	0.99988	0.00000	0.00000	0.00000	0.00012	0.00000
542	0.00000	0.99431	0.00000	0.00000	0.00000	0.00568
543	0.00000	0.99914	0.00000	0.00000	0.00000	0.00086
544	0.00000	0.99959	0.00000	0.00000	0.00000	0.00041
545	0.00000	0.99998	0.00000	0.00000	0.00000	0.00002
546	0.00000	0.99999	0.00000	0.00000	0.00000	0.00001
547	0.97312	0.00000	0.00000	0.00005	0.02683	0.00000
548	0.00000	0.99999	0.00000	0.00000	0.00000	0.00001
549	0.00000	0.99999	0.00000	0.00000	0.00000	0.00001
550	0.99992	0.00000	0.00000	0.00000	0.00008	0.00000
551	0.00000	0.99990	0.00000	0.00000	0.00000	0.00010
552	0.00000	0.99999	0.00000	0.00000	0.00000	0.00001
553	0.00000	0.98602	0.00000	0.00000	0.00000	0.01398
554	0.00000	1.00000	0.00000	0.00000	0.00000	0.00000
555	0.00000	0.00000	0.99922	0.00054	0.00023	0.00000
556	0.00000	0.99999	0.00000	0.00000	0.00000	0.00001
557	0.00000	0.99993	0.00000	0.00000	0.00000	0.00007
558	0.99921	0.00000	0.00000	0.00000	0.00079	0.00000
559	1.00000	0.00000	0.00000	0.00000	0.00000	0.00000
560	1.00000	0.00000	0.00000	0.00000	0.00000	0.00000
561	1.00000	0.00000	0.00000	0.00000	0.00000	0.00000
562	0.00000	0.99912	0.00000	0.00000	0.00000	0.00088
563	0.00000	1.00000	0.00000	0.00000	0.00000	0.00000
564	1.00000	0.00000	0.00000	0.00000	0.00000	0.00000
565	0.00000	0.99996	0.00000	0.00000	0.00000	0.00004
566	0.78915	0.00000	0.00002	0.03790	0.17292	0.00001
567	0.99993	0.00000	0.00000	0.00000	0.00007	0.00000
568	0.00000	1.00000	0.00000	0.00000	0.00000	0.00000
569	0.00000	0.99998	0.00000	0.00000	0.00000	0.00002
570	0.00000	0.99998	0.00000	0.00000	0.00000	0.00002
571	0.00000	1.00000	0.00000	0.00000	0.00000	0.00000
572	0.00000	0.99897	0.00000	0.00000	0.00000	0.00103
573	0.00000	0.93030	0.00000	0.00002	0.00000	0.06968
574	0.00000	0.00000	0.00000	0.00320	0.99680	0.00000
575	0.00000	1.00000	0.00000	0.00000	0.00000	0.00000
576	0.99997	0.00000	0.00000	0.00000	0.00003	0.00000
577	0.00000	1.00000	0.00000	0.00000	0.00000	0.00000
578	0.00000	0.77683	0.00000	0.00021	0.00000	0.22295
579	0.00000	0.97920	0.00000	0.00042	0.00000	0.02038
580	0.00000	0.99365	0.00000	0.00000	0.00000	0.00635
581	0.00000	0.99982	0.00000	0.00000	0.00000	0.00018
582	0.00000	0.99342	0.00000	0.00004	0.00000	0.00654
583	0.00000	0.99776	0.00000	0.00000	0.00000	0.00224
584	0.00000	0.13503	0.00000	0.00002	0.00000	0.86495
585	0.00000	1.00000	0.00000	0.00000	0.00000	0.00000
586	0.00000	0.99042	0.00000	0.00000	0.00000	0.00958
587	0.00000	0.99995	0.00000	0.00000	0.00000	0.00005
588	0.00000	1.00000	0.00000	0.00000	0.00000	0.00000
589	0.00000	0.99998	0.00000	0.00000	0.00000	0.00002
590	0.00000	0.89956	0.00000	0.00891	0.00000	0.09153
591	0.00000	0.99072	0.00000	0.00006	0.00000	0.00922
592	0.00000	0.99993	0.00000	0.00000	0.00000	0.00007
593	0.00000	0.99999	0.00000	0.00000	0.00000	0.00001
594	0.00000	0.99999	0.00000	0.00000	0.00000	0.00001
595	0.00000	0.42447	0.00000	0.01137	0.00000	0.56416
596	0.00000	1.00000	0.00000	0.00000	0.00000	0.00000
597	0.00000	0.96107	0.00000	0.00149	0.00000	0.03744
598	0.00000	0.89097	0.00001	0.01089	0.00000	0.09813
599	0.00000	0.99999	0.00000	0.00000	0.00000	0.00001
600	0.00000	0.40115	0.00000	0.04566	0.00000	0.55319
601	0.99997	0.00000	0.00000	0.00000	0.00003	0.00000
602	0.91669	0.00000	0.00000	0.00398	0.07933	0.00000
603	0.00000	0.99982	0.00000	0.00000	0.00000	0.00018
604	0.00000	0.88792	0.00000	0.00828	0.00000	0.10380
605	0.00000	0.99982	0.00000	0.00000	0.00000	0.00018
606	0.00000	0.99994	0.00000	0.00000	0.00000	0.00006
607	0.00000	1.00000	0.00000	0.00000	0.00000	0.00000
608	0.00000	1.00000	0.00000	0.00000	0.00000	0.00000
609	0.96952	0.00000	0.00000	0.00000	0.03048	0.00000
610	0.00000	0.99981	0.00000	0.00000	0.00000	0.00019
611	0.00000	0.99997	0.00000	0.00000	0.00000	0.00003
612	0.00000	1.00000	0.00000	0.00000	0.00000	0.00000
613	0.00000	0.99515	0.00000	0.00002	0.00000	0.00483
614	0.00000	1.00000	0.00000	0.00000	0.00000	0.00000
615	0.00000	0.99996	0.00000	0.00000	0.00000	0.00004
616	0.00000	1.00000	0.00000	0.00000	0.00000	0.00000
617	0.00000	0.99998	0.00000	0.00000	0.00000	0.00002
618	0.00000	0.99982	0.00000	0.00000	0.00000	0.00018
619	0.00000	0.99999	0.00000	0.00000	0.00000	0.00001
620	0.00000	1.00000	0.00000	0.00000	0.00000	0.00000
621	0.00000	0.98546	0.00000	0.00022	0.00000	0.01432
622	0.00000	0.99999	0.00000	0.00000	0.00000	0.00001
623	0.00000	0.99998	0.00000	0.00000	0.00000	0.00002
624	0.00000	0.99985	0.00000	0.00000	0.00000	0.00015
625	0.00000	0.94238	0.00000	0.00212	0.00000	0.05550
626	0.00000	1.00000	0.00000	0.00000	0.00000	0.00000
627	0.00000	0.99998	0.00000	0.00000	0.00000	0.00002
628	0.00000	1.00000	0.00000	0.00000	0.00000	0.00000
629	0.00000	1.00000	0.00000	0.00000	0.00000	0.00000
630	0.00000	0.99999	0.00000	0.00000	0.00000	0.00001
631	1.00000	0.00000	0.00000	0.00000	0.00000	0.00000
632	0.00000	0.99992	0.00000	0.00000	0.00000	0.00008
633	0.00000	1.00000	0.00000	0.00000	0.00000	0.00000
634	0.00000	1.00000	0.00000	0.00000	0.00000	0.00000
635	0.00000	0.92002	0.00000	0.00609	0.00000	0.07389
636	0.00000	0.99777	0.00000	0.00000	0.00000	0.00222
637	0.00000	1.00000	0.00000	0.00000	0.00000	0.00000
638	0.00000	1.00000	0.00000	0.00000	0.00000	0.00000
639	0.00000	0.99999	0.00000	0.00000	0.00000	0.00001
640	0.00000	1.00000	0.00000	0.00000	0.00000	0.00000
641	0.00000	0.97017	0.00000	0.00036	0.00000	0.02947
642	0.00000	0.99996	0.00000	0.00000	0.00000	0.00004
643	0.00000	0.00005	0.00000	0.00068	0.00000	0.99927
644	0.00000	0.99998	0.00000	0.00000	0.00000	0.00002
645	0.00000	0.92655	0.00000	0.00000	0.00000	0.07345
646	0.00000	0.99992	0.00000	0.00000	0.00000	0.00008
647	0.00000	1.00000	0.00000	0.00000	0.00000	0.00000
648	0.00000	0.99713	0.00000	0.00000	0.00000	0.00286
649	0.99999	0.00000	0.00000	0.00000	0.00001	0.00000
650	0.00000	0.99818	0.00000	0.00000	0.00000	0.00182
651	0.00000	1.00000	0.00000	0.00000	0.00000	0.00000
652	0.90568	0.00000	0.00000	0.00733	0.08699	0.00000
653	0.00000	0.99997	0.00000	0.00000	0.00000	0.00003
654	0.00000	0.99999	0.00000	0.00000	0.00000	0.00001
655	0.00000	0.99994	0.00000	0.00000	0.00000	0.00006
656	0.00000	1.00000	0.00000	0.00000	0.00000	0.00000
657	0.00000	1.00000	0.00000	0.00000	0.00000	0.00000
658	0.98779	0.00000	0.00000	0.00015	0.01206	0.00000
659	0.00000	0.99246	0.00000	0.00001	0.00000	0.00753
660	0.00000	0.97847	0.00000	0.00000	0.00000	0.02153
661	0.00000	0.99985	0.00000	0.00000	0.00000	0.00015
662	0.00000	0.91818	0.00000	0.00624	0.00000	0.07558
663	0.99999	0.00000	0.00000	0.00000	0.00001	0.00000
664	0.00000	0.99949	0.00000	0.00000	0.00000	0.00051
665	1.00000	0.00000	0.00000	0.00000	0.00000	0.00000
666	0.99999	0.00000	0.00000	0.00000	0.00001	0.00000
667	0.99915	0.00000	0.00000	0.00000	0.00085	0.00000
668	0.99998	0.00000	0.00000	0.00000	0.00002	0.00000
669	0.99942	0.00000	0.00000	0.00000	0.00058	0.00000
670	0.00000	0.97611	0.00000	0.00000	0.00000	0.02389
671	0.00000	1.00000	0.00000	0.00000	0.00000	0.00000
672	0.00000	0.99999	0.00000	0.00000	0.00000	0.00001
673	0.00006	0.55775	0.00531	0.14771	0.00276	0.28642
674	0.00000	0.99745	0.00000	0.00000	0.00000	0.00254
675	0.00000	0.99991	0.00000	0.00000	0.00000	0.00009
676	0.00000	1.00000	0.00000	0.00000	0.00000	0.00000
677	0.99997	0.00000	0.00000	0.00000	0.00003	0.00000
678	0.00000	0.99999	0.00000	0.00000	0.00000	0.00001
679	0.00000	0.99999	0.00000	0.00000	0.00000	0.00001
680	0.00000	1.00000	0.00000	0.00000	0.00000	0.00000
681	0.00000	0.99999	0.00000	0.00000	0.00000	0.00001
682	0.00000	1.00000	0.00000	0.00000	0.00000	0.00000
683	0.00000	0.99990	0.00000	0.00000	0.00000	0.00010
684	0.00000	1.00000	0.00000	0.00000	0.00000	0.00000
685	0.00000	1.00000	0.00000	0.00000	0.00000	0.00000
686	0.00000	1.00000	0.00000	0.00000	0.00000	0.00000
687	0.00000	0.99998	0.00000	0.00000	0.00000	0.00002
688	0.00000	1.00000	0.00000	0.00000	0.00000	0.00000
689	0.00000	1.00000	0.00000	0.00000	0.00000	0.00000
690	0.00000	0.99996	0.00000	0.00000	0.00000	0.00004
691	0.00000	0.99880	0.00000	0.00000	0.00000	0.00120
692	0.00000	0.99975	0.00000	0.00000	0.00000	0.00025
693	0.00000	0.88845	0.00003	0.01143	0.00000	0.10010
694	0.00000	1.00000	0.00000	0.00000	0.00000	0.00000
695	0.00000	1.00000	0.00000	0.00000	0.00000	0.00000
696	0.00000	0.99378	0.00000	0.00005	0.00000	0.00616
697	0.00000	0.91145	0.00000	0.00016	0.00000	0.08839
698	0.00000	1.00000	0.00000	0.00000	0.00000	0.00000
699	0.00000	0.99999	0.00000	0.00000	0.00000	0.00001
700	0.99999	0.00000	0.00000	0.00000	0.00001	0.00000
701	0.99982	0.00000	0.00000	0.00000	0.00018	0.00000
702	0.99996	0.00000	0.00000	0.00000	0.00004	0.00000
703	0.15524	0.17852	0.16641	0.16659	0.16080	0.17244
704	0.58571	0.00000	0.00104	0.13387	0.27888	0.00050
705	0.00000	0.99999	0.00000	0.00000	0.00000	0.00001
706	0.00000	0.99956	0.00000	0.00000	0.00000	0.00044
707	0.97820	0.00000	0.00000	0.00032	0.02147	0.00000
708	0.00000	0.99999	0.00000	0.00000	0.00000	0.00001
709	0.00000	1.00000	0.00000	0.00000	0.00000	0.00000
710	0.00000	0.99999	0.00000	0.00000	0.00000	0.00001
711	0.00000	0.98544	0.00000	0.00000	0.00000	0.01455
712	0.00000	1.00000	0.00000	0.00000	0.00000	0.00000
713	0.00000	1.00000	0.00000	0.00000	0.00000	0.00000
714	0.99996	0.00000	0.00000	0.00000	0.00004	0.00000
715	0.00000	0.91981	0.00000	0.00689	0.00000	0.07330
716	0.00000	0.99783	0.00000	0.00000	0.00000	0.00217
717	0.00000	0.99999	0.00000	0.00000	0.00000	0.00001
718	1.00000	0.00000	0.00000	0.00000	0.00000	0.00000
719	0.00000	0.99969	0.00000	0.00000	0.00000	0.00031
720	0.00000	0.99999	0.00000	0.00000	0.00000	0.00001
721	0.00000	0.99831	0.00000	0.00000	0.00000	0.00169
722	0.00000	0.99997	0.00000	0.00000	0.00000	0.00003
723	0.00000	0.99999	0.00000	0.00000	0.00000	0.00001
724	0.00000	0.82376	0.00001	0.02799	0.00000	0.14824
725	0.00000	0.98072	0.00000	0.00037	0.00000	0.01892
726	0.00000	1.00000	0.00000	0.00000	0.00000	0.00000
727	0.00000	0.99999	0.00000	0.00000	0.00000	0.00001
728	0.00000	0.55858	0.00132	0.12985	0.00038	0.30986
729	0.00000	0.99999	0.00000	0.00000	0.00000	0.00001
730	0.00000	0.99998	0.00000	0.00000	0.00000	0.00002
731	0.00000	0.99994	0.00000	0.00000	0.00000	0.00006
732	0.99999	0.00000	0.00000	0.00000	0.00001	0.00000
733	0.00000	0.99997	0.00000	0.00000	0.00000	0.00003
734	0.00000	0.99998	0.00000	0.00000	0.00000	0.00002
735	0.00000	0.99988	0.00000	0.00000	0.00000	0.00012
736	0.00000	0.95667	0.00000	0.00141	0.00000	0.04192
737	0.00000	0.99999	0.00000	0.00000	0.00000	0.00001
738	0.99998	0.00000	0.00000	0.00000	0.00002	0.00000
739	0.00000	0.91846	0.00000	0.00620	0.00000	0.07535
740	0.00000	0.99905	0.00000	0.00000	0.00000	0.00095
741	1.00000	0.00000	0.00000	0.00000	0.00000	0.00000
742	0.00000	1.00000	0.00000	0.00000	0.00000	0.00000
743	0.00000	1.00000	0.00000	0.00000	0.00000	0.00000
744	0.00000	0.99988	0.00000	0.00000	0.00000	0.00012
745	1.00000	0.00000	0.00000	0.00000	0.00000	0.00000
746	0.00000	0.99999	0.00000	0.00000	0.00000	0.00001
747	0.00000	0.99999	0.00000	0.00000	0.00000	0.00001
748	0.00000	0.99999	0.00000	0.00000	0.00000	0.00001
749	0.00000	0.99999	0.00000	0.00000	0.00000	0.00001
750	0.46384	0.00962	0.06659	0.15416	0.26737	0.03842
751	0.00000	0.99998	0.00000	0.00000	0.00000	0.00002
752	0.00000	0.99995	0.00000	0.00000	0.00000	0.00005
753	0.00000	0.99999	0.00000	0.00000	0.00000	0.00001
754	0.00000	1.00000	0.00000	0.00000	0.00000	0.00000
755	0.00000	0.99936	0.00000	0.00000	0.00000	0.00064
756	0.00000	0.99995	0.00000	0.00000	0.00000	0.00005
757	0.00000	0.96374	0.00000	0.00128	0.00000	0.03498
758	0.00000	0.99438	0.00000	0.00003	0.00000	0.00560
759	0.99997	0.00000	0.00000	0.00000	0.00003	0.00000
760	1.00000	0.00000	0.00000	0.00000	0.00000	0.00000
761	0.00000	0.21003	0.00000	0.00042	0.00000	0.78955
762	0.00000	0.99999	0.00000	0.00000	0.00000	0.00001
763	0.00000	0.99998	0.00000	0.00000	0.00000	0.00002
764	0.00000	0.99999	0.00000	0.00000	0.00000	0.00001
765	0.00000	0.99981	0.00000	0.00000	0.00000	0.00019
766	0.00000	0.99999	0.00000	0.00000	0.00000	0.00001
767	0.00000	1.00000	0.00000	0.00000	0.00000	0.00000
768	0.00000	0.99914	0.00000	0.00000	0.00000	0.00086
769	0.00000	0.99365	0.00000	0.00003	0.00000	0.00632
770	0.00000	0.99999	0.00000	0.00000	0.00000	0.00001
771	0.00000	0.99849	0.00000	0.00000	0.00000	0.00151
772	0.00000	0.99999	0.00000	0.00000	0.00000	0.00001
773	0.00000	0.91376	0.00000	0.00656	0.00000	0.07968
774	0.00000	0.99842	0.00000	0.00000	0.00000	0.00158
775	0.00000	1.00000	0.00000	0.00000	0.00000	0.00000
776	0.00000	0.99985	0.00000	0.00000	0.00000	0.00015
