773101_sweeps	IndivName	1.000/0.000/0.000/0.000	0.000/0.000/0.000/1.000	0.000/0.500/0.500/0.000	0.250/0.250/0.250/0.250	0.500/0.250/0.250/0.000	0.000/0.250/0.250/0.500
1	NoName	0.00000	1.00000	0.00000	0.00000	0.00000	0.00000
2	NoName	0.00000	1.00000	0.00000	0.00000	0.00000	0.00000
3	NoName	0.00000	1.00000	0.00000	0.00000	0.00000	0.00000
4	NoName	0.00000	0.99959	0.00000	0.00001	0.00000	0.00039
5	NoName	0.00000	1.00000	0.00000	0.00000	0.00000	0.00000
6	NoName	0.00000	1.00000	0.00000	0.00000	0.00000	0.00000
7	NoName	0.00000	0.99995	0.00000	0.00000	0.00000	0.00005
8	NoName	0.00000	1.00000	0.00000	0.00000	0.00000	0.00000
9	NoName	0.00000	1.00000	0.00000	0.00000	0.00000	0.00000
10	NoName	0.00000	0.00000	0.00002	0.04515	0.95483	0.00000
11	NoName	1.00000	0.00000	0.00000	0.00000	0.00000	0.00000
12	NoName	0.00000	0.97317	0.00000	0.00043	0.00000	0.02639
13	NoName	0.00000	0.99999	0.00000	0.00000	0.00000	0.00001
14	NoName	0.00000	1.00000	0.00000	0.00000	0.00000	0.00000
15	NoName	0.00000	1.00000	0.00000	0.00000	0.00000	0.00000
16	NoName	0.00000	0.99997	0.00000	0.00000	0.00000	0.00003
17	NoName	1.00000	0.00000	0.00000	0.00000	0.00000	0.00000
18	NoName	0.99854	0.00000	0.00000	0.00007	0.00140	0.00000
19	NoName	0.00000	0.99919	0.00000	0.00005	0.00000	0.00076
20	NoName	1.00000	0.00000	0.00000	0.00000	0.00000	0.00000
21	NoName	0.00000	0.99909	0.00000	0.00006	0.00000	0.00085
22	NoName	0.00000	0.99954	0.00000	0.00001	0.00000	0.00045
23	NoName	0.99904	0.00000	0.00000	0.00003	0.00093	0.00000
24	NoName	1.00000	0.00000	0.00000	0.00000	0.00000	0.00000
25	NoName	1.00000	0.00000	0.00000	0.00000	0.00000	0.00000
26	NoName	0.00000	1.00000	0.00000	0.00000	0.00000	0.00000
27	NoName	0.00000	1.00000	0.00000	0.00000	0.00000	0.00000
28	NoName	0.00000	1.00000	0.00000	0.00000	0.00000	0.00000
29	NoName	0.00000	1.00000	0.00000	0.00000	0.00000	0.00000
30	NoName	0.99999	0.00000	0.00000	0.00000	0.00001	0.00000
31	NoName	1.00000	0.00000	0.00000	0.00000	0.00000	0.00000
32	NoName	0.00000	0.99975	0.00000	0.00001	0.00000	0.00024
33	NoName	0.99993	0.00000	0.00000	0.00000	0.00007	0.00000
34	NoName	0.00000	0.99513	0.00000	0.00036	0.00000	0.00450
35	NoName	0.00000	0.99740	0.00000	0.00042	0.00000	0.00218
36	NoName	0.00000	0.99992	0.00000	0.00000	0.00000	0.00008
37	NoName	1.00000	0.00000	0.00000	0.00000	0.00000	0.00000
38	NoName	0.99999	0.00000	0.00000	0.00000	0.00001	0.00000
39	NoName	0.00000	1.00000	0.00000	0.00000	0.00000	0.00000
40	NoName	0.00000	1.00000	0.00000	0.00000	0.00000	0.00000
41	NoName	0.00000	1.00000	0.00000	0.00000	0.00000	0.00000
42	NoName	0.00000	1.00000	0.00000	0.00000	0.00000	0.00000
43	NoName	0.99965	0.00000	0.00000	0.00000	0.00035	0.00000
44	NoName	0.00000	1.00000	0.00000	0.00000	0.00000	0.00000
45	NoName	1.00000	0.00000	0.00000	0.00000	0.00000	0.00000
46	NoName	0.00000	0.93751	0.00000	0.00001	0.00000	0.06249
47	NoName	0.00000	0.99995	0.00000	0.00000	0.00000	0.00005
48	NoName	1.00000	0.00000	0.00000	0.00000	0.00000	0.00000
49	NoName	0.99995	0.00000	0.00000	0.00000	0.00005	0.00000
50	NoName	0.00000	0.99997	0.00000	0.00000	0.00000	0.00003
51	NoName	0.00000	1.00000	0.00000	0.00000	0.00000	0.00000
52	NoName	0.00000	1.00000	0.00000	0.00000	0.00000	0.00000
53	NoName	0.99552	0.00000	0.00000	0.00002	0.00446	0.00000
54	NoName	0.00000	1.00000	0.00000	0.00000	0.00000	0.00000
55	NoName	0.00000	1.00000	0.00000	0.00000	0.00000	0.00000
56	NoName	0.99956	0.00000	0.00000	0.00001	0.00044	0.00000
57	NoName	0.00000	1.00000	0.00000	0.00000	0.00000	0.00000
58	NoName	0.00000	1.00000	0.00000	0.00000	0.00000	0.00000
59	NoName	0.00000	0.99999	0.00000	0.00000	0.00000	0.00001
60	NoName	0.00000	1.00000	0.00000	0.00000	0.00000	0.00000
61	NoName	0.00000	1.00000	0.00000	0.00000	0.00000	0.00000
62	NoName	0.00000	0.99999	0.00000	0.00000	0.00000	0.00001
63	NoName	0.00000	1.00000	0.00000	0.00000	0.00000	0.00000
64	NoName	0.00000	0.99358	0.00000	0.00000	0.00000	0.00642
65	NoName	0.00000	1.00000	0.00000	0.00000	0.00000	0.00000
66	NoName	0.99999	0.00000	0.00000	0.00000	0.00001	0.00000
67	NoName	0.00000	0.99995	0.00000	0.00000	0.00000	0.00005
68	NoName	0.00000	1.00000	0.00000	0.00000	0.00000	0.00000
69	NoName	0.00604	0.95328	0.00177	0.01228	0.00090	0.02573
70	NoName	0.00000	1.00000	0.00000	0.00000	0.00000	0.00000
71	NoName	0.00000	1.00000	0.00000	0.00000	0.00000	0.00000
72	NoName	0.00000	1.00000	0.00000	0.00000	0.00000	0.00000
73	NoName	0.00000	0.99999	0.00000	0.00000	0.00000	0.00001
74	NoName	0.00000	1.00000	0.00000	0.00000	0.00000	0.00000
75	NoName	0.00000	1.00000	0.00000	0.00000	0.00000	0.00000
76	NoName	0.00000	1.00000	0.00000	0.00000	0.00000	0.00000
77	NoName	1.00000	0.00000	0.00000	0.00000	0.00000	0.00000
78	NoName	1.00000	0.00000	0.00000	0.00000	0.00000	0.00000
79	NoName	0.99999	0.00000	0.00000	0.00000	0.00001	0.00000
80	NoName	0.00000	0.54572	0.00000	0.41029	0.00000	0.04399
81	NoName	0.00000	0.99999	0.00000	0.00000	0.00000	0.00001
82	NoName	0.21502	0.76550	0.00443	0.00435	0.00456	0.00614
83	NoName	0.99999	0.00000	0.00000	0.00000	0.00001	0.00000
84	NoName	0.00000	1.00000	0.00000	0.00000	0.00000	0.00000
85	NoName	1.00000	0.00000	0.00000	0.00000	0.00000	0.00000
86	NoName	1.00000	0.00000	0.00000	0.00000	0.00000	0.00000
87	NoName	0.00000	1.00000	0.00000	0.00000	0.00000	0.00000
88	NoName	1.00000	0.00000	0.00000	0.00000	0.00000	0.00000
89	NoName	0.00000	1.00000	0.00000	0.00000	0.00000	0.00000
90	NoName	0.00000	1.00000	0.00000	0.00000	0.00000	0.00000
91	NoName	0.99998	0.00000	0.00000	0.00000	0.00002	0.00000
92	NoName	0.00000	0.00000	0.00000	0.00455	0.00000	0.99545
93	NoName	0.00000	1.00000	0.00000	0.00000	0.00000	0.00000
94	NoName	0.99984	0.00000	0.00000	0.00000	0.00016	0.00000
95	NoName	0.00000	1.00000	0.00000	0.00000	0.00000	0.00000
96	NoName	0.00000	1.00000	0.00000	0.00000	0.00000	0.00000
97	NoName	0.99999	0.00000	0.00000	0.00000	0.00001	0.00000
98	NoName	0.00000	0.99979	0.00000	0.00000	0.00000	0.00021
99	NoName	0.00000	0.99823	0.00000	0.00021	0.00000	0.00155
100	NoName	0.00000	1.00000	0.00000	0.00000	0.00000	0.00000
101	NoName	0.00000	1.00000	0.00000	0.00000	0.00000	0.00000
102	NoName	0.00000	1.00000	0.00000	0.00000	0.00000	0.00000
103	NoName	0.00000	1.00000	0.00000	0.00000	0.00000	0.00000
104	NoName	0.00000	0.99999	0.00000	0.00000	0.00000	0.00001
105	NoName	0.00000	0.99370	0.00000	0.00053	0.00000	0.00577
106	NoName	0.00000	1.00000	0.00000	0.00000	0.00000	0.00000
107	NoName	0.00000	1.00000	0.00000	0.00000	0.00000	0.00000
108	NoName	1.00000	0.00000	0.00000	0.00000	0.00000	0.00000
109	NoName	0.00000	1.00000	0.00000	0.00000	0.00000	0.00000
110	NoName	0.00000	1.00000	0.00000	0.00000	0.00000	0.00000
111	NoName	0.00000	1.00000	0.00000	0.00000	0.00000	0.00000
112	NoName	0.97065	0.00000	0.00000	0.00000	0.02935	0.00000
113	NoName	0.99999	0.00000	0.00000	0.00000	0.00001	0.00000
114	NoName	0.00000	1.00000	0.00000	0.00000	0.00000	0.00000
115	NoName	0.00000	1.00000	0.00000	0.00000	0.00000	0.00000
116	NoName	0.25394	0.00000	0.00000	0.00091	0.74515	0.00000
117	NoName	0.00000	1.00000	0.00000	0.00000	0.00000	0.00000
118	NoName	0.99987	0.00000	0.00000	0.00000	0.00013	0.00000
119	NoName	1.00000	0.00000	0.00000	0.00000	0.00000	0.00000
120	NoName	0.00000	1.00000	0.00000	0.00000	0.00000	0.00000
121	NoName	0.00000	1.00000	0.00000	0.00000	0.00000	0.00000
122	NoName	0.00000	1.00000	0.00000	0.00000	0.00000	0.00000
123	NoName	0.98498	0.00004	0.00006	0.00471	0.01016	0.00004
124	NoName	0.00000	0.99999	0.00000	0.00000	0.00000	0.00001
125	NoName	0.00000	1.00000	0.00000	0.00000	0.00000	0.00000
126	NoName	0.00000	1.00000	0.00000	0.00000	0.00000	0.00000
127	NoName	0.00000	1.00000	0.00000	0.00000	0.00000	0.00000
128	NoName	0.00000	1.00000	0.00000	0.00000	0.00000	0.00000
129	NoName	0.00000	0.99965	0.00000	0.00001	0.00000	0.00035
130	NoName	0.00000	1.00000	0.00000	0.00000	0.00000	0.00000
131	NoName	0.99992	0.00000	0.00000	0.00000	0.00008	0.00000
132	NoName	0.00000	1.00000	0.00000	0.00000	0.00000	0.00000
133	NoName	0.00000	1.00000	0.00000	0.00000	0.00000	0.00000
134	NoName	0.00000	1.00000	0.00000	0.00000	0.00000	0.00000
135	NoName	0.00000	1.00000	0.00000	0.00000	0.00000	0.00000
136	NoName	0.00000	1.00000	0.00000	0.00000	0.00000	0.00000
137	NoName	0.00000	0.99998	0.00000	0.00000	0.00000	0.00002
138	NoName	0.99999	0.00000	0.00000	0.00000	0.00001	0.00000
139	NoName	0.99996	0.00000	0.00000	0.00000	0.00004	0.00000
140	NoName	1.00000	0.00000	0.00000	0.00000	0.00000	0.00000
141	NoName	0.84606	0.00000	0.00001	0.11603	0.03788	0.00003
142	NoName	0.99639	0.00000	0.00000	0.00000	0.00361	0.00000
143	NoName	0.00000	1.00000	0.00000	0.00000	0.00000	0.00000
144	NoName	1.00000	0.00000	0.00000	0.00000	0.00000	0.00000
145	NoName	1.00000	0.00000	0.00000	0.00000	0.00000	0.00000
146	NoName	0.99998	0.00000	0.00000	0.00000	0.00002	0.00000
147	NoName	1.00000	0.00000	0.00000	0.00000	0.00000	0.00000
148	NoName	1.00000	0.00000	0.00000	0.00000	0.00000	0.00000
149	NoName	0.99991	0.00000	0.00000	0.00000	0.00009	0.00000
150	NoName	0.99999	0.00000	0.00000	0.00000	0.00001	0.00000
151	NoName	0.00000	0.99996	0.00000	0.00000	0.00000	0.00004
152	NoName	0.36528	0.61214	0.00511	0.00511	0.00643	0.00593
153	NoName	0.00000	1.00000	0.00000	0.00000	0.00000	0.00000
154	NoName	0.00000	0.99999	0.00000	0.00000	0.00000	0.00001
155	NoName	0.00000	0.99999	0.00000	0.00000	0.00000	0.00001
156	NoName	0.00000	1.00000	0.00000	0.00000	0.00000	0.00000
157	NoName	0.00000	0.99999	0.00000	0.00000	0.00000	0.00001
158	NoName	0.00000	0.99998	0.00000	0.00000	0.00000	0.00002
159	NoName	0.00000	1.00000	0.00000	0.00000	0.00000	0.00000
160	NoName	0.00000	1.00000	0.00000	0.00000	0.00000	0.00000
161	NoName	0.00000	0.99999	0.00000	0.00000	0.00000	0.00001
162	NoName	0.99958	0.00000	0.00000	0.00000	0.00042	0.00000
163	NoName	0.00000	1.00000	0.00000	0.00000	0.00000	0.00000
164	NoName	0.00000	0.99999	0.00000	0.00000	0.00000	0.00001
165	NoName	0.00000	0.99985	0.00000	0.00000	0.00000	0.00015
166	NoName	0.99997	0.00000	0.00000	0.00000	0.00003	0.00000
167	NoName	0.99999	0.00000	0.00000	0.00000	0.00001	0.00000
168	NoName	0.99999	0.00000	0.00000	0.00000	0.00001	0.00000
169	NoName	0.00000	1.00000	0.00000	0.00000	0.00000	0.00000
170	NoName	0.00000	0.99999	0.00000	0.00000	0.00000	0.00001
171	NoName	0.00000	1.00000	0.00000	0.00000	0.00000	0.00000
172	NoName	0.00000	1.00000	0.00000	0.00000	0.00000	0.00000
173	NoName	0.99991	0.00000	0.00000	0.00000	0.00009	0.00000
174	NoName	0.00000	0.99999	0.00000	0.00000	0.00000	0.00001
175	NoName	0.00000	1.00000	0.00000	0.00000	0.00000	0.00000
176	NoName	0.00000	1.00000	0.00000	0.00000	0.00000	0.00000
177	NoName	0.00000	0.99993	0.00000	0.00000	0.00000	0.00007
178	NoName	1.00000	0.00000	0.00000	0.00000	0.00000	0.00000
179	NoName	1.00000	0.00000	0.00000	0.00000	0.00000	0.00000
180	NoName	0.00000	1.00000	0.00000	0.00000	0.00000	0.00000
181	NoName	0.00000	1.00000	0.00000	0.00000	0.00000	0.00000
182	NoName	0.99995	0.00000	0.00000	0.00000	0.00005	0.00000
183	NoName	0.00000	1.00000	0.00000	0.00000	0.00000	0.00000
184	NoName	0.00000	1.00000	0.00000	0.00000	0.00000	0.00000
185	NoName	0.00000	1.00000	0.00000	0.00000	0.00000	0.00000
186	NoName	0.99996	0.00000	0.00000	0.00000	0.00004	0.00000
187	NoName	0.00000	1.00000	0.00000	0.00000	0.00000	0.00000
188	NoName	0.00000	1.00000	0.00000	0.00000	0.00000	0.00000
189	NoName	0.00000	1.00000	0.00000	0.00000	0.00000	0.00000
190	NoName	0.00000	0.99998	0.00000	0.00000	0.00000	0.00002
191	NoName	0.99999	0.00000	0.00000	0.00000	0.00001	0.00000
192	NoName	0.99999	0.00000	0.00000	0.00000	0.00001	0.00000
193	NoName	0.99940	0.00000	0.00000	0.00000	0.00060	0.00000
194	NoName	0.00000	0.99999	0.00000	0.00000	0.00000	0.00001
195	NoName	0.00000	1.00000	0.00000	0.00000	0.00000	0.00000
196	NoName	0.00000	1.00000	0.00000	0.00000	0.00000	0.00000
197	NoName	0.00000	1.00000	0.00000	0.00000	0.00000	0.00000
198	NoName	0.00000	1.00000	0.00000	0.00000	0.00000	0.00000
199	NoName	0.00000	1.00000	0.00000	0.00000	0.00000	0.00000
200	NoName	0.00000	0.00000	0.99845	0.00028	0.00000	0.00127
201	NoName	0.00000	1.00000	0.00000	0.00000	0.00000	0.00000
202	NoName	0.00000	1.00000	0.00000	0.00000	0.00000	0.00000
203	NoName	0.00000	0.99887	0.00000	0.00010	0.00000	0.00103
204	NoName	0.00000	1.00000	0.00000	0.00000	0.00000	0.00000
205	NoName	0.00000	0.99999	0.00000	0.00000	0.00000	0.00001
206	NoName	0.00000	1.00000	0.00000	0.00000	0.00000	0.00000
207	NoName	0.00000	1.00000	0.00000	0.00000	0.00000	0.00000
208	NoName	0.00000	1.00000	0.00000	0.00000	0.00000	0.00000
209	NoName	0.00000	1.00000	0.00000	0.00000	0.00000	0.00000
210	NoName	0.00000	1.00000	0.00000	0.00000	0.00000	0.00000
211	NoName	0.00000	0.64163	0.00000	0.00006	0.00000	0.35830
212	NoName	0.00000	0.99984	0.00000	0.00000	0.00000	0.00016
213	NoName	0.99999	0.00000	0.00000	0.00000	0.00001	0.00000
214	NoName	0.99843	0.00000	0.00000	0.00000	0.00157	0.00000
215	NoName	0.00000	0.99997	0.00000	0.00000	0.00000	0.00003
216	NoName	0.00000	1.00000	0.00000	0.00000	0.00000	0.00000
217	NoName	0.00000	1.00000	0.00000	0.00000	0.00000	0.00000
218	NoName	0.00000	1.00000	0.00000	0.00000	0.00000	0.00000
219	NoName	0.00000	1.00000	0.00000	0.00000	0.00000	0.00000
220	NoName	0.00233	0.99202	0.00052	0.00121	0.00025	0.00368
221	NoName	0.00000	1.00000	0.00000	0.00000	0.00000	0.00000
222	NoName	0.00000	1.00000	0.00000	0.00000	0.00000	0.00000
223	NoName	0.00000	0.99998	0.00000	0.00000	0.00000	0.00002
224	NoName	0.00000	1.00000	0.00000	0.00000	0.00000	0.00000
225	NoName	0.00000	1.00000	0.00000	0.00000	0.00000	0.00000
226	NoName	0.99998	0.00000	0.00000	0.00000	0.00002	0.00000
227	NoName	0.00000	1.00000	0.00000	0.00000	0.00000	0.00000
228	NoName	0.00000	0.99999	0.00000	0.00000	0.00000	0.00001
229	NoName	0.95564	0.00094	0.00988	0.01074	0.01849	0.00430
230	NoName	0.00000	1.00000	0.00000	0.00000	0.00000	0.00000
231	NoName	0.00000	1.00000	0.00000	0.00000	0.00000	0.00000
232	NoName	0.00000	0.99987	0.00000	0.00000	0.00000	0.00013
233	NoName	1.00000	0.00000	0.00000	0.00000	0.00000	0.00000
234	NoName	0.00000	0.99999	0.00000	0.00000	0.00000	0.00001
235	NoName	0.00000	1.00000	0.00000	0.00000	0.00000	0.00000
236	NoName	0.00000	1.00000	0.00000	0.00000	0.00000	0.00000
237	NoName	0.00000	1.00000	0.00000	0.00000	0.00000	0.00000
238	NoName	0.00000	1.00000	0.00000	0.00000	0.00000	0.00000
239	NoName	1.00000	0.00000	0.00000	0.00000	0.00000	0.00000
240	NoName	1.00000	0.00000	0.00000	0.00000	0.00000	0.00000
241	NoName	1.00000	0.00000	0.00000	0.00000	0.00000	0.00000
242	NoName	1.00000	0.00000	0.00000	0.00000	0.00000	0.00000
243	NoName	0.00000	1.00000	0.00000	0.00000	0.00000	0.00000
244	NoName	1.00000	0.00000	0.00000	0.00000	0.00000	0.00000
245	NoName	1.00000	0.00000	0.00000	0.00000	0.00000	0.00000
246	NoName	0.00000	0.99975	0.00000	0.00000	0.00000	0.00025
247	NoName	0.00000	1.00000	0.00000	0.00000	0.00000	0.00000
248	NoName	0.00000	1.00000	0.00000	0.00000	0.00000	0.00000
249	NoName	0.00000	1.00000	0.00000	0.00000	0.00000	0.00000
250	NoName	0.00000	1.00000	0.00000	0.00000	0.00000	0.00000
251	NoName	0.00000	1.00000	0.00000	0.00000	0.00000	0.00000
252	NoName	0.00000	1.00000	0.00000	0.00000	0.00000	0.00000
253	NoName	0.00000	1.00000	0.00000	0.00000	0.00000	0.00000
254	NoName	0.00000	0.99999	0.00000	0.00000	0.00000	0.00001
255	NoName	0.00000	1.00000	0.00000	0.00000	0.00000	0.00000
256	NoName	0.00000	1.00000	0.00000	0.00000	0.00000	0.00000
257	NoName	0.00000	1.00000	0.00000	0.00000	0.00000	0.00000
258	NoName	0.00000	0.99998	0.00000	0.00000	0.00000	0.00002
259	NoName	0.00000	1.00000	0.00000	0.00000	0.00000	0.00000
260	NoName	0.00000	0.99884	0.00000	0.00002	0.00000	0.00114
261	NoName	0.00000	1.00000	0.00000	0.00000	0.00000	0.00000
262	NoName	0.00000	1.00000	0.00000	0.00000	0.00000	0.00000
263	NoName	0.00000	1.00000	0.00000	0.00000	0.00000	0.00000
264	NoName	0.00000	0.99999	0.00000	0.00000	0.00000	0.00001
265	NoName	0.00026	0.00914	0.00001	0.97118	0.00328	0.01614
266	NoName	0.00000	1.00000	0.00000	0.00000	0.00000	0.00000
267	NoName	0.00000	0.99999	0.00000	0.00000	0.00000	0.00001
268	NoName	0.00000	1.00000	0.00000	0.00000	0.00000	0.00000
269	NoName	0.00000	1.00000	0.00000	0.00000	0.00000	0.00000
270	NoName	0.00000	1.00000	0.00000	0.00000	0.00000	0.00000
271	NoName	0.00000	1.00000	0.00000	0.00000	0.00000	0.00000
272	NoName	0.00000	0.99999	0.00000	0.00000	0.00000	0.00001
273	NoName	0.00000	0.99998	0.00000	0.00000	0.00000	0.00002
274	NoName	0.00000	1.00000	0.00000	0.00000	0.00000	0.00000
275	NoName	0.00000	1.00000	0.00000	0.00000	0.00000	0.00000
276	NoName	0.00000	1.00000	0.00000	0.00000	0.00000	0.00000
277	NoName	0.00000	1.00000	0.00000	0.00000	0.00000	0.00000
278	NoName	0.00000	1.00000	0.00000	0.00000	0.00000	0.00000
279	NoName	0.00000	1.00000	0.00000	0.00000	0.00000	0.00000
280	NoName	0.00000	1.00000	0.00000	0.00000	0.00000	0.00000
281	NoName	0.00000	1.00000	0.00000	0.00000	0.00000	0.00000
282	NoName	0.00000	1.00000	0.00000	0.00000	0.00000	0.00000
283	NoName	1.00000	0.00000	0.00000	0.00000	0.00000	0.00000
284	NoName	0.00000	0.99973	0.00000	0.00001	0.00000	0.00026
285	NoName	0.00000	1.00000	0.00000	0.00000	0.00000	0.00000
286	NoName	0.00000	1.00000	0.00000	0.00000	0.00000	0.00000
287	NoName	0.00000	1.00000	0.00000	0.00000	0.00000	0.00000
288	NoName	0.00000	1.00000	0.00000	0.00000	0.00000	0.00000
289	NoName	0.00000	1.00000	0.00000	0.00000	0.00000	0.00000
290	NoName	0.00000	1.00000	0.00000	0.00000	0.00000	0.00000
291	NoName	0.00000	1.00000	0.00000	0.00000	0.00000	0.00000
292	NoName	0.00000	0.89515	0.00000	0.00012	0.00000	0.10473
293	NoName	0.00000	1.00000	0.00000	0.00000	0.00000	0.00000
294	NoName	0.00000	1.00000	0.00000	0.00000	0.00000	0.00000
295	NoName	0.00000	1.00000	0.00000	0.00000	0.00000	0.00000
296	NoName	0.99999	0.00000	0.00000	0.00000	0.00001	0.00000
297	NoName	0.00000	1.00000	0.00000	0.00000	0.00000	0.00000
298	NoName	0.00000	0.99743	0.00000	0.00034	0.00000	0.00223
299	NoName	1.00000	0.00000	0.00000	0.00000	0.00000	0.00000
300	NoName	0.00000	0.99980	0.00000	0.00000	0.00000	0.00020
301	NoName	0.00000	1.00000	0.00000	0.00000	0.00000	0.00000
302	NoName	0.00000	1.00000	0.00000	0.00000	0.00000	0.00000
303	NoName	0.00000	1.00000	0.00000	0.00000	0.00000	0.00000
304	NoName	0.00000	1.00000	0.00000	0.00000	0.00000	0.00000
305	NoName	0.00000	1.00000	0.00000	0.00000	0.00000	0.00000
306	NoName	0.00000	1.00000	0.00000	0.00000	0.00000	0.00000
307	NoName	0.00000	1.00000	0.00000	0.00000	0.00000	0.00000
308	NoName	0.00000	1.00000	0.00000	0.00000	0.00000	0.00000
309	NoName	0.00000	1.00000	0.00000	0.00000	0.00000	0.00000
310	NoName	0.00000	1.00000	0.00000	0.00000	0.00000	0.00000
311	NoName	0.00468	0.98804	0.00073	0.00173	0.00042	0.00440
312	NoName	0.00000	1.00000	0.00000	0.00000	0.00000	0.00000
313	NoName	0.00000	1.00000	0.00000	0.00000	0.00000	0.00000
314	NoName	0.00000	1.00000	0.00000	0.00000	0.00000	0.00000
315	NoName	0.00000	0.99999	0.00000	0.00000	0.00000	0.00001
316	NoName	0.00000	0.99999	0.00000	0.00000	0.00000	0.00001
317	NoName	0.00000	0.99999	0.00000	0.00000	0.00000	0.00001
318	NoName	0.00000	1.00000	0.00000	0.00000	0.00000	0.00000
319	NoName	0.00000	0.99999	0.00000	0.00000	0.00000	0.00001
320	NoName	0.00000	1.00000	0.00000	0.00000	0.00000	0.00000
321	NoName	0.00000	1.00000	0.00000	0.00000	0.00000	0.00000
322	NoName	0.00000	1.00000	0.00000	0.00000	0.00000	0.00000
323	NoName	0.00000	0.99959	0.00000	0.00000	0.00000	0.00041
324	NoName	0.00000	1.00000	0.00000	0.00000	0.00000	0.00000
325	NoName	0.00000	0.99989	0.00000	0.00000	0.00000	0.00011
326	NoName	0.00000	0.99998	0.00000	0.00000	0.00000	0.00002
327	NoName	0.00000	0.99998	0.00000	0.00000	0.00000	0.00002
328	NoName	0.00000	1.00000	0.00000	0.00000	0.00000	0.00000
329	NoName	0.00000	1.00000	0.00000	0.00000	0.00000	0.00000
330	NoName	0.00000	0.99935	0.00000	0.00003	0.00000	0.00062
331	NoName	0.00000	1.00000	0.00000	0.00000	0.00000	0.00000
332	NoName	0.00000	1.00000	0.00000	0.00000	0.00000	0.00000
333	NoName	0.00000	0.99999	0.00000	0.00000	0.00000	0.00001
334	NoName	0.00000	1.00000	0.00000	0.00000	0.00000	0.00000
335	NoName	0.00000	0.99946	0.00000	0.00000	0.00000	0.00054
336	NoName	0.00000	0.99597	0.00001	0.00087	0.00001	0.00314
337	NoName	0.00000	1.00000	0.00000	0.00000	0.00000	0.00000
338	NoName	0.00000	0.99999	0.00000	0.00000	0.00000	0.00001
339	NoName	0.00000	1.00000	0.00000	0.00000	0.00000	0.00000
340	NoName	0.00000	0.00000	0.99895	0.00009	0.00000	0.00096
341	NoName	0.00000	1.00000	0.00000	0.00000	0.00000	0.00000
342	NoName	0.00000	1.00000	0.00000	0.00000	0.00000	0.00000
343	NoName	0.00000	0.62936	0.00000	0.00004	0.00000	0.37060
344	NoName	0.00000	1.00000	0.00000	0.00000	0.00000	0.00000
345	NoName	0.00000	1.00000	0.00000	0.00000	0.00000	0.00000
346	NoName	0.00000	0.99949	0.00000	0.00002	0.00000	0.00050
347	NoName	0.00000	0.06418	0.00000	0.01628	0.00000	0.91955
348	NoName	0.00000	0.99991	0.00000	0.00000	0.00000	0.00009
349	NoName	0.00000	1.00000	0.00000	0.00000	0.00000	0.00000
350	NoName	0.00000	1.00000	0.00000	0.00000	0.00000	0.00000
351	NoName	0.00000	0.99998	0.00000	0.00000	0.00000	0.00002
352	NoName	0.00000	1.00000	0.00000	0.00000	0.00000	0.00000
353	NoName	0.00000	1.00000	0.00000	0.00000	0.00000	0.00000
354	NoName	0.00001	0.99689	0.00003	0.00056	0.00001	0.00250
355	NoName	1.00000	0.00000	0.00000	0.00000	0.00000	0.00000
356	NoName	0.00000	1.00000	0.00000	0.00000	0.00000	0.00000
357	NoName	0.00000	0.99998	0.00000	0.00000	0.00000	0.00002
358	NoName	0.85191	0.12270	0.00352	0.00711	0.01161	0.00314
359	NoName	0.00000	1.00000	0.00000	0.00000	0.00000	0.00000
360	NoName	0.00000	1.00000	0.00000	0.00000	0.00000	0.00000
361	NoName	0.99998	0.00000	0.00000	0.00000	0.00002	0.00000
362	NoName	1.00000	0.00000	0.00000	0.00000	0.00000	0.00000
363	NoName	0.00000	1.00000	0.00000	0.00000	0.00000	0.00000
364	NoName	0.00000	1.00000	0.00000	0.00000	0.00000	0.00000
365	NoName	0.00000	0.99992	0.00000	0.00000	0.00000	0.00008
366	NoName	0.00000	1.00000	0.00000	0.00000	0.00000	0.00000
367	NoName	0.00000	1.00000	0.00000	0.00000	0.00000	0.00000
368	NoName	0.99987	0.00000	0.00000	0.00000	0.00013	0.00000
369	NoName	0.00000	1.00000	0.00000	0.00000	0.00000	0.00000
370	NoName	0.00000	1.00000	0.00000	0.00000	0.00000	0.00000
371	NoName	0.00000	1.00000	0.00000	0.00000	0.00000	0.00000
372	NoName	0.00000	1.00000	0.00000	0.00000	0.00000	0.00000
373	NoName	0.00000	0.99983	0.00000	0.00000	0.00000	0.00017
374	NoName	1.00000	0.00000	0.00000	0.00000	0.00000	0.00000
375	NoName	0.00000	0.99996	0.00000	0.00000	0.00000	0.00004
376	NoName	0.00170	0.99415	0.00025	0.00080	0.00012	0.00298
377	NoName	0.99999	0.00000	0.00000	0.00000	0.00001	0.00000
378	NoName	0.99957	0.00000	0.00000	0.00001	0.00043	0.00000
379	NoName	0.00000	1.00000	0.00000	0.00000	0.00000	0.00000
380	NoName	0.00000	1.00000	0.00000	0.00000	0.00000	0.00000
381	NoName	0.00000	0.99999	0.00000	0.00000	0.00000	0.00001
382	NoName	0.99999	0.00000	0.00000	0.00000	0.00001	0.00000
383	NoName	0.00000	1.00000	0.00000	0.00000	0.00000	0.00000
384	NoName	0.00000	1.00000	0.00000	0.00000	0.00000	0.00000
385	NoName	0.00000	1.00000	0.00000	0.00000	0.00000	0.00000
386	NoName	0.00000	1.00000	0.00000	0.00000	0.00000	0.00000
387	NoName	0.99971	0.00000	0.00000	0.00000	0.00029	0.00000
388	NoName	0.00000	1.00000	0.00000	0.00000	0.00000	0.00000
389	NoName	0.00000	1.00000	0.00000	0.00000	0.00000	0.00000
390	NoName	0.00000	1.00000	0.00000	0.00000	0.00000	0.00000
391	NoName	0.00000	0.99955	0.00000	0.00002	0.00000	0.00043
392	NoName	0.00000	1.00000	0.00000	0.00000	0.00000	0.00000
393	NoName	0.00000	0.99999	0.00000	0.00000	0.00000	0.00001
394	NoName	0.00000	1.00000	0.00000	0.00000	0.00000	0.00000
395	NoName	0.00000	1.00000	0.00000	0.00000	0.00000	0.00000
396	NoName	0.00000	0.99998	0.00000	0.00000	0.00000	0.00002
397	NoName	0.00000	1.00000	0.00000	0.00000	0.00000	0.00000
398	NoName	0.00265	0.92728	0.00175	0.02849	0.00130	0.03853
399	NoName	0.00000	1.00000	0.00000	0.00000	0.00000	0.00000
400	NoName	0.00000	1.00000	0.00000	0.00000	0.00000	0.00000
401	NoName	0.00000	0.99658	0.00001	0.00066	0.00000	0.00274
402	NoName	0.00000	1.00000	0.00000	0.00000	0.00000	0.00000
403	NoName	0.00000	1.00000	0.00000	0.00000	0.00000	0.00000
404	NoName	0.00000	1.00000	0.00000	0.00000	0.00000	0.00000
405	NoName	0.00000	1.00000	0.00000	0.00000	0.00000	0.00000
406	NoName	0.00000	0.99999	0.00000	0.00000	0.00000	0.00001
407	NoName	0.00000	1.00000	0.00000	0.00000	0.00000	0.00000
408	NoName	0.00000	1.00000	0.00000	0.00000	0.00000	0.00000
409	NoName	0.00000	1.00000	0.00000	0.00000	0.00000	0.00000
410	NoName	0.00000	1.00000	0.00000	0.00000	0.00000	0.00000
411	NoName	1.00000	0.00000	0.00000	0.00000	0.00000	0.00000
412	NoName	0.00000	1.00000	0.00000	0.00000	0.00000	0.00000
413	NoName	0.00000	1.00000	0.00000	0.00000	0.00000	0.00000
414	NoName	0.00000	1.00000	0.00000	0.00000	0.00000	0.00000
415	NoName	0.00000	0.99963	0.00000	0.00001	0.00000	0.00036
416	NoName	0.00000	0.99990	0.00000	0.00000	0.00000	0.00010
417	NoName	0.00000	1.00000	0.00000	0.00000	0.00000	0.00000
418	NoName	0.00000	0.99999	0.00000	0.00000	0.00000	0.00001
419	NoName	0.00000	1.00000	0.00000	0.00000	0.00000	0.00000
420	NoName	0.00000	1.00000	0.00000	0.00000	0.00000	0.00000
421	NoName	0.00000	1.00000	0.00000	0.00000	0.00000	0.00000
422	NoName	0.00000	0.99983	0.00000	0.00000	0.00000	0.00016
423	NoName	0.00000	0.99989	0.00000	0.00000	0.00000	0.00011
424	NoName	0.00000	1.00000	0.00000	0.00000	0.00000	0.00000
425	NoName	0.00000	1.00000	0.00000	0.00000	0.00000	0.00000
426	NoName	0.00000	1.00000	0.00000	0.00000	0.00000	0.00000
427	NoName	0.00000	1.00000	0.00000	0.00000	0.00000	0.00000
428	NoName	0.00000	1.00000	0.00000	0.00000	0.00000	0.00000
429	NoName	0.00000	1.00000	0.00000	0.00000	0.00000	0.00000
430	NoName	0.00000	1.00000	0.00000	0.00000	0.00000	0.00000
431	NoName	0.00000	1.00000	0.00000	0.00000	0.00000	0.00000
432	NoName	0.00000	1.00000	0.00000	0.00000	0.00000	0.00000
433	NoName	0.00000	1.00000	0.00000	0.00000	0.00000	0.00000
434	NoName	0.00000	1.00000	0.00000	0.00000	0.00000	0.00000
435	NoName	0.00000	1.00000	0.00000	0.00000	0.00000	0.00000
436	NoName	1.00000	0.00000	0.00000	0.00000	0.00000	0.00000
437	NoName	0.00000	1.00000	0.00000	0.00000	0.00000	0.00000
438	NoName	0.00000	1.00000	0.00000	0.00000	0.00000	0.00000
439	NoName	0.00000	1.00000	0.00000	0.00000	0.00000	0.00000
440	NoName	0.00000	1.00000	0.00000	0.00000	0.00000	0.00000
441	NoName	0.00000	1.00000	0.00000	0.00000	0.00000	0.00000
442	NoName	0.00000	1.00000	0.00000	0.00000	0.00000	0.00000
443	NoName	0.00000	1.00000	0.00000	0.00000	0.00000	0.00000
444	NoName	0.00000	0.99999	0.00000	0.00000	0.00000	0.00001
445	NoName	0.00000	0.99999	0.00000	0.00000	0.00000	0.00001
446	NoName	0.00000	1.00000	0.00000	0.00000	0.00000	0.00000
447	NoName	0.00000	1.00000	0.00000	0.00000	0.00000	0.00000
448	NoName	0.00000	1.00000	0.00000	0.00000	0.00000	0.00000
449	NoName	0.00000	1.00000	0.00000	0.00000	0.00000	0.00000
450	NoName	0.00000	1.00000	0.00000	0.00000	0.00000	0.00000
451	NoName	0.00000	1.00000	0.00000	0.00000	0.00000	0.00000
452	NoName	0.04334	0.89673	0.00778	0.01763	0.00466	0.02986
453	NoName	0.00000	1.00000	0.00000	0.00000	0.00000	0.00000
454	NoName	0.00000	1.00000	0.00000	0.00000	0.00000	0.00000
455	NoName	0.00000	0.99996	0.00000	0.00000	0.00000	0.00004
456	NoName	0.00000	1.00000	0.00000	0.00000	0.00000	0.00000
457	NoName	0.00000	0.99999	0.00000	0.00000	0.00000	0.00001
458	NoName	0.00000	1.00000	0.00000	0.00000	0.00000	0.00000
459	NoName	0.00000	1.00000	0.00000	0.00000	0.00000	0.00000
460	NoName	1.00000	0.00000	0.00000	0.00000	0.00000	0.00000
461	NoName	0.00000	0.99998	0.00000	0.00000	0.00000	0.00002
462	NoName	0.00000	1.00000	0.00000	0.00000	0.00000	0.00000
463	NoName	0.00075	0.99198	0.00028	0.00204	0.00018	0.00478
464	NoName	1.00000	0.00000	0.00000	0.00000	0.00000	0.00000
465	NoName	0.00000	1.00000	0.00000	0.00000	0.00000	0.00000
466	NoName	0.00000	1.00000	0.00000	0.00000	0.00000	0.00000
467	NoName	0.00000	0.99974	0.00000	0.00001	0.00000	0.00026
468	NoName	0.00000	1.00000	0.00000	0.00000	0.00000	0.00000
469	NoName	0.00000	1.00000	0.00000	0.00000	0.00000	0.00000
470	NoName	0.00000	0.99976	0.00000	0.00000	0.00000	0.00024
471	NoName	0.00000	0.99999	0.00000	0.00000	0.00000	0.00001
472	NoName	0.00000	1.00000	0.00000	0.00000	0.00000	0.00000
473	NoName	0.00000	1.00000	0.00000	0.00000	0.00000	0.00000
474	NoName	0.00009	0.99415	0.00006	0.00152	0.00003	0.00414
475	NoName	0.00000	1.00000	0.00000	0.00000	0.00000	0.00000
476	NoName	0.00000	1.00000	0.00000	0.00000	0.00000	0.00000
477	NoName	0.00000	0.99999	0.00000	0.00000	0.00000	0.00001
478	NoName	0.00000	1.00000	0.00000	0.00000	0.00000	0.00000
479	NoName	0.00000	0.99995	0.00000	0.00000	0.00000	0.00005
480	NoName	0.00000	1.00000	0.00000	0.00000	0.00000	0.00000
481	NoName	0.00000	1.00000	0.00000	0.00000	0.00000	0.00000
482	NoName	0.00000	1.00000	0.00000	0.00000	0.00000	0.00000
483	NoName	0.00000	1.00000	0.00000	0.00000	0.00000	0.00000
484	NoName	0.00000	1.00000	0.00000	0.00000	0.00000	0.00000
485	NoName	0.00000	1.00000	0.00000	0.00000	0.00000	0.00000
486	NoName	0.00000	1.00000	0.00000	0.00000	0.00000	0.00000
487	NoName	0.00000	1.00000	0.00000	0.00000	0.00000	0.00000
488	NoName	0.00000	1.00000	0.00000	0.00000	0.00000	0.00000
489	NoName	0.00000	1.00000	0.00000	0.00000	0.00000	0.00000
490	NoName	0.00000	1.00000	0.00000	0.00000	0.00000	0.00000
491	NoName	0.00000	1.00000	0.00000	0.00000	0.00000	0.00000
492	NoName	0.00000	0.99999	0.00000	0.00000	0.00000	0.00001
493	NoName	0.00000	0.99999	0.00000	0.00000	0.00000	0.00001
494	NoName	0.00000	0.99892	0.00000	0.00010	0.00000	0.00098
495	NoName	0.00000	1.00000	0.00000	0.00000	0.00000	0.00000
496	NoName	0.00000	1.00000	0.00000	0.00000	0.00000	0.00000
497	NoName	0.00000	1.00000	0.00000	0.00000	0.00000	0.00000
498	NoName	0.00000	1.00000	0.00000	0.00000	0.00000	0.00000
499	NoName	0.00000	1.00000	0.00000	0.00000	0.00000	0.00000
500	NoName	0.00000	0.99901	0.00000	0.00007	0.00000	0.00091
501	NoName	0.00000	1.00000	0.00000	0.00000	0.00000	0.00000
502	NoName	0.00000	0.99797	0.00000	0.00028	0.00000	0.00175
503	NoName	0.00000	0.99998	0.00000	0.00000	0.00000	0.00002
504	NoName	0.00000	1.00000	0.00000	0.00000	0.00000	0.00000
505	NoName	0.00000	1.00000	0.00000	0.00000	0.00000	0.00000
506	NoName	0.99999	0.00000	0.00000	0.00000	0.00001	0.00000
507	NoName	1.00000	0.00000	0.00000	0.00000	0.00000	0.00000
508	NoName	0.00000	0.99998	0.00000	0.00000	0.00000	0.00002
509	NoName	0.00000	1.00000	0.00000	0.00000	0.00000	0.00000
510	NoName	0.00000	1.00000	0.00000	0.00000	0.00000	0.00000
511	NoName	0.00000	1.00000	0.00000	0.00000	0.00000	0.00000
512	NoName	0.00000	1.00000	0.00000	0.00000	0.00000	0.00000
513	NoName	0.99998	0.00000	0.00000	0.00000	0.00002	0.00000
514	NoName	0.00000	1.00000	0.00000	0.00000	0.00000	0.00000
515	NoName	1.00000	0.00000	0.00000	0.00000	0.00000	0.00000
516	NoName	0.00000	0.99997	0.00000	0.00000	0.00000	0.00003
517	NoName	0.00000	1.00000	0.00000	0.00000	0.00000	0.00000
518	NoName	1.00000	0.00000	0.00000	0.00000	0.00000	0.00000
519	NoName	0.00000	0.99996	0.00000	0.00000	0.00000	0.00004
520	NoName	0.00000	1.00000	0.00000	0.00000	0.00000	0.00000
521	NoName	0.00000	1.00000	0.00000	0.00000	0.00000	0.00000
522	NoName	0.00000	0.99999	0.00000	0.00000	0.00000	0.00001
523	NoName	0.00000	1.00000	0.00000	0.00000	0.00000	0.00000
524	NoName	0.00000	1.00000	0.00000	0.00000	0.00000	0.00000
525	NoName	0.00000	1.00000	0.00000	0.00000	0.00000	0.00000
526	NoName	0.00000	1.00000	0.00000	0.00000	0.00000	0.00000
527	NoName	0.00000	1.00000	0.00000	0.00000	0.00000	0.00000
528	NoName	0.00000	0.99955	0.00000	0.00002	0.00000	0.00044
529	NoName	0.00089	0.99445	0.00019	0.00101	0.00009	0.00337
530	NoName	0.00000	1.00000	0.00000	0.00000	0.00000	0.00000
531	NoName	0.00000	1.00000	0.00000	0.00000	0.00000	0.00000
532	NoName	0.00000	1.00000	0.00000	0.00000	0.00000	0.00000
533	NoName	1.00000	0.00000	0.00000	0.00000	0.00000	0.00000
534	NoName	0.00000	1.00000	0.00000	0.00000	0.00000	0.00000
535	NoName	0.00000	1.00000	0.00000	0.00000	0.00000	0.00000
536	NoName	0.00000	1.00000	0.00000	0.00000	0.00000	0.00000
537	NoName	0.99999	0.00000	0.00000	0.00000	0.00001	0.00000
538	NoName	0.00000	0.99969	0.00000	0.00001	0.00000	0.00030
539	NoName	0.00000	1.00000	0.00000	0.00000	0.00000	0.00000
540	NoName	0.99600	0.00000	0.00000	0.00040	0.00360	0.00000
541	NoName	1.00000	0.00000	0.00000	0.00000	0.00000	0.00000
542	NoName	1.00000	0.00000	0.00000	0.00000	0.00000	0.00000
543	NoName	0.00000	0.99999	0.00000	0.00000	0.00000	0.00001
544	NoName	0.00000	1.00000	0.00000	0.00000	0.00000	0.00000
545	NoName	0.00000	0.99990	0.00000	0.00000	0.00000	0.00010
546	NoName	0.00000	1.00000	0.00000	0.00000	0.00000	0.00000
547	NoName	0.00000	1.00000	0.00000	0.00000	0.00000	0.00000
548	NoName	0.98865	0.00000	0.00000	0.00024	0.01111	0.00000
549	NoName	0.00000	0.99522	0.00000	0.00000	0.00000	0.00478
550	NoName	0.00000	1.00000	0.00000	0.00000	0.00000	0.00000
551	NoName	1.00000	0.00000	0.00000	0.00000	0.00000	0.00000
552	NoName	0.00000	1.00000	0.00000	0.00000	0.00000	0.00000
553	NoName	0.00000	1.00000	0.00000	0.00000	0.00000	0.00000
554	NoName	0.00000	1.00000	0.00000	0.00000	0.00000	0.00000
555	NoName	0.00000	1.00000	0.00000	0.00000	0.00000	0.00000
556	NoName	0.00000	0.00000	0.99809	0.00150	0.00035	0.00006
557	NoName	0.00000	1.00000	0.00000	0.00000	0.00000	0.00000
558	NoName	0.00000	1.00000	0.00000	0.00000	0.00000	0.00000
559	NoName	1.00000	0.00000	0.00000	0.00000	0.00000	0.00000
560	NoName	1.00000	0.00000	0.00000	0.00000	0.00000	0.00000
561	NoName	0.99977	0.00000	0.00000	0.00000	0.00023	0.00000
562	NoName	0.99999	0.00000	0.00000	0.00000	0.00001	0.00000
563	NoName	0.00000	1.00000	0.00000	0.00000	0.00000	0.00000
564	NoName	0.00000	1.00000	0.00000	0.00000	0.00000	0.00000
565	NoName	1.00000	0.00000	0.00000	0.00000	0.00000	0.00000
566	NoName	0.00000	1.00000	0.00000	0.00000	0.00000	0.00000
567	NoName	0.97054	0.00021	0.00014	0.01253	0.01643	0.00015
568	NoName	0.99999	0.00000	0.00000	0.00000	0.00001	0.00000
569	NoName	0.00000	1.00000	0.00000	0.00000	0.00000	0.00000
570	NoName	0.00000	1.00000	0.00000	0.00000	0.00000	0.00000
571	NoName	0.00000	1.00000	0.00000	0.00000	0.00000	0.00000
572	NoName	0.00000	1.00000	0.00000	0.00000	0.00000	0.00000
573	NoName	0.00000	0.99993	0.00000	0.00000	0.00000	0.00007
574	NoName	0.00000	0.99999	0.00000	0.00000	0.00000	0.00001
575	NoName	0.00000	0.00000	0.00201	0.01733	0.98066	0.00000
576	NoName	0.00000	0.99982	0.00000	0.00000	0.00000	0.00018
577	NoName	1.00000	0.00000	0.00000	0.00000	0.00000	0.00000
578	NoName	0.00000	1.00000	0.00000	0.00000	0.00000	0.00000
579	NoName	0.00000	0.99740	0.00000	0.00000	0.00000	0.00259
580	NoName	0.00000	0.99861	0.00000	0.00014	0.00000	0.00125
581	NoName	0.00000	1.00000	0.00000	0.00000	0.00000	0.00000
582	NoName	0.00000	1.00000	0.00000	0.00000	0.00000	0.00000
583	NoName	0.00000	0.99972	0.00000	0.00001	0.00000	0.00027
584	NoName	0.00000	0.99999	0.00000	0.00000	0.00000	0.00001
585	NoName	0.00000	0.99992	0.00000	0.00000	0.00000	0.00008
586	NoName	0.00000	1.00000	0.00000	0.00000	0.00000	0.00000
587	NoName	0.00000	1.00000	0.00000	0.00000	0.00000	0.00000
588	NoName	0.00000	1.00000	0.00000	0.00000	0.00000	0.00000
589	NoName	0.00000	1.00000	0.00000	0.00000	0.00000	0.00000
590	NoName	0.00000	1.00000	0.00000	0.00000	0.00000	0.00000
591	NoName	0.00000	0.99817	0.00000	0.00022	0.00000	0.00161
592	NoName	0.00000	0.99992	0.00000	0.00000	0.00000	0.00008
593	NoName	0.00000	1.00000	0.00000	0.00000	0.00000	0.00000
594	NoName	0.00000	1.00000	0.00000	0.00000	0.00000	0.00000
595	NoName	0.00000	1.00000	0.00000	0.00000	0.00000	0.00000
596	NoName	0.00000	0.01318	0.00000	0.71677	0.00000	0.27005
597	NoName	0.00000	1.00000	0.00000	0.00000	0.00000	0.00000
598	NoName	0.00000	0.99966	0.00000	0.00001	0.00000	0.00033
599	NoName	0.00000	0.99977	0.00000	0.00000	0.00000	0.00023
600	NoName	0.00000	1.00000	0.00000	0.00000	0.00000	0.00000
601	NoName	0.00032	0.87779	0.00183	0.01975	0.00038	0.09993
602	NoName	1.00000	0.00000	0.00000	0.00000	0.00000	0.00000
603	NoName	0.99881	0.00000	0.00000	0.00005	0.00115	0.00000
604	NoName	0.00000	0.99999	0.00000	0.00000	0.00000	0.00001
605	NoName	0.00000	0.99976	0.00000	0.00000	0.00000	0.00024
606	NoName	0.00000	1.00000	0.00000	0.00000	0.00000	0.00000
607	NoName	0.00000	1.00000	0.00000	0.00000	0.00000	0.00000
608	NoName	0.00000	1.00000	0.00000	0.00000	0.00000	0.00000
609	NoName	0.00000	0.99997	0.00000	0.00000	0.00000	0.00003
610	NoName	0.99970	0.00000	0.00000	0.00000	0.00030	0.00000
611	NoName	0.00000	1.00000	0.00000	0.00000	0.00000	0.00000
612	NoName	0.00000	1.00000	0.00000	0.00000	0.00000	0.00000
613	NoName	0.00000	1.00000	0.00000	0.00000	0.00000	0.00000
614	NoName	0.00000	1.00000	0.00000	0.00000	0.00000	0.00000
615	NoName	0.00000	1.00000	0.00000	0.00000	0.00000	0.00000
616	NoName	0.00000	0.99999	0.00000	0.00000	0.00000	0.00001
617	NoName	0.00000	1.00000	0.00000	0.00000	0.00000	0.00000
618	NoName	0.00000	1.00000	0.00000	0.00000	0.00000	0.00000
619	NoName	0.00000	1.00000	0.00000	0.00000	0.00000	0.00000
620	NoName	0.00000	1.00000	0.00000	0.00000	0.00000	0.00000
621	NoName	0.00000	1.00000	0.00000	0.00000	0.00000	0.00000
622	NoName	0.00000	0.99929	0.00000	0.00004	0.00000	0.00066
623	NoName	0.00000	1.00000	0.00000	0.00000	0.00000	0.00000
624	NoName	0.00000	0.99922	0.00000	0.00000	0.00000	0.00078
625	NoName	0.00000	0.99999	0.00000	0.00000	0.00000	0.00001
626	NoName	0.00000	0.99970	0.00000	0.00001	0.00000	0.00030
627	NoName	0.00000	1.00000	0.00000	0.00000	0.00000	0.00000
628	NoName	0.00000	0.99999	0.00000	0.00000	0.00000	0.00001
629	NoName	0.00000	1.00000	0.00000	0.00000	0.00000	0.00000
630	NoName	0.00000	1.00000	0.00000	0.00000	0.00000	0.00000
631	NoName	0.00000	1.00000	0.00000	0.00000	0.00000	0.00000
632	NoName	1.00000	0.00000	0.00000	0.00000	0.00000	0.00000
633	NoName	0.00000	1.00000	0.00000	0.00000	0.00000	0.00000
634	NoName	0.00000	1.00000	0.00000	0.00000	0.00000	0.00000
635	NoName	0.00000	1.00000	0.00000	0.00000	0.00000	0.00000
636	NoName	0.00000	0.99998	0.00000	0.00000	0.00000	0.00002
637	NoName	0.00000	0.99999	0.00000	0.00000	0.00000	0.00001
638	NoName	0.00000	1.00000	0.00000	0.00000	0.00000	0.00000
639	NoName	0.00000	1.00000	0.00000	0.00000	0.00000	0.00000
640	NoName	0.00000	1.00000	0.00000	0.00000	0.00000	0.00000
641	NoName	0.00000	0.99999	0.00000	0.00000	0.00000	0.00001
642	NoName	0.00000	1.00000	0.00000	0.00000	0.00000	0.00000
643	NoName	0.00000	1.00000	0.00000	0.00000	0.00000	0.00000
644	NoName	0.00000	0.00009	0.00000	0.00260	0.00000	0.99731
645	NoName	0.00000	1.00000	0.00000	0.00000	0.00000	0.00000
646	NoName	0.00000	0.99999	0.00000	0.00000	0.00000	0.00001
647	NoName	0.00000	1.00000	0.00000	0.00000	0.00000	0.00000
648	NoName	0.00000	1.00000	0.00000	0.00000	0.00000	0.00000
649	NoName	0.00000	0.99997	0.00000	0.00000	0.00000	0.00003
650	NoName	0.99774	0.00000	0.00000	0.00000	0.00226	0.00000
651	NoName	0.00000	1.00000	0.00000	0.00000	0.00000	0.00000
652	NoName	0.00000	1.00000	0.00000	0.00000	0.00000	0.00000
653	NoName	0.99997	0.00000	0.00000	0.00000	0.00003	0.00000
654	NoName	0.00000	1.00000	0.00000	0.00000	0.00000	0.00000
655	NoName	0.00000	1.00000	0.00000	0.00000	0.00000	0.00000
656	NoName	0.00000	1.00000	0.00000	0.00000	0.00000	0.00000
657	NoName	0.00000	1.00000	0.00000	0.00000	0.00000	0.00000
658	NoName	0.00000	1.00000	0.00000	0.00000	0.00000	0.00000
659	NoName	0.99866	0.00000	0.00000	0.00006	0.00129	0.00000
660	NoName	0.00000	0.99997	0.00000	0.00000	0.00000	0.00003
661	NoName	0.00000	0.99999	0.00000	0.00000	0.00000	0.00001
662	NoName	0.00000	0.99963	0.00000	0.00000	0.00000	0.00037
663	NoName	0.00000	0.99883	0.00000	0.00010	0.00000	0.00107
664	NoName	1.00000	0.00000	0.00000	0.00000	0.00000	0.00000
665	NoName	0.00000	0.99999	0.00000	0.00000	0.00000	0.00001
666	NoName	1.00000	0.00000	0.00000	0.00000	0.00000	0.00000
667	NoName	1.00000	0.00000	0.00000	0.00000	0.00000	0.00000
668	NoName	0.99997	0.00000	0.00000	0.00000	0.00003	0.00000
669	NoName	0.99999	0.00000	0.00000	0.00000	0.00001	0.00000
670	NoName	0.99995	0.00000	0.00000	0.00000	0.00005	0.00000
671	NoName	0.00000	0.98821	0.00000	0.00000	0.00000	0.01179
672	NoName	0.00000	1.00000	0.00000	0.00000	0.00000	0.00000
673	NoName	0.00000	1.00000	0.00000	0.00000	0.00000	0.00000
674	NoName	0.00000	0.99962	0.00000	0.00001	0.00000	0.00037
675	NoName	0.00000	1.00000	0.00000	0.00000	0.00000	0.00000
676	NoName	0.00000	0.99999	0.00000	0.00000	0.00000	0.00001
677	NoName	0.00000	1.00000	0.00000	0.00000	0.00000	0.00000
678	NoName	1.00000	0.00000	0.00000	0.00000	0.00000	0.00000
679	NoName	0.00000	1.00000	0.00000	0.00000	0.00000	0.00000
680	NoName	0.00000	1.00000	0.00000	0.00000	0.00000	0.00000
681	NoName	0.00000	1.00000	0.00000	0.00000	0.00000	0.00000
682	NoName	0.00000	1.00000	0.00000	0.00000	0.00000	0.00000
683	NoName	0.00000	1.00000	0.00000	0.00000	0.00000	0.00000
684	NoName	0.00000	1.00000	0.00000	0.00000	0.00000	0.00000
685	NoName	0.00000	0.99995	0.00000	0.00000	0.00000	0.00005
686	NoName	0.00000	1.00000	0.00000	0.00000	0.00000	0.00000
687	NoName	0.00000	1.00000	0.00000	0.00000	0.00000	0.00000
688	NoName	0.00000	1.00000	0.00000	0.00000	0.00000	0.00000
689	NoName	0.00000	1.00000	0.00000	0.00000	0.00000	0.00000
690	NoName	0.00000	1.00000	0.00000	0.00000	0.00000	0.00000
691	NoName	0.00000	0.99997	0.00000	0.00000	0.00000	0.00003
692	NoName	0.00000	0.93072	0.00000	0.00001	0.00000	0.06927
693	NoName	0.00000	0.99999	0.00000	0.00000	0.00000	0.00001
694	NoName	0.00000	0.99649	0.00000	0.00070	0.00000	0.00281
695	NoName	0.00000	1.00000	0.00000	0.00000	0.00000	0.00000
696	NoName	0.00000	1.00000	0.00000	0.00000	0.00000	0.00000
697	NoName	0.00000	0.99992	0.00000	0.00000	0.00000	0.00008
698	NoName	0.00000	0.99999	0.00000	0.00000	0.00000	0.00001
699	NoName	0.00000	1.00000	0.00000	0.00000	0.00000	0.00000
700	NoName	0.00000	1.00000	0.00000	0.00000	0.00000	0.00000
701	NoName	1.00000	0.00000	0.00000	0.00000	0.00000	0.00000
702	NoName	0.99999	0.00000	0.00000	0.00000	0.00001	0.00000
703	NoName	0.99997	0.00000	0.00000	0.00000	0.00003	0.00000
704	NoName	0.99647	0.00000	0.00000	0.00035	0.00318	0.00000
705	NoName	0.00000	1.00000	0.00000	0.00000	0.00000	0.00000
706	NoName	0.00000	0.99944	0.00000	0.00000	0.00000	0.00055
707	NoName	0.99942	0.00000	0.00000	0.00001	0.00057	0.00000
708	NoName	0.00000	1.00000	0.00000	0.00000	0.00000	0.00000
709	NoName	0.00000	1.00000	0.00000	0.00000	0.00000	0.00000
710	NoName	0.00000	1.00000	0.00000	0.00000	0.00000	0.00000
711	NoName	0.00000	0.99941	0.00000	0.00000	0.00000	0.00059
712	NoName	0.00000	1.00000	0.00000	0.00000	0.00000	0.00000
713	NoName	0.00000	0.97758	0.00000	0.00000	0.00000	0.02242
714	NoName	1.00000	0.00000	0.00000	0.00000	0.00000	0.00000
715	NoName	0.00000	0.99937	0.00000	0.00003	0.00000	0.00060
716	NoName	0.00000	1.00000	0.00000	0.00000	0.00000	0.00000
717	NoName	0.00000	1.00000	0.00000	0.00000	0.00000	0.00000
718	NoName	1.00000	0.00000	0.00000	0.00000	0.00000	0.00000
719	NoName	0.00000	1.00000	0.00000	0.00000	0.00000	0.00000
720	NoName	0.00000	1.00000	0.00000	0.00000	0.00000	0.00000
721	NoName	0.00000	1.00000	0.00000	0.00000	0.00000	0.00000
722	NoName	0.00000	1.00000	0.00000	0.00000	0.00000	0.00000
723	NoName	0.00000	1.00000	0.00000	0.00000	0.00000	0.00000
724	NoName	0.00000	0.99982	0.00000	0.00000	0.00000	0.00017
725	NoName	0.38595	0.00012	0.00003	0.54310	0.07032	0.00048
726	NoName	0.00000	1.00000	0.00000	0.00000	0.00000	0.00000
727	NoName	0.00000	1.00000	0.00000	0.00000	0.00000	0.00000
728	NoName	0.00000	0.99968	0.00000	0.00001	0.00000	0.00032
729	NoName	0.00000	0.99992	0.00000	0.00000	0.00000	0.00008
730	NoName	0.00000	0.99999	0.00000	0.00000	0.00000	0.00001
731	NoName	0.00000	1.00000	0.00000	0.00000	0.00000	0.00000
732	NoName	0.99990	0.00000	0.00000	0.00000	0.00010	0.00000
733	NoName	0.00000	0.99999	0.00000	0.00000	0.00000	0.00001
734	NoName	0.00000	0.99999	0.00000	0.00000	0.00000	0.00001
735	NoName	0.00000	1.00000	0.00000	0.00000	0.00000	0.00000
736	NoName	0.00000	0.99976	0.00000	0.00000	0.00000	0.00024
737	NoName	0.00000	1.00000	0.00000	0.00000	0.00000	0.00000
738	NoName	1.00000	0.00000	0.00000	0.00000	0.00000	0.00000
739	NoName	0.00000	0.99879	0.00000	0.00011	0.00000	0.00110
740	NoName	0.00000	1.00000	0.00000	0.00000	0.00000	0.00000
741	NoName	1.00000	0.00000	0.00000	0.00000	0.00000	0.00000
742	NoName	0.00000	1.00000	0.00000	0.00000	0.00000	0.00000
743	NoName	0.00000	1.00000	0.00000	0.00000	0.00000	0.00000
744	NoName	0.00000	1.00000	0.00000	0.00000	0.00000	0.00000
745	NoName	1.00000	0.00000	0.00000	0.00000	0.00000	0.00000
746	NoName	0.00000	1.00000	0.00000	0.00000	0.00000	0.00000
747	NoName	0.00000	1.00000	0.00000	0.00000	0.00000	0.00000
748	NoName	0.00000	1.00000	0.00000	0.00000	0.00000	0.00000
749	NoName	0.00000	1.00000	0.00000	0.00000	0.00000	0.00000
750	NoName	0.73069	0.23427	0.00450	0.01143	0.01361	0.00550
751	NoName	0.00000	1.00000	0.00000	0.00000	0.00000	0.00000
752	NoName	0.00000	1.00000	0.00000	0.00000	0.00000	0.00000
753	NoName	0.00000	1.00000	0.00000	0.00000	0.00000	0.00000
754	NoName	0.00000	1.00000	0.00000	0.00000	0.00000	0.00000
755	NoName	0.00000	0.99996	0.00000	0.00000	0.00000	0.00004
756	NoName	0.00000	1.00000	0.00000	0.00000	0.00000	0.00000
757	NoName	0.00000	0.99859	0.00000	0.00003	0.00000	0.00138
758	NoName	0.00000	0.99913	0.00000	0.00006	0.00000	0.00081
759	NoName	0.99997	0.00000	0.00000	0.00000	0.00003	0.00000
760	NoName	1.00000	0.00000	0.00000	0.00000	0.00000	0.00000
761	NoName	0.00000	0.95497	0.00000	0.00002	0.00000	0.04502
762	NoName	0.00000	0.99995	0.00000	0.00000	0.00000	0.00005
763	NoName	0.00000	1.00000	0.00000	0.00000	0.00000	0.00000
764	NoName	0.00000	0.99994	0.00000	0.00000	0.00000	0.00006
765	NoName	0.00000	0.99995	0.00000	0.00000	0.00000	0.00005
766	NoName	0.00000	1.00000	0.00000	0.00000	0.00000	0.00000
767	NoName	0.00000	1.00000	0.00000	0.00000	0.00000	0.00000
768	NoName	0.00000	0.99972	0.00000	0.00000	0.00000	0.00028
769	NoName	0.00000	0.99999	0.00000	0.00000	0.00000	0.00001
770	NoName	0.00000	1.00000	0.00000	0.00000	0.00000	0.00000
771	NoName	0.00000	1.00000	0.00000	0.00000	0.00000	0.00000
772	NoName	0.00000	1.00000	0.00000	0.00000	0.00000	0.00000
773	NoName	0.00000	0.99961	0.00000	0.00001	0.00000	0.00038
774	NoName	0.00000	0.99984	0.00000	0.00000	0.00000	0.00016
775	NoName	0.00000	1.00000	0.00000	0.00000	0.00000	0.00000
776	NoName	0.00000	0.99998	0.00000	0.00000	0.00000	0.00002
