773101_sweeps	1.000/0.000/0.000/0.000	0.000/0.000/0.000/1.000	0.000/0.500/0.500/0.000	0.250/0.250/0.250/0.250	0.500/0.250/0.250/0.000	0.000/0.250/0.250/0.500
1	0.00000	0.99997	0.00000	0.00000	0.00000	0.00003
2	0.00000	0.99999	0.00000	0.00000	0.00000	0.00001
3	0.00000	0.99965	0.00000	0.00000	0.00000	0.00035
4	0.00000	0.94771	0.00000	0.00263	0.00000	0.04966
5	0.00000	1.00000	0.00000	0.00000	0.00000	0.00000
6	0.00000	0.99976	0.00000	0.00000	0.00000	0.00024
7	0.00000	0.99276	0.00000	0.00000	0.00000	0.00723
8	0.00000	0.99988	0.00000	0.00000	0.00000	0.00012
9	0.00000	0.99949	0.00000	0.00000	0.00000	0.00051
10	0.00000	0.00000	0.00001	0.02677	0.97322	0.00000
11	0.99998	0.00000	0.00000	0.00000	0.00002	0.00000
12	0.00000	0.24093	0.00000	0.01769	0.00000	0.74138
13	0.00000	0.99933	0.00000	0.00000	0.00000	0.00067
14	0.00000	0.99996	0.00000	0.00000	0.00000	0.00004
15	0.00000	0.99999	0.00000	0.00000	0.00000	0.00001
16	0.00000	0.99597	0.00000	0.00001	0.00000	0.00401
17	0.99988	0.00000	0.00000	0.00000	0.00012	0.00000
18	0.93932	0.00000	0.00000	0.00273	0.05795	0.00000
19	0.00000	0.90015	0.00000	0.00924	0.00000	0.09060
20	1.00000	0.00000	0.00000	0.00000	0.00000	0.00000
21	0.00000	0.88834	0.00002	0.01136	0.00000	0.10028
22	0.00000	0.94118	0.00000	0.00268	0.00000	0.05614
23	0.95963	0.00000	0.00000	0.00109	0.03928	0.00000
24	0.99999	0.00000	0.00000	0.00000	0.00001	0.00000
25	0.99999	0.00000	0.00000	0.00000	0.00001	0.00000
26	0.00000	0.99998	0.00000	0.00000	0.00000	0.00002
27	0.00000	0.99987	0.00000	0.00000	0.00000	0.00013
28	0.00000	0.99963	0.00000	0.00000	0.00000	0.00037
29	0.00000	0.99999	0.00000	0.00000	0.00000	0.00001
30	0.99962	0.00000	0.00000	0.00000	0.00038	0.00000
31	0.99994	0.00000	0.00000	0.00000	0.00006	0.00000
32	0.00000	0.96786	0.00000	0.00101	0.00000	0.03113
33	0.99686	0.00000	0.00000	0.00001	0.00314	0.00000
34	0.00000	0.60296	0.00000	0.04271	0.00000	0.35433
35	0.00000	0.72694	0.00003	0.06174	0.00001	0.21129
36	0.00000	0.99014	0.00000	0.00000	0.00000	0.00986
37	0.99996	0.00000	0.00000	0.00000	0.00004	0.00000
38	0.99972	0.00000	0.00000	0.00000	0.00028	0.00000
39	0.00000	0.99997	0.00000	0.00000	0.00000	0.00003
40	0.00000	0.99999	0.00000	0.00000	0.00000	0.00001
41	0.00000	0.99988	0.00000	0.00000	0.00000	0.00012
42	0.00000	0.99953	0.00000	0.00000	0.00000	0.00047
43	0.98497	0.00000	0.00000	0.00000	0.01503	0.00000
44	0.00000	0.99996	0.00000	0.00000	0.00000	0.00004
45	1.00000	0.00000	0.00000	0.00000	0.00000	0.00000
46	0.00000	0.14700	0.00000	0.00010	0.00000	0.85290
47	0.00000	0.99340	0.00000	0.00000	0.00000	0.00660
48	0.99996	0.00000	0.00000	0.00000	0.00004	0.00000
49	0.99771	0.00000	0.00000	0.00000	0.00229	0.00000
50	0.00000	0.99579	0.00000	0.00002	0.00000	0.00419
51	0.00000	1.00000	0.00000	0.00000	0.00000	0.00000
52	0.00000	0.99996	0.00000	0.00000	0.00000	0.00004
53	0.84220	0.00000	0.00000	0.00069	0.15711	0.00000
54	0.00000	0.99998	0.00000	0.00000	0.00000	0.00002
55	0.00000	0.99981	0.00000	0.00000	0.00000	0.00019
56	0.98094	0.00000	0.00000	0.00024	0.01882	0.00000
57	0.00000	1.00000	0.00000	0.00000	0.00000	0.00000
58	0.00000	0.99991	0.00000	0.00000	0.00000	0.00009
59	0.00000	0.99909	0.00000	0.00000	0.00000	0.00091
60	0.00000	0.99979	0.00000	0.00000	0.00000	0.00021
61	0.00000	0.99999	0.00000	0.00000	0.00000	0.00001
62	0.00000	0.99879	0.00000	0.00000	0.00000	0.00121
63	0.00000	0.99999	0.00000	0.00000	0.00000	0.00001
64	0.00000	0.62934	0.00000	0.00003	0.00000	0.37063
65	0.00000	0.99935	0.00000	0.00000	0.00000	0.00065
66	0.99957	0.00000	0.00000	0.00000	0.00043	0.00000
67	0.00000	0.99300	0.00000	0.00000	0.00000	0.00700
68	0.00000	0.99999	0.00000	0.00000	0.00000	0.00001
69	0.00286	0.13435	0.04049	0.33402	0.02118	0.46711
70	0.00000	0.99949	0.00000	0.00000	0.00000	0.00051
71	0.00000	0.99993	0.00000	0.00000	0.00000	0.00007
72	0.00000	0.99992	0.00000	0.00000	0.00000	0.00008
73	0.00000	0.99906	0.00000	0.00000	0.00000	0.00094
74	0.00000	0.99997	0.00000	0.00000	0.00000	0.00003
75	0.00000	0.99991	0.00000	0.00000	0.00000	0.00009
76	0.00000	0.99999	0.00000	0.00000	0.00000	0.00001
77	0.99997	0.00000	0.00000	0.00000	0.00003	0.00000
78	0.99999	0.00000	0.00000	0.00000	0.00001	0.00000
79	0.99949	0.00000	0.00000	0.00000	0.00051	0.00000
80	0.00000	0.01798	0.00000	0.87972	0.00000	0.10230
81	0.00000	0.99889	0.00000	0.00000	0.00000	0.00111
82	0.18805	0.14594	0.16549	0.16714	0.17724	0.15614
83	0.99945	0.00000	0.00000	0.00000	0.00055	0.00000
84	0.00000	0.99994	0.00000	0.00000	0.00000	0.00006
85	0.99999	0.00000	0.00000	0.00000	0.00001	0.00000
86	0.99984	0.00000	0.00000	0.00000	0.00016	0.00000
87	0.00000	0.99998	0.00000	0.00000	0.00000	0.00002
88	0.99999	0.00000	0.00000	0.00000	0.00001	0.00000
89	0.00000	0.99983	0.00000	0.00000	0.00000	0.00017
90	0.00000	0.99997	0.00000	0.00000	0.00000	0.00003
91	0.99925	0.00000	0.00000	0.00000	0.00075	0.00000
92	0.00000	0.00000	0.00000	0.00449	0.00000	0.99550
93	0.00000	0.99976	0.00000	0.00000	0.00000	0.00024
94	0.99292	0.00000	0.00000	0.00005	0.00702	0.00000
95	0.00000	0.99996	0.00000	0.00000	0.00000	0.00004
96	0.00000	0.99957	0.00000	0.00000	0.00000	0.00043
97	0.99975	0.00000	0.00000	0.00000	0.00025	0.00000
98	0.00000	0.97326	0.00000	0.00016	0.00000	0.02658
99	0.00000	0.79950	0.00038	0.03437	0.00008	0.16567
100	0.00000	0.99976	0.00000	0.00000	0.00000	0.00024
101	0.00000	0.99940	0.00000	0.00000	0.00000	0.00060
102	0.00000	0.99995	0.00000	0.00000	0.00000	0.00005
103	0.00000	0.99997	0.00000	0.00000	0.00000	0.00003
104	0.00000	0.99889	0.00000	0.00000	0.00000	0.00111
105	0.00000	0.53805	0.00002	0.05588	0.00000	0.40605
106	0.00000	0.99999	0.00000	0.00000	0.00000	0.00001
107	0.00000	0.99993	0.00000	0.00000	0.00000	0.00007
108	0.99999	0.00000	0.00000	0.00000	0.00001	0.00000
109	0.00000	0.99957	0.00000	0.00000	0.00000	0.00043
110	0.00000	0.99999	0.00000	0.00000	0.00000	0.00001
111	0.00000	0.99977	0.00000	0.00000	0.00000	0.00023
112	0.66677	0.00000	0.00000	0.00001	0.33321	0.00000
113	0.99975	0.00000	0.00000	0.00000	0.00025	0.00000
114	0.00000	0.99999	0.00000	0.00000	0.00000	0.00001
115	0.00000	0.99994	0.00000	0.00000	0.00000	0.00006
116	0.00724	0.00000	0.00000	0.00083	0.99193	0.00000
117	0.00000	0.99967	0.00000	0.00000	0.00000	0.00033
118	0.99417	0.00000	0.00000	0.00000	0.00583	0.00000
119	0.99998	0.00000	0.00000	0.00000	0.00002	0.00000
120	0.00000	0.99988	0.00000	0.00000	0.00000	0.00012
121	0.00000	0.99990	0.00000	0.00000	0.00000	0.00010
122	0.00000	0.99980	0.00000	0.00000	0.00000	0.00020
123	0.59947	0.00001	0.00161	0.12479	0.27340	0.00073
124	0.00000	0.99926	0.00000	0.00000	0.00000	0.00074
125	0.00000	0.99973	0.00000	0.00000	0.00000	0.00027
126	0.00000	1.00000	0.00000	0.00000	0.00000	0.00000
127	0.00000	0.99997	0.00000	0.00000	0.00000	0.00003
128	0.00000	0.99989	0.00000	0.00000	0.00000	0.00011
129	0.00000	0.95443	0.00000	0.00174	0.00000	0.04383
130	0.00000	0.99999	0.00000	0.00000	0.00000	0.00001
131	0.99640	0.00000	0.00000	0.00000	0.00360	0.00000
132	0.00000	0.99969	0.00000	0.00000	0.00000	0.00031
133	0.00000	0.99990	0.00000	0.00000	0.00000	0.00010
134	0.00000	0.99995	0.00000	0.00000	0.00000	0.00005
135	0.00000	0.99999	0.00000	0.00000	0.00000	0.00001
136	0.00000	0.99998	0.00000	0.00000	0.00000	0.00002
137	0.00000	0.99785	0.00000	0.00000	0.00000	0.00215
138	0.99969	0.00000	0.00000	0.00000	0.00031	0.00000
139	0.99827	0.00000	0.00000	0.00000	0.00173	0.00000
140	0.99992	0.00000	0.00000	0.00000	0.00008	0.00000
141	0.23459	0.00000	0.00006	0.44105	0.32424	0.00006
142	0.87841	0.00000	0.00000	0.00001	0.12159	0.00000
143	0.00000	0.99994	0.00000	0.00000	0.00000	0.00006
144	0.99999	0.00000	0.00000	0.00000	0.00001	0.00000
145	0.99989	0.00000	0.00000	0.00000	0.00011	0.00000
146	0.99934	0.00000	0.00000	0.00000	0.00066	0.00000
147	0.99980	0.00000	0.00000	0.00000	0.00020	0.00000
148	0.99998	0.00000	0.00000	0.00000	0.00002	0.00000
149	0.99602	0.00000	0.00000	0.00001	0.00397	0.00000
150	0.99950	0.00000	0.00000	0.00000	0.00050	0.00000
151	0.00000	0.99471	0.00000	0.00002	0.00000	0.00527
152	0.25935	0.09637	0.15634	0.16047	0.20350	0.12397
153	0.00000	0.99959	0.00000	0.00000	0.00000	0.00041
154	0.00000	0.99812	0.00000	0.00000	0.00000	0.00188
155	0.00000	0.99890	0.00000	0.00000	0.00000	0.00110
156	0.00000	0.99985	0.00000	0.00000	0.00000	0.00015
157	0.00000	0.99806	0.00000	0.00000	0.00000	0.00194
158	0.00000	0.99749	0.00000	0.00000	0.00000	0.00251
159	0.00000	0.99985	0.00000	0.00000	0.00000	0.00015
160	0.00000	0.99984	0.00000	0.00000	0.00000	0.00016
161	0.00000	0.99875	0.00000	0.00000	0.00000	0.00125
162	0.98442	0.00000	0.00000	0.00000	0.01558	0.00000
163	0.00000	0.99984	0.00000	0.00000	0.00000	0.00016
164	0.00000	0.99858	0.00000	0.00000	0.00000	0.00142
165	0.00000	0.97969	0.00000	0.00041	0.00000	0.01989
166	0.99854	0.00000	0.00000	0.00000	0.00146	0.00000
167	0.99970	0.00000	0.00000	0.00000	0.00030	0.00000
168	0.99960	0.00000	0.00000	0.00000	0.00040	0.00000
169	0.00000	0.99998	0.00000	0.00000	0.00000	0.00002
170	0.00000	0.99917	0.00000	0.00000	0.00000	0.00083
171	0.00000	0.99994	0.00000	0.00000	0.00000	0.00006
172	0.00000	0.99989	0.00000	0.00000	0.00000	0.00011
173	0.99598	0.00000	0.00000	0.00000	0.00402	0.00000
174	0.00000	0.99874	0.00000	0.00000	0.00000	0.00126
175	0.00000	0.99999	0.00000	0.00000	0.00000	0.00001
176	0.00000	0.99997	0.00000	0.00000	0.00000	0.00003
177	0.00000	0.99143	0.00000	0.00000	0.00000	0.00857
178	0.99999	0.00000	0.00000	0.00000	0.00001	0.00000
179	0.99994	0.00000	0.00000	0.00000	0.00006	0.00000
180	0.00000	0.99998	0.00000	0.00000	0.00000	0.00002
181	0.00000	0.99999	0.00000	0.00000	0.00000	0.00001
182	0.99769	0.00000	0.00000	0.00000	0.00231	0.00000
183	0.00000	0.99979	0.00000	0.00000	0.00000	0.00021
184	0.00000	0.99993	0.00000	0.00000	0.00000	0.00007
185	0.00000	0.99992	0.00000	0.00000	0.00000	0.00008
186	0.99815	0.00000	0.00000	0.00000	0.00184	0.00000
187	0.00000	0.99964	0.00000	0.00000	0.00000	0.00036
188	0.00000	0.99998	0.00000	0.00000	0.00000	0.00002
189	0.00000	0.99999	0.00000	0.00000	0.00000	0.00001
190	0.00000	0.99789	0.00000	0.00000	0.00000	0.00211
191	0.99977	0.00000	0.00000	0.00000	0.00023	0.00000
192	0.99960	0.00000	0.00000	0.00000	0.00040	0.00000
193	0.97681	0.00000	0.00000	0.00001	0.02318	0.00000
194	0.00000	0.99928	0.00000	0.00000	0.00000	0.00072
195	0.00000	0.99982	0.00000	0.00000	0.00000	0.00018
196	0.00000	0.99985	0.00000	0.00000	0.00000	0.00015
197	0.00000	0.99944	0.00000	0.00000	0.00000	0.00056
198	0.00000	0.99968	0.00000	0.00000	0.00000	0.00032
199	0.00000	0.99994	0.00000	0.00000	0.00000	0.00006
200	0.00000	0.00000	0.99921	0.00020	0.00000	0.00059
201	0.00000	0.99948	0.00000	0.00000	0.00000	0.00052
202	0.00000	0.99999	0.00000	0.00000	0.00000	0.00001
203	0.00000	0.86470	0.00018	0.01650	0.00003	0.11859
204	0.00000	0.99988	0.00000	0.00000	0.00000	0.00012
205	0.00000	0.99850	0.00000	0.00000	0.00000	0.00150
206	0.00000	0.99998	0.00000	0.00000	0.00000	0.00002
207	0.00000	0.99999	0.00000	0.00000	0.00000	0.00001
208	0.00000	0.99945	0.00000	0.00000	0.00000	0.00055
209	0.00000	1.00000	0.00000	0.00000	0.00000	0.00000
210	0.00000	0.99994	0.00000	0.00000	0.00000	0.00006
211	0.00000	0.05105	0.00000	0.00020	0.00000	0.94875
212	0.00000	0.97968	0.00000	0.00000	0.00000	0.02032
213	0.99973	0.00000	0.00000	0.00000	0.00027	0.00000
214	0.93874	0.00000	0.00000	0.00004	0.06123	0.00000
215	0.00000	0.99620	0.00000	0.00000	0.00000	0.00380
216	0.00000	0.99999	0.00000	0.00000	0.00000	0.00001
217	0.00000	0.99994	0.00000	0.00000	0.00000	0.00006
218	0.00000	0.99999	0.00000	0.00000	0.00000	0.00001
219	0.00000	0.99998	0.00000	0.00000	0.00000	0.00002
220	0.00560	0.52629	0.05337	0.12845	0.02651	0.25978
221	0.00000	0.99984	0.00000	0.00000	0.00000	0.00016
222	0.00000	0.99984	0.00000	0.00000	0.00000	0.00016
223	0.00000	0.99749	0.00000	0.00000	0.00000	0.00250
224	0.00000	0.99999	0.00000	0.00000	0.00000	0.00001
225	0.00000	0.99998	0.00000	0.00000	0.00000	0.00002
226	0.99902	0.00000	0.00000	0.00000	0.00098	0.00000
227	0.00000	0.99999	0.00000	0.00000	0.00000	0.00001
228	0.00000	0.99877	0.00000	0.00000	0.00000	0.00123
229	0.34381	0.00007	0.15018	0.16765	0.29407	0.04421
230	0.00000	0.99988	0.00000	0.00000	0.00000	0.00012
231	0.00000	1.00000	0.00000	0.00000	0.00000	0.00000
232	0.00000	0.98324	0.00000	0.00032	0.00000	0.01644
233	0.99986	0.00000	0.00000	0.00000	0.00014	0.00000
234	0.00000	0.99899	0.00000	0.00000	0.00000	0.00101
235	0.00000	0.99952	0.00000	0.00000	0.00000	0.00048
236	0.00000	0.99991	0.00000	0.00000	0.00000	0.00009
237	0.00000	0.99999	0.00000	0.00000	0.00000	0.00001
238	0.00000	0.99998	0.00000	0.00000	0.00000	0.00002
239	0.99994	0.00000	0.00000	0.00000	0.00006	0.00000
240	0.99999	0.00000	0.00000	0.00000	0.00001	0.00000
241	0.99990	0.00000	0.00000	0.00000	0.00010	0.00000
242	0.99999	0.00000	0.00000	0.00000	0.00001	0.00000
243	0.00000	0.99997	0.00000	0.00000	0.00000	0.00003
244	0.99995	0.00000	0.00000	0.00000	0.00005	0.00000
245	0.99993	0.00000	0.00000	0.00000	0.00007	0.00000
246	0.00000	0.96798	0.00000	0.00025	0.00000	0.03178
247	0.00000	0.99998	0.00000	0.00000	0.00000	0.00002
248	0.00000	0.99992	0.00000	0.00000	0.00000	0.00008
249	0.00000	0.99998	0.00000	0.00000	0.00000	0.00002
250	0.00000	0.99993	0.00000	0.00000	0.00000	0.00007
251	0.00000	0.99996	0.00000	0.00000	0.00000	0.00004
252	0.00000	1.00000	0.00000	0.00000	0.00000	0.00000
253	0.00000	0.99994	0.00000	0.00000	0.00000	0.00006
254	0.00000	0.99891	0.00000	0.00000	0.00000	0.00109
255	0.00000	0.99999	0.00000	0.00000	0.00000	0.00001
256	0.00000	0.99983	0.00000	0.00000	0.00000	0.00017
257	0.00000	0.99998	0.00000	0.00000	0.00000	0.00002
258	0.00000	0.99781	0.00000	0.00000	0.00000	0.00219
259	0.00000	0.99994	0.00000	0.00000	0.00000	0.00006
260	0.00000	0.86573	0.00000	0.00393	0.00000	0.13035
261	0.00000	0.99997	0.00000	0.00000	0.00000	0.00003
262	0.00000	0.99996	0.00000	0.00000	0.00000	0.00004
263	0.00000	0.99997	0.00000	0.00000	0.00000	0.00003
264	0.00000	0.99848	0.00000	0.00000	0.00000	0.00152
265	0.00000	0.00001	0.00000	0.99588	0.00104	0.00306
266	0.00000	0.99997	0.00000	0.00000	0.00000	0.00003
267	0.00000	0.99816	0.00000	0.00000	0.00000	0.00184
268	0.00000	1.00000	0.00000	0.00000	0.00000	0.00000
269	0.00000	0.99941	0.00000	0.00000	0.00000	0.00059
270	0.00000	0.99997	0.00000	0.00000	0.00000	0.00003
271	0.00000	0.99998	0.00000	0.00000	0.00000	0.00002
272	0.00000	0.99926	0.00000	0.00000	0.00000	0.00074
273	0.00000	0.99735	0.00000	0.00000	0.00000	0.00265
274	0.00000	0.99999	0.00000	0.00000	0.00000	0.00001
275	0.00000	0.99992	0.00000	0.00000	0.00000	0.00008
276	0.00000	0.99996	0.00000	0.00000	0.00000	0.00004
277	0.00000	0.99998	0.00000	0.00000	0.00000	0.00002
278	0.00000	0.99997	0.00000	0.00000	0.00000	0.00003
279	0.00000	1.00000	0.00000	0.00000	0.00000	0.00000
280	0.00000	0.99999	0.00000	0.00000	0.00000	0.00001
281	0.00000	0.99963	0.00000	0.00000	0.00000	0.00037
282	0.00000	0.99978	0.00000	0.00000	0.00000	0.00022
283	1.00000	0.00000	0.00000	0.00000	0.00000	0.00000
284	0.00000	0.96647	0.00000	0.00175	0.00000	0.03178
285	0.00000	0.99994	0.00000	0.00000	0.00000	0.00006
286	0.00000	0.99994	0.00000	0.00000	0.00000	0.00006
287	0.00000	0.99999	0.00000	0.00000	0.00000	0.00001
288	0.00000	0.99987	0.00000	0.00000	0.00000	0.00013
289	0.00000	0.99947	0.00000	0.00000	0.00000	0.00053
290	0.00000	0.99984	0.00000	0.00000	0.00000	0.00016
291	0.00000	0.99993	0.00000	0.00000	0.00000	0.00007
292	0.00000	0.08738	0.00000	0.00153	0.00000	0.91109
293	0.00000	0.99970	0.00000	0.00000	0.00000	0.00030
294	0.00000	0.99961	0.00000	0.00000	0.00000	0.00039
295	0.00000	1.00000	0.00000	0.00000	0.00000	0.00000
296	0.99967	0.00000	0.00000	0.00000	0.00033	0.00000
297	0.00000	0.99987	0.00000	0.00000	0.00000	0.00013
298	0.00000	0.73744	0.00003	0.04740	0.00000	0.21513
299	0.99994	0.00000	0.00000	0.00000	0.00006	0.00000
300	0.00000	0.97385	0.00000	0.00001	0.00000	0.02614
301	0.00000	0.99997	0.00000	0.00000	0.00000	0.00003
302	0.00000	0.99972	0.00000	0.00000	0.00000	0.00028
303	0.00000	0.99983	0.00000	0.00000	0.00000	0.00017
304	0.00000	0.99970	0.00000	0.00000	0.00000	0.00030
305	0.00000	0.99989	0.00000	0.00000	0.00000	0.00011
306	0.00000	0.99943	0.00000	0.00000	0.00000	0.00057
307	0.00000	0.99997	0.00000	0.00000	0.00000	0.00003
308	0.00000	0.99992	0.00000	0.00000	0.00000	0.00008
309	0.00000	0.99989	0.00000	0.00000	0.00000	0.00011
310	0.00000	0.99996	0.00000	0.00000	0.00000	0.00004
311	0.00975	0.45568	0.06549	0.16016	0.03904	0.26988
312	0.00000	0.99994	0.00000	0.00000	0.00000	0.00006
313	0.00000	0.99967	0.00000	0.00000	0.00000	0.00033
314	0.00000	0.99999	0.00000	0.00000	0.00000	0.00001
315	0.00000	0.99877	0.00000	0.00000	0.00000	0.00123
316	0.00000	0.99904	0.00000	0.00000	0.00000	0.00096
317	0.00000	0.99912	0.00000	0.00000	0.00000	0.00088
318	0.00000	0.99997	0.00000	0.00000	0.00000	0.00003
319	0.00000	0.99913	0.00000	0.00000	0.00000	0.00087
320	0.00000	1.00000	0.00000	0.00000	0.00000	0.00000
321	0.00000	0.99960	0.00000	0.00000	0.00000	0.00040
322	0.00000	0.99980	0.00000	0.00000	0.00000	0.00020
323	0.00000	0.94886	0.00000	0.00006	0.00000	0.05108
324	0.00000	0.99995	0.00000	0.00000	0.00000	0.00005
325	0.00000	0.98731	0.00000	0.00000	0.00000	0.01269
326	0.00000	0.99781	0.00000	0.00000	0.00000	0.00219
327	0.00000	0.99714	0.00000	0.00000	0.00000	0.00286
328	0.00000	0.99998	0.00000	0.00000	0.00000	0.00002
329	0.00000	0.99982	0.00000	0.00000	0.00000	0.00018
330	0.00000	0.91807	0.00000	0.00628	0.00000	0.07565
331	0.00000	0.99999	0.00000	0.00000	0.00000	0.00001
332	0.00000	1.00000	0.00000	0.00000	0.00000	0.00000
333	0.00000	0.99911	0.00000	0.00000	0.00000	0.00089
334	0.00000	0.99997	0.00000	0.00000	0.00000	0.00003
335	0.00000	0.93445	0.00000	0.00001	0.00000	0.06554
336	0.00001	0.62542	0.00156	0.11008	0.00066	0.26227
337	0.00000	0.99993	0.00000	0.00000	0.00000	0.00007
338	0.00000	0.99931	0.00000	0.00000	0.00000	0.00069
339	0.00000	0.99999	0.00000	0.00000	0.00000	0.00001
340	0.00000	0.00000	0.99949	0.00006	0.00000	0.00045
341	0.00000	0.99998	0.00000	0.00000	0.00000	0.00002
342	0.00000	0.99986	0.00000	0.00000	0.00000	0.00014
343	0.00000	0.02113	0.00000	0.00012	0.00000	0.97874
344	0.00000	0.99981	0.00000	0.00000	0.00000	0.00019
345	0.00000	1.00000	0.00000	0.00000	0.00000	0.00000
346	0.00000	0.93513	0.00000	0.00297	0.00000	0.06189
347	0.00000	0.00040	0.00000	0.01743	0.00000	0.98217
348	0.00000	0.98867	0.00000	0.00001	0.00000	0.01132
349	0.00000	0.99976	0.00000	0.00000	0.00000	0.00024
350	0.00000	0.99984	0.00000	0.00000	0.00000	0.00016
351	0.00000	0.99775	0.00000	0.00000	0.00000	0.00225
352	0.00000	0.99999	0.00000	0.00000	0.00000	0.00001
353	0.00000	0.99945	0.00000	0.00000	0.00000	0.00055
354	0.00003	0.68744	0.00444	0.07689	0.00150	0.22970
355	0.99993	0.00000	0.00000	0.00000	0.00007	0.00000
356	0.00000	0.99999	0.00000	0.00000	0.00000	0.00001
357	0.00000	0.99758	0.00000	0.00000	0.00000	0.00242
358	0.43829	0.01365	0.07705	0.15981	0.26461	0.04658
359	0.00000	1.00000	0.00000	0.00000	0.00000	0.00000
360	0.00000	0.99935	0.00000	0.00000	0.00000	0.00065
361	0.99907	0.00000	0.00000	0.00000	0.00093	0.00000
362	0.99998	0.00000	0.00000	0.00000	0.00002	0.00000
363	0.00000	0.99968	0.00000	0.00000	0.00000	0.00032
364	0.00000	0.99957	0.00000	0.00000	0.00000	0.00043
365	0.00000	0.98953	0.00000	0.00000	0.00000	0.01047
366	0.00000	0.99991	0.00000	0.00000	0.00000	0.00009
367	0.00000	0.99981	0.00000	0.00000	0.00000	0.00019
368	0.99432	0.00000	0.00000	0.00000	0.00568	0.00000
369	0.00000	0.99952	0.00000	0.00000	0.00000	0.00048
370	0.00000	0.99991	0.00000	0.00000	0.00000	0.00009
371	0.00000	0.99995	0.00000	0.00000	0.00000	0.00005
372	0.00000	0.99960	0.00000	0.00000	0.00000	0.00040
373	0.00000	0.97747	0.00000	0.00038	0.00000	0.02215
374	0.99999	0.00000	0.00000	0.00000	0.00001	0.00000
375	0.00000	0.99518	0.00000	0.00000	0.00000	0.00482
376	0.00348	0.61843	0.02615	0.09691	0.01215	0.24289
377	0.99956	0.00000	0.00000	0.00000	0.00044	0.00000
378	0.98138	0.00000	0.00000	0.00025	0.01838	0.00000
379	0.00000	0.99953	0.00000	0.00000	0.00000	0.00047
380	0.00000	0.99998	0.00000	0.00000	0.00000	0.00002
381	0.00000	0.99919	0.00000	0.00000	0.00000	0.00081
382	0.99973	0.00000	0.00000	0.00000	0.00027	0.00000
383	0.00000	0.99959	0.00000	0.00000	0.00000	0.00041
384	0.00000	0.99993	0.00000	0.00000	0.00000	0.00007
385	0.00000	0.99981	0.00000	0.00000	0.00000	0.00019
386	0.00000	1.00000	0.00000	0.00000	0.00000	0.00000
387	0.98742	0.00000	0.00000	0.00018	0.01240	0.00000
388	0.00000	0.99996	0.00000	0.00000	0.00000	0.00004
389	0.00000	0.99992	0.00000	0.00000	0.00000	0.00008
390	0.00000	0.99987	0.00000	0.00000	0.00000	0.00013
391	0.00000	0.94269	0.00000	0.00313	0.00000	0.05418
392	0.00000	0.99946	0.00000	0.00000	0.00000	0.00054
393	0.00000	0.99901	0.00000	0.00000	0.00000	0.00099
394	0.00000	0.99997	0.00000	0.00000	0.00000	0.00003
395	0.00000	0.99989	0.00000	0.00000	0.00000	0.00011
396	0.00000	0.99804	0.00000	0.00000	0.00000	0.00196
397	0.00000	0.99999	0.00000	0.00000	0.00000	0.00001
398	0.00092	0.07780	0.02672	0.45883	0.02083	0.41490
399	0.00000	0.99991	0.00000	0.00000	0.00000	0.00009
400	0.00000	0.99994	0.00000	0.00000	0.00000	0.00006
401	0.00001	0.66566	0.00126	0.08914	0.00047	0.24347
402	0.00000	0.99983	0.00000	0.00000	0.00000	0.00017
403	0.00000	0.99970	0.00000	0.00000	0.00000	0.00030
404	0.00000	0.99962	0.00000	0.00000	0.00000	0.00038
405	0.00000	0.99996	0.00000	0.00000	0.00000	0.00004
406	0.00000	0.99936	0.00000	0.00000	0.00000	0.00064
407	0.00000	0.99998	0.00000	0.00000	0.00000	0.00002
408	0.00000	0.99987	0.00000	0.00000	0.00000	0.00013
409	0.00000	0.99998	0.00000	0.00000	0.00000	0.00002
410	0.00000	1.00000	0.00000	0.00000	0.00000	0.00000
411	1.00000	0.00000	0.00000	0.00000	0.00000	0.00000
412	0.00000	0.99999	0.00000	0.00000	0.00000	0.00001
413	0.00000	0.99973	0.00000	0.00000	0.00000	0.00027
414	0.00000	0.99958	0.00000	0.00000	0.00000	0.00042
415	0.00000	0.95263	0.00000	0.00218	0.00000	0.04519
416	0.00000	0.98694	0.00000	0.00004	0.00000	0.01302
417	0.00000	0.99994	0.00000	0.00000	0.00000	0.00006
418	0.00000	0.99928	0.00000	0.00000	0.00000	0.00072
419	0.00000	0.99999	0.00000	0.00000	0.00000	0.00001
420	0.00000	0.99998	0.00000	0.00000	0.00000	0.00002
421	0.00000	0.99995	0.00000	0.00000	0.00000	0.00005
422	0.00000	0.97836	0.00000	0.00037	0.00000	0.02127
423	0.00000	0.98524	0.00000	0.00017	0.00000	0.01458
424	0.00000	0.99999	0.00000	0.00000	0.00000	0.00001
425	0.00000	0.99998	0.00000	0.00000	0.00000	0.00002
426	0.00000	1.00000	0.00000	0.00000	0.00000	0.00000
427	0.00000	0.99997	0.00000	0.00000	0.00000	0.00003
428	0.00000	0.99998	0.00000	0.00000	0.00000	0.00002
429	0.00000	0.99998	0.00000	0.00000	0.00000	0.00002
430	0.00000	0.99984	0.00000	0.00000	0.00000	0.00016
431	0.00000	0.99998	0.00000	0.00000	0.00000	0.00002
432	0.00000	0.99988	0.00000	0.00000	0.00000	0.00012
433	0.00000	0.99993	0.00000	0.00000	0.00000	0.00007
434	0.00000	0.99975	0.00000	0.00000	0.00000	0.00025
435	0.00000	0.99997	0.00000	0.00000	0.00000	0.00003
436	0.99995	0.00000	0.00000	0.00000	0.00005	0.00000
437	0.00000	0.99996	0.00000	0.00000	0.00000	0.00004
438	0.00000	0.99977	0.00000	0.00000	0.00000	0.00023
439	0.00000	0.99998	0.00000	0.00000	0.00000	0.00002
440	0.00000	0.99935	0.00000	0.00000	0.00000	0.00065
441	0.00000	0.99987	0.00000	0.00000	0.00000	0.00013
442	0.00000	0.99978	0.00000	0.00000	0.00000	0.00022
443	0.00000	0.99983	0.00000	0.00000	0.00000	0.00017
444	0.00000	0.99883	0.00000	0.00000	0.00000	0.00117
445	0.00000	0.99839	0.00000	0.00000	0.00000	0.00161
446	0.00000	0.99991	0.00000	0.00000	0.00000	0.00009
447	0.00000	0.99997	0.00000	0.00000	0.00000	0.00003
448	0.00000	0.99995	0.00000	0.00000	0.00000	0.00005
449	0.00000	0.99997	0.00000	0.00000	0.00000	0.00003
450	0.00000	0.99970	0.00000	0.00000	0.00000	0.00030
451	0.00000	0.99998	0.00000	0.00000	0.00000	0.00002
452	0.01740	0.08378	0.13538	0.31923	0.08422	0.35999
453	0.00000	0.99990	0.00000	0.00000	0.00000	0.00010
454	0.00000	0.99998	0.00000	0.00000	0.00000	0.00002
455	0.00000	0.99432	0.00000	0.00003	0.00000	0.00565
456	0.00000	0.99994	0.00000	0.00000	0.00000	0.00006
457	0.00000	0.99908	0.00000	0.00000	0.00000	0.00092
458	0.00000	0.99999	0.00000	0.00000	0.00000	0.00001
459	0.00000	0.99999	0.00000	0.00000	0.00000	0.00001
460	0.99988	0.00000	0.00000	0.00000	0.00012	0.00000
461	0.00000	0.99738	0.00000	0.00000	0.00000	0.00262
462	0.00000	0.99997	0.00000	0.00000	0.00000	0.00003
463	0.00156	0.46685	0.02535	0.19161	0.01644	0.29818
464	0.99999	0.00000	0.00000	0.00000	0.00001	0.00000
465	0.00000	0.99993	0.00000	0.00000	0.00000	0.00007
466	0.00000	0.99998	0.00000	0.00000	0.00000	0.00002
467	0.00000	0.96605	0.00000	0.00106	0.00000	0.03289
468	0.00000	0.99989	0.00000	0.00000	0.00000	0.00011
469	0.00000	0.99995	0.00000	0.00000	0.00000	0.00005
470	0.00000	0.96844	0.00000	0.00074	0.00000	0.03083
471	0.00000	0.99910	0.00000	0.00000	0.00000	0.00090
472	0.00000	0.99999	0.00000	0.00000	0.00000	0.00001
473	0.00000	0.99953	0.00000	0.00000	0.00000	0.00047
474	0.00022	0.53150	0.00617	0.16373	0.00349	0.29490
475	0.00000	0.99998	0.00000	0.00000	0.00000	0.00002
476	0.00000	1.00000	0.00000	0.00000	0.00000	0.00000
477	0.00000	0.99932	0.00000	0.00000	0.00000	0.00068
478	0.00000	0.99995	0.00000	0.00000	0.00000	0.00005
479	0.00000	0.99292	0.00000	0.00005	0.00000	0.00703
480	0.00000	0.99997	0.00000	0.00000	0.00000	0.00003
481	0.00000	0.99998	0.00000	0.00000	0.00000	0.00002
482	0.00000	0.99991	0.00000	0.00000	0.00000	0.00009
483	0.00000	0.99990	0.00000	0.00000	0.00000	0.00010
484	0.00000	0.99990	0.00000	0.00000	0.00000	0.00010
485	0.00000	0.99995	0.00000	0.00000	0.00000	0.00005
486	0.00000	0.99998	0.00000	0.00000	0.00000	0.00002
487	0.00000	0.99999	0.00000	0.00000	0.00000	0.00001
488	0.00000	0.99997	0.00000	0.00000	0.00000	0.00003
489	0.00000	0.99995	0.00000	0.00000	0.00000	0.00005
490	0.00000	0.99941	0.00000	0.00000	0.00000	0.00059
491	0.00000	0.99997	0.00000	0.00000	0.00000	0.00003
492	0.00000	0.99919	0.00000	0.00000	0.00000	0.00081
493	0.00000	0.99848	0.00000	0.00000	0.00000	0.00152
494	0.00000	0.87168	0.00005	0.01619	0.00001	0.11207
495	0.00000	0.99940	0.00000	0.00000	0.00000	0.00060
496	0.00000	0.99983	0.00000	0.00000	0.00000	0.00017
497	0.00000	0.99999	0.00000	0.00000	0.00000	0.00001
498	0.00000	0.99937	0.00000	0.00000	0.00000	0.00063
499	0.00000	0.99998	0.00000	0.00000	0.00000	0.00002
500	0.00000	0.87973	0.00004	0.01314	0.00001	0.10708
501	0.00000	0.99997	0.00000	0.00000	0.00000	0.00003
502	0.00000	0.77693	0.00004	0.04255	0.00001	0.18047
503	0.00000	0.99738	0.00000	0.00000	0.00000	0.00262
504	0.00000	0.99971	0.00000	0.00000	0.00000	0.00029
505	0.00000	0.99961	0.00000	0.00000	0.00000	0.00039
506	0.99964	0.00000	0.00000	0.00000	0.00036	0.00000
507	1.00000	0.00000	0.00000	0.00000	0.00000	0.00000
508	0.00000	0.99681	0.00000	0.00001	0.00000	0.00319
509	0.00000	0.99986	0.00000	0.00000	0.00000	0.00014
510	0.00000	0.99993	0.00000	0.00000	0.00000	0.00007
511	0.00000	0.99982	0.00000	0.00000	0.00000	0.00018
512	0.00000	0.99998	0.00000	0.00000	0.00000	0.00002
513	0.99934	0.00000	0.00000	0.00000	0.00066	0.00000
514	0.00000	1.00000	0.00000	0.00000	0.00000	0.00000
515	0.99998	0.00000	0.00000	0.00000	0.00002	0.00000
516	0.00000	0.99651	0.00000	0.00001	0.00000	0.00347
517	0.00000	0.99997	0.00000	0.00000	0.00000	0.00003
518	0.99979	0.00000	0.00000	0.00000	0.00021	0.00000
519	0.00000	0.99492	0.00000	0.00000	0.00000	0.00508
520	0.00000	0.99992	0.00000	0.00000	0.00000	0.00008
521	0.00000	0.99998	0.00000	0.00000	0.00000	0.00002
522	0.00000	0.99931	0.00000	0.00000	0.00000	0.00069
523	0.00000	1.00000	0.00000	0.00000	0.00000	0.00000
524	0.00000	0.99997	0.00000	0.00000	0.00000	0.00003
525	0.00000	0.99975	0.00000	0.00000	0.00000	0.00025
526	0.00000	0.99960	0.00000	0.00000	0.00000	0.00040
527	0.00000	0.99998	0.00000	0.00000	0.00000	0.00002
528	0.00000	0.94225	0.00000	0.00343	0.00000	0.05433
529	0.00193	0.58703	0.01924	0.11890	0.00953	0.26337
530	0.00000	0.99954	0.00000	0.00000	0.00000	0.00046
531	0.00000	0.99987	0.00000	0.00000	0.00000	0.00013
532	0.00000	1.00000	0.00000	0.00000	0.00000	0.00000
533	0.99995	0.00000	0.00000	0.00000	0.00005	0.00000
534	0.00000	0.99998	0.00000	0.00000	0.00000	0.00002
535	0.00000	0.99970	0.00000	0.00000	0.00000	0.00030
536	0.00000	0.99988	0.00000	0.00000	0.00000	0.00012
537	0.99950	0.00000	0.00000	0.00000	0.00050	0.00000
538	0.00000	0.96008	0.00000	0.00157	0.00000	0.03835
539	0.00000	0.99953	0.00000	0.00000	0.00000	0.00047
540	0.85022	0.00000	0.00000	0.01456	0.13522	0.00000
541	1.00000	0.00000	0.00000	0.00000	0.00000	0.00000
542	0.99999	0.00000	0.00000	0.00000	0.00001	0.00000
543	0.00000	0.99883	0.00000	0.00000	0.00000	0.00117
544	0.00000	0.99982	0.00000	0.00000	0.00000	0.00018
545	0.00000	0.98676	0.00000	0.00000	0.00000	0.01324
546	0.00000	0.99967	0.00000	0.00000	0.00000	0.00033
547	0.00000	0.99996	0.00000	0.00000	0.00000	0.00004
548	0.68520	0.00000	0.00000	0.00617	0.30862	0.00000
549	0.00000	0.74443	0.00000	0.00000	0.00000	0.25556
550	0.00000	0.99964	0.00000	0.00000	0.00000	0.00036
551	0.99999	0.00000	0.00000	0.00000	0.00001	0.00000
552	0.00000	0.99991	0.00000	0.00000	0.00000	0.00009
553	0.00000	0.99999	0.00000	0.00000	0.00000	0.00001
554	0.00000	0.99999	0.00000	0.00000	0.00000	0.00001
555	0.00000	0.99955	0.00000	0.00000	0.00000	0.00045
556	0.00000	0.00000	0.99867	0.00106	0.00025	0.00003
557	0.00000	0.99961	0.00000	0.00000	0.00000	0.00039
558	0.00000	0.99994	0.00000	0.00000	0.00000	0.00006
559	0.99999	0.00000	0.00000	0.00000	0.00001	0.00000
560	1.00000	0.00000	0.00000	0.00000	0.00000	0.00000
561	0.99025	0.00000	0.00000	0.00000	0.00975	0.00000
562	0.99977	0.00000	0.00000	0.00000	0.00023	0.00000
563	0.00000	0.99995	0.00000	0.00000	0.00000	0.00005
564	0.00000	0.99998	0.00000	0.00000	0.00000	0.00002
565	0.99999	0.00000	0.00000	0.00000	0.00001	0.00000
566	0.00000	0.99996	0.00000	0.00000	0.00000	0.00004
567	0.43048	0.00002	0.00255	0.24236	0.32267	0.00192
568	0.99953	0.00000	0.00000	0.00000	0.00047	0.00000
569	0.00000	0.99999	0.00000	0.00000	0.00000	0.00001
570	0.00000	0.99998	0.00000	0.00000	0.00000	0.00002
571	0.00000	0.99984	0.00000	0.00000	0.00000	0.00016
572	0.00000	0.99948	0.00000	0.00000	0.00000	0.00052
573	0.00000	0.99098	0.00000	0.00000	0.00000	0.00902
574	0.00000	0.99820	0.00000	0.00000	0.00000	0.00180
575	0.00000	0.00000	0.00107	0.00884	0.99009	0.00000
576	0.00000	0.97731	0.00000	0.00000	0.00000	0.02268
577	1.00000	0.00000	0.00000	0.00000	0.00000	0.00000
578	0.00000	0.99999	0.00000	0.00000	0.00000	0.00001
579	0.00000	0.76051	0.00000	0.00003	0.00000	0.23945
580	0.00000	0.83735	0.00001	0.02329	0.00000	0.13935
581	0.00000	0.99944	0.00000	0.00000	0.00000	0.00056
582	0.00000	0.99948	0.00000	0.00000	0.00000	0.00052
583	0.00000	0.96376	0.00000	0.00115	0.00000	0.03509
584	0.00000	0.99902	0.00000	0.00000	0.00000	0.00098
585	0.00000	0.99010	0.00000	0.00000	0.00000	0.00990
586	0.00000	0.99990	0.00000	0.00000	0.00000	0.00010
587	0.00000	0.99976	0.00000	0.00000	0.00000	0.00024
588	0.00000	0.99999	0.00000	0.00000	0.00000	0.00001
589	0.00000	1.00000	0.00000	0.00000	0.00000	0.00000
590	0.00000	0.99998	0.00000	0.00000	0.00000	0.00002
591	0.00000	0.79475	0.00003	0.03514	0.00001	0.17007
592	0.00000	0.98943	0.00000	0.00011	0.00000	0.01046
593	0.00000	0.99998	0.00000	0.00000	0.00000	0.00002
594	0.00000	0.99984	0.00000	0.00000	0.00000	0.00016
595	0.00000	1.00000	0.00000	0.00000	0.00000	0.00000
596	0.00000	0.00005	0.00000	0.84479	0.00000	0.15515
597	0.00000	0.99987	0.00000	0.00000	0.00000	0.00013
598	0.00000	0.95578	0.00000	0.00188	0.00000	0.04233
599	0.00000	0.96982	0.00000	0.00096	0.00000	0.02923
600	0.00000	0.99998	0.00000	0.00000	0.00000	0.00002
601	0.00007	0.10961	0.01714	0.19440	0.00369	0.67509
602	0.99987	0.00000	0.00000	0.00000	0.00013	0.00000
603	0.95001	0.00000	0.00000	0.00186	0.04812	0.00000
604	0.00000	0.99930	0.00000	0.00000	0.00000	0.00070
605	0.00000	0.96868	0.00000	0.00064	0.00000	0.03067
606	0.00000	0.99975	0.00000	0.00000	0.00000	0.00025
607	0.00000	0.99998	0.00000	0.00000	0.00000	0.00002
608	0.00000	0.99984	0.00000	0.00000	0.00000	0.00016
609	0.00000	0.99609	0.00000	0.00001	0.00000	0.00391
610	0.98700	0.00000	0.00000	0.00000	0.01299	0.00000
611	0.00000	0.99989	0.00000	0.00000	0.00000	0.00011
612	0.00000	0.99982	0.00000	0.00000	0.00000	0.00018
613	0.00000	0.99991	0.00000	0.00000	0.00000	0.00009
614	0.00000	0.99965	0.00000	0.00000	0.00000	0.00035
615	0.00000	1.00000	0.00000	0.00000	0.00000	0.00000
616	0.00000	0.99921	0.00000	0.00000	0.00000	0.00079
617	0.00000	1.00000	0.00000	0.00000	0.00000	0.00000
618	0.00000	0.99993	0.00000	0.00000	0.00000	0.00007
619	0.00000	0.99978	0.00000	0.00000	0.00000	0.00022
620	0.00000	0.99995	0.00000	0.00000	0.00000	0.00005
621	0.00000	0.99999	0.00000	0.00000	0.00000	0.00001
622	0.00000	0.91273	0.00000	0.00796	0.00000	0.07931
623	0.00000	0.99985	0.00000	0.00000	0.00000	0.00015
624	0.00000	0.91775	0.00000	0.00001	0.00000	0.08224
625	0.00000	0.99803	0.00000	0.00000	0.00000	0.00197
626	0.00000	0.96071	0.00000	0.00150	0.00000	0.03779
627	0.00000	0.99963	0.00000	0.00000	0.00000	0.00037
628	0.00000	0.99894	0.00000	0.00000	0.00000	0.00106
629	0.00000	0.99996	0.00000	0.00000	0.00000	0.00004
630	0.00000	0.99998	0.00000	0.00000	0.00000	0.00002
631	0.00000	1.00000	0.00000	0.00000	0.00000	0.00000
632	1.00000	0.00000	0.00000	0.00000	0.00000	0.00000
633	0.00000	0.99998	0.00000	0.00000	0.00000	0.00002
634	0.00000	0.99998	0.00000	0.00000	0.00000	0.00002
635	0.00000	0.99950	0.00000	0.00000	0.00000	0.00050
636	0.00000	0.99707	0.00000	0.00001	0.00000	0.00292
637	0.00000	0.99823	0.00000	0.00000	0.00000	0.00177
638	0.00000	0.99996	0.00000	0.00000	0.00000	0.00004
639	0.00000	0.99992	0.00000	0.00000	0.00000	0.00008
640	0.00000	0.99999	0.00000	0.00000	0.00000	0.00001
641	0.00000	0.99846	0.00000	0.00000	0.00000	0.00154
642	0.00000	0.99997	0.00000	0.00000	0.00000	0.00003
643	0.00000	0.99995	0.00000	0.00000	0.00000	0.00005
644	0.00000	0.00000	0.00000	0.00255	0.00000	0.99745
645	0.00000	0.99983	0.00000	0.00000	0.00000	0.00017
646	0.00000	0.99811	0.00000	0.00000	0.00000	0.00189
647	0.00000	0.99998	0.00000	0.00000	0.00000	0.00002
648	0.00000	0.99999	0.00000	0.00000	0.00000	0.00001
649	0.00000	0.99589	0.00000	0.00001	0.00000	0.00410
650	0.92992	0.00000	0.00000	0.00003	0.07005	0.00000
651	0.00000	0.99998	0.00000	0.00000	0.00000	0.00002
652	0.00000	0.99999	0.00000	0.00000	0.00000	0.00001
653	0.99853	0.00000	0.00000	0.00000	0.00147	0.00000
654	0.00000	1.00000	0.00000	0.00000	0.00000	0.00000
655	0.00000	0.99986	0.00000	0.00000	0.00000	0.00014
656	0.00000	0.99992	0.00000	0.00000	0.00000	0.00008
657	0.00000	0.99996	0.00000	0.00000	0.00000	0.00004
658	0.00000	0.99994	0.00000	0.00000	0.00000	0.00006
659	0.94409	0.00000	0.00000	0.00232	0.05359	0.00000
660	0.00000	0.99653	0.00000	0.00001	0.00000	0.00346
661	0.00000	0.99845	0.00000	0.00000	0.00000	0.00155
662	0.00000	0.95439	0.00000	0.00000	0.00000	0.04561
663	0.00000	0.85961	0.00017	0.01770	0.00003	0.12249
664	0.99999	0.00000	0.00000	0.00000	0.00001	0.00000
665	0.00000	0.99910	0.00000	0.00000	0.00000	0.00090
666	1.00000	0.00000	0.00000	0.00000	0.00000	0.00000
667	0.99981	0.00000	0.00000	0.00000	0.00019	0.00000
668	0.99872	0.00000	0.00000	0.00000	0.00128	0.00000
669	0.99965	0.00000	0.00000	0.00000	0.00035	0.00000
670	0.99783	0.00000	0.00000	0.00000	0.00217	0.00000
671	0.00000	0.56568	0.00000	0.00020	0.00000	0.43412
672	0.00000	0.99996	0.00000	0.00000	0.00000	0.00004
673	0.00000	0.99995	0.00000	0.00000	0.00000	0.00005
674	0.00000	0.95118	0.00000	0.00237	0.00000	0.04644
675	0.00000	0.99952	0.00000	0.00000	0.00000	0.00048
676	0.00000	0.99845	0.00000	0.00000	0.00000	0.00155
677	0.00000	0.99999	0.00000	0.00000	0.00000	0.00001
678	0.99978	0.00000	0.00000	0.00000	0.00022	0.00000
679	0.00000	0.99993	0.00000	0.00000	0.00000	0.00007
680	0.00000	1.00000	0.00000	0.00000	0.00000	0.00000
681	0.00000	0.99984	0.00000	0.00000	0.00000	0.00016
682	0.00000	0.99970	0.00000	0.00000	0.00000	0.00030
683	0.00000	0.99978	0.00000	0.00000	0.00000	0.00022
684	0.00000	0.99990	0.00000	0.00000	0.00000	0.00010
685	0.00000	0.99351	0.00000	0.00001	0.00000	0.00648
686	0.00000	1.00000	0.00000	0.00000	0.00000	0.00000
687	0.00000	0.99997	0.00000	0.00000	0.00000	0.00003
688	0.00000	0.99998	0.00000	0.00000	0.00000	0.00002
689	0.00000	0.99996	0.00000	0.00000	0.00000	0.00004
690	0.00000	0.99996	0.00000	0.00000	0.00000	0.00004
691	0.00000	0.99619	0.00000	0.00000	0.00000	0.00381
692	0.00000	0.22888	0.00000	0.00023	0.00000	0.77089
693	0.00000	0.99873	0.00000	0.00000	0.00000	0.00127
694	0.00000	0.65921	0.00057	0.09284	0.00022	0.24717
695	0.00000	0.99997	0.00000	0.00000	0.00000	0.00003
696	0.00000	0.99998	0.00000	0.00000	0.00000	0.00002
697	0.00000	0.98922	0.00000	0.00002	0.00000	0.01076
698	0.00000	0.99895	0.00000	0.00000	0.00000	0.00105
699	0.00000	0.99996	0.00000	0.00000	0.00000	0.00004
700	0.00000	0.99993	0.00000	0.00000	0.00000	0.00007
701	1.00000	0.00000	0.00000	0.00000	0.00000	0.00000
702	0.99973	0.00000	0.00000	0.00000	0.00027	0.00000
703	0.99873	0.00000	0.00000	0.00000	0.00127	0.00000
704	0.86499	0.00000	0.00001	0.01312	0.12188	0.00000
705	0.00000	0.99986	0.00000	0.00000	0.00000	0.00014
706	0.00000	0.93114	0.00000	0.00091	0.00000	0.06795
707	0.97553	0.00000	0.00000	0.00043	0.02403	0.00000
708	0.00000	0.99996	0.00000	0.00000	0.00000	0.00004
709	0.00000	0.99995	0.00000	0.00000	0.00000	0.00005
710	0.00000	0.99997	0.00000	0.00000	0.00000	0.00003
711	0.00000	0.93123	0.00000	0.00004	0.00000	0.06873
712	0.00000	0.99993	0.00000	0.00000	0.00000	0.00007
713	0.00000	0.49423	0.00000	0.00000	0.00000	0.50576
714	0.99999	0.00000	0.00000	0.00000	0.00001	0.00000
715	0.00000	0.92048	0.00000	0.00590	0.00000	0.07362
716	0.00000	0.99992	0.00000	0.00000	0.00000	0.00008
717	0.00000	0.99979	0.00000	0.00000	0.00000	0.00021
718	0.99998	0.00000	0.00000	0.00000	0.00002	0.00000
719	0.00000	0.99955	0.00000	0.00000	0.00000	0.00045
720	0.00000	0.99998	0.00000	0.00000	0.00000	0.00002
721	0.00000	0.99997	0.00000	0.00000	0.00000	0.00003
722	0.00000	0.99991	0.00000	0.00000	0.00000	0.00009
723	0.00000	0.99980	0.00000	0.00000	0.00000	0.00020
724	0.00000	0.97684	0.00000	0.00053	0.00000	0.02263
725	0.01420	0.00000	0.00004	0.88375	0.10166	0.00035
726	0.00000	0.99993	0.00000	0.00000	0.00000	0.00007
727	0.00000	0.99989	0.00000	0.00000	0.00000	0.00011
728	0.00000	0.95810	0.00000	0.00156	0.00000	0.04033
729	0.00000	0.99023	0.00000	0.00000	0.00000	0.00977
730	0.00000	0.99885	0.00000	0.00000	0.00000	0.00115
731	0.00000	0.99986	0.00000	0.00000	0.00000	0.00014
732	0.99583	0.00000	0.00000	0.00000	0.00417	0.00000
733	0.00000	0.99916	0.00000	0.00000	0.00000	0.00084
734	0.00000	0.99885	0.00000	0.00000	0.00000	0.00115
735	0.00000	0.99983	0.00000	0.00000	0.00000	0.00017
736	0.00000	0.96824	0.00000	0.00070	0.00000	0.03106
737	0.00000	0.99984	0.00000	0.00000	0.00000	0.00016
738	0.99999	0.00000	0.00000	0.00000	0.00001	0.00000
739	0.00000	0.85633	0.00000	0.01852	0.00000	0.12514
740	0.00000	0.99999	0.00000	0.00000	0.00000	0.00001
741	0.99999	0.00000	0.00000	0.00000	0.00001	0.00000
742	0.00000	0.99967	0.00000	0.00000	0.00000	0.00033
743	0.00000	1.00000	0.00000	0.00000	0.00000	0.00000
744	0.00000	0.99997	0.00000	0.00000	0.00000	0.00003
745	1.00000	0.00000	0.00000	0.00000	0.00000	0.00000
746	0.00000	0.99997	0.00000	0.00000	0.00000	0.00003
747	0.00000	0.99944	0.00000	0.00000	0.00000	0.00056
748	0.00000	0.99990	0.00000	0.00000	0.00000	0.00010
749	0.00000	0.99969	0.00000	0.00000	0.00000	0.00031
750	0.32685	0.02269	0.08569	0.22362	0.27010	0.07106
751	0.00000	0.99995	0.00000	0.00000	0.00000	0.00005
752	0.00000	0.99979	0.00000	0.00000	0.00000	0.00021
753	0.00000	0.99998	0.00000	0.00000	0.00000	0.00002
754	0.00000	0.99998	0.00000	0.00000	0.00000	0.00002
755	0.00000	0.99531	0.00000	0.00002	0.00000	0.00467
756	0.00000	0.99984	0.00000	0.00000	0.00000	0.00016
757	0.00000	0.84224	0.00000	0.00428	0.00000	0.15348
758	0.00000	0.89544	0.00000	0.01053	0.00000	0.09402
759	0.99875	0.00000	0.00000	0.00000	0.00125	0.00000
760	0.99993	0.00000	0.00000	0.00000	0.00007	0.00000
761	0.00000	0.31398	0.00000	0.00033	0.00000	0.68569
762	0.00000	0.99294	0.00000	0.00000	0.00000	0.00706
763	0.00000	0.99996	0.00000	0.00000	0.00000	0.00004
764	0.00000	0.99295	0.00000	0.00000	0.00000	0.00705
765	0.00000	0.99288	0.00000	0.00000	0.00000	0.00712
766	0.00000	0.99998	0.00000	0.00000	0.00000	0.00002
767	0.00000	0.99998	0.00000	0.00000	0.00000	0.00002
768	0.00000	0.96394	0.00000	0.00090	0.00000	0.03516
769	0.00000	0.99880	0.00000	0.00000	0.00000	0.00120
770	0.00000	1.00000	0.00000	0.00000	0.00000	0.00000
771	0.00000	0.99986	0.00000	0.00000	0.00000	0.00014
772	0.00000	0.99982	0.00000	0.00000	0.00000	0.00018
773	0.00000	0.94958	0.00000	0.00246	0.00000	0.04795
774	0.00000	0.97973	0.00000	0.00005	0.00000	0.02022
775	0.00000	0.99963	0.00000	0.00000	0.00000	0.00037
776	0.00000	0.99691	0.00000	0.00000	0.00000	0.00309
