UponCompletionOf_773101_sweeps
LocNumber LocName AlleleNumber AlleleName FreqInPop0 FreqInPop1 SDInPop0 SDinPop1
0	LdDocent_Contig_50600_49	0	1	0.899409	0.998986	0.018797	0.001037
0	LdDocent_Contig_50600_49	1	2	0.100591	0.001014	0.018797	0.001037
1	LdDocent_Contig_371_12	0	1	0.997979	0.967607	0.002831	0.005073
1	LdDocent_Contig_371_12	1	2	0.002021	0.032393	0.002831	0.005073
2	LdDocent_Contig_1976_371	0	1	0.281443	0.389959	0.045806	0.014503
2	LdDocent_Contig_1976_371	1	2	0.718557	0.610041	0.045806	0.014503
3	LdDocent_Contig_6635_469	0	1	0.962895	0.999552	0.012459	0.000634
3	LdDocent_Contig_6635_469	1	2	0.037105	0.000448	0.012459	0.000634
4	LdDocent_Contig_88403_16	0	1	0.998123	0.965450	0.002654	0.005394
4	LdDocent_Contig_88403_16	1	2	0.001877	0.034550	0.002654	0.005394
5	LdDocent_Contig_77480_115	0	1	0.997818	0.946384	0.003067	0.007000
5	LdDocent_Contig_77480_115	1	2	0.002182	0.053616	0.003067	0.007000
6	LdDocent_Contig_52407_95	0	1	0.996833	0.944896	0.004461	0.006879
6	LdDocent_Contig_52407_95	1	2	0.003167	0.055104	0.004461	0.006879
7	LdDocent_Contig_376_468	0	1	0.993962	0.985729	0.004899	0.003595
7	LdDocent_Contig_376_468	1	2	0.006038	0.014271	0.004899	0.003595
8	LdDocent_Contig_858_335	0	1	0.997650	0.775835	0.003313	0.013040
8	LdDocent_Contig_858_335	1	2	0.002350	0.224165	0.003313	0.013040
9	LdDocent_Contig_352_434	0	1	0.893122	0.996648	0.020420	0.001789
9	LdDocent_Contig_352_434	1	2	0.106878	0.003352	0.020420	0.001789
10	LdDocent_Contig_67607_430	0	1	0.997702	0.979073	0.003192	0.004283
10	LdDocent_Contig_67607_430	1	2	0.002298	0.020927	0.003192	0.004283
11	LdDocent_Contig_386_67	0	1	0.010575	0.996392	0.006636	0.001931
11	LdDocent_Contig_386_67	1	2	0.989425	0.003608	0.006636	0.001931
12	LdDocent_Contig_27173_76	0	1	0.997720	0.984549	0.003196	0.003672
12	LdDocent_Contig_27173_76	1	2	0.002280	0.015451	0.003196	0.003672
13	LdDocent_Contig_87120_461	0	1	0.997861	0.990243	0.003013	0.002993
13	LdDocent_Contig_87120_461	1	2	0.002139	0.009757	0.003013	0.002993
14	LdDocent_Contig_5_345	0	1	0.992936	0.993775	0.008283	0.002369
14	LdDocent_Contig_5_345	1	2	0.007064	0.006225	0.008283	0.002369
15	LdDocent_Contig_986_12	0	1	0.997833	0.987695	0.003062	0.003458
15	LdDocent_Contig_986_12	1	2	0.002167	0.012305	0.003062	0.003458
16	LdDocent_Contig_18521_68	0	1	0.997728	0.981927	0.003207	0.004161
16	LdDocent_Contig_18521_68	1	2	0.002272	0.018073	0.003207	0.004161
17	LdDocent_Contig_3794_349	0	1	0.997890	0.988715	0.002970	0.003301
17	LdDocent_Contig_3794_349	1	2	0.002110	0.011285	0.002970	0.003301
18	LdDocent_Contig_686_403	0	1	0.997861	0.985059	0.003015	0.003767
18	LdDocent_Contig_686_403	1	2	0.002139	0.014941	0.003015	0.003767
19	LdDocent_Contig_2095_448	0	1	0.988846	0.993483	0.007014	0.002549
19	LdDocent_Contig_2095_448	1	2	0.011154	0.006517	0.007014	0.002549
20	LdDocent_Contig_12899_65	0	1	0.998013	0.514214	0.002802	0.014760
20	LdDocent_Contig_12899_65	1	2	0.001987	0.485786	0.002802	0.014760
21	LdDocent_Contig_3068_143	0	1	0.998127	0.962550	0.002643	0.005567
21	LdDocent_Contig_3068_143	1	2	0.001873	0.037450	0.002643	0.005567
22	LdDocent_Contig_22010_387	0	1	0.997755	0.992521	0.003163	0.002718
22	LdDocent_Contig_22010_387	1	2	0.002245	0.007479	0.003163	0.002718
23	LdDocent_Contig_115_104	0	1	0.953267	0.998672	0.013442	0.001099
23	LdDocent_Contig_115_104	1	2	0.046733	0.001328	0.013442	0.001099
24	LdDocent_Contig_36540_10	0	1	0.997578	0.990465	0.003410	0.003072
24	LdDocent_Contig_36540_10	1	2	0.002422	0.009535	0.003410	0.003072
25	LdDocent_Contig_92674_381	0	1	0.997781	0.981330	0.003125	0.004186
25	LdDocent_Contig_92674_381	1	2	0.002219	0.018670	0.003125	0.004186
26	LdDocent_Contig_2291_448	0	1	0.898706	0.999536	0.025151	0.000656
26	LdDocent_Contig_2291_448	1	2	0.101294	0.000464	0.025151	0.000656
27	LdDocent_Contig_58319_142	0	1	0.997973	0.990770	0.002861	0.002828
27	LdDocent_Contig_58319_142	1	2	0.002027	0.009230	0.002861	0.002828
28	LdDocent_Contig_8505_368	0	1	0.016839	0.989792	0.008802	0.003346
28	LdDocent_Contig_8505_368	1	2	0.983161	0.010208	0.008802	0.003346
29	LdDocent_Contig_68168_309	0	1	0.997902	0.977979	0.002954	0.004583
29	LdDocent_Contig_68168_309	1	2	0.002098	0.022021	0.002954	0.004583
30	LdDocent_Contig_30637_429	0	1	0.983912	0.957047	0.008516	0.006297
30	LdDocent_Contig_30637_429	1	2	0.016088	0.042953	0.008516	0.006297
31	LdDocent_Contig_51_124	0	1	0.015345	0.993498	0.008103	0.002487
31	LdDocent_Contig_51_124	1	2	0.984655	0.006502	0.008103	0.002487
32	LdDocent_Contig_2089_140	0	1	0.997452	0.989278	0.003589	0.003016
32	LdDocent_Contig_2089_140	1	2	0.002548	0.010722	0.003589	0.003016
33	LdDocent_Contig_1990_48	0	1	0.941657	0.999567	0.016655	0.000612
33	LdDocent_Contig_1990_48	1	2	0.058343	0.000433	0.016655	0.000612
34	LdDocent_Contig_34116_122	0	1	0.989664	0.991535	0.006491	0.002889
34	LdDocent_Contig_34116_122	1	2	0.010336	0.008465	0.006491	0.002889
35	LdDocent_Contig_93230_388	0	1	0.948910	0.999536	0.014063	0.000655
35	LdDocent_Contig_93230_388	1	2	0.051090	0.000464	0.014063	0.000655
36	LdDocent_Contig_2368_113	0	1	0.958135	0.876875	0.012652	0.009635
36	LdDocent_Contig_2368_113	1	2	0.041865	0.123125	0.012652	0.009635
37	LdDocent_Contig_93425_323	0	1	0.962211	0.998653	0.012006	0.001099
37	LdDocent_Contig_93425_323	1	2	0.037789	0.001347	0.012006	0.001099
38	LdDocent_Contig_3166_66	0	1	0.997524	0.968956	0.003483	0.005452
38	LdDocent_Contig_3166_66	1	2	0.002476	0.031044	0.003483	0.005452
39	LdDocent_Contig_19136_144	0	1	0.390561	0.997901	0.032526	0.001511
39	LdDocent_Contig_19136_144	1	2	0.609439	0.002099	0.032526	0.001511
40	LdDocent_Contig_9393_335	0	1	0.997470	0.978623	0.003551	0.004581
40	LdDocent_Contig_9393_335	1	2	0.002530	0.021377	0.003551	0.004581
41	LdDocent_Contig_20889_81	0	1	0.997433	0.983617	0.003522	0.003907
41	LdDocent_Contig_20889_81	1	2	0.002567	0.016383	0.003522	0.003907
42	LdDocent_Contig_75654_418	0	1	0.997647	0.959990	0.003311	0.006242
42	LdDocent_Contig_75654_418	1	2	0.002353	0.040010	0.003311	0.006242
43	LdDocent_Contig_51417_381	0	1	0.791016	0.839374	0.025369	0.010977
43	LdDocent_Contig_51417_381	1	2	0.208984	0.160626	0.025369	0.010977
44	LdDocent_Contig_8446_432	0	1	0.997871	0.992806	0.003000	0.002618
44	LdDocent_Contig_8446_432	1	2	0.002129	0.007194	0.003000	0.002618
45	LdDocent_Contig_63000_397	0	1	0.997414	0.935358	0.003580	0.007728
45	LdDocent_Contig_63000_397	1	2	0.002586	0.064642	0.003580	0.007728
46	LdDocent_Contig_348_110	0	1	0.913364	0.998618	0.018276	0.001182
46	LdDocent_Contig_348_110	1	2	0.086636	0.001382	0.018276	0.001182
47	LdDocent_Contig_581_28	0	1	0.997683	0.970888	0.003237	0.005204
47	LdDocent_Contig_581_28	1	2	0.002317	0.029112	0.003237	0.005204
48	LdDocent_Contig_6076_371	0	2	0.998019	0.973975	0.002791	0.004728
48	LdDocent_Contig_6076_371	1	1	0.001981	0.026025	0.002791	0.004728
49	LdDocent_Contig_36542_62	0	1	0.988623	0.613880	0.007119	0.015416
49	LdDocent_Contig_36542_62	1	2	0.011377	0.386120	0.007119	0.015416
50	LdDocent_Contig_93348_98	0	1	0.865008	0.997415	0.021693	0.001632
50	LdDocent_Contig_93348_98	1	2	0.134992	0.002585	0.021693	0.001632
51	LdDocent_Contig_723_69	0	1	0.957450	0.999507	0.013501	0.000696
51	LdDocent_Contig_723_69	1	2	0.042550	0.000493	0.013501	0.000696
52	LdDocent_Contig_27243_7	0	1	0.870305	0.995302	0.020559	0.002001
52	LdDocent_Contig_27243_7	1	2	0.129695	0.004698	0.020559	0.002001
53	LdDocent_Contig_16044_389	0	1	0.997946	0.991330	0.002897	0.002803
53	LdDocent_Contig_16044_389	1	2	0.002054	0.008670	0.002897	0.002803
54	LdDocent_Contig_1144_357	0	1	0.964967	0.999502	0.012571	0.000703
54	LdDocent_Contig_1144_357	1	2	0.035033	0.000498	0.012571	0.000703
55	LdDocent_Contig_2423_24	0	1	0.992047	0.987990	0.011120	0.003249
55	LdDocent_Contig_2423_24	1	2	0.007953	0.012010	0.011120	0.003249
56	LdDocent_Contig_30286_368	0	1	0.997413	0.970405	0.003640	0.005364
56	LdDocent_Contig_30286_368	1	2	0.002587	0.029595	0.003640	0.005364
57	LdDocent_Contig_5816_487	0	1	0.997771	0.947501	0.003123	0.006808
57	LdDocent_Contig_5816_487	1	2	0.002229	0.052499	0.003123	0.006808
58	LdDocent_Contig_84104_422	0	1	0.997710	0.990594	0.003230	0.003034
58	LdDocent_Contig_84104_422	1	2	0.002290	0.009406	0.003230	0.003034
59	LdDocent_Contig_67427_465	0	1	0.997912	0.976140	0.002949	0.004673
59	LdDocent_Contig_67427_465	1	2	0.002088	0.023860	0.002949	0.004673
60	LdDocent_Contig_20299_482	0	1	0.941759	0.982834	0.026689	0.003924
60	LdDocent_Contig_20299_482	1	2	0.058241	0.017166	0.026689	0.003924
61	LdDocent_Contig_59618_419	0	1	0.997829	0.991024	0.003064	0.002896
61	LdDocent_Contig_59618_419	1	2	0.002171	0.008976	0.003064	0.002896
62	LdDocent_Contig_20645_16	0	1	0.997870	0.989998	0.003001	0.003071
62	LdDocent_Contig_20645_16	1	2	0.002130	0.010002	0.003001	0.003071
63	LdDocent_Contig_23680_26	0	1	0.486664	0.979391	0.029975	0.004426
63	LdDocent_Contig_23680_26	1	2	0.513336	0.020609	0.029975	0.004426
64	LdDocent_Contig_95004_457	0	1	0.997777	0.918153	0.003126	0.008680
64	LdDocent_Contig_95004_457	1	2	0.002223	0.081847	0.003126	0.008680
65	LdDocent_Contig_18_354	0	1	0.020495	0.997057	0.009451	0.001617
65	LdDocent_Contig_18_354	1	2	0.979505	0.002943	0.009451	0.001617
66	LdDocent_Contig_1175_79	0	1	0.996774	0.979482	0.004137	0.004152
66	LdDocent_Contig_1175_79	1	2	0.003226	0.020518	0.004137	0.004152
67	LdDocent_Contig_503_92	0	1	0.917753	0.999544	0.017802	0.000646
67	LdDocent_Contig_503_92	1	2	0.082247	0.000456	0.017802	0.000646
68	LdDocent_Contig_38670_362	0	1	0.997791	0.993296	0.003118	0.002618
68	LdDocent_Contig_38670_362	1	2	0.002209	0.006704	0.003118	0.002618
69	LdDocent_Contig_3220_368	0	1	0.962043	0.998603	0.012733	0.001173
69	LdDocent_Contig_3220_368	1	2	0.037957	0.001397	0.012733	0.001173
70	LdDocent_Contig_8911_456	0	1	0.992705	0.990933	0.005910	0.002925
70	LdDocent_Contig_8911_456	1	2	0.007295	0.009067	0.005910	0.002925
71	LdDocent_Contig_1796_61	0	1	0.969913	0.999543	0.010792	0.000645
71	LdDocent_Contig_1796_61	1	2	0.030087	0.000457	0.010792	0.000645
72	LdDocent_Contig_1772_121	0	1	0.975837	0.989450	0.010150	0.003096
72	LdDocent_Contig_1772_121	1	2	0.024163	0.010550	0.010150	0.003096
73	LdDocent_Contig_23069_13	0	1	0.997057	0.989013	0.003932	0.003265
73	LdDocent_Contig_23069_13	1	2	0.002943	0.010987	0.003932	0.003265
74	LdDocent_Contig_551_82	0	1	0.962840	0.999512	0.012477	0.000690
74	LdDocent_Contig_551_82	1	2	0.037160	0.000488	0.012477	0.000690
75	LdDocent_Contig_1061_366	0	1	0.832862	0.999504	0.024557	0.000700
75	LdDocent_Contig_1061_366	1	2	0.167138	0.000496	0.024557	0.000700
76	LdDocent_Contig_74556_12	0	1	0.997881	0.981120	0.002988	0.004232
76	LdDocent_Contig_74556_12	1	2	0.002119	0.018880	0.002988	0.004232
77	LdDocent_Contig_96909_417	0	2	0.118039	0.855670	0.025440	0.010903
77	LdDocent_Contig_96909_417	1	1	0.881961	0.144330	0.025440	0.010903
78	LdDocent_Contig_206_421	0	1	0.826159	0.998777	0.025778	0.001077
78	LdDocent_Contig_206_421	1	2	0.173841	0.001223	0.025778	0.001077
79	LdDocent_Contig_15672_434	0	1	0.997595	0.990326	0.003395	0.003126
79	LdDocent_Contig_15672_434	1	2	0.002405	0.009674	0.003395	0.003126
80	LdDocent_Contig_32321_134	0	1	0.137396	0.994676	0.023688	0.002129
80	LdDocent_Contig_32321_134	1	2	0.862604	0.005324	0.023688	0.002129
81	LdDocent_Contig_56542_417	0	1	0.952542	0.999547	0.013631	0.000638
81	LdDocent_Contig_56542_417	1	2	0.047458	0.000453	0.013631	0.000638
82	LdDocent_Contig_75509_60	0	1	0.997997	0.982099	0.002818	0.003915
82	LdDocent_Contig_75509_60	1	2	0.002003	0.017901	0.002818	0.003915
83	LdDocent_Contig_1447_75	0	2	0.990669	0.582369	0.005858	0.014516
83	LdDocent_Contig_1447_75	1	1	0.009331	0.417631	0.005858	0.014516
84	LdDocent_Contig_1983_105	0	1	0.997812	0.987219	0.003080	0.003589
84	LdDocent_Contig_1983_105	1	2	0.002188	0.012781	0.003080	0.003589
85	LdDocent_Contig_29423_18	0	1	0.997612	0.993423	0.003299	0.002420
85	LdDocent_Contig_29423_18	1	2	0.002388	0.006577	0.003299	0.002420
86	LdDocent_Contig_66870_127	0	1	0.997870	0.979698	0.003010	0.004442
86	LdDocent_Contig_66870_127	1	2	0.002130	0.020302	0.003010	0.004442
87	LdDocent_Contig_20196_34	0	1	0.967551	0.999514	0.011636	0.000685
87	LdDocent_Contig_20196_34	1	2	0.032449	0.000486	0.011636	0.000685
88	LdDocent_Contig_3035_346	0	1	0.945314	0.999540	0.014436	0.000650
88	LdDocent_Contig_3035_346	1	2	0.054686	0.000460	0.014436	0.000650
89	LdDocent_Contig_72734_308	0	1	0.998071	0.993394	0.002718	0.002402
89	LdDocent_Contig_72734_308	1	2	0.001929	0.006606	0.002718	0.002402
90	LdDocent_Contig_5132_456	0	2	0.997986	0.697473	0.002842	0.014293
90	LdDocent_Contig_5132_456	1	1	0.002014	0.302527	0.002842	0.014293
91	LdDocent_Contig_14368_50	0	2	0.997227	0.942747	0.003889	0.006981
91	LdDocent_Contig_14368_50	1	1	0.002773	0.057253	0.003889	0.006981
92	LdDocent_Contig_11404_44	0	1	0.997732	0.827687	0.003194	0.012006
92	LdDocent_Contig_11404_44	1	2	0.002268	0.172313	0.003194	0.012006
93	LdDocent_Contig_35118_44	0	1	0.998036	0.975082	0.002763	0.004687
93	LdDocent_Contig_35118_44	1	2	0.001964	0.024918	0.002763	0.004687
94	LdDocent_Contig_164_128	0	2	0.556622	0.483765	0.075248	0.014730
94	LdDocent_Contig_164_128	1	1	0.443378	0.516235	0.075248	0.014730
95	LdDocent_Contig_6034_478	0	1	0.992475	0.828002	0.006102	0.011644
95	LdDocent_Contig_6034_478	1	2	0.007525	0.171998	0.006102	0.011644
96	LdDocent_Contig_1648_467	0	1	0.993007	0.987771	0.005672	0.003445
96	LdDocent_Contig_1648_467	1	2	0.006993	0.012229	0.005672	0.003445
97	LdDocent_Contig_711_449	0	1	0.997951	0.985384	0.002891	0.003576
97	LdDocent_Contig_711_449	1	2	0.002049	0.014616	0.002891	0.003576
98	LdDocent_Contig_65895_364	0	1	0.997932	0.982951	0.002915	0.003926
98	LdDocent_Contig_65895_364	1	2	0.002068	0.017049	0.002915	0.003926
99	LdDocent_Contig_891_456	0	1	0.997995	0.992670	0.002824	0.002662
99	LdDocent_Contig_891_456	1	2	0.002005	0.007330	0.002824	0.002662
100	LdDocent_Contig_2286_103	0	1	0.997953	0.886684	0.002890	0.009920
100	LdDocent_Contig_2286_103	1	2	0.002047	0.113316	0.002890	0.009920
101	LdDocent_Contig_53301_366	0	2	0.006728	0.334792	0.005548	0.014382
101	LdDocent_Contig_53301_366	1	1	0.993272	0.665208	0.005548	0.014382
102	LdDocent_Contig_9568_383	0	1	0.935807	0.998667	0.016860	0.001085
102	LdDocent_Contig_9568_383	1	2	0.064193	0.001333	0.016860	0.001085
103	LdDocent_Contig_55029_69	0	1	0.994009	0.993142	0.004861	0.002495
103	LdDocent_Contig_55029_69	1	2	0.005991	0.006858	0.004861	0.002495
104	LdDocent_Contig_59140_385	0	1	0.997813	0.961151	0.003082	0.006138
104	LdDocent_Contig_59140_385	1	2	0.002187	0.038849	0.003082	0.006138
105	LdDocent_Contig_22759_67	0	1	0.997586	0.987995	0.003398	0.003370
105	LdDocent_Contig_22759_67	1	2	0.002414	0.012005	0.003398	0.003370
106	LdDocent_Contig_12502_13	0	1	0.990270	0.992525	0.006120	0.002554
106	LdDocent_Contig_12502_13	1	2	0.009730	0.007475	0.006120	0.002554
107	LdDocent_Contig_20142_364	0	1	0.993662	0.978562	0.005119	0.004584
107	LdDocent_Contig_20142_364	1	2	0.006338	0.021438	0.005119	0.004584
108	LdDocent_Contig_14127_482	0	1	0.997962	0.992184	0.002875	0.002672
108	LdDocent_Contig_14127_482	1	2	0.002038	0.007816	0.002875	0.002672
109	LdDocent_Contig_2791_386	0	1	0.993699	0.934192	0.005075	0.007233
109	LdDocent_Contig_2791_386	1	2	0.006301	0.065808	0.005075	0.007233
110	LdDocent_Contig_8057_405	0	1	0.379187	0.998562	0.031371	0.001174
110	LdDocent_Contig_8057_405	1	2	0.620813	0.001438	0.031371	0.001174
111	LdDocent_Contig_52503_494	0	1	0.932446	0.995690	0.017695	0.002026
111	LdDocent_Contig_52503_494	1	2	0.067554	0.004310	0.017695	0.002026
112	LdDocent_Contig_5285_474	0	1	0.046099	0.973352	0.015361	0.004940
112	LdDocent_Contig_5285_474	1	2	0.953901	0.026648	0.015361	0.004940
113	LdDocent_Contig_6079_434	0	1	0.150108	0.305645	0.022587	0.013636
113	LdDocent_Contig_6079_434	1	2	0.849892	0.694355	0.022587	0.013636
114	LdDocent_Contig_26396_434	0	1	0.997888	0.935219	0.002971	0.007413
114	LdDocent_Contig_26396_434	1	2	0.002112	0.064781	0.002971	0.007413
115	LdDocent_Contig_74432_382	0	1	0.993407	0.896890	0.005348	0.009293
115	LdDocent_Contig_74432_382	1	2	0.006593	0.103110	0.005348	0.009293
116	LdDocent_Contig_6351_135	0	1	0.997808	0.992953	0.003083	0.002408
116	LdDocent_Contig_6351_135	1	2	0.002192	0.007047	0.003083	0.002408
117	LdDocent_Contig_6746_406	0	1	0.998065	0.991633	0.002727	0.002700
117	LdDocent_Contig_6746_406	1	2	0.001935	0.008367	0.002727	0.002700
118	LdDocent_Contig_9085_42	0	1	0.921651	0.937167	0.018325	0.007875
118	LdDocent_Contig_9085_42	1	2	0.078349	0.062833	0.018325	0.007875
119	LdDocent_Contig_2279_346	0	1	0.997878	0.987901	0.002989	0.003271
119	LdDocent_Contig_2279_346	1	2	0.002122	0.012099	0.002989	0.003271
120	LdDocent_Contig_7979_42	0	1	0.960253	0.999530	0.012613	0.000664
120	LdDocent_Contig_7979_42	1	2	0.039747	0.000470	0.012613	0.000664
121	LdDocent_Contig_72640_425	0	2	0.681943	0.367392	0.030638	0.015439
121	LdDocent_Contig_72640_425	1	1	0.318057	0.632608	0.030638	0.015439
122	LdDocent_Contig_22087_78	0	1	0.997862	0.991525	0.003023	0.002735
122	LdDocent_Contig_22087_78	1	2	0.002138	0.008475	0.003023	0.002735
123	LdDocent_Contig_943_15	0	1	0.998000	0.985675	0.002823	0.003611
123	LdDocent_Contig_943_15	1	2	0.002000	0.014325	0.002823	0.003611
124	LdDocent_Contig_85011_486	0	1	0.840820	0.999568	0.023837	0.000610
124	LdDocent_Contig_85011_486	1	2	0.159180	0.000432	0.023837	0.000610
125	LdDocent_Contig_72884_89	0	1	0.934246	0.998664	0.015620	0.001091
125	LdDocent_Contig_72884_89	1	2	0.065754	0.001336	0.015620	0.001091
126	LdDocent_Contig_2220_13	0	1	0.997541	0.979458	0.003466	0.004490
126	LdDocent_Contig_2220_13	1	2	0.002459	0.020542	0.003466	0.004490
127	LdDocent_Contig_24695_132	0	1	0.988890	0.994027	0.006935	0.002382
127	LdDocent_Contig_24695_132	1	2	0.011110	0.005973	0.006935	0.002382
128	LdDocent_Contig_2305_392	0	1	0.002382	0.594595	0.003358	0.015645
128	LdDocent_Contig_2305_392	1	2	0.997618	0.405405	0.003358	0.015645
129	LdDocent_Contig_1305_432	0	1	0.037534	0.996587	0.012583	0.001849
129	LdDocent_Contig_1305_432	1	2	0.962466	0.003413	0.012583	0.001849
130	LdDocent_Contig_6289_76	0	1	0.997733	0.919768	0.003188	0.008230
130	LdDocent_Contig_6289_76	1	2	0.002267	0.080232	0.003188	0.008230
131	LdDocent_Contig_1217_447	0	1	0.953328	0.999506	0.014036	0.000698
131	LdDocent_Contig_1217_447	1	2	0.046672	0.000494	0.014036	0.000698
132	LdDocent_Contig_38007_408	0	1	0.997585	0.978095	0.003397	0.004666
132	LdDocent_Contig_38007_408	1	2	0.002415	0.021905	0.003397	0.004666
133	LdDocent_Contig_50531_445	0	1	0.997986	0.993499	0.002842	0.002364
133	LdDocent_Contig_50531_445	1	2	0.002014	0.006501	0.002842	0.002364
134	LdDocent_Contig_1710_58	0	1	0.962854	0.998523	0.012483	0.001204
134	LdDocent_Contig_1710_58	1	2	0.037146	0.001477	0.012483	0.001204
135	LdDocent_Contig_1604_17	0	1	0.966973	0.999500	0.011866	0.000706
135	LdDocent_Contig_1604_17	1	2	0.033027	0.000500	0.011866	0.000706
136	LdDocent_Contig_3865_405	0	1	0.997814	0.988172	0.003082	0.003325
136	LdDocent_Contig_3865_405	1	2	0.002186	0.011828	0.003082	0.003325
137	LdDocent_Contig_221_86	0	1	0.997781	0.973594	0.003097	0.004727
137	LdDocent_Contig_221_86	1	2	0.002219	0.026406	0.003097	0.004727
138	LdDocent_Contig_6528_36	0	1	0.997687	0.979816	0.003262	0.004409
138	LdDocent_Contig_6528_36	1	2	0.002313	0.020184	0.003262	0.004409
139	LdDocent_Contig_121_388	0	1	0.997920	0.768174	0.002930	0.012617
139	LdDocent_Contig_121_388	1	2	0.002080	0.231826	0.002930	0.012617
140	LdDocent_Contig_89006_20	0	1	0.869895	0.999552	0.020937	0.000632
140	LdDocent_Contig_89006_20	1	2	0.130105	0.000448	0.020937	0.000632
141	LdDocent_Contig_14851_408	0	1	0.996869	0.961035	0.004214	0.006020
141	LdDocent_Contig_14851_408	1	2	0.003131	0.038965	0.004214	0.006020
142	LdDocent_Contig_8487_141	0	1	0.030944	0.995896	0.011814	0.002065
142	LdDocent_Contig_8487_141	1	2	0.969056	0.004104	0.011814	0.002065
143	LdDocent_Contig_68637_134	0	1	0.997574	0.338397	0.003418	0.014661
143	LdDocent_Contig_68637_134	1	2	0.002426	0.661603	0.003418	0.014661
144	LdDocent_Contig_75288_327	0	1	0.023351	0.995918	0.009744	0.001922
144	LdDocent_Contig_75288_327	1	2	0.976649	0.004082	0.009744	0.001922
145	LdDocent_Contig_930_502	0	1	0.993730	0.984017	0.005103	0.003904
145	LdDocent_Contig_930_502	1	2	0.006270	0.015983	0.005103	0.003904
146	LdDocent_Contig_6152_64	0	1	0.997907	0.790048	0.002952	0.012249
146	LdDocent_Contig_6152_64	1	2	0.002093	0.209952	0.002952	0.012249
147	LdDocent_Contig_5061_132	0	1	0.958011	0.999503	0.013310	0.000701
147	LdDocent_Contig_5061_132	1	2	0.041989	0.000497	0.013310	0.000701
148	LdDocent_Contig_202_400	0	1	0.997895	0.983959	0.002968	0.003911
148	LdDocent_Contig_202_400	1	2	0.002105	0.016041	0.002968	0.003911
149	LdDocent_Contig_329_469	0	1	0.997855	0.885440	0.003014	0.009659
149	LdDocent_Contig_329_469	1	2	0.002145	0.114560	0.003014	0.009659
150	LdDocent_Contig_3176_388	0	1	0.997495	0.992346	0.003461	0.002641
150	LdDocent_Contig_3176_388	1	2	0.002505	0.007654	0.003461	0.002641
151	LdDocent_Contig_95959_313	0	1	0.989241	0.975802	0.006725	0.004660
151	LdDocent_Contig_95959_313	1	2	0.010759	0.024198	0.006725	0.004660
152	LdDocent_Contig_1475_425	0	1	0.997016	0.986287	0.004007	0.003625
152	LdDocent_Contig_1475_425	1	2	0.002984	0.013713	0.004007	0.003625
153	LdDocent_Contig_95782_119	0	1	0.997619	0.960566	0.003341	0.006219
153	LdDocent_Contig_95782_119	1	2	0.002381	0.039434	0.003341	0.006219
154	LdDocent_Contig_72760_460	0	1	0.971494	0.873208	0.010949	0.010827
154	LdDocent_Contig_72760_460	1	2	0.028506	0.126792	0.010949	0.010827
155	LdDocent_Contig_6407_358	0	1	0.614781	0.995120	0.030566	0.002231
155	LdDocent_Contig_6407_358	1	2	0.385219	0.004880	0.030566	0.002231
156	LdDocent_Contig_34609_429	0	1	0.997671	0.987975	0.003284	0.003375
156	LdDocent_Contig_34609_429	1	2	0.002329	0.012025	0.003284	0.003375
157	LdDocent_Contig_5548_407	0	1	0.826526	0.997442	0.026088	0.001826
157	LdDocent_Contig_5548_407	1	2	0.173474	0.002558	0.026088	0.001826
158	LdDocent_Contig_1468_45	0	1	0.020678	0.861699	0.009662	0.010535
158	LdDocent_Contig_1468_45	1	2	0.979322	0.138301	0.009662	0.010535
159	LdDocent_Contig_22941_380	0	1	0.997674	0.993242	0.003276	0.002635
159	LdDocent_Contig_22941_380	1	2	0.002326	0.006758	0.003276	0.002635
160	LdDocent_Contig_94_344	0	1	0.998086	0.991199	0.002697	0.002706
160	LdDocent_Contig_94_344	1	2	0.001914	0.008801	0.002697	0.002706
161	LdDocent_Contig_72717_427	0	1	0.997704	0.987069	0.003210	0.003385
161	LdDocent_Contig_72717_427	1	2	0.002296	0.012931	0.003210	0.003385
162	LdDocent_Contig_5184_376	0	1	0.997731	0.982729	0.003205	0.004088
162	LdDocent_Contig_5184_376	1	2	0.002269	0.017271	0.003205	0.004088
163	LdDocent_Contig_12602_422	0	1	0.997930	0.992431	0.002924	0.002589
163	LdDocent_Contig_12602_422	1	2	0.002070	0.007569	0.002924	0.002589
164	LdDocent_Contig_91112_94	0	2	0.002142	0.008122	0.003027	0.002768
164	LdDocent_Contig_91112_94	1	1	0.997858	0.991878	0.003027	0.002768
165	LdDocent_Contig_1067_382	0	1	0.898528	0.998620	0.019044	0.001127
165	LdDocent_Contig_1067_382	1	2	0.101472	0.001380	0.019044	0.001127
166	LdDocent_Contig_2569_373	0	1	0.996381	0.984263	0.004519	0.003784
166	LdDocent_Contig_2569_373	1	2	0.003619	0.015737	0.004519	0.003784
167	LdDocent_Contig_64793_130	0	1	0.998080	0.971621	0.002713	0.004979
167	LdDocent_Contig_64793_130	1	2	0.001920	0.028379	0.002713	0.004979
168	LdDocent_Contig_67847_130	0	1	0.997771	0.992757	0.003144	0.002634
168	LdDocent_Contig_67847_130	1	2	0.002229	0.007243	0.003144	0.002634
169	LdDocent_Contig_15676_383	0	1	0.997941	0.993242	0.002896	0.002458
169	LdDocent_Contig_15676_383	1	2	0.002059	0.006758	0.002896	0.002458
170	LdDocent_Contig_843_366	0	1	0.998073	0.991644	0.002712	0.002697
170	LdDocent_Contig_843_366	1	2	0.001927	0.008356	0.002712	0.002697
171	LdDocent_Contig_77826_82	0	1	0.885586	0.999549	0.019475	0.000636
171	LdDocent_Contig_77826_82	1	2	0.114414	0.000451	0.019475	0.000636
172	LdDocent_Contig_15237_23	0	1	0.997508	0.949647	0.003511	0.006520
172	LdDocent_Contig_15237_23	1	2	0.002492	0.050353	0.003511	0.006520
173	LdDocent_Contig_32665_23	0	1	0.994301	0.949696	0.004642	0.006642
173	LdDocent_Contig_32665_23	1	2	0.005699	0.050304	0.004642	0.006642
174	LdDocent_Contig_17450_416	0	1	0.993812	0.994024	0.005035	0.002336
174	LdDocent_Contig_17450_416	1	2	0.006188	0.005976	0.005035	0.002336
175	LdDocent_Contig_34211_51	0	1	0.997670	0.971971	0.003278	0.005265
175	LdDocent_Contig_34211_51	1	2	0.002330	0.028029	0.003278	0.005265
176	LdDocent_Contig_2090_55	0	1	0.998005	0.932088	0.002814	0.007595
176	LdDocent_Contig_2090_55	1	2	0.001995	0.067912	0.002814	0.007595
177	LdDocent_Contig_35933_333	0	1	0.997489	0.991444	0.003529	0.002934
177	LdDocent_Contig_35933_333	1	2	0.002511	0.008556	0.003529	0.002934
178	LdDocent_Contig_14998_119	0	1	0.987820	0.973861	0.007497	0.004967
178	LdDocent_Contig_14998_119	1	2	0.012180	0.026139	0.007497	0.004967
179	LdDocent_Contig_2059_130	0	1	0.997827	0.992638	0.003063	0.002673
179	LdDocent_Contig_2059_130	1	2	0.002173	0.007362	0.003063	0.002673
180	LdDocent_Contig_96122_73	0	1	0.997794	0.973635	0.003102	0.005146
180	LdDocent_Contig_96122_73	1	2	0.002206	0.026365	0.003102	0.005146
181	LdDocent_Contig_25825_133	0	1	0.993264	0.987286	0.005421	0.003603
181	LdDocent_Contig_25825_133	1	2	0.006736	0.012714	0.005421	0.003603
182	LdDocent_Contig_68384_345	0	2	0.955024	0.933023	0.017018	0.007645
182	LdDocent_Contig_68384_345	1	1	0.044976	0.066977	0.017018	0.007645
183	LdDocent_Contig_3810_26	0	1	0.945752	0.999535	0.014909	0.000657
183	LdDocent_Contig_3810_26	1	2	0.054248	0.000465	0.014909	0.000657
184	LdDocent_Contig_87019_120	0	1	0.997535	0.990338	0.003433	0.003143
184	LdDocent_Contig_87019_120	1	2	0.002465	0.009662	0.003433	0.003143
185	LdDocent_Contig_799_467	0	1	0.997946	0.991894	0.002892	0.002769
185	LdDocent_Contig_799_467	1	2	0.002054	0.008106	0.002892	0.002769
186	LdDocent_Contig_71998_388	0	1	0.997537	0.989930	0.003470	0.003093
186	LdDocent_Contig_71998_388	1	2	0.002463	0.010070	0.003470	0.003093
187	LdDocent_Contig_52702_107	0	1	0.997779	0.991349	0.003134	0.002951
187	LdDocent_Contig_52702_107	1	2	0.002221	0.008651	0.003134	0.002951
188	LdDocent_Contig_12655_420	0	1	0.997678	0.933413	0.003267	0.007666
188	LdDocent_Contig_12655_420	1	2	0.002322	0.066587	0.003267	0.007666
189	LdDocent_Contig_18843_117	0	1	0.993908	0.993218	0.004998	0.002464
189	LdDocent_Contig_18843_117	1	2	0.006092	0.006782	0.004998	0.002464
190	LdDocent_Contig_1655_128	0	1	0.993161	0.796929	0.005551	0.012804
190	LdDocent_Contig_1655_128	1	2	0.006839	0.203071	0.005551	0.012804
191	LdDocent_Contig_3155_425	0	1	0.865759	0.998670	0.021227	0.001093
191	LdDocent_Contig_3155_425	1	2	0.134241	0.001330	0.021227	0.001093
192	LdDocent_Contig_8017_432	0	1	0.946776	0.999547	0.015253	0.000639
192	LdDocent_Contig_8017_432	1	2	0.053224	0.000453	0.015253	0.000639
193	LdDocent_Contig_23105_115	0	1	0.525495	0.996699	0.033260	0.001776
193	LdDocent_Contig_23105_115	1	2	0.474505	0.003301	0.033260	0.001776
194	LdDocent_Contig_18405_337	0	1	0.964670	0.999524	0.011881	0.000673
194	LdDocent_Contig_18405_337	1	2	0.035330	0.000476	0.011881	0.000673
195	LdDocent_Contig_32_429	0	1	0.991074	0.972354	0.006399	0.004951
195	LdDocent_Contig_32_429	1	2	0.008926	0.027646	0.006399	0.004951
196	LdDocent_Contig_55980_330	0	1	0.990415	0.984374	0.007765	0.003812
196	LdDocent_Contig_55980_330	1	2	0.009585	0.015626	0.007765	0.003812
197	LdDocent_Contig_29824_41	0	1	0.997803	0.955699	0.003103	0.006157
197	LdDocent_Contig_29824_41	1	2	0.002197	0.044301	0.003103	0.006157
198	LdDocent_Contig_2326_368	0	1	0.997716	0.946035	0.003203	0.006746
198	LdDocent_Contig_2326_368	1	2	0.002284	0.053965	0.003203	0.006746
199	LdDocent_Contig_90773_136	0	1	0.973333	0.997988	0.010226	0.001425
199	LdDocent_Contig_90773_136	1	2	0.026667	0.002012	0.010226	0.001425
