191401_sweeps	1.000/0.000/0.000/0.000	0.000/0.000/0.000/1.000	0.000/0.500/0.500/0.000	0.250/0.250/0.250/0.250	0.500/0.250/0.250/0.000	0.000/0.250/0.250/0.500
1	0.00000	0.99594	0.00000	0.00000	0.00000	0.00406
2	0.00000	0.99994	0.00000	0.00000	0.00000	0.00006
3	0.00000	0.99956	0.00000	0.00000	0.00000	0.00044
4	0.00000	0.95437	0.00000	0.00201	0.00000	0.04362
5	0.00000	1.00000	0.00000	0.00000	0.00000	0.00000
6	0.00000	0.99996	0.00000	0.00000	0.00000	0.00004
7	0.00000	0.99277	0.00000	0.00002	0.00000	0.00721
8	0.00000	0.99963	0.00000	0.00000	0.00000	0.00037
9	0.00000	0.99998	0.00000	0.00000	0.00000	0.00002
10	0.00000	0.00000	0.00000	0.05378	0.94622	0.00000
11	0.99992	0.00000	0.00000	0.00000	0.00008	0.00000
12	0.00000	0.83047	0.00000	0.02317	0.00000	0.14636
13	0.00000	0.99907	0.00000	0.00000	0.00000	0.00093
14	0.00000	0.99999	0.00000	0.00000	0.00000	0.00001
15	0.00000	0.99976	0.00000	0.00000	0.00000	0.00024
16	0.00000	0.98711	0.00000	0.00012	0.00000	0.01277
17	0.99999	0.00000	0.00000	0.00000	0.00001	0.00000
18	0.92839	0.00000	0.00000	0.00454	0.06707	0.00000
19	0.00000	0.97233	0.00000	0.00076	0.00000	0.02691
20	0.99986	0.00000	0.00000	0.00000	0.00014	0.00000
21	0.03750	0.00001	0.00039	0.80442	0.15569	0.00200
22	0.00000	0.99807	0.00000	0.00000	0.00000	0.00193
23	0.99885	0.00000	0.00000	0.00000	0.00115	0.00000
24	0.99974	0.00000	0.00000	0.00000	0.00026	0.00000
25	0.99978	0.00000	0.00000	0.00000	0.00022	0.00000
26	0.00000	0.99998	0.00000	0.00000	0.00000	0.00002
27	0.00000	0.99993	0.00000	0.00000	0.00000	0.00007
28	0.00000	0.74033	0.00000	0.00001	0.00000	0.25966
29	0.00000	0.99989	0.00000	0.00000	0.00000	0.00011
30	0.99934	0.00000	0.00000	0.00000	0.00066	0.00000
31	0.99992	0.00000	0.00000	0.00000	0.00008	0.00000
32	0.00000	0.99427	0.00000	0.00003	0.00000	0.00570
33	0.99579	0.00000	0.00000	0.00001	0.00421	0.00000
34	0.00472	0.00002	0.00013	0.94120	0.05168	0.00225
35	0.00000	0.98593	0.00000	0.00018	0.00000	0.01389
36	0.00000	0.99911	0.00000	0.00000	0.00000	0.00089
37	0.99994	0.00000	0.00000	0.00000	0.00006	0.00000
38	1.00000	0.00000	0.00000	0.00000	0.00000	0.00000
39	0.00000	0.99989	0.00000	0.00000	0.00000	0.00011
40	0.00000	0.99985	0.00000	0.00000	0.00000	0.00015
41	0.00000	0.99965	0.00000	0.00000	0.00000	0.00035
42	0.00000	0.99954	0.00000	0.00000	0.00000	0.00046
43	0.56357	0.00000	0.00000	0.00001	0.43643	0.00000
44	0.00000	0.99999	0.00000	0.00000	0.00000	0.00001
45	0.99996	0.00000	0.00000	0.00000	0.00004	0.00000
46	0.00000	0.87950	0.00000	0.00005	0.00000	0.12045
47	0.00000	0.91976	0.00000	0.00005	0.00000	0.08020
48	0.99269	0.00000	0.00000	0.00000	0.00731	0.00000
49	0.99981	0.00000	0.00000	0.00000	0.00019	0.00000
50	0.00000	0.98998	0.00000	0.00008	0.00000	0.00994
51	0.00000	0.99754	0.00000	0.00000	0.00000	0.00246
52	0.00000	0.99900	0.00000	0.00000	0.00000	0.00100
53	0.99937	0.00000	0.00000	0.00000	0.00062	0.00000
54	0.00000	0.99999	0.00000	0.00000	0.00000	0.00001
55	0.00000	0.99993	0.00000	0.00000	0.00000	0.00007
56	0.99307	0.00000	0.00000	0.00003	0.00691	0.00000
57	0.00000	0.99996	0.00000	0.00000	0.00000	0.00004
58	0.00000	0.99999	0.00000	0.00000	0.00000	0.00001
59	0.00000	0.99598	0.00000	0.00001	0.00000	0.00401
60	0.00000	0.99960	0.00000	0.00000	0.00000	0.00040
61	0.00000	1.00000	0.00000	0.00000	0.00000	0.00000
62	0.00000	0.99957	0.00000	0.00000	0.00000	0.00043
63	0.00000	0.99993	0.00000	0.00000	0.00000	0.00007
64	0.00000	0.99981	0.00000	0.00000	0.00000	0.00019
65	0.00000	0.99990	0.00000	0.00000	0.00000	0.00010
66	0.68977	0.00000	0.00000	0.00002	0.31021	0.00000
67	0.00000	0.99994	0.00000	0.00000	0.00000	0.00006
68	0.00000	0.99999	0.00000	0.00000	0.00000	0.00001
69	0.00000	0.95304	0.00000	0.00193	0.00000	0.04503
70	0.00000	0.99944	0.00000	0.00000	0.00000	0.00056
71	0.00000	0.99996	0.00000	0.00000	0.00000	0.00004
72	0.00000	0.99998	0.00000	0.00000	0.00000	0.00002
73	0.00000	0.99824	0.00000	0.00000	0.00000	0.00176
74	0.00000	0.99999	0.00000	0.00000	0.00000	0.00001
75	0.00000	0.99924	0.00000	0.00000	0.00000	0.00076
76	0.00000	0.99753	0.00000	0.00000	0.00000	0.00247
77	0.99996	0.00000	0.00000	0.00000	0.00004	0.00000
78	0.99847	0.00000	0.00000	0.00000	0.00153	0.00000
79	0.99983	0.00000	0.00000	0.00000	0.00017	0.00000
80	0.00000	0.00235	0.00000	0.96860	0.00000	0.02905
81	0.00000	0.99997	0.00000	0.00000	0.00000	0.00003
82	0.40362	0.01747	0.08034	0.17927	0.26362	0.05567
83	0.99928	0.00000	0.00000	0.00000	0.00072	0.00000
84	0.00000	0.99998	0.00000	0.00000	0.00000	0.00002
85	1.00000	0.00000	0.00000	0.00000	0.00000	0.00000
86	0.99959	0.00000	0.00000	0.00000	0.00041	0.00000
87	0.00000	0.99993	0.00000	0.00000	0.00000	0.00007
88	0.99997	0.00000	0.00000	0.00000	0.00003	0.00000
89	0.00000	0.99984	0.00000	0.00000	0.00000	0.00016
90	0.00000	1.00000	0.00000	0.00000	0.00000	0.00000
91	0.96870	0.00000	0.00000	0.00095	0.03034	0.00000
92	0.00000	0.00000	0.00000	0.00186	0.00000	0.99814
93	0.00000	0.99877	0.00000	0.00000	0.00000	0.00123
94	0.99665	0.00000	0.00000	0.00001	0.00335	0.00000
95	0.00000	0.99970	0.00000	0.00000	0.00000	0.00030
96	0.00000	0.99931	0.00000	0.00000	0.00000	0.00069
97	0.99902	0.00000	0.00000	0.00000	0.00098	0.00000
98	0.00000	0.99905	0.00000	0.00000	0.00000	0.00095
99	0.00000	0.77725	0.00058	0.03848	0.00010	0.18359
100	0.00000	0.99855	0.00000	0.00000	0.00000	0.00145
101	0.00000	0.99902	0.00000	0.00000	0.00000	0.00098
102	0.00000	0.99213	0.00000	0.00005	0.00000	0.00782
103	0.00000	0.99992	0.00000	0.00000	0.00000	0.00008
104	0.00000	0.99982	0.00000	0.00000	0.00000	0.00018
105	0.00000	0.98503	0.00000	0.00020	0.00000	0.01477
106	0.00000	0.96462	0.00000	0.00044	0.00000	0.03494
107	0.00000	0.99994	0.00000	0.00000	0.00000	0.00006
108	0.99989	0.00000	0.00000	0.00000	0.00011	0.00000
109	0.00000	0.99997	0.00000	0.00000	0.00000	0.00003
110	0.00000	0.99999	0.00000	0.00000	0.00000	0.00001
111	0.00000	0.99983	0.00000	0.00000	0.00000	0.00017
112	0.99976	0.00000	0.00000	0.00000	0.00024	0.00000
113	0.98879	0.00000	0.00000	0.00001	0.01120	0.00000
114	0.00000	0.99985	0.00000	0.00000	0.00000	0.00015
115	0.00000	0.99996	0.00000	0.00000	0.00000	0.00004
116	0.98240	0.00000	0.00000	0.00000	0.01760	0.00000
117	0.00000	0.99996	0.00000	0.00000	0.00000	0.00004
118	0.99998	0.00000	0.00000	0.00000	0.00002	0.00000
119	0.99990	0.00000	0.00000	0.00000	0.00010	0.00000
120	0.00000	0.99998	0.00000	0.00000	0.00000	0.00002
121	0.00000	0.99993	0.00000	0.00000	0.00000	0.00007
122	0.00000	0.99967	0.00000	0.00000	0.00000	0.00033
123	0.18800	0.14203	0.16282	0.17166	0.17949	0.15599
124	0.00000	0.99994	0.00000	0.00000	0.00000	0.00006
125	0.00000	0.99886	0.00000	0.00000	0.00000	0.00114
126	0.00000	0.99952	0.00000	0.00000	0.00000	0.00048
127	0.00000	0.99996	0.00000	0.00000	0.00000	0.00004
128	0.00000	0.99962	0.00000	0.00000	0.00000	0.00038
129	0.00000	0.99923	0.00000	0.00000	0.00000	0.00077
130	0.00000	0.87353	0.00000	0.00006	0.00000	0.12642
131	0.99998	0.00000	0.00000	0.00000	0.00002	0.00000
132	0.00000	0.99997	0.00000	0.00000	0.00000	0.00003
133	0.00000	0.99982	0.00000	0.00000	0.00000	0.00018
134	0.00000	0.99999	0.00000	0.00000	0.00000	0.00001
135	0.00000	0.99997	0.00000	0.00000	0.00000	0.00003
136	0.00000	1.00000	0.00000	0.00000	0.00000	0.00000
137	0.00000	0.99984	0.00000	0.00000	0.00000	0.00016
138	0.99900	0.00000	0.00000	0.00000	0.00100	0.00000
139	0.99987	0.00000	0.00000	0.00000	0.00013	0.00000
140	0.99994	0.00000	0.00000	0.00000	0.00006	0.00000
141	0.90213	0.00000	0.00000	0.00014	0.09773	0.00000
142	0.99814	0.00000	0.00000	0.00000	0.00186	0.00000
143	0.00000	0.99970	0.00000	0.00000	0.00000	0.00030
144	0.99996	0.00000	0.00000	0.00000	0.00004	0.00000
145	0.99997	0.00000	0.00000	0.00000	0.00003	0.00000
146	0.99954	0.00000	0.00000	0.00000	0.00046	0.00000
147	0.99995	0.00000	0.00000	0.00000	0.00005	0.00000
148	0.99997	0.00000	0.00000	0.00000	0.00003	0.00000
149	0.99999	0.00000	0.00000	0.00000	0.00001	0.00000
150	0.99982	0.00000	0.00000	0.00000	0.00018	0.00000
151	0.00000	0.93108	0.00000	0.00213	0.00000	0.06680
152	0.00002	0.39660	0.00378	0.25752	0.00232	0.33977
153	0.00000	0.99802	0.00000	0.00000	0.00000	0.00198
154	0.00000	0.99999	0.00000	0.00000	0.00000	0.00001
155	0.00000	0.97844	0.00000	0.00007	0.00000	0.02149
156	0.00000	0.99772	0.00000	0.00000	0.00000	0.00228
157	0.00000	0.99995	0.00000	0.00000	0.00000	0.00005
158	0.00000	0.99983	0.00000	0.00000	0.00000	0.00017
159	0.00000	0.99911	0.00000	0.00000	0.00000	0.00089
160	0.00000	0.98257	0.00000	0.00004	0.00000	0.01739
161	0.00000	0.99996	0.00000	0.00000	0.00000	0.00004
162	0.99997	0.00000	0.00000	0.00000	0.00003	0.00000
163	0.00000	0.98755	0.00000	0.00000	0.00000	0.01245
164	0.00000	0.99987	0.00000	0.00000	0.00000	0.00013
165	0.00000	0.97251	0.00000	0.00064	0.00000	0.02685
166	0.99999	0.00000	0.00000	0.00000	0.00001	0.00000
167	0.99995	0.00000	0.00000	0.00000	0.00005	0.00000
168	0.99966	0.00000	0.00000	0.00000	0.00034	0.00000
169	0.00000	0.99977	0.00000	0.00000	0.00000	0.00023
170	0.00000	0.99984	0.00000	0.00000	0.00000	0.00016
171	0.00000	0.99939	0.00000	0.00000	0.00000	0.00061
172	0.00000	0.99798	0.00000	0.00000	0.00000	0.00202
173	0.99986	0.00000	0.00000	0.00000	0.00014	0.00000
174	0.00000	0.99923	0.00000	0.00000	0.00000	0.00077
175	0.00000	0.99757	0.00000	0.00000	0.00000	0.00243
176	0.00000	0.99982	0.00000	0.00000	0.00000	0.00018
177	0.00000	0.99795	0.00000	0.00000	0.00000	0.00205
178	1.00000	0.00000	0.00000	0.00000	0.00000	0.00000
179	0.99999	0.00000	0.00000	0.00000	0.00001	0.00000
180	0.00000	0.99993	0.00000	0.00000	0.00000	0.00007
181	0.00000	0.99976	0.00000	0.00000	0.00000	0.00024
182	0.90770	0.00000	0.00000	0.00378	0.08852	0.00000
183	0.00000	0.99989	0.00000	0.00000	0.00000	0.00011
184	0.00000	0.99987	0.00000	0.00000	0.00000	0.00013
185	0.00000	0.99768	0.00000	0.00000	0.00000	0.00232
186	0.99999	0.00000	0.00000	0.00000	0.00001	0.00000
187	0.00000	0.99971	0.00000	0.00000	0.00000	0.00029
188	0.00000	0.99988	0.00000	0.00000	0.00000	0.00012
189	0.00000	0.99868	0.00000	0.00000	0.00000	0.00132
190	0.00000	0.98586	0.00000	0.00003	0.00000	0.01411
191	0.99473	0.00000	0.00000	0.00000	0.00527	0.00000
192	0.99942	0.00000	0.00000	0.00000	0.00058	0.00000
193	0.99999	0.00000	0.00000	0.00000	0.00001	0.00000
194	0.00000	0.99987	0.00000	0.00000	0.00000	0.00013
195	0.00000	0.99997	0.00000	0.00000	0.00000	0.00003
196	0.00000	0.99841	0.00000	0.00000	0.00000	0.00159
197	0.00000	0.99946	0.00000	0.00000	0.00000	0.00054
198	0.00000	0.99995	0.00000	0.00000	0.00000	0.00005
199	0.00000	0.99918	0.00000	0.00000	0.00000	0.00082
200	0.00000	0.00000	0.67929	0.06131	0.00000	0.25939
201	0.00000	0.98848	0.00000	0.00000	0.00000	0.01152
202	0.00000	0.99996	0.00000	0.00000	0.00000	0.00004
203	0.00000	0.97437	0.00000	0.00042	0.00000	0.02521
204	0.00000	0.99998	0.00000	0.00000	0.00000	0.00002
205	0.00000	0.99969	0.00000	0.00000	0.00000	0.00031
206	0.00000	0.99991	0.00000	0.00000	0.00000	0.00009
207	0.00000	0.99994	0.00000	0.00000	0.00000	0.00006
208	0.00000	0.99989	0.00000	0.00000	0.00000	0.00011
209	0.00000	0.99941	0.00000	0.00000	0.00000	0.00059
210	0.00000	0.99999	0.00000	0.00000	0.00000	0.00001
211	0.00000	0.84835	0.00000	0.00009	0.00000	0.15156
212	0.00000	1.00000	0.00000	0.00000	0.00000	0.00000
213	0.94855	0.00000	0.00000	0.00003	0.05142	0.00000
214	0.99952	0.00000	0.00000	0.00000	0.00048	0.00000
215	0.00000	0.99999	0.00000	0.00000	0.00000	0.00001
216	0.00000	0.99997	0.00000	0.00000	0.00000	0.00003
217	0.00000	0.99988	0.00000	0.00000	0.00000	0.00012
218	0.00000	0.99957	0.00000	0.00000	0.00000	0.00043
219	0.00000	0.99971	0.00000	0.00000	0.00000	0.00029
220	0.00000	0.77374	0.00004	0.04347	0.00001	0.18273
221	0.00000	0.99915	0.00000	0.00000	0.00000	0.00085
222	0.00000	0.99997	0.00000	0.00000	0.00000	0.00003
223	0.00000	0.96021	0.00000	0.00120	0.00000	0.03860
224	0.00000	0.99991	0.00000	0.00000	0.00000	0.00009
225	0.00000	0.96158	0.00000	0.00000	0.00000	0.03841
226	0.99956	0.00000	0.00000	0.00000	0.00044	0.00000
227	0.00000	0.99934	0.00000	0.00000	0.00000	0.00066
228	0.00000	0.99170	0.00000	0.00004	0.00000	0.00826
229	0.08399	0.20642	0.12939	0.22727	0.13757	0.21537
230	0.00000	0.99990	0.00000	0.00000	0.00000	0.00010
231	0.00000	0.99998	0.00000	0.00000	0.00000	0.00002
232	0.00000	0.85263	0.00000	0.02155	0.00000	0.12582
233	0.99991	0.00000	0.00000	0.00000	0.00009	0.00000
234	0.00000	0.99831	0.00000	0.00000	0.00000	0.00169
235	0.00000	0.99987	0.00000	0.00000	0.00000	0.00013
236	0.00000	0.99953	0.00000	0.00000	0.00000	0.00047
237	0.00000	0.99997	0.00000	0.00000	0.00000	0.00003
238	0.00000	0.99951	0.00000	0.00000	0.00000	0.00049
239	0.99998	0.00000	0.00000	0.00000	0.00002	0.00000
240	0.99959	0.00000	0.00000	0.00000	0.00041	0.00000
241	0.99920	0.00000	0.00000	0.00000	0.00080	0.00000
242	0.99985	0.00000	0.00000	0.00000	0.00015	0.00000
243	0.00000	0.99856	0.00000	0.00000	0.00000	0.00144
244	0.99958	0.00000	0.00000	0.00000	0.00042	0.00000
245	0.99998	0.00000	0.00000	0.00000	0.00002	0.00000
246	0.00000	0.99953	0.00000	0.00000	0.00000	0.00047
247	0.00000	0.99996	0.00000	0.00000	0.00000	0.00004
248	0.00000	0.99995	0.00000	0.00000	0.00000	0.00005
249	0.00000	0.99489	0.00000	0.00000	0.00000	0.00511
250	0.00000	0.99878	0.00000	0.00000	0.00000	0.00122
251	0.00000	0.99870	0.00000	0.00000	0.00000	0.00130
252	0.00000	0.99997	0.00000	0.00000	0.00000	0.00003
253	0.00000	0.99823	0.00000	0.00000	0.00000	0.00177
254	0.00000	0.99940	0.00000	0.00000	0.00000	0.00060
255	0.00000	0.99995	0.00000	0.00000	0.00000	0.00005
256	0.00000	0.80021	0.00000	0.00003	0.00000	0.19975
257	0.00000	0.99968	0.00000	0.00000	0.00000	0.00032
258	0.00000	0.99952	0.00000	0.00000	0.00000	0.00048
259	0.00000	0.99995	0.00000	0.00000	0.00000	0.00005
260	0.00000	0.99367	0.00000	0.00004	0.00000	0.00629
261	0.00000	0.99979	0.00000	0.00000	0.00000	0.00021
262	0.00000	0.99534	0.00000	0.00000	0.00000	0.00466
263	0.00000	0.99918	0.00000	0.00000	0.00000	0.00082
264	0.00000	0.99998	0.00000	0.00000	0.00000	0.00002
265	0.00000	0.00083	0.00002	0.97291	0.00064	0.02561
266	0.00000	0.99993	0.00000	0.00000	0.00000	0.00007
267	0.00000	0.99937	0.00000	0.00000	0.00000	0.00063
268	0.00000	0.99976	0.00000	0.00000	0.00000	0.00024
269	0.00000	0.99664	0.00000	0.00001	0.00000	0.00335
270	0.00000	0.99989	0.00000	0.00000	0.00000	0.00011
271	0.00000	0.99996	0.00000	0.00000	0.00000	0.00004
272	0.00000	0.99998	0.00000	0.00000	0.00000	0.00002
273	0.00000	0.99890	0.00000	0.00000	0.00000	0.00110
274	0.00000	0.99662	0.00000	0.00000	0.00000	0.00338
275	0.00000	0.99995	0.00000	0.00000	0.00000	0.00005
276	0.00000	0.99975	0.00000	0.00000	0.00000	0.00025
277	0.00000	0.99980	0.00000	0.00000	0.00000	0.00020
278	0.00000	0.99991	0.00000	0.00000	0.00000	0.00009
279	0.00000	0.99999	0.00000	0.00000	0.00000	0.00001
280	0.00000	0.99997	0.00000	0.00000	0.00000	0.00003
281	0.00000	0.99990	0.00000	0.00000	0.00000	0.00010
282	0.00000	0.99960	0.00000	0.00000	0.00000	0.00040
283	0.99988	0.00000	0.00000	0.00000	0.00012	0.00000
284	0.00000	0.98628	0.00000	0.00018	0.00000	0.01354
285	0.00000	0.99959	0.00000	0.00000	0.00000	0.00041
286	0.00000	0.99896	0.00000	0.00000	0.00000	0.00104
287	0.00000	1.00000	0.00000	0.00000	0.00000	0.00000
288	0.00000	0.99940	0.00000	0.00000	0.00000	0.00060
289	0.00000	0.94502	0.00000	0.00000	0.00000	0.05498
290	0.00000	0.99997	0.00000	0.00000	0.00000	0.00003
291	0.00000	0.99997	0.00000	0.00000	0.00000	0.00003
292	0.00000	0.97803	0.00000	0.00003	0.00000	0.02194
293	0.00000	0.99993	0.00000	0.00000	0.00000	0.00007
294	0.00000	1.00000	0.00000	0.00000	0.00000	0.00000
295	0.00000	0.99986	0.00000	0.00000	0.00000	0.00014
296	0.99993	0.00000	0.00000	0.00000	0.00007	0.00000
297	0.18340	0.15076	0.16627	0.16644	0.17471	0.15841
298	0.00000	0.99967	0.00000	0.00000	0.00000	0.00033
299	0.00000	0.88106	0.00000	0.01282	0.00000	0.10612
300	0.99954	0.00000	0.00000	0.00000	0.00046	0.00000
301	0.00000	0.99997	0.00000	0.00000	0.00000	0.00003
302	0.00000	0.99987	0.00000	0.00000	0.00000	0.00013
303	0.00000	0.99977	0.00000	0.00000	0.00000	0.00023
304	0.00000	0.99923	0.00000	0.00000	0.00000	0.00077
305	0.00000	0.99998	0.00000	0.00000	0.00000	0.00002
306	0.00000	0.99997	0.00000	0.00000	0.00000	0.00003
307	0.00000	0.99945	0.00000	0.00000	0.00000	0.00055
308	0.00000	0.99948	0.00000	0.00000	0.00000	0.00052
309	0.00000	0.99999	0.00000	0.00000	0.00000	0.00001
310	0.00000	0.99997	0.00000	0.00000	0.00000	0.00003
311	0.00000	0.99958	0.00000	0.00000	0.00000	0.00042
312	0.00000	0.75108	0.00001	0.05185	0.00000	0.19706
313	0.00000	0.99998	0.00000	0.00000	0.00000	0.00002
314	0.00000	0.99995	0.00000	0.00000	0.00000	0.00005
315	0.00000	0.99984	0.00000	0.00000	0.00000	0.00016
316	0.00000	0.88232	0.00000	0.00001	0.00000	0.11766
317	0.00000	0.99995	0.00000	0.00000	0.00000	0.00005
318	0.00000	0.99977	0.00000	0.00000	0.00000	0.00023
319	0.00000	0.99987	0.00000	0.00000	0.00000	0.00013
320	0.00000	0.88604	0.00000	0.00005	0.00000	0.11391
321	0.00000	0.67454	0.00000	0.00038	0.00000	0.32508
322	0.00000	0.97253	0.00000	0.00050	0.00000	0.02697
323	0.00000	0.99999	0.00000	0.00000	0.00000	0.00001
324	0.00000	0.99255	0.00000	0.00000	0.00000	0.00745
325	0.00000	0.99997	0.00000	0.00000	0.00000	0.00003
326	0.00000	0.99959	0.00000	0.00000	0.00000	0.00041
327	0.00000	0.98813	0.00000	0.00010	0.00000	0.01177
328	0.00000	0.99999	0.00000	0.00000	0.00000	0.00001
329	0.00000	0.99999	0.00000	0.00000	0.00000	0.00001
330	0.00000	0.99979	0.00000	0.00000	0.00000	0.00021
331	0.00000	0.96447	0.00000	0.00133	0.00000	0.03420
332	0.00000	0.99910	0.00000	0.00000	0.00000	0.00090
333	0.00000	1.00000	0.00000	0.00000	0.00000	0.00000
334	0.00000	0.99999	0.00000	0.00000	0.00000	0.00001
335	0.00000	0.99998	0.00000	0.00000	0.00000	0.00002
336	0.00000	0.99989	0.00000	0.00000	0.00000	0.00011
337	0.00000	0.55021	0.00044	0.15700	0.00027	0.29209
338	0.00000	0.99909	0.00000	0.00000	0.00000	0.00091
339	0.00000	1.00000	0.00000	0.00000	0.00000	0.00000
340	0.00000	0.99991	0.00000	0.00000	0.00000	0.00009
341	0.00000	0.00000	0.99956	0.00015	0.00000	0.00028
342	0.00000	0.99921	0.00000	0.00000	0.00000	0.00079
343	0.00000	0.99953	0.00000	0.00000	0.00000	0.00047
344	0.00000	0.00000	0.00000	0.00029	0.00000	0.99970
345	0.00000	0.99993	0.00000	0.00000	0.00000	0.00007
346	0.00000	0.99993	0.00000	0.00000	0.00000	0.00007
347	0.00000	0.96992	0.00000	0.00046	0.00000	0.02962
348	0.00000	0.00000	0.00000	0.00014	0.00000	0.99986
349	0.00000	0.99831	0.00000	0.00000	0.00000	0.00169
350	0.00000	0.99987	0.00000	0.00000	0.00000	0.00013
351	0.00000	0.99987	0.00000	0.00000	0.00000	0.00013
352	0.00000	0.99432	0.00000	0.00002	0.00000	0.00566
353	0.00000	0.99990	0.00000	0.00000	0.00000	0.00010
354	0.00000	0.98484	0.00000	0.00019	0.00000	0.01497
355	0.00000	0.96651	0.00000	0.00097	0.00000	0.03252
356	0.99999	0.00000	0.00000	0.00000	0.00001	0.00000
357	0.00000	0.99999	0.00000	0.00000	0.00000	0.00001
358	0.00000	0.99978	0.00000	0.00000	0.00000	0.00022
359	0.02913	0.22817	0.07361	0.31386	0.08813	0.26711
360	0.00000	0.99992	0.00000	0.00000	0.00000	0.00008
361	0.00000	0.99967	0.00000	0.00000	0.00000	0.00033
362	0.99999	0.00000	0.00000	0.00000	0.00001	0.00000
363	1.00000	0.00000	0.00000	0.00000	0.00000	0.00000
364	0.00000	0.99924	0.00000	0.00000	0.00000	0.00076
365	0.00000	0.99883	0.00000	0.00000	0.00000	0.00117
366	0.00000	0.99994	0.00000	0.00000	0.00000	0.00006
367	0.00000	0.99963	0.00000	0.00000	0.00000	0.00037
368	0.00000	0.99980	0.00000	0.00000	0.00000	0.00020
369	0.99996	0.00000	0.00000	0.00000	0.00004	0.00000
370	0.00000	0.99989	0.00000	0.00000	0.00000	0.00011
371	0.00000	0.99949	0.00000	0.00000	0.00000	0.00051
372	0.00000	0.99999	0.00000	0.00000	0.00000	0.00001
373	0.00000	0.99982	0.00000	0.00000	0.00000	0.00018
374	0.00000	0.96198	0.00000	0.00126	0.00000	0.03676
375	0.73495	0.00000	0.00000	0.00003	0.26502	0.00000
376	0.00000	0.99815	0.00000	0.00000	0.00000	0.00185
377	0.00000	0.71582	0.00117	0.06077	0.00026	0.22198
378	0.99991	0.00000	0.00000	0.00000	0.00009	0.00000
379	0.99955	0.00000	0.00000	0.00000	0.00045	0.00000
380	0.00000	0.99917	0.00000	0.00000	0.00000	0.00083
381	0.00000	0.99999	0.00000	0.00000	0.00000	0.00001
382	0.00000	1.00000	0.00000	0.00000	0.00000	0.00000
383	0.99944	0.00000	0.00000	0.00000	0.00056	0.00000
384	0.00000	0.99998	0.00000	0.00000	0.00000	0.00002
385	0.00000	0.99996	0.00000	0.00000	0.00000	0.00004
386	0.00000	0.99990	0.00000	0.00000	0.00000	0.00010
387	0.00000	0.99924	0.00000	0.00000	0.00000	0.00076
388	0.99917	0.00000	0.00000	0.00000	0.00082	0.00000
389	0.00000	0.99868	0.00000	0.00000	0.00000	0.00132
390	0.00000	0.99993	0.00000	0.00000	0.00000	0.00007
391	0.00000	0.99999	0.00000	0.00000	0.00000	0.00001
392	0.00000	0.99559	0.00000	0.00002	0.00000	0.00439
393	0.00000	0.26271	0.00000	0.33229	0.00000	0.40500
394	0.00000	0.98366	0.00000	0.00004	0.00000	0.01629
395	0.00000	0.99777	0.00000	0.00000	0.00000	0.00223
396	0.00000	0.99998	0.00000	0.00000	0.00000	0.00002
397	0.00000	0.99983	0.00000	0.00000	0.00000	0.00017
398	0.00000	0.99991	0.00000	0.00000	0.00000	0.00009
399	0.00428	0.50993	0.08686	0.11285	0.03103	0.25506
400	0.00000	0.99982	0.00000	0.00000	0.00000	0.00018
401	0.00000	0.99999	0.00000	0.00000	0.00000	0.00001
402	0.00000	0.91543	0.00000	0.00597	0.00000	0.07860
403	0.00000	0.99746	0.00000	0.00000	0.00000	0.00254
404	0.00000	0.99957	0.00000	0.00000	0.00000	0.00043
405	0.00000	0.99980	0.00000	0.00000	0.00000	0.00020
406	0.00000	0.99713	0.00000	0.00000	0.00000	0.00287
407	0.00000	0.99999	0.00000	0.00000	0.00000	0.00001
408	0.00000	0.99928	0.00000	0.00000	0.00000	0.00072
409	0.00000	0.99992	0.00000	0.00000	0.00000	0.00008
410	0.00000	0.99992	0.00000	0.00000	0.00000	0.00008
411	0.00000	1.00000	0.00000	0.00000	0.00000	0.00000
412	0.99993	0.00000	0.00000	0.00000	0.00007	0.00000
413	0.00000	0.99990	0.00000	0.00000	0.00000	0.00010
414	0.00000	0.99789	0.00000	0.00000	0.00000	0.00211
415	0.00000	0.99993	0.00000	0.00000	0.00000	0.00007
416	0.00000	0.99627	0.00000	0.00001	0.00000	0.00372
417	0.00000	0.99999	0.00000	0.00000	0.00000	0.00001
418	0.00000	1.00000	0.00000	0.00000	0.00000	0.00000
419	0.00000	0.99998	0.00000	0.00000	0.00000	0.00002
420	0.00000	0.99993	0.00000	0.00000	0.00000	0.00007
421	0.00000	0.99992	0.00000	0.00000	0.00000	0.00008
422	0.00000	0.99991	0.00000	0.00000	0.00000	0.00009
423	0.00000	0.94461	0.00000	0.00237	0.00000	0.05302
424	0.00000	0.98118	0.00000	0.00036	0.00000	0.01847
425	0.00000	0.99628	0.00000	0.00000	0.00000	0.00372
426	0.00000	0.99981	0.00000	0.00000	0.00000	0.00019
427	0.00000	0.99946	0.00000	0.00000	0.00000	0.00054
428	0.00000	0.99940	0.00000	0.00000	0.00000	0.00060
429	0.00000	0.99892	0.00000	0.00000	0.00000	0.00108
430	0.00000	0.99984	0.00000	0.00000	0.00000	0.00016
431	0.00000	1.00000	0.00000	0.00000	0.00000	0.00000
432	0.00000	0.99950	0.00000	0.00000	0.00000	0.00050
433	0.00000	0.99685	0.00000	0.00000	0.00000	0.00314
434	0.00000	0.99983	0.00000	0.00000	0.00000	0.00017
435	0.00000	0.99341	0.00000	0.00004	0.00000	0.00655
436	0.00000	0.99894	0.00000	0.00000	0.00000	0.00106
437	0.99986	0.00000	0.00000	0.00000	0.00014	0.00000
438	0.00000	0.99863	0.00000	0.00000	0.00000	0.00137
439	0.00000	0.99996	0.00000	0.00000	0.00000	0.00004
440	0.00000	0.99999	0.00000	0.00000	0.00000	0.00001
441	0.00000	0.99994	0.00000	0.00000	0.00000	0.00006
442	0.00000	0.99985	0.00000	0.00000	0.00000	0.00015
443	0.00000	0.99992	0.00000	0.00000	0.00000	0.00008
444	0.00000	0.99940	0.00000	0.00000	0.00000	0.00060
445	0.00000	0.95897	0.00000	0.00003	0.00000	0.04099
446	0.00000	0.98604	0.00000	0.00000	0.00000	0.01395
447	0.00000	0.99992	0.00000	0.00000	0.00000	0.00008
448	0.00000	0.99999	0.00000	0.00000	0.00000	0.00001
449	0.00000	0.99980	0.00000	0.00000	0.00000	0.00020
450	0.00000	0.99994	0.00000	0.00000	0.00000	0.00006
451	0.00000	0.99713	0.00000	0.00000	0.00000	0.00287
452	0.00000	1.00000	0.00000	0.00000	0.00000	0.00000
453	0.00000	0.97262	0.00000	0.00065	0.00000	0.02672
454	0.00000	0.99990	0.00000	0.00000	0.00000	0.00010
455	0.00000	0.99994	0.00000	0.00000	0.00000	0.00006
456	0.00000	0.97221	0.00000	0.00025	0.00000	0.02754
457	0.00000	0.99978	0.00000	0.00000	0.00000	0.00022
458	0.00000	0.99932	0.00000	0.00000	0.00000	0.00068
459	0.00000	0.99980	0.00000	0.00000	0.00000	0.00020
460	0.00000	0.99646	0.00000	0.00000	0.00000	0.00353
461	0.99999	0.00000	0.00000	0.00000	0.00001	0.00000
462	0.00000	0.99893	0.00000	0.00000	0.00000	0.00107
463	0.00000	0.99643	0.00000	0.00000	0.00000	0.00357
464	0.03192	0.28479	0.17946	0.16743	0.10393	0.23248
465	0.99986	0.00000	0.00000	0.00000	0.00014	0.00000
466	0.00000	0.99981	0.00000	0.00000	0.00000	0.00019
467	0.00000	0.99990	0.00000	0.00000	0.00000	0.00010
468	0.00000	0.94796	0.00000	0.00254	0.00000	0.04950
469	0.00000	0.99997	0.00000	0.00000	0.00000	0.00003
470	0.00000	0.99996	0.00000	0.00000	0.00000	0.00004
471	0.00000	0.99994	0.00000	0.00000	0.00000	0.00006
472	0.00000	0.99991	0.00000	0.00000	0.00000	0.00009
473	0.00000	0.99899	0.00000	0.00000	0.00000	0.00101
474	0.00000	0.99997	0.00000	0.00000	0.00000	0.00003
475	0.00000	0.79157	0.00005	0.03393	0.00001	0.17443
476	0.00000	0.99996	0.00000	0.00000	0.00000	0.00004
477	0.00000	0.99994	0.00000	0.00000	0.00000	0.00006
478	0.00000	0.99997	0.00000	0.00000	0.00000	0.00003
479	0.00000	0.99993	0.00000	0.00000	0.00000	0.00007
480	0.00000	0.99616	0.00000	0.00001	0.00000	0.00383
481	0.00000	1.00000	0.00000	0.00000	0.00000	0.00000
482	0.00000	0.99833	0.00000	0.00000	0.00000	0.00167
483	0.00000	1.00000	0.00000	0.00000	0.00000	0.00000
484	0.00000	0.99986	0.00000	0.00000	0.00000	0.00014
485	0.00000	0.99969	0.00000	0.00000	0.00000	0.00031
486	0.00000	0.99979	0.00000	0.00000	0.00000	0.00021
487	0.00000	0.99925	0.00000	0.00000	0.00000	0.00074
488	0.00000	0.99815	0.00000	0.00000	0.00000	0.00185
489	0.00000	0.99998	0.00000	0.00000	0.00000	0.00002
490	0.00000	1.00000	0.00000	0.00000	0.00000	0.00000
491	0.00000	0.99708	0.00000	0.00000	0.00000	0.00292
492	0.00000	0.99970	0.00000	0.00000	0.00000	0.00030
493	0.00000	0.99610	0.00000	0.00001	0.00000	0.00389
494	0.00000	0.99997	0.00000	0.00000	0.00000	0.00003
495	0.00000	0.95025	0.00000	0.00184	0.00000	0.04790
496	0.00000	0.99987	0.00000	0.00000	0.00000	0.00013
497	0.00000	0.99999	0.00000	0.00000	0.00000	0.00001
498	0.00000	0.99996	0.00000	0.00000	0.00000	0.00004
499	0.00000	0.99989	0.00000	0.00000	0.00000	0.00011
500	0.00000	0.99999	0.00000	0.00000	0.00000	0.00001
501	0.00000	0.85312	0.00022	0.01446	0.00001	0.13218
502	0.00000	0.93748	0.00000	0.00000	0.00000	0.06252
503	0.00000	0.97819	0.00000	0.00047	0.00000	0.02134
504	0.00000	0.99996	0.00000	0.00000	0.00000	0.00004
505	0.00000	0.99996	0.00000	0.00000	0.00000	0.00004
506	0.00000	0.99989	0.00000	0.00000	0.00000	0.00011
507	0.99824	0.00000	0.00000	0.00000	0.00176	0.00000
508	0.99998	0.00000	0.00000	0.00000	0.00002	0.00000
509	0.00000	0.22479	0.00000	0.00290	0.00000	0.77231
510	0.00000	0.99986	0.00000	0.00000	0.00000	0.00014
511	0.00000	1.00000	0.00000	0.00000	0.00000	0.00000
512	0.00000	0.99976	0.00000	0.00000	0.00000	0.00024
513	0.00000	0.99985	0.00000	0.00000	0.00000	0.00015
514	0.62068	0.00000	0.00000	0.00002	0.37930	0.00000
515	0.00000	0.99916	0.00000	0.00000	0.00000	0.00084
516	0.99932	0.00000	0.00000	0.00000	0.00068	0.00000
517	0.00000	0.92423	0.00000	0.00343	0.00000	0.07234
518	0.00000	0.99961	0.00000	0.00000	0.00000	0.00039
519	0.99985	0.00000	0.00000	0.00000	0.00015	0.00000
520	0.00000	0.99996	0.00000	0.00000	0.00000	0.00004
521	0.00000	1.00000	0.00000	0.00000	0.00000	0.00000
522	0.00000	0.99972	0.00000	0.00000	0.00000	0.00028
523	0.00000	0.99995	0.00000	0.00000	0.00000	0.00005
524	0.00000	1.00000	0.00000	0.00000	0.00000	0.00000
525	0.00000	0.99949	0.00000	0.00000	0.00000	0.00051
526	0.00000	0.99601	0.00000	0.00000	0.00000	0.00399
527	0.00000	0.99875	0.00000	0.00000	0.00000	0.00125
528	0.00000	0.99995	0.00000	0.00000	0.00000	0.00005
529	0.00000	0.99345	0.00000	0.00005	0.00000	0.00650
530	0.00000	0.85537	0.00001	0.01687	0.00000	0.12775
531	0.00000	0.99893	0.00000	0.00000	0.00000	0.00107
532	0.00000	0.99766	0.00000	0.00000	0.00000	0.00234
533	0.00000	0.99993	0.00000	0.00000	0.00000	0.00007
534	0.99994	0.00000	0.00000	0.00000	0.00006	0.00000
535	0.00000	0.99998	0.00000	0.00000	0.00000	0.00002
536	0.00000	0.99998	0.00000	0.00000	0.00000	0.00002
537	0.00000	0.99865	0.00000	0.00000	0.00000	0.00135
538	0.94955	0.00000	0.00000	0.00001	0.05045	0.00000
539	0.00000	0.95815	0.00000	0.00155	0.00000	0.04030
540	0.00000	0.99976	0.00000	0.00000	0.00000	0.00024
541	0.97593	0.00000	0.00000	0.00058	0.02350	0.00000
542	0.97660	0.00000	0.00000	0.00002	0.02338	0.00000
543	0.99987	0.00000	0.00000	0.00000	0.00013	0.00000
544	0.00000	0.99989	0.00000	0.00000	0.00000	0.00011
545	0.00000	0.99273	0.00000	0.00000	0.00000	0.00727
546	0.00000	1.00000	0.00000	0.00000	0.00000	0.00000
547	0.00000	0.89417	0.00000	0.00003	0.00000	0.10580
548	0.00000	1.00000	0.00000	0.00000	0.00000	0.00000
549	0.99187	0.00000	0.00000	0.00005	0.00808	0.00000
550	0.00000	0.99988	0.00000	0.00000	0.00000	0.00012
551	0.00000	0.99976	0.00000	0.00000	0.00000	0.00024
552	0.99987	0.00000	0.00000	0.00000	0.00013	0.00000
553	0.00000	0.99996	0.00000	0.00000	0.00000	0.00004
554	0.00000	0.99965	0.00000	0.00000	0.00000	0.00035
555	0.00000	0.99998	0.00000	0.00000	0.00000	0.00002
556	0.00000	0.99999	0.00000	0.00000	0.00000	0.00001
557	0.00000	0.00000	0.92398	0.00300	0.00000	0.07302
558	0.00000	0.99990	0.00000	0.00000	0.00000	0.00010
559	0.00000	0.99985	0.00000	0.00000	0.00000	0.00015
560	0.99998	0.00000	0.00000	0.00000	0.00002	0.00000
561	0.99996	0.00000	0.00000	0.00000	0.00004	0.00000
562	0.99999	0.00000	0.00000	0.00000	0.00001	0.00000
563	0.99975	0.00000	0.00000	0.00000	0.00025	0.00000
564	0.00000	0.99959	0.00000	0.00000	0.00000	0.00041
565	0.00000	0.99994	0.00000	0.00000	0.00000	0.00006
566	0.99997	0.00000	0.00000	0.00000	0.00003	0.00000
567	0.00000	0.99977	0.00000	0.00000	0.00000	0.00023
568	0.21690	0.11832	0.15954	0.17088	0.19234	0.14203
569	0.99999	0.00000	0.00000	0.00000	0.00001	0.00000
570	0.00000	0.99999	0.00000	0.00000	0.00000	0.00001
571	0.00000	0.99671	0.00000	0.00000	0.00000	0.00329
572	0.00000	0.99964	0.00000	0.00000	0.00000	0.00036
573	0.00000	0.99336	0.00000	0.00000	0.00000	0.00664
574	0.00000	0.99986	0.00000	0.00000	0.00000	0.00014
575	0.00000	0.99563	0.00000	0.00001	0.00000	0.00436
576	0.00000	0.00000	0.00000	0.01008	0.98992	0.00000
577	0.00000	0.99998	0.00000	0.00000	0.00000	0.00002
578	1.00000	0.00000	0.00000	0.00000	0.00000	0.00000
579	0.00000	0.99996	0.00000	0.00000	0.00000	0.00004
580	0.00000	0.99984	0.00000	0.00000	0.00000	0.00016
581	0.00000	0.96278	0.00000	0.00121	0.00000	0.03602
582	0.00000	0.99867	0.00000	0.00000	0.00000	0.00133
583	0.00000	0.99979	0.00000	0.00000	0.00000	0.00021
584	0.00000	0.97294	0.00000	0.00058	0.00000	0.02649
585	0.00000	0.99920	0.00000	0.00000	0.00000	0.00080
586	0.00000	0.99390	0.00000	0.00000	0.00000	0.00610
587	0.00000	0.99997	0.00000	0.00000	0.00000	0.00003
588	0.00000	0.99997	0.00000	0.00000	0.00000	0.00003
589	0.00000	0.99977	0.00000	0.00000	0.00000	0.00023
590	0.00000	0.99939	0.00000	0.00000	0.00000	0.00061
591	0.00000	0.99993	0.00000	0.00000	0.00000	0.00007
592	0.00000	0.95960	0.00000	0.00166	0.00000	0.03873
593	0.00000	0.99792	0.00000	0.00000	0.00000	0.00208
594	0.00000	0.99933	0.00000	0.00000	0.00000	0.00067
595	0.00000	0.99980	0.00000	0.00000	0.00000	0.00020
596	0.00000	0.99996	0.00000	0.00000	0.00000	0.00004
597	0.00000	0.00002	0.00002	0.93225	0.00008	0.06764
598	0.00000	0.99999	0.00000	0.00000	0.00000	0.00001
599	0.00000	0.95172	0.00000	0.00126	0.00000	0.04702
600	0.00000	0.06244	0.00037	0.10947	0.00003	0.82769
601	0.00000	0.99936	0.00000	0.00000	0.00000	0.00064
602	0.00000	0.06853	0.00000	0.05503	0.00000	0.87644
603	0.99995	0.00000	0.00000	0.00000	0.00005	0.00000
604	0.97649	0.00000	0.00000	0.00055	0.02296	0.00000
605	0.00000	0.99997	0.00000	0.00000	0.00000	0.00003
606	0.00000	0.96275	0.00000	0.00082	0.00000	0.03643
607	0.00000	0.99996	0.00000	0.00000	0.00000	0.00004
608	0.00000	0.99999	0.00000	0.00000	0.00000	0.00001
609	0.00000	0.99959	0.00000	0.00000	0.00000	0.00041
610	0.00000	0.99976	0.00000	0.00000	0.00000	0.00024
611	0.98103	0.00000	0.00000	0.00000	0.01896	0.00000
612	0.00000	0.99985	0.00000	0.00000	0.00000	0.00015
613	0.00000	0.99878	0.00000	0.00000	0.00000	0.00122
614	0.00000	0.99991	0.00000	0.00000	0.00000	0.00009
615	0.00000	0.98872	0.00000	0.00009	0.00000	0.01119
616	0.00000	0.99933	0.00000	0.00000	0.00000	0.00067
617	0.00000	0.99993	0.00000	0.00000	0.00000	0.00007
618	0.00000	0.99751	0.00000	0.00000	0.00000	0.00249
619	0.00000	0.99752	0.00000	0.00000	0.00000	0.00248
620	0.00000	0.99934	0.00000	0.00000	0.00000	0.00066
621	0.00000	0.99989	0.00000	0.00000	0.00000	0.00011
622	0.00000	0.99791	0.00000	0.00000	0.00000	0.00209
623	0.00000	0.98619	0.00000	0.00022	0.00000	0.01359
624	0.00000	0.99978	0.00000	0.00000	0.00000	0.00022
625	0.00000	0.99969	0.00000	0.00000	0.00000	0.00031
626	0.00000	0.99999	0.00000	0.00000	0.00000	0.00001
627	0.00000	0.90488	0.00002	0.00827	0.00000	0.08683
628	0.00000	0.99985	0.00000	0.00000	0.00000	0.00015
629	0.00000	0.99956	0.00000	0.00000	0.00000	0.00044
630	0.00000	0.99995	0.00000	0.00000	0.00000	0.00005
631	0.00000	0.99998	0.00000	0.00000	0.00000	0.00002
632	0.00000	0.99998	0.00000	0.00000	0.00000	0.00002
633	0.99669	0.00000	0.00000	0.00000	0.00331	0.00000
634	0.00000	0.97177	0.00000	0.00004	0.00000	0.02819
635	0.00000	0.99999	0.00000	0.00000	0.00000	0.00001
636	0.00000	0.99980	0.00000	0.00000	0.00000	0.00020
637	0.00000	0.99686	0.00000	0.00001	0.00000	0.00313
638	0.00000	0.45726	0.00000	0.11670	0.00000	0.42604
639	0.00000	0.99990	0.00000	0.00000	0.00000	0.00010
640	0.00000	0.99994	0.00000	0.00000	0.00000	0.00006
641	0.00000	0.99996	0.00000	0.00000	0.00000	0.00004
642	0.00000	0.99999	0.00000	0.00000	0.00000	0.00001
643	0.00000	0.99990	0.00000	0.00000	0.00000	0.00010
644	0.00000	0.99982	0.00000	0.00000	0.00000	0.00018
645	0.00000	0.00080	0.00000	0.00055	0.00000	0.99865
646	0.00000	0.99998	0.00000	0.00000	0.00000	0.00002
647	0.00000	0.99971	0.00000	0.00000	0.00000	0.00029
648	0.00000	0.99907	0.00000	0.00000	0.00000	0.00093
649	0.00000	0.99361	0.00000	0.00000	0.00000	0.00638
650	0.00000	0.99767	0.00000	0.00000	0.00000	0.00233
651	0.99987	0.00000	0.00000	0.00000	0.00013	0.00000
652	0.00000	0.99999	0.00000	0.00000	0.00000	0.00001
653	0.00000	0.99958	0.00000	0.00000	0.00000	0.00042
654	0.92905	0.00000	0.00000	0.00605	0.06489	0.00000
655	0.00000	0.99967	0.00000	0.00000	0.00000	0.00033
656	0.00000	0.99998	0.00000	0.00000	0.00000	0.00002
657	0.00000	0.99995	0.00000	0.00000	0.00000	0.00005
658	0.00000	0.99994	0.00000	0.00000	0.00000	0.00006
659	0.00000	1.00000	0.00000	0.00000	0.00000	0.00000
660	0.92780	0.00000	0.00000	0.00489	0.06731	0.00000
661	0.00000	0.99996	0.00000	0.00000	0.00000	0.00004
662	0.00000	0.99950	0.00000	0.00000	0.00000	0.00050
663	0.00000	0.99989	0.00000	0.00000	0.00000	0.00011
664	0.00000	0.91608	0.00000	0.00650	0.00000	0.07743
665	0.99995	0.00000	0.00000	0.00000	0.00005	0.00000
666	0.00000	0.93239	0.00000	0.00061	0.00000	0.06700
667	0.99999	0.00000	0.00000	0.00000	0.00001	0.00000
668	0.99986	0.00000	0.00000	0.00000	0.00014	0.00000
669	0.99941	0.00000	0.00000	0.00000	0.00059	0.00000
670	0.99998	0.00000	0.00000	0.00000	0.00002	0.00000
671	0.99992	0.00000	0.00000	0.00000	0.00008	0.00000
672	0.00000	0.99972	0.00000	0.00000	0.00000	0.00028
673	0.00000	0.99989	0.00000	0.00000	0.00000	0.00011
674	0.00000	0.99875	0.00000	0.00000	0.00000	0.00125
675	0.00000	0.88817	0.00001	0.01128	0.00000	0.10053
676	0.00000	0.99955	0.00000	0.00000	0.00000	0.00045
677	0.00000	0.99738	0.00000	0.00000	0.00000	0.00262
678	0.00000	0.99703	0.00000	0.00000	0.00000	0.00297
679	0.99987	0.00000	0.00000	0.00000	0.00013	0.00000
680	0.00000	0.99994	0.00000	0.00000	0.00000	0.00006
681	0.00000	0.99999	0.00000	0.00000	0.00000	0.00001
682	0.00000	0.99979	0.00000	0.00000	0.00000	0.00021
683	0.00000	0.99999	0.00000	0.00000	0.00000	0.00001
684	0.00000	0.99940	0.00000	0.00000	0.00000	0.00060
685	0.00000	0.99984	0.00000	0.00000	0.00000	0.00016
686	0.00000	0.99993	0.00000	0.00000	0.00000	0.00007
687	0.00000	0.99997	0.00000	0.00000	0.00000	0.00003
688	0.00000	0.99988	0.00000	0.00000	0.00000	0.00012
689	0.00000	0.99995	0.00000	0.00000	0.00000	0.00005
690	0.00000	0.99934	0.00000	0.00000	0.00000	0.00066
691	0.00000	0.99995	0.00000	0.00000	0.00000	0.00005
692	0.00000	0.99997	0.00000	0.00000	0.00000	0.00003
693	0.00000	0.99964	0.00000	0.00000	0.00000	0.00036
694	0.00000	0.99956	0.00000	0.00000	0.00000	0.00044
695	0.00000	0.85174	0.00002	0.01963	0.00000	0.12861
696	0.00000	0.99809	0.00000	0.00000	0.00000	0.00191
697	0.00000	0.99997	0.00000	0.00000	0.00000	0.00003
698	0.00000	0.99982	0.00000	0.00000	0.00000	0.00018
699	0.00000	0.07190	0.00000	0.11315	0.00000	0.81494
700	0.00000	0.99844	0.00000	0.00000	0.00000	0.00156
701	0.00000	0.99997	0.00000	0.00000	0.00000	0.00003
702	0.99999	0.00000	0.00000	0.00000	0.00001	0.00000
703	0.99995	0.00000	0.00000	0.00000	0.00005	0.00000
704	0.99996	0.00000	0.00000	0.00000	0.00004	0.00000
705	0.88657	0.00000	0.00000	0.01178	0.10165	0.00000
706	0.00000	0.99823	0.00000	0.00000	0.00000	0.00177
707	0.00000	0.99968	0.00000	0.00000	0.00000	0.00032
708	0.99896	0.00000	0.00000	0.00000	0.00103	0.00000
709	0.00000	0.99980	0.00000	0.00000	0.00000	0.00020
710	0.00000	0.76926	0.00000	0.00109	0.00000	0.22965
711	0.00000	0.99875	0.00000	0.00000	0.00000	0.00124
712	0.00000	0.99912	0.00000	0.00000	0.00000	0.00088
713	0.00000	0.99999	0.00000	0.00000	0.00000	0.00001
714	0.00000	0.99934	0.00000	0.00000	0.00000	0.00066
715	0.99706	0.00000	0.00000	0.00000	0.00294	0.00000
716	0.00000	0.86909	0.00001	0.01526	0.00000	0.11565
717	0.00000	0.99910	0.00000	0.00000	0.00000	0.00090
718	0.00000	0.99993	0.00000	0.00000	0.00000	0.00007
719	0.99995	0.00000	0.00000	0.00000	0.00005	0.00000
720	0.00000	0.99985	0.00000	0.00000	0.00000	0.00015
721	0.00000	0.99985	0.00000	0.00000	0.00000	0.00015
722	0.00000	0.99999	0.00000	0.00000	0.00000	0.00001
723	0.00000	0.99975	0.00000	0.00000	0.00000	0.00025
724	0.00000	0.99998	0.00000	0.00000	0.00000	0.00002
725	0.00000	0.19887	0.00018	0.20438	0.00005	0.59652
726	0.00000	0.76635	0.00001	0.04616	0.00000	0.18747
727	0.00000	0.99994	0.00000	0.00000	0.00000	0.00006
728	0.00000	0.99971	0.00000	0.00000	0.00000	0.00029
729	0.00000	0.49244	0.00000	0.18549	0.00000	0.32206
730	0.00000	0.99970	0.00000	0.00000	0.00000	0.00030
731	0.00000	0.99979	0.00000	0.00000	0.00000	0.00021
732	0.00000	0.99984	0.00000	0.00000	0.00000	0.00016
733	0.99992	0.00000	0.00000	0.00000	0.00008	0.00000
734	0.00000	0.99856	0.00000	0.00000	0.00000	0.00144
735	0.00000	0.99734	0.00000	0.00000	0.00000	0.00266
736	0.00000	0.99931	0.00000	0.00000	0.00000	0.00069
737	0.00000	0.97996	0.00000	0.00036	0.00000	0.01968
738	0.00000	0.99999	0.00000	0.00000	0.00000	0.00001
739	0.99987	0.00000	0.00000	0.00000	0.00013	0.00000
740	0.00000	0.97761	0.00000	0.00044	0.00000	0.02196
741	0.00000	0.99990	0.00000	0.00000	0.00000	0.00010
742	0.99658	0.00000	0.00000	0.00000	0.00342	0.00000
743	0.00000	0.99999	0.00000	0.00000	0.00000	0.00001
744	0.00000	0.87208	0.00000	0.00001	0.00000	0.12792
745	0.00000	0.99995	0.00000	0.00000	0.00000	0.00005
746	0.99990	0.00000	0.00000	0.00000	0.00010	0.00000
747	0.00000	0.99981	0.00000	0.00000	0.00000	0.00019
748	0.00000	0.99977	0.00000	0.00000	0.00000	0.00023
749	0.00000	0.99892	0.00000	0.00000	0.00000	0.00108
750	0.00000	0.99998	0.00000	0.00000	0.00000	0.00002
751	0.00684	0.46117	0.10484	0.12743	0.04174	0.25798
752	0.00000	0.99997	0.00000	0.00000	0.00000	0.00003
753	0.00000	0.99989	0.00000	0.00000	0.00000	0.00011
754	0.00000	0.99775	0.00000	0.00000	0.00000	0.00225
755	0.00000	0.99998	0.00000	0.00000	0.00000	0.00002
756	0.00000	0.92802	0.00000	0.00370	0.00000	0.06828
757	0.00000	0.99965	0.00000	0.00000	0.00000	0.00035
758	0.00000	0.95787	0.00000	0.00118	0.00000	0.04095
759	0.00000	0.97205	0.00000	0.00071	0.00000	0.02724
760	0.99994	0.00000	0.00000	0.00000	0.00006	0.00000
761	0.99999	0.00000	0.00000	0.00000	0.00001	0.00000
762	0.00000	0.00000	0.00000	0.37400	0.00000	0.62600
763	0.00000	0.99910	0.00000	0.00000	0.00000	0.00090
764	0.00000	0.99964	0.00000	0.00000	0.00000	0.00036
765	0.00000	0.99999	0.00000	0.00000	0.00000	0.00001
766	0.00000	0.99984	0.00000	0.00000	0.00000	0.00016
767	0.00000	0.99953	0.00000	0.00000	0.00000	0.00047
768	0.00000	0.99996	0.00000	0.00000	0.00000	0.00004
769	0.00000	0.99791	0.00000	0.00000	0.00000	0.00209
770	0.00000	0.99672	0.00000	0.00001	0.00000	0.00327
771	0.00000	0.99987	0.00000	0.00000	0.00000	0.00013
772	0.00000	0.99998	0.00000	0.00000	0.00000	0.00002
773	0.00000	0.99996	0.00000	0.00000	0.00000	0.00004
774	0.00000	0.99001	0.00000	0.00010	0.00000	0.00989
775	0.00000	0.82964	0.00000	0.00009	0.00000	0.17027
776	0.00000	0.99998	0.00000	0.00000	0.00000	0.00002
777	0.00000	0.99999	0.00000	0.00000	0.00000	0.00001
