999901_sweeps	1.000/0.000/0.000/0.000	0.000/0.000/0.000/1.000	0.000/0.500/0.500/0.000	0.250/0.250/0.250/0.250	0.500/0.250/0.250/0.000	0.000/0.250/0.250/0.500
1	0.00000	0.99998	0.00000	0.00000	0.00000	0.00002
2	0.00000	0.99999	0.00000	0.00000	0.00000	0.00001
3	0.00000	0.99988	0.00000	0.00000	0.00000	0.00012
4	0.00000	0.94441	0.00000	0.00297	0.00000	0.05262
5	0.00000	1.00000	0.00000	0.00000	0.00000	0.00000
6	0.00000	0.99993	0.00000	0.00000	0.00000	0.00007
7	0.00000	0.99995	0.00000	0.00000	0.00000	0.00005
8	0.00000	0.99999	0.00000	0.00000	0.00000	0.00001
9	0.00000	0.99994	0.00000	0.00000	0.00000	0.00006
10	0.00000	0.00000	0.00201	0.52126	0.47673	0.00000
11	0.99997	0.00000	0.00000	0.00000	0.00003	0.00000
12	0.00000	0.94927	0.00000	0.00007	0.00000	0.05066
13	0.00000	0.99997	0.00000	0.00000	0.00000	0.00003
14	0.00000	1.00000	0.00000	0.00000	0.00000	0.00000
15	0.00000	0.99999	0.00000	0.00000	0.00000	0.00001
16	0.00000	0.99852	0.00000	0.00000	0.00000	0.00148
17	0.99994	0.00000	0.00000	0.00000	0.00006	0.00000
18	0.98766	0.00000	0.00000	0.00015	0.01219	0.00000
19	0.00000	0.98855	0.00000	0.00011	0.00000	0.01134
20	0.99997	0.00000	0.00000	0.00000	0.00003	0.00000
21	0.00007	0.00055	0.01528	0.51077	0.00736	0.46597
22	0.00000	0.99889	0.00000	0.00000	0.00000	0.00111
23	0.99852	0.00000	0.00000	0.00000	0.00148	0.00000
24	0.99997	0.00000	0.00000	0.00000	0.00003	0.00000
25	0.99999	0.00000	0.00000	0.00000	0.00001	0.00000
26	0.00000	0.99996	0.00000	0.00000	0.00000	0.00004
27	0.00000	1.00000	0.00000	0.00000	0.00000	0.00000
28	0.00000	0.46946	0.00000	0.00004	0.00000	0.53050
29	0.00000	0.99996	0.00000	0.00000	0.00000	0.00004
30	0.99976	0.00000	0.00000	0.00000	0.00024	0.00000
31	0.99974	0.00000	0.00000	0.00000	0.00026	0.00000
32	0.00000	0.99665	0.00000	0.00001	0.00000	0.00334
33	0.99996	0.00000	0.00000	0.00000	0.00004	0.00000
34	0.00511	0.32379	0.03944	0.28878	0.03758	0.30530
35	0.00000	0.48933	0.00000	0.01023	0.00000	0.50044
36	0.00000	1.00000	0.00000	0.00000	0.00000	0.00000
37	0.99971	0.00000	0.00000	0.00000	0.00029	0.00000
38	0.99999	0.00000	0.00000	0.00000	0.00001	0.00000
39	0.00000	0.99999	0.00000	0.00000	0.00000	0.00001
40	0.00000	0.99999	0.00000	0.00000	0.00000	0.00001
41	0.00000	0.99999	0.00000	0.00000	0.00000	0.00001
42	0.00000	1.00000	0.00000	0.00000	0.00000	0.00000
43	0.00488	0.00000	0.00000	0.00003	0.99509	0.00000
44	0.00000	1.00000	0.00000	0.00000	0.00000	0.00000
45	1.00000	0.00000	0.00000	0.00000	0.00000	0.00000
46	0.00000	0.55059	0.00000	0.00001	0.00000	0.44940
47	0.00000	1.00000	0.00000	0.00000	0.00000	0.00000
48	0.99997	0.00000	0.00000	0.00000	0.00003	0.00000
49	0.99991	0.00000	0.00000	0.00000	0.00009	0.00000
50	0.00000	0.99986	0.00000	0.00000	0.00000	0.00014
51	0.00000	1.00000	0.00000	0.00000	0.00000	0.00000
52	0.00000	1.00000	0.00000	0.00000	0.00000	0.00000
53	0.43638	0.00000	0.00000	0.00036	0.56326	0.00000
54	0.00000	1.00000	0.00000	0.00000	0.00000	0.00000
55	0.00000	1.00000	0.00000	0.00000	0.00000	0.00000
56	0.97872	0.00000	0.00000	0.00028	0.02100	0.00000
57	0.00000	1.00000	0.00000	0.00000	0.00000	0.00000
58	0.00000	1.00000	0.00000	0.00000	0.00000	0.00000
59	0.00000	0.99864	0.00000	0.00000	0.00000	0.00136
60	0.00000	0.99993	0.00000	0.00000	0.00000	0.00007
61	0.00000	0.99999	0.00000	0.00000	0.00000	0.00001
62	0.00000	0.99999	0.00000	0.00000	0.00000	0.00001
63	0.00000	1.00000	0.00000	0.00000	0.00000	0.00000
64	0.00000	0.99985	0.00000	0.00000	0.00000	0.00015
65	0.00000	0.99936	0.00000	0.00000	0.00000	0.00064
66	0.99979	0.00000	0.00000	0.00000	0.00021	0.00000
67	0.00000	0.99997	0.00000	0.00000	0.00000	0.00003
68	0.00000	0.99999	0.00000	0.00000	0.00000	0.00001
69	0.00000	0.90336	0.00000	0.00861	0.00000	0.08803
70	0.00000	0.99616	0.00000	0.00001	0.00000	0.00383
71	0.00000	0.99995	0.00000	0.00000	0.00000	0.00005
72	0.00000	1.00000	0.00000	0.00000	0.00000	0.00000
73	0.00000	0.99829	0.00000	0.00000	0.00000	0.00170
74	0.00000	1.00000	0.00000	0.00000	0.00000	0.00000
75	0.00000	0.99955	0.00000	0.00000	0.00000	0.00045
76	0.00000	0.99998	0.00000	0.00000	0.00000	0.00002
77	0.99998	0.00000	0.00000	0.00000	0.00002	0.00000
78	0.99570	0.00000	0.00000	0.00000	0.00430	0.00000
79	0.99945	0.00000	0.00000	0.00000	0.00055	0.00000
80	0.00000	0.33739	0.00000	0.00667	0.00000	0.65595
81	0.00000	1.00000	0.00000	0.00000	0.00000	0.00000
82	0.62086	0.00001	0.00172	0.11246	0.26422	0.00073
83	1.00000	0.00000	0.00000	0.00000	0.00000	0.00000
84	0.00000	0.99986	0.00000	0.00000	0.00000	0.00014
85	0.99998	0.00000	0.00000	0.00000	0.00002	0.00000
86	0.94772	0.00000	0.00000	0.00000	0.05228	0.00000
87	0.00000	0.99999	0.00000	0.00000	0.00000	0.00001
88	0.99998	0.00000	0.00000	0.00000	0.00002	0.00000
89	0.00000	0.99945	0.00000	0.00000	0.00000	0.00055
90	0.00000	1.00000	0.00000	0.00000	0.00000	0.00000
91	0.99654	0.00000	0.00000	0.00001	0.00345	0.00000
92	0.00000	0.00000	0.00000	0.00077	0.00000	0.99923
93	0.00000	0.99995	0.00000	0.00000	0.00000	0.00005
94	0.96544	0.00000	0.00000	0.00063	0.03393	0.00000
95	0.00000	0.99996	0.00000	0.00000	0.00000	0.00004
96	0.00000	0.99673	0.00000	0.00000	0.00000	0.00327
97	0.99279	0.00000	0.00000	0.00001	0.00720	0.00000
98	0.00000	0.99933	0.00000	0.00000	0.00000	0.00067
99	0.00001	0.56210	0.00119	0.14793	0.00062	0.28816
100	0.00000	0.99999	0.00000	0.00000	0.00000	0.00001
101	0.00000	0.99976	0.00000	0.00000	0.00000	0.00024
102	0.00000	1.00000	0.00000	0.00000	0.00000	0.00000
103	0.00000	0.99999	0.00000	0.00000	0.00000	0.00001
104	0.00000	0.99996	0.00000	0.00000	0.00000	0.00004
105	0.00000	0.73535	0.00020	0.05803	0.00006	0.20637
106	0.00000	1.00000	0.00000	0.00000	0.00000	0.00000
107	0.00000	1.00000	0.00000	0.00000	0.00000	0.00000
108	0.99787	0.00000	0.00000	0.00000	0.00213	0.00000
109	0.00000	0.99999	0.00000	0.00000	0.00000	0.00001
110	0.00000	1.00000	0.00000	0.00000	0.00000	0.00000
111	0.00000	0.99997	0.00000	0.00000	0.00000	0.00003
112	0.99664	0.00000	0.00000	0.00000	0.00336	0.00000
113	0.99968	0.00000	0.00000	0.00000	0.00032	0.00000
114	0.00000	0.99558	0.00000	0.00000	0.00000	0.00442
115	0.00000	1.00000	0.00000	0.00000	0.00000	0.00000
116	0.35779	0.00000	0.00000	0.00004	0.64217	0.00000
117	0.00000	0.99998	0.00000	0.00000	0.00000	0.00002
118	1.00000	0.00000	0.00000	0.00000	0.00000	0.00000
119	1.00000	0.00000	0.00000	0.00000	0.00000	0.00000
120	0.00000	1.00000	0.00000	0.00000	0.00000	0.00000
121	0.00000	1.00000	0.00000	0.00000	0.00000	0.00000
122	0.00000	0.99993	0.00000	0.00000	0.00000	0.00007
123	0.82302	0.00000	0.00001	0.02725	0.14971	0.00000
124	0.00000	0.99991	0.00000	0.00000	0.00000	0.00009
125	0.00000	0.99787	0.00000	0.00000	0.00000	0.00212
126	0.00000	0.99990	0.00000	0.00000	0.00000	0.00010
127	0.00000	0.99998	0.00000	0.00000	0.00000	0.00002
128	0.00000	0.99965	0.00000	0.00000	0.00000	0.00035
129	0.00000	0.99956	0.00000	0.00000	0.00000	0.00044
130	0.00000	0.99256	0.00000	0.00000	0.00000	0.00744
131	0.99968	0.00000	0.00000	0.00000	0.00032	0.00000
132	0.00000	1.00000	0.00000	0.00000	0.00000	0.00000
133	0.00000	1.00000	0.00000	0.00000	0.00000	0.00000
134	0.00000	0.99977	0.00000	0.00000	0.00000	0.00023
135	0.00000	1.00000	0.00000	0.00000	0.00000	0.00000
136	0.00000	1.00000	0.00000	0.00000	0.00000	0.00000
137	0.00000	0.99935	0.00000	0.00000	0.00000	0.00065
138	0.99607	0.00000	0.00000	0.00001	0.00392	0.00000
139	0.99076	0.00000	0.00000	0.00000	0.00924	0.00000
140	1.00000	0.00000	0.00000	0.00000	0.00000	0.00000
141	0.00072	0.00000	0.00060	0.58039	0.41812	0.00016
142	0.00050	0.00000	0.00000	0.00351	0.99599	0.00000
143	0.00000	0.99999	0.00000	0.00000	0.00000	0.00001
144	0.99994	0.00000	0.00000	0.00000	0.00006	0.00000
145	0.99956	0.00000	0.00000	0.00000	0.00044	0.00000
146	0.99994	0.00000	0.00000	0.00000	0.00006	0.00000
147	0.99957	0.00000	0.00000	0.00000	0.00043	0.00000
148	1.00000	0.00000	0.00000	0.00000	0.00000	0.00000
149	0.99941	0.00000	0.00000	0.00000	0.00059	0.00000
150	0.99999	0.00000	0.00000	0.00000	0.00001	0.00000
151	0.00000	0.97068	0.00000	0.00041	0.00000	0.02892
152	0.00000	0.84043	0.00008	0.02249	0.00001	0.13698
153	0.00000	0.99708	0.00000	0.00001	0.00000	0.00292
154	0.00000	1.00000	0.00000	0.00000	0.00000	0.00000
155	0.00000	0.99923	0.00000	0.00000	0.00000	0.00077
156	0.00000	0.99930	0.00000	0.00000	0.00000	0.00070
157	0.00000	1.00000	0.00000	0.00000	0.00000	0.00000
158	0.00000	0.99965	0.00000	0.00000	0.00000	0.00035
159	0.00000	0.99997	0.00000	0.00000	0.00000	0.00003
160	0.00000	0.99998	0.00000	0.00000	0.00000	0.00002
161	0.00000	1.00000	0.00000	0.00000	0.00000	0.00000
162	1.00000	0.00000	0.00000	0.00000	0.00000	0.00000
163	0.00000	0.99808	0.00000	0.00000	0.00000	0.00192
164	0.00000	0.99986	0.00000	0.00000	0.00000	0.00014
165	0.00002	0.71367	0.01776	0.04404	0.00230	0.22221
166	0.99987	0.00000	0.00000	0.00000	0.00013	0.00000
167	0.99999	0.00000	0.00000	0.00000	0.00001	0.00000
168	0.99987	0.00000	0.00000	0.00000	0.00013	0.00000
169	0.00000	0.99973	0.00000	0.00000	0.00000	0.00027
170	0.00000	0.99985	0.00000	0.00000	0.00000	0.00015
171	0.00000	0.99940	0.00000	0.00000	0.00000	0.00060
172	0.00000	0.99997	0.00000	0.00000	0.00000	0.00003
173	1.00000	0.00000	0.00000	0.00000	0.00000	0.00000
174	0.00000	0.99936	0.00000	0.00000	0.00000	0.00064
175	0.00000	0.99964	0.00000	0.00000	0.00000	0.00036
176	0.00000	0.99999	0.00000	0.00000	0.00000	0.00001
177	0.00000	0.99999	0.00000	0.00000	0.00000	0.00001
178	1.00000	0.00000	0.00000	0.00000	0.00000	0.00000
179	0.99938	0.00000	0.00000	0.00000	0.00062	0.00000
180	0.00000	0.99999	0.00000	0.00000	0.00000	0.00001
181	0.00000	0.99954	0.00000	0.00000	0.00000	0.00046
182	0.99802	0.00000	0.00000	0.00000	0.00198	0.00000
183	0.00000	0.99920	0.00000	0.00000	0.00000	0.00080
184	0.00000	0.93455	0.00000	0.00000	0.00000	0.06545
185	0.00000	0.99994	0.00000	0.00000	0.00000	0.00006
186	0.99790	0.00000	0.00000	0.00000	0.00210	0.00000
187	0.00000	0.99907	0.00000	0.00000	0.00000	0.00093
188	0.00000	1.00000	0.00000	0.00000	0.00000	0.00000
189	0.00000	0.99999	0.00000	0.00000	0.00000	0.00001
190	0.00000	0.99918	0.00000	0.00000	0.00000	0.00082
191	0.97836	0.00000	0.00000	0.00000	0.02164	0.00000
192	0.99999	0.00000	0.00000	0.00000	0.00001	0.00000
193	0.99778	0.00000	0.00000	0.00000	0.00222	0.00000
194	0.00000	0.99998	0.00000	0.00000	0.00000	0.00002
195	0.00000	0.99999	0.00000	0.00000	0.00000	0.00001
196	0.00000	0.99999	0.00000	0.00000	0.00000	0.00001
197	0.00000	0.56730	0.00000	0.15616	0.00000	0.27654
198	0.00000	1.00000	0.00000	0.00000	0.00000	0.00000
199	0.00000	0.99997	0.00000	0.00000	0.00000	0.00003
200	0.00000	0.00000	0.99546	0.00268	0.00001	0.00185
201	0.00000	1.00000	0.00000	0.00000	0.00000	0.00000
202	0.00000	0.99999	0.00000	0.00000	0.00000	0.00001
203	0.00000	0.99170	0.00000	0.00007	0.00000	0.00823
204	0.00000	0.99995	0.00000	0.00000	0.00000	0.00005
205	0.00000	0.99999	0.00000	0.00000	0.00000	0.00001
206	0.00000	1.00000	0.00000	0.00000	0.00000	0.00000
207	0.00000	1.00000	0.00000	0.00000	0.00000	0.00000
208	0.00000	0.99995	0.00000	0.00000	0.00000	0.00005
209	0.00000	1.00000	0.00000	0.00000	0.00000	0.00000
210	0.00000	1.00000	0.00000	0.00000	0.00000	0.00000
211	0.00000	0.02106	0.00000	0.00019	0.00000	0.97876
212	0.00000	0.99999	0.00000	0.00000	0.00000	0.00001
213	0.99987	0.00000	0.00000	0.00000	0.00013	0.00000
214	0.99976	0.00000	0.00000	0.00000	0.00024	0.00000
215	0.00000	0.99998	0.00000	0.00000	0.00000	0.00002
216	0.00000	0.99999	0.00000	0.00000	0.00000	0.00001
217	0.00000	0.99999	0.00000	0.00000	0.00000	0.00001
218	0.00000	1.00000	0.00000	0.00000	0.00000	0.00000
219	0.00000	1.00000	0.00000	0.00000	0.00000	0.00000
220	0.00000	0.94110	0.00001	0.00330	0.00000	0.05559
221	0.00000	0.99999	0.00000	0.00000	0.00000	0.00001
222	0.00000	1.00000	0.00000	0.00000	0.00000	0.00000
223	0.00000	0.99849	0.00000	0.00000	0.00000	0.00151
224	0.00000	1.00000	0.00000	0.00000	0.00000	0.00000
225	0.00000	1.00000	0.00000	0.00000	0.00000	0.00000
226	1.00000	0.00000	0.00000	0.00000	0.00000	0.00000
227	0.00000	0.99998	0.00000	0.00000	0.00000	0.00002
228	0.00000	0.99300	0.00000	0.00005	0.00000	0.00695
229	0.87759	0.00000	0.00000	0.01352	0.10889	0.00000
230	0.00000	0.99999	0.00000	0.00000	0.00000	0.00001
231	0.00000	1.00000	0.00000	0.00000	0.00000	0.00000
232	0.00000	0.97445	0.00000	0.00036	0.00000	0.02520
233	1.00000	0.00000	0.00000	0.00000	0.00000	0.00000
234	0.00000	0.99902	0.00000	0.00000	0.00000	0.00098
235	0.00000	1.00000	0.00000	0.00000	0.00000	0.00000
236	0.00000	0.99986	0.00000	0.00000	0.00000	0.00014
237	0.00000	1.00000	0.00000	0.00000	0.00000	0.00000
238	0.00000	1.00000	0.00000	0.00000	0.00000	0.00000
239	0.99995	0.00000	0.00000	0.00000	0.00005	0.00000
240	0.99996	0.00000	0.00000	0.00000	0.00004	0.00000
241	0.99998	0.00000	0.00000	0.00000	0.00002	0.00000
242	1.00000	0.00000	0.00000	0.00000	0.00000	0.00000
243	0.00000	0.99992	0.00000	0.00000	0.00000	0.00008
244	0.99996	0.00000	0.00000	0.00000	0.00004	0.00000
245	0.99948	0.00000	0.00000	0.00000	0.00052	0.00000
246	0.00000	0.99504	0.00000	0.00000	0.00000	0.00496
247	0.00000	0.99991	0.00000	0.00000	0.00000	0.00009
248	0.00000	0.95421	0.00000	0.00000	0.00000	0.04578
249	0.00000	0.99914	0.00000	0.00000	0.00000	0.00086
250	0.00000	1.00000	0.00000	0.00000	0.00000	0.00000
251	0.00000	0.99995	0.00000	0.00000	0.00000	0.00005
252	0.00000	0.99999	0.00000	0.00000	0.00000	0.00001
253	0.00000	0.99995	0.00000	0.00000	0.00000	0.00005
254	0.00000	0.99999	0.00000	0.00000	0.00000	0.00001
255	0.00000	1.00000	0.00000	0.00000	0.00000	0.00000
256	0.00000	0.99998	0.00000	0.00000	0.00000	0.00002
257	0.00000	0.99998	0.00000	0.00000	0.00000	0.00002
258	0.00000	1.00000	0.00000	0.00000	0.00000	0.00000
259	0.00000	0.99999	0.00000	0.00000	0.00000	0.00001
260	0.00000	0.29959	0.00000	0.03060	0.00000	0.66982
261	0.00000	0.99504	0.00000	0.00000	0.00000	0.00496
262	0.00000	0.98930	0.00000	0.00000	0.00000	0.01070
263	0.00000	0.99999	0.00000	0.00000	0.00000	0.00001
264	0.00000	0.99999	0.00000	0.00000	0.00000	0.00001
265	0.00000	0.00002	0.00000	0.99669	0.00000	0.00328
266	0.00000	0.99997	0.00000	0.00000	0.00000	0.00003
267	0.00000	0.99981	0.00000	0.00000	0.00000	0.00019
268	0.00000	0.99994	0.00000	0.00000	0.00000	0.00006
269	0.00000	0.99989	0.00000	0.00000	0.00000	0.00011
270	0.00000	1.00000	0.00000	0.00000	0.00000	0.00000
271	0.00000	1.00000	0.00000	0.00000	0.00000	0.00000
272	0.00000	0.99991	0.00000	0.00000	0.00000	0.00009
273	0.00000	0.99979	0.00000	0.00000	0.00000	0.00021
274	0.00000	0.99997	0.00000	0.00000	0.00000	0.00003
275	0.00000	1.00000	0.00000	0.00000	0.00000	0.00000
276	0.00000	0.99999	0.00000	0.00000	0.00000	0.00001
277	0.00000	0.99981	0.00000	0.00000	0.00000	0.00019
278	0.00000	1.00000	0.00000	0.00000	0.00000	0.00000
279	0.00000	1.00000	0.00000	0.00000	0.00000	0.00000
280	0.00000	0.99986	0.00000	0.00000	0.00000	0.00014
281	0.00000	0.99995	0.00000	0.00000	0.00000	0.00005
282	0.00000	0.99979	0.00000	0.00000	0.00000	0.00021
283	0.99997	0.00000	0.00000	0.00000	0.00003	0.00000
284	0.00000	0.99829	0.00000	0.00000	0.00000	0.00171
285	0.00000	0.99976	0.00000	0.00000	0.00000	0.00024
286	0.00000	0.99999	0.00000	0.00000	0.00000	0.00001
287	0.00000	0.99999	0.00000	0.00000	0.00000	0.00001
288	0.00000	1.00000	0.00000	0.00000	0.00000	0.00000
289	0.00000	0.99914	0.00000	0.00000	0.00000	0.00086
290	0.00000	0.99996	0.00000	0.00000	0.00000	0.00004
291	0.00000	1.00000	0.00000	0.00000	0.00000	0.00000
292	0.00000	0.99638	0.00000	0.00000	0.00000	0.00362
293	0.00000	0.99999	0.00000	0.00000	0.00000	0.00001
294	0.00000	1.00000	0.00000	0.00000	0.00000	0.00000
295	0.00000	0.99999	0.00000	0.00000	0.00000	0.00001
296	0.99999	0.00000	0.00000	0.00000	0.00001	0.00000
297	0.00000	0.99999	0.00000	0.00000	0.00000	0.00001
298	0.00000	0.92527	0.00003	0.00461	0.00000	0.07009
299	0.99992	0.00000	0.00000	0.00000	0.00008	0.00000
300	0.00000	0.95939	0.00000	0.00001	0.00000	0.04059
301	0.00000	0.99995	0.00000	0.00000	0.00000	0.00005
302	0.00000	1.00000	0.00000	0.00000	0.00000	0.00000
303	0.00000	1.00000	0.00000	0.00000	0.00000	0.00000
304	0.00000	0.99998	0.00000	0.00000	0.00000	0.00002
305	0.00000	0.99999	0.00000	0.00000	0.00000	0.00001
306	0.00000	0.99795	0.00000	0.00000	0.00000	0.00204
307	0.00000	1.00000	0.00000	0.00000	0.00000	0.00000
308	0.00000	1.00000	0.00000	0.00000	0.00000	0.00000
309	0.00000	0.99998	0.00000	0.00000	0.00000	0.00002
310	0.00000	1.00000	0.00000	0.00000	0.00000	0.00000
311	0.00000	0.96613	0.00000	0.00113	0.00000	0.03274
312	0.00000	1.00000	0.00000	0.00000	0.00000	0.00000
313	0.00000	1.00000	0.00000	0.00000	0.00000	0.00000
314	0.00000	0.99999	0.00000	0.00000	0.00000	0.00001
315	0.00000	0.87547	0.00000	0.00000	0.00000	0.12453
316	0.00000	1.00000	0.00000	0.00000	0.00000	0.00000
317	0.00000	1.00000	0.00000	0.00000	0.00000	0.00000
318	0.00000	0.99996	0.00000	0.00000	0.00000	0.00004
319	0.00000	0.96136	0.00000	0.00001	0.00000	0.03863
320	0.00000	0.99996	0.00000	0.00000	0.00000	0.00004
321	0.00000	0.99993	0.00000	0.00000	0.00000	0.00007
322	0.00000	0.99990	0.00000	0.00000	0.00000	0.00010
323	0.00000	0.98044	0.00000	0.00000	0.00000	0.01956
324	0.00000	0.99999	0.00000	0.00000	0.00000	0.00001
325	0.00000	0.89339	0.00000	0.00000	0.00000	0.10661
326	0.00000	0.99979	0.00000	0.00000	0.00000	0.00021
327	0.00000	1.00000	0.00000	0.00000	0.00000	0.00000
328	0.00000	0.99999	0.00000	0.00000	0.00000	0.00001
329	0.00000	0.99999	0.00000	0.00000	0.00000	0.00001
330	0.00000	0.99345	0.00000	0.00004	0.00000	0.00651
331	0.00000	1.00000	0.00000	0.00000	0.00000	0.00000
332	0.00000	1.00000	0.00000	0.00000	0.00000	0.00000
333	0.00000	0.99992	0.00000	0.00000	0.00000	0.00008
334	0.00000	0.99998	0.00000	0.00000	0.00000	0.00002
335	0.00000	1.00000	0.00000	0.00000	0.00000	0.00000
336	0.00001	0.45030	0.00138	0.22760	0.00099	0.31972
337	0.00000	1.00000	0.00000	0.00000	0.00000	0.00000
338	0.00000	0.99999	0.00000	0.00000	0.00000	0.00001
339	0.00000	0.99998	0.00000	0.00000	0.00000	0.00002
340	0.00000	0.00000	0.99761	0.00043	0.00000	0.00197
341	0.00000	1.00000	0.00000	0.00000	0.00000	0.00000
342	0.00000	0.99996	0.00000	0.00000	0.00000	0.00004
343	0.00000	0.00000	0.00000	0.00070	0.00000	0.99930
344	0.00000	0.99996	0.00000	0.00000	0.00000	0.00004
345	0.00000	0.99997	0.00000	0.00000	0.00000	0.00003
346	0.00000	0.97834	0.00000	0.00044	0.00000	0.02121
347	0.00000	0.95019	0.00000	0.00000	0.00000	0.04981
348	0.00000	0.99994	0.00000	0.00000	0.00000	0.00006
349	0.00000	1.00000	0.00000	0.00000	0.00000	0.00000
350	0.00000	0.99997	0.00000	0.00000	0.00000	0.00003
351	0.00000	0.99904	0.00000	0.00000	0.00000	0.00096
352	0.00000	1.00000	0.00000	0.00000	0.00000	0.00000
353	0.00000	0.99978	0.00000	0.00000	0.00000	0.00022
354	0.00000	0.92315	0.00000	0.00552	0.00000	0.07133
355	0.99979	0.00000	0.00000	0.00000	0.00021	0.00000
356	0.00000	1.00000	0.00000	0.00000	0.00000	0.00000
357	0.00000	0.99977	0.00000	0.00000	0.00000	0.00023
358	0.01878	0.41220	0.08724	0.16537	0.05540	0.26101
359	0.00000	1.00000	0.00000	0.00000	0.00000	0.00000
360	0.00000	0.99904	0.00000	0.00000	0.00000	0.00096
361	0.99979	0.00000	0.00000	0.00000	0.00021	0.00000
362	0.99999	0.00000	0.00000	0.00000	0.00001	0.00000
363	0.00000	0.99997	0.00000	0.00000	0.00000	0.00003
364	0.00000	0.99996	0.00000	0.00000	0.00000	0.00004
365	0.00000	1.00000	0.00000	0.00000	0.00000	0.00000
366	0.00000	0.99998	0.00000	0.00000	0.00000	0.00002
367	0.00000	0.99999	0.00000	0.00000	0.00000	0.00001
368	0.99982	0.00000	0.00000	0.00000	0.00018	0.00000
369	0.00000	0.99989	0.00000	0.00000	0.00000	0.00011
370	0.00000	0.99999	0.00000	0.00000	0.00000	0.00001
371	0.00000	0.99999	0.00000	0.00000	0.00000	0.00001
372	0.00000	0.99999	0.00000	0.00000	0.00000	0.00001
373	0.00000	0.98834	0.00000	0.00014	0.00000	0.01152
374	0.99989	0.00000	0.00000	0.00000	0.00011	0.00000
375	0.00000	0.99979	0.00000	0.00000	0.00000	0.00021
376	0.00000	0.85948	0.00002	0.01761	0.00000	0.12288
377	0.99960	0.00000	0.00000	0.00000	0.00040	0.00000
378	0.99986	0.00000	0.00000	0.00000	0.00014	0.00000
379	0.00000	0.99971	0.00000	0.00000	0.00000	0.00029
380	0.00000	0.99999	0.00000	0.00000	0.00000	0.00001
381	0.00000	0.99998	0.00000	0.00000	0.00000	0.00002
382	0.99997	0.00000	0.00000	0.00000	0.00003	0.00000
383	0.00000	0.99984	0.00000	0.00000	0.00000	0.00016
384	0.00000	0.99997	0.00000	0.00000	0.00000	0.00003
385	0.00000	0.99995	0.00000	0.00000	0.00000	0.00005
386	0.00000	1.00000	0.00000	0.00000	0.00000	0.00000
387	0.99988	0.00000	0.00000	0.00000	0.00012	0.00000
388	0.00000	1.00000	0.00000	0.00000	0.00000	0.00000
389	0.00000	1.00000	0.00000	0.00000	0.00000	0.00000
390	0.00000	0.99999	0.00000	0.00000	0.00000	0.00001
391	0.00000	0.99347	0.00000	0.00004	0.00000	0.00648
392	0.00000	0.99950	0.00000	0.00000	0.00000	0.00050
393	0.00000	0.77030	0.00000	0.00065	0.00000	0.22906
394	0.00000	0.99999	0.00000	0.00000	0.00000	0.00001
395	0.00000	0.99999	0.00000	0.00000	0.00000	0.00001
396	0.00000	1.00000	0.00000	0.00000	0.00000	0.00000
397	0.00000	1.00000	0.00000	0.00000	0.00000	0.00000
398	0.00665	0.47124	0.09968	0.12647	0.04110	0.25486
399	0.00000	0.99993	0.00000	0.00000	0.00000	0.00007
400	0.00000	0.99999	0.00000	0.00000	0.00000	0.00001
401	0.00000	0.48025	0.00010	0.20566	0.00006	0.31393
402	0.00000	0.99998	0.00000	0.00000	0.00000	0.00002
403	0.00000	1.00000	0.00000	0.00000	0.00000	0.00000
404	0.00000	0.99982	0.00000	0.00000	0.00000	0.00018
405	0.00000	1.00000	0.00000	0.00000	0.00000	0.00000
406	0.00000	0.99999	0.00000	0.00000	0.00000	0.00001
407	0.00000	1.00000	0.00000	0.00000	0.00000	0.00000
408	0.00000	1.00000	0.00000	0.00000	0.00000	0.00000
409	0.00000	0.99999	0.00000	0.00000	0.00000	0.00001
410	0.00000	1.00000	0.00000	0.00000	0.00000	0.00000
411	0.99981	0.00000	0.00000	0.00000	0.00019	0.00000
412	0.00000	1.00000	0.00000	0.00000	0.00000	0.00000
413	0.00000	0.99959	0.00000	0.00000	0.00000	0.00041
414	0.00000	1.00000	0.00000	0.00000	0.00000	0.00000
415	0.00000	0.99530	0.00000	0.00002	0.00000	0.00468
416	0.00000	1.00000	0.00000	0.00000	0.00000	0.00000
417	0.00000	0.99997	0.00000	0.00000	0.00000	0.00003
418	0.00000	0.99997	0.00000	0.00000	0.00000	0.00003
419	0.00000	0.99998	0.00000	0.00000	0.00000	0.00002
420	0.00000	1.00000	0.00000	0.00000	0.00000	0.00000
421	0.00000	0.99998	0.00000	0.00000	0.00000	0.00002
422	0.00000	0.99841	0.00000	0.00000	0.00000	0.00159
423	0.00000	0.99048	0.00000	0.00008	0.00000	0.00944
424	0.00000	0.99976	0.00000	0.00000	0.00000	0.00024
425	0.00000	0.99986	0.00000	0.00000	0.00000	0.00014
426	0.00000	0.99982	0.00000	0.00000	0.00000	0.00018
427	0.00000	0.99994	0.00000	0.00000	0.00000	0.00006
428	0.00000	0.99209	0.00000	0.00000	0.00000	0.00791
429	0.00000	0.99990	0.00000	0.00000	0.00000	0.00010
430	0.00000	0.99999	0.00000	0.00000	0.00000	0.00001
431	0.00000	1.00000	0.00000	0.00000	0.00000	0.00000
432	0.00000	0.99996	0.00000	0.00000	0.00000	0.00004
433	0.00000	0.99999	0.00000	0.00000	0.00000	0.00001
434	0.00000	0.98312	0.00000	0.00027	0.00000	0.01661
435	0.00000	1.00000	0.00000	0.00000	0.00000	0.00000
436	0.99995	0.00000	0.00000	0.00000	0.00005	0.00000
437	0.00000	0.99998	0.00000	0.00000	0.00000	0.00002
438	0.00000	0.99998	0.00000	0.00000	0.00000	0.00002
439	0.00000	1.00000	0.00000	0.00000	0.00000	0.00000
440	0.00000	0.99989	0.00000	0.00000	0.00000	0.00011
441	0.00000	0.99999	0.00000	0.00000	0.00000	0.00001
442	0.00000	0.99998	0.00000	0.00000	0.00000	0.00002
443	0.00000	0.99939	0.00000	0.00000	0.00000	0.00061
444	0.00000	0.68623	0.00000	0.00001	0.00000	0.31377
445	0.00000	0.98616	0.00000	0.00000	0.00000	0.01384
446	0.00000	0.99994	0.00000	0.00000	0.00000	0.00006
447	0.00000	0.99996	0.00000	0.00000	0.00000	0.00004
448	0.00000	0.99986	0.00000	0.00000	0.00000	0.00014
449	0.00000	0.99999	0.00000	0.00000	0.00000	0.00001
450	0.00000	0.99980	0.00000	0.00000	0.00000	0.00020
451	0.00000	0.99998	0.00000	0.00000	0.00000	0.00002
452	0.00000	0.99041	0.00000	0.00009	0.00000	0.00950
453	0.00000	0.99995	0.00000	0.00000	0.00000	0.00005
454	0.00000	0.99992	0.00000	0.00000	0.00000	0.00008
455	0.00000	0.99862	0.00000	0.00000	0.00000	0.00137
456	0.00000	1.00000	0.00000	0.00000	0.00000	0.00000
457	0.00000	0.99994	0.00000	0.00000	0.00000	0.00006
458	0.00000	0.99994	0.00000	0.00000	0.00000	0.00006
459	0.00000	0.99998	0.00000	0.00000	0.00000	0.00002
460	1.00000	0.00000	0.00000	0.00000	0.00000	0.00000
461	0.00000	1.00000	0.00000	0.00000	0.00000	0.00000
462	0.00000	0.99999	0.00000	0.00000	0.00000	0.00001
463	0.00000	0.74938	0.00057	0.05240	0.00016	0.19748
464	0.99999	0.00000	0.00000	0.00000	0.00001	0.00000
465	0.00000	1.00000	0.00000	0.00000	0.00000	0.00000
466	0.00000	1.00000	0.00000	0.00000	0.00000	0.00000
467	0.00000	0.99649	0.00000	0.00001	0.00000	0.00350
468	0.00000	0.99999	0.00000	0.00000	0.00000	0.00001
469	0.00000	0.99998	0.00000	0.00000	0.00000	0.00002
470	0.00000	0.99998	0.00000	0.00000	0.00000	0.00002
471	0.00000	0.99990	0.00000	0.00000	0.00000	0.00010
472	0.00000	0.99999	0.00000	0.00000	0.00000	0.00001
473	0.00000	0.99998	0.00000	0.00000	0.00000	0.00002
474	0.13972	0.16144	0.14966	0.20144	0.16752	0.18023
475	0.00000	0.99994	0.00000	0.00000	0.00000	0.00006
476	0.00000	0.99999	0.00000	0.00000	0.00000	0.00001
477	0.00000	0.99999	0.00000	0.00000	0.00000	0.00001
478	0.00000	0.99998	0.00000	0.00000	0.00000	0.00002
479	0.00000	0.99886	0.00000	0.00000	0.00000	0.00114
480	0.00000	0.99998	0.00000	0.00000	0.00000	0.00002
481	0.00000	0.99997	0.00000	0.00000	0.00000	0.00003
482	0.00000	0.99998	0.00000	0.00000	0.00000	0.00002
483	0.00000	0.99975	0.00000	0.00000	0.00000	0.00025
484	0.00000	0.99997	0.00000	0.00000	0.00000	0.00003
485	0.00000	0.99998	0.00000	0.00000	0.00000	0.00002
486	0.00000	0.99971	0.00000	0.00000	0.00000	0.00029
487	0.00000	0.99959	0.00000	0.00000	0.00000	0.00041
488	0.00000	1.00000	0.00000	0.00000	0.00000	0.00000
489	0.00000	1.00000	0.00000	0.00000	0.00000	0.00000
490	0.00000	0.99990	0.00000	0.00000	0.00000	0.00010
491	0.00000	1.00000	0.00000	0.00000	0.00000	0.00000
492	0.00000	0.99988	0.00000	0.00000	0.00000	0.00012
493	0.00000	0.99999	0.00000	0.00000	0.00000	0.00001
494	0.00000	0.99137	0.00000	0.00009	0.00000	0.00854
495	0.00000	1.00000	0.00000	0.00000	0.00000	0.00000
496	0.00000	0.99996	0.00000	0.00000	0.00000	0.00004
497	0.00000	1.00000	0.00000	0.00000	0.00000	0.00000
498	0.00000	0.99998	0.00000	0.00000	0.00000	0.00002
499	0.00000	0.99999	0.00000	0.00000	0.00000	0.00001
500	0.00000	0.80886	0.00001	0.03167	0.00000	0.15946
501	0.00000	1.00000	0.00000	0.00000	0.00000	0.00000
502	0.00000	0.79078	0.00018	0.03698	0.00004	0.17202
503	0.00000	0.99995	0.00000	0.00000	0.00000	0.00005
504	0.00000	0.99999	0.00000	0.00000	0.00000	0.00001
505	0.00000	0.99986	0.00000	0.00000	0.00000	0.00014
506	0.99766	0.00000	0.00000	0.00000	0.00234	0.00000
507	1.00000	0.00000	0.00000	0.00000	0.00000	0.00000
508	0.00000	0.99995	0.00000	0.00000	0.00000	0.00005
509	0.00000	1.00000	0.00000	0.00000	0.00000	0.00000
510	0.00000	1.00000	0.00000	0.00000	0.00000	0.00000
511	0.00000	1.00000	0.00000	0.00000	0.00000	0.00000
512	0.00000	0.99994	0.00000	0.00000	0.00000	0.00006
513	0.99994	0.00000	0.00000	0.00000	0.00006	0.00000
514	0.00000	0.99995	0.00000	0.00000	0.00000	0.00005
515	0.99999	0.00000	0.00000	0.00000	0.00001	0.00000
516	0.00000	0.99765	0.00000	0.00001	0.00000	0.00235
517	0.00000	1.00000	0.00000	0.00000	0.00000	0.00000
518	0.99999	0.00000	0.00000	0.00000	0.00001	0.00000
519	0.00000	1.00000	0.00000	0.00000	0.00000	0.00000
520	0.00000	1.00000	0.00000	0.00000	0.00000	0.00000
521	0.00000	1.00000	0.00000	0.00000	0.00000	0.00000
522	0.00000	0.99998	0.00000	0.00000	0.00000	0.00002
523	0.00000	0.99999	0.00000	0.00000	0.00000	0.00001
524	0.00000	1.00000	0.00000	0.00000	0.00000	0.00000
525	0.00000	0.99993	0.00000	0.00000	0.00000	0.00007
526	0.00000	0.99995	0.00000	0.00000	0.00000	0.00005
527	0.00000	0.99998	0.00000	0.00000	0.00000	0.00002
528	0.00000	0.99649	0.00000	0.00001	0.00000	0.00349
529	0.00000	0.80961	0.00000	0.03129	0.00000	0.15909
530	0.00000	1.00000	0.00000	0.00000	0.00000	0.00000
531	0.00000	0.99985	0.00000	0.00000	0.00000	0.00015
532	0.00000	0.99994	0.00000	0.00000	0.00000	0.00006
533	0.99999	0.00000	0.00000	0.00000	0.00001	0.00000
534	0.00000	0.99998	0.00000	0.00000	0.00000	0.00002
535	0.00000	0.99999	0.00000	0.00000	0.00000	0.00001
536	0.00000	0.99982	0.00000	0.00000	0.00000	0.00018
537	0.99978	0.00000	0.00000	0.00000	0.00022	0.00000
538	0.00000	0.36493	0.00000	0.32171	0.00000	0.31336
539	0.00000	0.99999	0.00000	0.00000	0.00000	0.00001
540	0.98047	0.00000	0.00000	0.00017	0.01936	0.00000
541	1.00000	0.00000	0.00000	0.00000	0.00000	0.00000
542	1.00000	0.00000	0.00000	0.00000	0.00000	0.00000
543	0.00000	0.99987	0.00000	0.00000	0.00000	0.00013
544	0.00000	0.99998	0.00000	0.00000	0.00000	0.00002
545	0.00000	1.00000	0.00000	0.00000	0.00000	0.00000
546	0.00000	0.99820	0.00000	0.00000	0.00000	0.00180
547	0.00000	0.99941	0.00000	0.00000	0.00000	0.00059
548	0.99887	0.00000	0.00000	0.00000	0.00113	0.00000
549	0.00000	0.99352	0.00000	0.00000	0.00000	0.00648
550	0.00000	1.00000	0.00000	0.00000	0.00000	0.00000
551	0.99997	0.00000	0.00000	0.00000	0.00003	0.00000
552	0.00000	1.00000	0.00000	0.00000	0.00000	0.00000
553	0.00000	0.99999	0.00000	0.00000	0.00000	0.00001
554	0.00000	1.00000	0.00000	0.00000	0.00000	0.00000
555	0.00000	1.00000	0.00000	0.00000	0.00000	0.00000
556	0.00000	0.00000	0.88823	0.06436	0.00000	0.04740
557	0.00000	1.00000	0.00000	0.00000	0.00000	0.00000
558	0.00000	0.99996	0.00000	0.00000	0.00000	0.00004
559	0.99985	0.00000	0.00000	0.00000	0.00015	0.00000
560	1.00000	0.00000	0.00000	0.00000	0.00000	0.00000
561	1.00000	0.00000	0.00000	0.00000	0.00000	0.00000
562	1.00000	0.00000	0.00000	0.00000	0.00000	0.00000
563	0.00000	0.99999	0.00000	0.00000	0.00000	0.00001
564	0.00000	1.00000	0.00000	0.00000	0.00000	0.00000
565	0.99999	0.00000	0.00000	0.00000	0.00001	0.00000
566	0.00000	0.99997	0.00000	0.00000	0.00000	0.00003
567	0.03609	0.39350	0.11871	0.14294	0.07172	0.23703
568	0.99965	0.00000	0.00000	0.00000	0.00035	0.00000
569	0.00000	0.99751	0.00000	0.00000	0.00000	0.00249
570	0.00000	0.94729	0.00000	0.00001	0.00000	0.05269
571	0.00000	0.99998	0.00000	0.00000	0.00000	0.00002
572	0.00000	0.99982	0.00000	0.00000	0.00000	0.00018
573	0.00000	0.99997	0.00000	0.00000	0.00000	0.00003
574	0.00000	0.99902	0.00000	0.00000	0.00000	0.00098
575	0.00000	0.00000	0.00000	0.05019	0.94980	0.00000
576	0.00000	0.99995	0.00000	0.00000	0.00000	0.00005
577	0.99999	0.00000	0.00000	0.00000	0.00001	0.00000
578	0.00000	1.00000	0.00000	0.00000	0.00000	0.00000
579	0.00000	0.81908	0.00000	0.00001	0.00000	0.18091
580	0.00000	0.95557	0.00000	0.00190	0.00000	0.04253
581	0.00000	0.99993	0.00000	0.00000	0.00000	0.00007
582	0.00000	0.99989	0.00000	0.00000	0.00000	0.00011
583	0.00000	0.99849	0.00000	0.00000	0.00000	0.00151
584	0.00000	0.99999	0.00000	0.00000	0.00000	0.00001
585	0.00000	0.99981	0.00000	0.00000	0.00000	0.00019
586	0.00000	0.99999	0.00000	0.00000	0.00000	0.00001
587	0.00000	1.00000	0.00000	0.00000	0.00000	0.00000
588	0.00000	1.00000	0.00000	0.00000	0.00000	0.00000
589	0.00000	0.99999	0.00000	0.00000	0.00000	0.00001
590	0.00000	0.99999	0.00000	0.00000	0.00000	0.00001
591	0.00000	0.98592	0.00000	0.00016	0.00000	0.01392
592	0.00000	0.97437	0.00000	0.00064	0.00000	0.02499
593	0.00000	0.99999	0.00000	0.00000	0.00000	0.00001
594	0.00000	1.00000	0.00000	0.00000	0.00000	0.00000
595	0.00000	1.00000	0.00000	0.00000	0.00000	0.00000
596	0.00000	0.00178	0.00029	0.09641	0.00000	0.90151
597	0.00000	0.99985	0.00000	0.00000	0.00000	0.00015
598	0.00000	0.99786	0.00000	0.00000	0.00000	0.00213
599	0.00000	0.16103	0.00001	0.05117	0.00000	0.78779
600	0.00000	0.99999	0.00000	0.00000	0.00000	0.00001
601	0.00000	0.99164	0.00000	0.00006	0.00000	0.00829
602	0.99991	0.00000	0.00000	0.00000	0.00009	0.00000
603	0.91231	0.00000	0.00000	0.00532	0.08237	0.00000
604	0.00000	0.99999	0.00000	0.00000	0.00000	0.00001
605	0.00000	0.99542	0.00000	0.00002	0.00000	0.00457
606	0.00000	0.99262	0.00000	0.00000	0.00000	0.00738
607	0.00000	1.00000	0.00000	0.00000	0.00000	0.00000
608	0.00000	1.00000	0.00000	0.00000	0.00000	0.00000
609	0.00000	0.99998	0.00000	0.00000	0.00000	0.00002
610	0.99988	0.00000	0.00000	0.00000	0.00012	0.00000
611	0.00000	0.99999	0.00000	0.00000	0.00000	0.00001
612	0.00000	0.99998	0.00000	0.00000	0.00000	0.00002
613	0.00000	0.99998	0.00000	0.00000	0.00000	0.00002
614	0.00000	0.97290	0.00000	0.00071	0.00000	0.02639
615	0.00000	0.99998	0.00000	0.00000	0.00000	0.00002
616	0.00000	0.99997	0.00000	0.00000	0.00000	0.00003
617	0.00000	0.99990	0.00000	0.00000	0.00000	0.00010
618	0.00000	0.99999	0.00000	0.00000	0.00000	0.00001
619	0.00000	0.99950	0.00000	0.00000	0.00000	0.00050
620	0.00000	0.99998	0.00000	0.00000	0.00000	0.00002
621	0.00000	0.99995	0.00000	0.00000	0.00000	0.00005
622	0.00000	0.99681	0.00000	0.00001	0.00000	0.00318
623	0.00000	0.99999	0.00000	0.00000	0.00000	0.00001
624	0.00000	0.99969	0.00000	0.00000	0.00000	0.00031
625	0.00000	0.99999	0.00000	0.00000	0.00000	0.00001
626	0.00000	0.57772	0.00067	0.13891	0.00033	0.28237
627	0.00000	0.99987	0.00000	0.00000	0.00000	0.00013
628	0.00000	0.99998	0.00000	0.00000	0.00000	0.00002
629	0.00000	1.00000	0.00000	0.00000	0.00000	0.00000
630	0.00000	0.99999	0.00000	0.00000	0.00000	0.00001
631	0.00000	0.99999	0.00000	0.00000	0.00000	0.00001
632	1.00000	0.00000	0.00000	0.00000	0.00000	0.00000
633	0.00000	1.00000	0.00000	0.00000	0.00000	0.00000
634	0.00000	0.99999	0.00000	0.00000	0.00000	0.00001
635	0.00000	0.99973	0.00000	0.00000	0.00000	0.00027
636	0.00000	0.94663	0.00000	0.00161	0.00000	0.05176
637	0.00000	0.99945	0.00000	0.00000	0.00000	0.00055
638	0.00000	0.99998	0.00000	0.00000	0.00000	0.00002
639	0.00000	0.99999	0.00000	0.00000	0.00000	0.00001
640	0.00000	1.00000	0.00000	0.00000	0.00000	0.00000
641	0.00000	1.00000	0.00000	0.00000	0.00000	0.00000
642	0.00000	0.99903	0.00000	0.00000	0.00000	0.00097
643	0.00000	0.99999	0.00000	0.00000	0.00000	0.00001
644	0.00000	0.00000	0.00000	0.00354	0.00000	0.99646
645	0.00000	0.99988	0.00000	0.00000	0.00000	0.00012
646	0.00000	0.80886	0.00000	0.00000	0.00000	0.19114
647	0.00000	0.99999	0.00000	0.00000	0.00000	0.00001
648	0.00000	0.99999	0.00000	0.00000	0.00000	0.00001
649	0.00000	0.99957	0.00000	0.00000	0.00000	0.00043
650	0.99979	0.00000	0.00000	0.00000	0.00021	0.00000
651	0.00000	1.00000	0.00000	0.00000	0.00000	0.00000
652	0.00000	1.00000	0.00000	0.00000	0.00000	0.00000
653	0.65883	0.00000	0.00000	0.02438	0.31678	0.00000
654	0.00000	0.99999	0.00000	0.00000	0.00000	0.00001
655	0.00000	0.99994	0.00000	0.00000	0.00000	0.00006
656	0.00000	1.00000	0.00000	0.00000	0.00000	0.00000
657	0.00000	0.99972	0.00000	0.00000	0.00000	0.00028
658	0.00000	1.00000	0.00000	0.00000	0.00000	0.00000
659	0.70171	0.00000	0.00053	0.07241	0.22518	0.00017
660	0.00000	0.99981	0.00000	0.00000	0.00000	0.00019
661	0.00000	0.99998	0.00000	0.00000	0.00000	0.00002
662	0.00000	0.99989	0.00000	0.00000	0.00000	0.00011
663	0.00000	0.98033	0.00000	0.00038	0.00000	0.01929
664	0.99980	0.00000	0.00000	0.00000	0.00020	0.00000
665	0.00000	0.99872	0.00000	0.00000	0.00000	0.00128
666	1.00000	0.00000	0.00000	0.00000	0.00000	0.00000
667	0.99998	0.00000	0.00000	0.00000	0.00002	0.00000
668	0.99996	0.00000	0.00000	0.00000	0.00004	0.00000
669	0.99999	0.00000	0.00000	0.00000	0.00001	0.00000
670	0.99691	0.00000	0.00000	0.00001	0.00308	0.00000
671	0.00000	0.99995	0.00000	0.00000	0.00000	0.00005
672	0.00000	0.99999	0.00000	0.00000	0.00000	0.00001
673	0.00000	1.00000	0.00000	0.00000	0.00000	0.00000
674	0.00000	0.93247	0.00000	0.00431	0.00000	0.06322
675	0.00000	0.99994	0.00000	0.00000	0.00000	0.00006
676	0.00000	0.99758	0.00000	0.00000	0.00000	0.00241
677	0.00000	1.00000	0.00000	0.00000	0.00000	0.00000
678	0.55988	0.00000	0.00000	0.00481	0.43531	0.00000
679	0.00000	0.99994	0.00000	0.00000	0.00000	0.00006
680	0.00000	0.99999	0.00000	0.00000	0.00000	0.00001
681	0.00000	0.99999	0.00000	0.00000	0.00000	0.00001
682	0.00000	0.99995	0.00000	0.00000	0.00000	0.00005
683	0.00000	0.99999	0.00000	0.00000	0.00000	0.00001
684	0.00000	0.99987	0.00000	0.00000	0.00000	0.00013
685	0.00000	0.99913	0.00000	0.00000	0.00000	0.00087
686	0.00000	0.99999	0.00000	0.00000	0.00000	0.00001
687	0.00000	0.99963	0.00000	0.00000	0.00000	0.00037
688	0.00000	1.00000	0.00000	0.00000	0.00000	0.00000
689	0.00000	0.99993	0.00000	0.00000	0.00000	0.00007
690	0.00000	1.00000	0.00000	0.00000	0.00000	0.00000
691	0.00000	0.99999	0.00000	0.00000	0.00000	0.00001
692	0.00000	0.99996	0.00000	0.00000	0.00000	0.00004
693	0.00000	0.99989	0.00000	0.00000	0.00000	0.00011
694	0.00000	0.82549	0.00007	0.03033	0.00002	0.14408
695	0.00000	1.00000	0.00000	0.00000	0.00000	0.00000
696	0.00000	0.99999	0.00000	0.00000	0.00000	0.00001
697	0.00000	0.97575	0.00000	0.00004	0.00000	0.02421
698	0.00000	0.99856	0.00000	0.00000	0.00000	0.00144
699	0.00000	0.99999	0.00000	0.00000	0.00000	0.00001
700	0.00000	0.99999	0.00000	0.00000	0.00000	0.00001
701	0.99999	0.00000	0.00000	0.00000	0.00001	0.00000
702	0.99998	0.00000	0.00000	0.00000	0.00002	0.00000
703	0.99998	0.00000	0.00000	0.00000	0.00002	0.00000
704	0.91437	0.00000	0.00000	0.00526	0.08038	0.00000
705	0.00000	1.00000	0.00000	0.00000	0.00000	0.00000
706	0.00000	0.99944	0.00000	0.00000	0.00000	0.00056
707	0.99624	0.00000	0.00000	0.00000	0.00376	0.00000
708	0.00000	1.00000	0.00000	0.00000	0.00000	0.00000
709	0.00000	0.99739	0.00000	0.00000	0.00000	0.00261
710	0.00000	0.99997	0.00000	0.00000	0.00000	0.00003
711	0.00000	0.99976	0.00000	0.00000	0.00000	0.00024
712	0.00000	0.99996	0.00000	0.00000	0.00000	0.00004
713	0.00000	0.99679	0.00000	0.00000	0.00000	0.00321
714	0.99919	0.00000	0.00000	0.00000	0.00081	0.00000
715	0.00000	0.93173	0.00000	0.00439	0.00000	0.06387
716	0.00000	0.99995	0.00000	0.00000	0.00000	0.00005
717	0.00000	1.00000	0.00000	0.00000	0.00000	0.00000
718	0.99984	0.00000	0.00000	0.00000	0.00016	0.00000
719	0.00000	0.99997	0.00000	0.00000	0.00000	0.00003
720	0.00000	1.00000	0.00000	0.00000	0.00000	0.00000
721	0.00000	0.99997	0.00000	0.00000	0.00000	0.00003
722	0.00000	0.99993	0.00000	0.00000	0.00000	0.00007
723	0.00000	0.99927	0.00000	0.00000	0.00000	0.00073
724	0.00000	0.76321	0.00057	0.04825	0.00018	0.18778
725	0.00000	0.00013	0.00000	0.95792	0.00005	0.04190
726	0.00000	1.00000	0.00000	0.00000	0.00000	0.00000
727	0.00000	1.00000	0.00000	0.00000	0.00000	0.00000
728	0.00000	0.91947	0.00000	0.00396	0.00000	0.07656
729	0.00000	0.99998	0.00000	0.00000	0.00000	0.00002
730	0.00000	0.99999	0.00000	0.00000	0.00000	0.00001
731	0.00000	1.00000	0.00000	0.00000	0.00000	0.00000
732	0.99830	0.00000	0.00000	0.00000	0.00170	0.00000
733	0.00000	0.99986	0.00000	0.00000	0.00000	0.00014
734	0.00000	0.99998	0.00000	0.00000	0.00000	0.00002
735	0.00000	1.00000	0.00000	0.00000	0.00000	0.00000
736	0.00000	0.99434	0.00000	0.00003	0.00000	0.00563
737	0.00000	0.99997	0.00000	0.00000	0.00000	0.00003
738	0.99995	0.00000	0.00000	0.00000	0.00005	0.00000
739	0.00000	0.96773	0.00000	0.00090	0.00000	0.03137
740	0.00000	0.99999	0.00000	0.00000	0.00000	0.00001
741	0.99960	0.00000	0.00000	0.00000	0.00040	0.00000
742	0.00000	1.00000	0.00000	0.00000	0.00000	0.00000
743	0.00000	0.99960	0.00000	0.00000	0.00000	0.00040
744	0.00000	0.99999	0.00000	0.00000	0.00000	0.00001
745	0.99999	0.00000	0.00000	0.00000	0.00001	0.00000
746	0.00000	0.99989	0.00000	0.00000	0.00000	0.00011
747	0.00000	0.99997	0.00000	0.00000	0.00000	0.00003
748	0.00000	1.00000	0.00000	0.00000	0.00000	0.00000
749	0.00000	0.99998	0.00000	0.00000	0.00000	0.00002
750	0.01312	0.46192	0.07710	0.14542	0.04340	0.25904
751	0.00000	0.99999	0.00000	0.00000	0.00000	0.00001
752	0.00000	1.00000	0.00000	0.00000	0.00000	0.00000
753	0.00000	0.99999	0.00000	0.00000	0.00000	0.00001
754	0.00000	1.00000	0.00000	0.00000	0.00000	0.00000
755	0.00000	0.99939	0.00000	0.00000	0.00000	0.00061
756	0.00000	0.99999	0.00000	0.00000	0.00000	0.00001
757	0.00000	0.94933	0.00000	0.00268	0.00000	0.04799
758	0.00000	0.99765	0.00000	0.00000	0.00000	0.00234
759	0.99986	0.00000	0.00000	0.00000	0.00014	0.00000
760	1.00000	0.00000	0.00000	0.00000	0.00000	0.00000
761	0.00000	0.99998	0.00000	0.00000	0.00000	0.00002
762	0.00000	0.99998	0.00000	0.00000	0.00000	0.00002
763	0.00000	0.99423	0.00000	0.00000	0.00000	0.00577
764	0.00000	1.00000	0.00000	0.00000	0.00000	0.00000
765	0.00000	0.99983	0.00000	0.00000	0.00000	0.00017
766	0.00000	0.99990	0.00000	0.00000	0.00000	0.00010
767	0.00000	1.00000	0.00000	0.00000	0.00000	0.00000
768	0.00000	0.99925	0.00000	0.00000	0.00000	0.00075
769	0.00000	0.98707	0.00000	0.00017	0.00000	0.01276
770	0.00000	0.99991	0.00000	0.00000	0.00000	0.00009
771	0.00000	0.99962	0.00000	0.00000	0.00000	0.00038
772	0.00000	0.99998	0.00000	0.00000	0.00000	0.00002
773	0.00000	0.99196	0.00000	0.00006	0.00000	0.00798
774	0.00000	0.99953	0.00000	0.00000	0.00000	0.00047
775	0.00000	0.99987	0.00000	0.00000	0.00000	0.00013
776	0.00000	0.99992	0.00000	0.00000	0.00000	0.00008
