757201_sweeps	IndivName	1.000/0.000/0.000/0.000	0.000/0.000/0.000/1.000	0.000/0.500/0.500/0.000	0.250/0.250/0.250/0.250	0.500/0.250/0.250/0.000	0.000/0.250/0.250/0.500
1	NoName	0.00000	0.99998	0.00000	0.00000	0.00000	0.00002
2	NoName	0.00000	1.00000	0.00000	0.00000	0.00000	0.00000
3	NoName	0.00000	1.00000	0.00000	0.00000	0.00000	0.00000
4	NoName	0.00000	0.99962	0.00000	0.00000	0.00000	0.00038
5	NoName	0.00000	0.99999	0.00000	0.00000	0.00000	0.00001
6	NoName	0.00000	0.99999	0.00000	0.00000	0.00000	0.00001
7	NoName	0.00000	0.99908	0.00000	0.00000	0.00000	0.00092
8	NoName	0.00000	1.00000	0.00000	0.00000	0.00000	0.00000
9	NoName	0.00000	0.99999	0.00000	0.00000	0.00000	0.00001
10	NoName	0.00057	0.00000	0.00000	0.00014	0.99929	0.00000
11	NoName	1.00000	0.00000	0.00000	0.00000	0.00000	0.00000
12	NoName	0.00000	0.99804	0.00000	0.00002	0.00000	0.00194
13	NoName	0.00000	1.00000	0.00000	0.00000	0.00000	0.00000
14	NoName	0.00000	1.00000	0.00000	0.00000	0.00000	0.00000
15	NoName	0.00000	0.99996	0.00000	0.00000	0.00000	0.00004
16	NoName	0.00000	0.99965	0.00000	0.00000	0.00000	0.00035
17	NoName	1.00000	0.00000	0.00000	0.00000	0.00000	0.00000
18	NoName	0.99762	0.00000	0.00000	0.00003	0.00236	0.00000
19	NoName	0.00003	0.99644	0.00006	0.00012	0.00002	0.00333
20	NoName	1.00000	0.00000	0.00000	0.00000	0.00000	0.00000
21	NoName	0.00144	0.98738	0.00033	0.00109	0.00046	0.00930
22	NoName	0.00000	0.99997	0.00000	0.00000	0.00000	0.00003
23	NoName	0.99910	0.00000	0.00000	0.00001	0.00090	0.00000
24	NoName	1.00000	0.00000	0.00000	0.00000	0.00000	0.00000
25	NoName	1.00000	0.00000	0.00000	0.00000	0.00000	0.00000
26	NoName	0.00000	1.00000	0.00000	0.00000	0.00000	0.00000
27	NoName	0.00000	1.00000	0.00000	0.00000	0.00000	0.00000
28	NoName	0.00000	0.99762	0.00000	0.00000	0.00000	0.00238
29	NoName	0.00000	1.00000	0.00000	0.00000	0.00000	0.00000
30	NoName	1.00000	0.00000	0.00000	0.00000	0.00000	0.00000
31	NoName	0.99938	0.00000	0.00000	0.00000	0.00062	0.00000
32	NoName	0.00000	0.93773	0.00000	0.02246	0.00000	0.03981
33	NoName	0.99970	0.00000	0.00000	0.00000	0.00030	0.00000
34	NoName	0.00000	0.98002	0.00001	0.00079	0.00000	0.01918
35	NoName	0.00000	0.99977	0.00000	0.00000	0.00000	0.00023
36	NoName	0.00000	0.99994	0.00000	0.00000	0.00000	0.00006
37	NoName	1.00000	0.00000	0.00000	0.00000	0.00000	0.00000
38	NoName	1.00000	0.00000	0.00000	0.00000	0.00000	0.00000
39	NoName	0.00000	1.00000	0.00000	0.00000	0.00000	0.00000
40	NoName	0.00000	1.00000	0.00000	0.00000	0.00000	0.00000
41	NoName	0.00000	1.00000	0.00000	0.00000	0.00000	0.00000
42	NoName	0.00000	1.00000	0.00000	0.00000	0.00000	0.00000
43	NoName	0.99317	0.00000	0.00000	0.00000	0.00683	0.00000
44	NoName	0.00000	0.99995	0.00000	0.00000	0.00000	0.00005
45	NoName	1.00000	0.00000	0.00000	0.00000	0.00000	0.00000
46	NoName	0.00000	1.00000	0.00000	0.00000	0.00000	0.00000
47	NoName	0.00000	0.99799	0.00000	0.00000	0.00000	0.00201
48	NoName	0.99999	0.00000	0.00000	0.00000	0.00001	0.00000
49	NoName	0.99998	0.00000	0.00000	0.00000	0.00002	0.00000
50	NoName	0.00000	0.99993	0.00000	0.00000	0.00000	0.00007
51	NoName	0.00000	1.00000	0.00000	0.00000	0.00000	0.00000
52	NoName	0.00000	1.00000	0.00000	0.00000	0.00000	0.00000
53	NoName	0.99983	0.00000	0.00000	0.00000	0.00017	0.00000
54	NoName	0.00000	1.00000	0.00000	0.00000	0.00000	0.00000
55	NoName	0.00000	1.00000	0.00000	0.00000	0.00000	0.00000
56	NoName	0.99132	0.00000	0.00002	0.00031	0.00835	0.00000
57	NoName	0.00000	1.00000	0.00000	0.00000	0.00000	0.00000
58	NoName	0.00000	1.00000	0.00000	0.00000	0.00000	0.00000
59	NoName	0.00000	0.99999	0.00000	0.00000	0.00000	0.00001
60	NoName	0.00000	0.99998	0.00000	0.00000	0.00000	0.00002
61	NoName	0.00000	0.99999	0.00000	0.00000	0.00000	0.00001
62	NoName	0.00000	0.99984	0.00000	0.00000	0.00000	0.00016
63	NoName	0.00000	1.00000	0.00000	0.00000	0.00000	0.00000
64	NoName	0.00000	1.00000	0.00000	0.00000	0.00000	0.00000
65	NoName	0.00000	1.00000	0.00000	0.00000	0.00000	0.00000
66	NoName	0.99999	0.00000	0.00000	0.00000	0.00001	0.00000
67	NoName	0.00000	0.99999	0.00000	0.00000	0.00000	0.00001
68	NoName	0.00000	0.99997	0.00000	0.00000	0.00000	0.00003
69	NoName	0.49691	0.43890	0.01830	0.00309	0.01752	0.02529
70	NoName	0.00000	0.99726	0.00000	0.00000	0.00000	0.00274
71	NoName	0.00000	0.99996	0.00000	0.00000	0.00000	0.00004
72	NoName	0.00000	1.00000	0.00000	0.00000	0.00000	0.00000
73	NoName	0.00000	0.99998	0.00000	0.00000	0.00000	0.00002
74	NoName	0.00000	1.00000	0.00000	0.00000	0.00000	0.00000
75	NoName	0.00000	0.99996	0.00000	0.00000	0.00000	0.00004
76	NoName	0.00000	0.99999	0.00000	0.00000	0.00000	0.00001
77	NoName	1.00000	0.00000	0.00000	0.00000	0.00000	0.00000
78	NoName	1.00000	0.00000	0.00000	0.00000	0.00000	0.00000
79	NoName	1.00000	0.00000	0.00000	0.00000	0.00000	0.00000
80	NoName	0.00000	0.64403	0.00000	0.13157	0.00000	0.22440
81	NoName	0.00000	0.99998	0.00000	0.00000	0.00000	0.00002
82	NoName	0.33038	0.64906	0.00495	0.00097	0.00697	0.00768
83	NoName	0.99980	0.00000	0.00000	0.00000	0.00020	0.00000
84	NoName	0.00000	0.99999	0.00000	0.00000	0.00000	0.00001
85	NoName	1.00000	0.00000	0.00000	0.00000	0.00000	0.00000
86	NoName	0.99999	0.00000	0.00000	0.00000	0.00001	0.00000
87	NoName	0.00000	1.00000	0.00000	0.00000	0.00000	0.00000
88	NoName	1.00000	0.00000	0.00000	0.00000	0.00000	0.00000
89	NoName	0.00000	0.99999	0.00000	0.00000	0.00000	0.00001
90	NoName	0.00000	1.00000	0.00000	0.00000	0.00000	0.00000
91	NoName	0.99550	0.00000	0.00000	0.00017	0.00433	0.00000
92	NoName	0.00000	0.00000	0.00000	0.01027	0.00000	0.98973
93	NoName	0.00000	1.00000	0.00000	0.00000	0.00000	0.00000
94	NoName	0.99965	0.00000	0.00000	0.00000	0.00035	0.00000
95	NoName	0.00000	1.00000	0.00000	0.00000	0.00000	0.00000
96	NoName	0.00000	0.99999	0.00000	0.00000	0.00000	0.00001
97	NoName	0.99998	0.00000	0.00000	0.00000	0.00002	0.00000
98	NoName	0.00000	0.99998	0.00000	0.00000	0.00000	0.00002
99	NoName	0.00000	0.99931	0.00000	0.00000	0.00000	0.00068
100	NoName	0.00000	1.00000	0.00000	0.00000	0.00000	0.00000
101	NoName	0.00000	0.99999	0.00000	0.00000	0.00000	0.00001
102	NoName	0.00000	0.99965	0.00000	0.00000	0.00000	0.00035
103	NoName	0.00000	0.99999	0.00000	0.00000	0.00000	0.00001
104	NoName	0.00000	0.99999	0.00000	0.00000	0.00000	0.00001
105	NoName	0.00000	0.98239	0.00000	0.00061	0.00000	0.01699
106	NoName	0.00000	1.00000	0.00000	0.00000	0.00000	0.00000
107	NoName	0.00000	1.00000	0.00000	0.00000	0.00000	0.00000
108	NoName	0.99999	0.00000	0.00000	0.00000	0.00001	0.00000
109	NoName	0.00000	0.99999	0.00000	0.00000	0.00000	0.00001
110	NoName	0.00000	0.99999	0.00000	0.00000	0.00000	0.00001
111	NoName	0.00000	0.99999	0.00000	0.00000	0.00000	0.00001
112	NoName	0.93551	0.00000	0.00000	0.00001	0.06448	0.00000
113	NoName	0.99999	0.00000	0.00000	0.00000	0.00001	0.00000
114	NoName	0.00000	0.99999	0.00000	0.00000	0.00000	0.00001
115	NoName	0.00000	1.00000	0.00000	0.00000	0.00000	0.00000
116	NoName	0.01644	0.00000	0.00000	0.00217	0.98139	0.00000
117	NoName	0.00000	1.00000	0.00000	0.00000	0.00000	0.00000
118	NoName	0.99999	0.00000	0.00000	0.00000	0.00001	0.00000
119	NoName	1.00000	0.00000	0.00000	0.00000	0.00000	0.00000
120	NoName	0.00000	1.00000	0.00000	0.00000	0.00000	0.00000
121	NoName	0.00000	1.00000	0.00000	0.00000	0.00000	0.00000
122	NoName	0.00000	1.00000	0.00000	0.00000	0.00000	0.00000
123	NoName	0.38008	0.59822	0.00509	0.00106	0.00783	0.00772
124	NoName	0.00000	1.00000	0.00000	0.00000	0.00000	0.00000
125	NoName	0.00000	0.99993	0.00000	0.00000	0.00000	0.00007
126	NoName	0.00000	1.00000	0.00000	0.00000	0.00000	0.00000
127	NoName	0.00000	1.00000	0.00000	0.00000	0.00000	0.00000
128	NoName	0.00000	1.00000	0.00000	0.00000	0.00000	0.00000
129	NoName	0.00000	0.99975	0.00000	0.00000	0.00000	0.00025
130	NoName	0.00000	0.99999	0.00000	0.00000	0.00000	0.00001
131	NoName	0.99888	0.00000	0.00000	0.00000	0.00112	0.00000
132	NoName	0.00000	1.00000	0.00000	0.00000	0.00000	0.00000
133	NoName	0.00000	1.00000	0.00000	0.00000	0.00000	0.00000
134	NoName	0.00000	0.99999	0.00000	0.00000	0.00000	0.00001
135	NoName	0.00000	1.00000	0.00000	0.00000	0.00000	0.00000
136	NoName	0.00000	1.00000	0.00000	0.00000	0.00000	0.00000
137	NoName	0.00000	0.99998	0.00000	0.00000	0.00000	0.00002
138	NoName	0.99955	0.00000	0.00000	0.00000	0.00045	0.00000
139	NoName	1.00000	0.00000	0.00000	0.00000	0.00000	0.00000
140	NoName	1.00000	0.00000	0.00000	0.00000	0.00000	0.00000
141	NoName	0.96581	0.00000	0.00000	0.00037	0.03382	0.00000
142	NoName	0.99996	0.00000	0.00000	0.00000	0.00004	0.00000
143	NoName	0.00000	0.99999	0.00000	0.00000	0.00000	0.00001
144	NoName	0.99997	0.00000	0.00000	0.00000	0.00003	0.00000
145	NoName	1.00000	0.00000	0.00000	0.00000	0.00000	0.00000
146	NoName	0.99998	0.00000	0.00000	0.00000	0.00002	0.00000
147	NoName	1.00000	0.00000	0.00000	0.00000	0.00000	0.00000
148	NoName	1.00000	0.00000	0.00000	0.00000	0.00000	0.00000
149	NoName	0.99999	0.00000	0.00000	0.00000	0.00001	0.00000
150	NoName	0.99998	0.00000	0.00000	0.00000	0.00002	0.00000
151	NoName	0.00000	0.99947	0.00000	0.00000	0.00000	0.00053
152	NoName	0.00017	0.99083	0.00012	0.00070	0.00012	0.00807
153	NoName	0.00000	0.99996	0.00000	0.00000	0.00000	0.00004
154	NoName	0.00000	0.99999	0.00000	0.00000	0.00000	0.00001
155	NoName	0.00000	0.99935	0.00000	0.00000	0.00000	0.00065
156	NoName	0.00000	0.99996	0.00000	0.00000	0.00000	0.00004
157	NoName	0.00000	0.99998	0.00000	0.00000	0.00000	0.00002
158	NoName	0.00000	1.00000	0.00000	0.00000	0.00000	0.00000
159	NoName	0.00000	1.00000	0.00000	0.00000	0.00000	0.00000
160	NoName	0.00000	1.00000	0.00000	0.00000	0.00000	0.00000
161	NoName	0.00000	0.99998	0.00000	0.00000	0.00000	0.00002
162	NoName	1.00000	0.00000	0.00000	0.00000	0.00000	0.00000
163	NoName	0.00000	1.00000	0.00000	0.00000	0.00000	0.00000
164	NoName	0.00000	1.00000	0.00000	0.00000	0.00000	0.00000
165	NoName	0.00003	0.99596	0.00005	0.00015	0.00002	0.00378
166	NoName	1.00000	0.00000	0.00000	0.00000	0.00000	0.00000
167	NoName	1.00000	0.00000	0.00000	0.00000	0.00000	0.00000
168	NoName	0.99999	0.00000	0.00000	0.00000	0.00001	0.00000
169	NoName	0.00000	1.00000	0.00000	0.00000	0.00000	0.00000
170	NoName	0.00000	0.99855	0.00000	0.00000	0.00000	0.00145
171	NoName	0.00000	0.99999	0.00000	0.00000	0.00000	0.00001
172	NoName	0.00000	1.00000	0.00000	0.00000	0.00000	0.00000
173	NoName	0.99996	0.00000	0.00000	0.00000	0.00004	0.00000
174	NoName	0.00000	0.99999	0.00000	0.00000	0.00000	0.00001
175	NoName	0.00000	1.00000	0.00000	0.00000	0.00000	0.00000
176	NoName	0.00000	1.00000	0.00000	0.00000	0.00000	0.00000
177	NoName	0.00000	0.99992	0.00000	0.00000	0.00000	0.00008
178	NoName	1.00000	0.00000	0.00000	0.00000	0.00000	0.00000
179	NoName	1.00000	0.00000	0.00000	0.00000	0.00000	0.00000
180	NoName	0.00000	1.00000	0.00000	0.00000	0.00000	0.00000
181	NoName	0.00000	1.00000	0.00000	0.00000	0.00000	0.00000
182	NoName	0.99909	0.00000	0.00000	0.00001	0.00090	0.00000
183	NoName	0.00000	0.99937	0.00000	0.00000	0.00000	0.00063
184	NoName	0.00000	0.99945	0.00000	0.00000	0.00000	0.00055
185	NoName	0.00000	1.00000	0.00000	0.00000	0.00000	0.00000
186	NoName	0.99999	0.00000	0.00000	0.00000	0.00001	0.00000
187	NoName	0.00000	1.00000	0.00000	0.00000	0.00000	0.00000
188	NoName	0.00000	0.99991	0.00000	0.00000	0.00000	0.00009
189	NoName	0.00000	1.00000	0.00000	0.00000	0.00000	0.00000
190	NoName	0.00000	0.99996	0.00000	0.00000	0.00000	0.00004
191	NoName	0.99946	0.00000	0.00000	0.00000	0.00054	0.00000
192	NoName	0.99999	0.00000	0.00000	0.00000	0.00001	0.00000
193	NoName	0.99828	0.00000	0.00000	0.00000	0.00172	0.00000
194	NoName	0.00000	0.99999	0.00000	0.00000	0.00000	0.00001
195	NoName	0.00000	0.99997	0.00000	0.00000	0.00000	0.00003
196	NoName	0.00000	1.00000	0.00000	0.00000	0.00000	0.00000
197	NoName	0.00000	0.99846	0.00000	0.00002	0.00000	0.00152
198	NoName	0.00000	1.00000	0.00000	0.00000	0.00000	0.00000
199	NoName	0.00000	1.00000	0.00000	0.00000	0.00000	0.00000
200	NoName	0.00000	0.00000	0.99787	0.00017	0.00004	0.00192
201	NoName	0.00000	0.99340	0.00000	0.00000	0.00000	0.00660
202	NoName	0.00000	1.00000	0.00000	0.00000	0.00000	0.00000
203	NoName	0.00000	0.99856	0.00000	0.00002	0.00000	0.00142
204	NoName	0.00000	0.99998	0.00000	0.00000	0.00000	0.00002
205	NoName	0.00000	1.00000	0.00000	0.00000	0.00000	0.00000
206	NoName	0.00000	1.00000	0.00000	0.00000	0.00000	0.00000
207	NoName	0.00000	1.00000	0.00000	0.00000	0.00000	0.00000
208	NoName	0.00000	0.99996	0.00000	0.00000	0.00000	0.00004
209	NoName	0.00000	1.00000	0.00000	0.00000	0.00000	0.00000
210	NoName	0.00000	1.00000	0.00000	0.00000	0.00000	0.00000
211	NoName	0.00000	0.04844	0.00000	0.00026	0.00000	0.95130
212	NoName	0.00000	1.00000	0.00000	0.00000	0.00000	0.00000
213	NoName	1.00000	0.00000	0.00000	0.00000	0.00000	0.00000
214	NoName	0.99999	0.00000	0.00000	0.00000	0.00001	0.00000
215	NoName	0.00000	0.99999	0.00000	0.00000	0.00000	0.00001
216	NoName	0.00000	1.00000	0.00000	0.00000	0.00000	0.00000
217	NoName	0.00000	1.00000	0.00000	0.00000	0.00000	0.00000
218	NoName	0.00000	1.00000	0.00000	0.00000	0.00000	0.00000
219	NoName	0.00000	1.00000	0.00000	0.00000	0.00000	0.00000
220	NoName	0.00239	0.99299	0.00029	0.00017	0.00017	0.00399
221	NoName	0.00000	1.00000	0.00000	0.00000	0.00000	0.00000
222	NoName	0.00000	1.00000	0.00000	0.00000	0.00000	0.00000
223	NoName	0.00000	0.99998	0.00000	0.00000	0.00000	0.00002
224	NoName	0.00000	1.00000	0.00000	0.00000	0.00000	0.00000
225	NoName	0.00000	1.00000	0.00000	0.00000	0.00000	0.00000
226	NoName	0.99996	0.00000	0.00000	0.00000	0.00004	0.00000
227	NoName	0.00000	0.99999	0.00000	0.00000	0.00000	0.00001
228	NoName	0.00000	0.99949	0.00000	0.00000	0.00000	0.00051
229	NoName	0.99641	0.00000	0.00000	0.00005	0.00353	0.00000
230	NoName	0.00000	0.99988	0.00000	0.00000	0.00000	0.00012
231	NoName	0.00000	1.00000	0.00000	0.00000	0.00000	0.00000
232	NoName	0.00000	0.98535	0.00001	0.00192	0.00001	0.01271
233	NoName	1.00000	0.00000	0.00000	0.00000	0.00000	0.00000
234	NoName	0.00000	0.99993	0.00000	0.00000	0.00000	0.00007
235	NoName	0.00000	1.00000	0.00000	0.00000	0.00000	0.00000
236	NoName	0.00000	1.00000	0.00000	0.00000	0.00000	0.00000
237	NoName	0.00000	0.99999	0.00000	0.00000	0.00000	0.00001
238	NoName	0.00000	1.00000	0.00000	0.00000	0.00000	0.00000
239	NoName	1.00000	0.00000	0.00000	0.00000	0.00000	0.00000
240	NoName	1.00000	0.00000	0.00000	0.00000	0.00000	0.00000
241	NoName	1.00000	0.00000	0.00000	0.00000	0.00000	0.00000
242	NoName	0.99999	0.00000	0.00000	0.00000	0.00001	0.00000
243	NoName	0.00000	0.99997	0.00000	0.00000	0.00000	0.00003
244	NoName	0.99999	0.00000	0.00000	0.00000	0.00001	0.00000
245	NoName	0.99991	0.00000	0.00000	0.00000	0.00009	0.00000
246	NoName	0.00000	1.00000	0.00000	0.00000	0.00000	0.00000
247	NoName	0.00000	1.00000	0.00000	0.00000	0.00000	0.00000
248	NoName	0.00000	0.99994	0.00000	0.00000	0.00000	0.00006
249	NoName	0.00000	1.00000	0.00000	0.00000	0.00000	0.00000
250	NoName	0.00000	1.00000	0.00000	0.00000	0.00000	0.00000
251	NoName	0.00000	0.99999	0.00000	0.00000	0.00000	0.00001
252	NoName	0.00000	0.99999	0.00000	0.00000	0.00000	0.00001
253	NoName	0.00000	1.00000	0.00000	0.00000	0.00000	0.00000
254	NoName	0.00000	1.00000	0.00000	0.00000	0.00000	0.00000
255	NoName	0.00000	0.99997	0.00000	0.00000	0.00000	0.00003
256	NoName	0.00000	0.99985	0.00000	0.00000	0.00000	0.00015
257	NoName	0.00000	0.99999	0.00000	0.00000	0.00000	0.00001
258	NoName	0.00000	1.00000	0.00000	0.00000	0.00000	0.00000
259	NoName	0.00000	1.00000	0.00000	0.00000	0.00000	0.00000
260	NoName	0.00000	0.99627	0.00000	0.00003	0.00000	0.00370
261	NoName	0.00000	1.00000	0.00000	0.00000	0.00000	0.00000
262	NoName	0.00000	1.00000	0.00000	0.00000	0.00000	0.00000
263	NoName	0.00000	1.00000	0.00000	0.00000	0.00000	0.00000
264	NoName	0.00000	0.99996	0.00000	0.00000	0.00000	0.00004
265	NoName	0.72183	0.02669	0.00123	0.11059	0.12063	0.01903
266	NoName	0.00000	1.00000	0.00000	0.00000	0.00000	0.00000
267	NoName	0.00000	0.99999	0.00000	0.00000	0.00000	0.00001
268	NoName	0.00000	1.00000	0.00000	0.00000	0.00000	0.00000
269	NoName	0.00000	0.99990	0.00000	0.00000	0.00000	0.00010
270	NoName	0.00000	1.00000	0.00000	0.00000	0.00000	0.00000
271	NoName	0.00000	1.00000	0.00000	0.00000	0.00000	0.00000
272	NoName	0.00000	1.00000	0.00000	0.00000	0.00000	0.00000
273	NoName	0.00000	0.99999	0.00000	0.00000	0.00000	0.00001
274	NoName	0.00000	0.99999	0.00000	0.00000	0.00000	0.00001
275	NoName	0.00000	1.00000	0.00000	0.00000	0.00000	0.00000
276	NoName	0.00000	0.99986	0.00000	0.00000	0.00000	0.00014
277	NoName	0.00000	1.00000	0.00000	0.00000	0.00000	0.00000
278	NoName	0.00000	1.00000	0.00000	0.00000	0.00000	0.00000
279	NoName	0.00000	0.99998	0.00000	0.00000	0.00000	0.00002
280	NoName	0.00000	1.00000	0.00000	0.00000	0.00000	0.00000
281	NoName	0.00000	0.99999	0.00000	0.00000	0.00000	0.00001
282	NoName	0.00000	1.00000	0.00000	0.00000	0.00000	0.00000
283	NoName	0.99998	0.00000	0.00000	0.00000	0.00002	0.00000
284	NoName	0.00000	0.99837	0.00000	0.00002	0.00000	0.00160
285	NoName	0.00000	1.00000	0.00000	0.00000	0.00000	0.00000
286	NoName	0.00000	0.99999	0.00000	0.00000	0.00000	0.00001
287	NoName	0.00000	1.00000	0.00000	0.00000	0.00000	0.00000
288	NoName	0.00000	1.00000	0.00000	0.00000	0.00000	0.00000
289	NoName	0.00000	0.98268	0.00000	0.00000	0.00000	0.01732
290	NoName	0.00000	1.00000	0.00000	0.00000	0.00000	0.00000
291	NoName	0.00000	1.00000	0.00000	0.00000	0.00000	0.00000
292	NoName	0.00000	1.00000	0.00000	0.00000	0.00000	0.00000
293	NoName	0.00000	0.99980	0.00000	0.00000	0.00000	0.00020
294	NoName	0.00000	1.00000	0.00000	0.00000	0.00000	0.00000
295	NoName	0.00000	1.00000	0.00000	0.00000	0.00000	0.00000
296	NoName	0.99999	0.00000	0.00000	0.00000	0.00001	0.00000
297	NoName	0.18788	0.79471	0.00413	0.00079	0.00477	0.00772
298	NoName	0.00000	0.99999	0.00000	0.00000	0.00000	0.00001
299	NoName	0.00000	0.99995	0.00000	0.00000	0.00000	0.00005
300	NoName	1.00000	0.00000	0.00000	0.00000	0.00000	0.00000
301	NoName	0.00000	0.99998	0.00000	0.00000	0.00000	0.00002
302	NoName	0.00000	0.99999	0.00000	0.00000	0.00000	0.00001
303	NoName	0.00000	0.99996	0.00000	0.00000	0.00000	0.00004
304	NoName	0.00000	1.00000	0.00000	0.00000	0.00000	0.00000
305	NoName	0.00000	0.99998	0.00000	0.00000	0.00000	0.00002
306	NoName	0.00000	1.00000	0.00000	0.00000	0.00000	0.00000
307	NoName	0.00000	0.99997	0.00000	0.00000	0.00000	0.00003
308	NoName	0.00000	0.99999	0.00000	0.00000	0.00000	0.00001
309	NoName	0.00000	1.00000	0.00000	0.00000	0.00000	0.00000
310	NoName	0.00000	0.99999	0.00000	0.00000	0.00000	0.00001
311	NoName	0.00000	1.00000	0.00000	0.00000	0.00000	0.00000
312	NoName	0.00000	0.99933	0.00000	0.00000	0.00000	0.00066
313	NoName	0.00000	1.00000	0.00000	0.00000	0.00000	0.00000
314	NoName	0.00000	1.00000	0.00000	0.00000	0.00000	0.00000
315	NoName	0.00000	0.99999	0.00000	0.00000	0.00000	0.00001
316	NoName	0.00000	0.99905	0.00000	0.00000	0.00000	0.00095
317	NoName	0.00000	0.99999	0.00000	0.00000	0.00000	0.00001
318	NoName	0.00000	1.00000	0.00000	0.00000	0.00000	0.00000
319	NoName	0.00000	1.00000	0.00000	0.00000	0.00000	0.00000
320	NoName	0.00000	0.99991	0.00000	0.00000	0.00000	0.00009
321	NoName	0.00000	1.00000	0.00000	0.00000	0.00000	0.00000
322	NoName	0.00000	0.99999	0.00000	0.00000	0.00000	0.00001
323	NoName	0.00000	0.99999	0.00000	0.00000	0.00000	0.00001
324	NoName	0.00000	0.99995	0.00000	0.00000	0.00000	0.00005
325	NoName	0.00000	1.00000	0.00000	0.00000	0.00000	0.00000
326	NoName	0.00000	0.99950	0.00000	0.00000	0.00000	0.00050
327	NoName	0.00000	0.99888	0.00000	0.00001	0.00000	0.00110
328	NoName	0.00000	0.99998	0.00000	0.00000	0.00000	0.00002
329	NoName	0.00000	0.99993	0.00000	0.00000	0.00000	0.00007
330	NoName	0.00000	0.99999	0.00000	0.00000	0.00000	0.00001
331	NoName	0.00000	0.99752	0.00000	0.00006	0.00000	0.00241
332	NoName	0.00000	1.00000	0.00000	0.00000	0.00000	0.00000
333	NoName	0.00000	0.99999	0.00000	0.00000	0.00000	0.00001
334	NoName	0.00000	0.99923	0.00000	0.00000	0.00000	0.00077
335	NoName	0.00000	0.99994	0.00000	0.00000	0.00000	0.00006
336	NoName	0.00000	0.99995	0.00000	0.00000	0.00000	0.00005
337	NoName	0.05277	0.93485	0.00236	0.00059	0.00218	0.00724
338	NoName	0.00000	1.00000	0.00000	0.00000	0.00000	0.00000
339	NoName	0.00000	0.99999	0.00000	0.00000	0.00000	0.00001
340	NoName	0.00000	0.99996	0.00000	0.00000	0.00000	0.00004
341	NoName	0.00000	0.00000	0.99962	0.00007	0.00001	0.00029
342	NoName	0.00000	1.00000	0.00000	0.00000	0.00000	0.00000
343	NoName	0.00000	1.00000	0.00000	0.00000	0.00000	0.00000
344	NoName	0.00000	0.00000	0.00002	0.00072	0.00000	0.99926
345	NoName	0.00000	1.00000	0.00000	0.00000	0.00000	0.00000
346	NoName	0.00000	1.00000	0.00000	0.00000	0.00000	0.00000
347	NoName	0.00000	0.99765	0.00000	0.00005	0.00000	0.00231
348	NoName	0.00000	0.00294	0.00000	0.00015	0.00000	0.99690
349	NoName	0.00000	0.99996	0.00000	0.00000	0.00000	0.00004
350	NoName	0.00000	1.00000	0.00000	0.00000	0.00000	0.00000
351	NoName	0.00000	0.99998	0.00000	0.00000	0.00000	0.00002
352	NoName	0.00000	0.99885	0.00000	0.00000	0.00000	0.00115
353	NoName	0.00000	1.00000	0.00000	0.00000	0.00000	0.00000
354	NoName	0.00000	0.99999	0.00000	0.00000	0.00000	0.00001
355	NoName	0.00003	0.99515	0.00005	0.00022	0.00003	0.00452
356	NoName	0.99999	0.00000	0.00000	0.00000	0.00001	0.00000
357	NoName	0.00000	1.00000	0.00000	0.00000	0.00000	0.00000
358	NoName	0.00000	0.99997	0.00000	0.00000	0.00000	0.00003
359	NoName	0.15313	0.83060	0.00381	0.00073	0.00414	0.00758
360	NoName	0.00000	1.00000	0.00000	0.00000	0.00000	0.00000
361	NoName	0.00000	0.99991	0.00000	0.00000	0.00000	0.00009
362	NoName	1.00000	0.00000	0.00000	0.00000	0.00000	0.00000
363	NoName	0.99999	0.00000	0.00000	0.00000	0.00001	0.00000
364	NoName	0.00000	0.99999	0.00000	0.00000	0.00000	0.00001
365	NoName	0.00000	0.99932	0.00000	0.00000	0.00000	0.00068
366	NoName	0.00000	0.99987	0.00000	0.00000	0.00000	0.00013
367	NoName	0.00000	0.99999	0.00000	0.00000	0.00000	0.00001
368	NoName	0.00000	0.99997	0.00000	0.00000	0.00000	0.00003
369	NoName	1.00000	0.00000	0.00000	0.00000	0.00000	0.00000
370	NoName	0.00000	0.99995	0.00000	0.00000	0.00000	0.00005
371	NoName	0.00000	0.99998	0.00000	0.00000	0.00000	0.00002
372	NoName	0.00000	1.00000	0.00000	0.00000	0.00000	0.00000
373	NoName	0.00000	1.00000	0.00000	0.00000	0.00000	0.00000
374	NoName	0.00000	0.99909	0.00000	0.00001	0.00000	0.00090
375	NoName	0.99997	0.00000	0.00000	0.00000	0.00003	0.00000
376	NoName	0.00000	0.99996	0.00000	0.00000	0.00000	0.00004
377	NoName	0.00164	0.99408	0.00024	0.00015	0.00013	0.00375
378	NoName	0.99999	0.00000	0.00000	0.00000	0.00001	0.00000
379	NoName	0.99992	0.00000	0.00000	0.00000	0.00008	0.00000
380	NoName	0.00000	1.00000	0.00000	0.00000	0.00000	0.00000
381	NoName	0.00000	0.99999	0.00000	0.00000	0.00000	0.00001
382	NoName	0.00000	1.00000	0.00000	0.00000	0.00000	0.00000
383	NoName	0.99998	0.00000	0.00000	0.00000	0.00002	0.00000
384	NoName	0.00000	0.99999	0.00000	0.00000	0.00000	0.00001
385	NoName	0.00000	1.00000	0.00000	0.00000	0.00000	0.00000
386	NoName	0.00000	1.00000	0.00000	0.00000	0.00000	0.00000
387	NoName	0.00000	0.99998	0.00000	0.00000	0.00000	0.00002
388	NoName	0.98709	0.00173	0.00162	0.00038	0.00864	0.00055
389	NoName	0.00000	1.00000	0.00000	0.00000	0.00000	0.00000
390	NoName	0.00000	1.00000	0.00000	0.00000	0.00000	0.00000
391	NoName	0.00000	1.00000	0.00000	0.00000	0.00000	0.00000
392	NoName	0.00000	0.99939	0.00000	0.00000	0.00000	0.00060
393	NoName	0.00000	0.99990	0.00000	0.00000	0.00000	0.00010
394	NoName	0.00000	0.99583	0.00000	0.00000	0.00000	0.00417
395	NoName	0.00000	1.00000	0.00000	0.00000	0.00000	0.00000
396	NoName	0.00000	1.00000	0.00000	0.00000	0.00000	0.00000
397	NoName	0.00000	1.00000	0.00000	0.00000	0.00000	0.00000
398	NoName	0.00000	1.00000	0.00000	0.00000	0.00000	0.00000
399	NoName	0.00000	0.98613	0.00000	0.00038	0.00000	0.01348
400	NoName	0.00000	0.99999	0.00000	0.00000	0.00000	0.00001
401	NoName	0.00000	1.00000	0.00000	0.00000	0.00000	0.00000
402	NoName	0.00000	0.99713	0.00002	0.00008	0.00001	0.00276
403	NoName	0.00000	1.00000	0.00000	0.00000	0.00000	0.00000
404	NoName	0.00000	1.00000	0.00000	0.00000	0.00000	0.00000
405	NoName	0.00000	0.99988	0.00000	0.00000	0.00000	0.00012
406	NoName	0.00000	1.00000	0.00000	0.00000	0.00000	0.00000
407	NoName	0.00000	1.00000	0.00000	0.00000	0.00000	0.00000
408	NoName	0.00000	1.00000	0.00000	0.00000	0.00000	0.00000
409	NoName	0.00000	1.00000	0.00000	0.00000	0.00000	0.00000
410	NoName	0.00000	0.99999	0.00000	0.00000	0.00000	0.00001
411	NoName	0.00000	1.00000	0.00000	0.00000	0.00000	0.00000
412	NoName	1.00000	0.00000	0.00000	0.00000	0.00000	0.00000
413	NoName	0.00000	1.00000	0.00000	0.00000	0.00000	0.00000
414	NoName	0.00000	0.99998	0.00000	0.00000	0.00000	0.00002
415	NoName	0.00000	1.00000	0.00000	0.00000	0.00000	0.00000
416	NoName	0.00000	0.99794	0.00000	0.00004	0.00000	0.00201
417	NoName	0.00000	0.99970	0.00000	0.00000	0.00000	0.00030
418	NoName	0.00000	1.00000	0.00000	0.00000	0.00000	0.00000
419	NoName	0.00000	1.00000	0.00000	0.00000	0.00000	0.00000
420	NoName	0.00000	1.00000	0.00000	0.00000	0.00000	0.00000
421	NoName	0.00000	1.00000	0.00000	0.00000	0.00000	0.00000
422	NoName	0.00000	1.00000	0.00000	0.00000	0.00000	0.00000
423	NoName	0.00000	0.99992	0.00000	0.00000	0.00000	0.00008
424	NoName	0.00005	0.98579	0.00028	0.00132	0.00024	0.01232
425	NoName	0.00000	0.99999	0.00000	0.00000	0.00000	0.00001
426	NoName	0.00000	0.99999	0.00000	0.00000	0.00000	0.00001
427	NoName	0.00000	1.00000	0.00000	0.00000	0.00000	0.00000
428	NoName	0.00000	1.00000	0.00000	0.00000	0.00000	0.00000
429	NoName	0.00000	1.00000	0.00000	0.00000	0.00000	0.00000
430	NoName	0.00000	1.00000	0.00000	0.00000	0.00000	0.00000
431	NoName	0.00000	1.00000	0.00000	0.00000	0.00000	0.00000
432	NoName	0.00000	1.00000	0.00000	0.00000	0.00000	0.00000
433	NoName	0.00000	0.99996	0.00000	0.00000	0.00000	0.00004
434	NoName	0.00000	1.00000	0.00000	0.00000	0.00000	0.00000
435	NoName	0.00000	0.99998	0.00000	0.00000	0.00000	0.00002
436	NoName	0.00000	1.00000	0.00000	0.00000	0.00000	0.00000
437	NoName	1.00000	0.00000	0.00000	0.00000	0.00000	0.00000
438	NoName	0.00000	1.00000	0.00000	0.00000	0.00000	0.00000
439	NoName	0.00000	0.99997	0.00000	0.00000	0.00000	0.00003
440	NoName	0.00000	1.00000	0.00000	0.00000	0.00000	0.00000
441	NoName	0.00000	1.00000	0.00000	0.00000	0.00000	0.00000
442	NoName	0.00000	1.00000	0.00000	0.00000	0.00000	0.00000
443	NoName	0.00000	0.99999	0.00000	0.00000	0.00000	0.00001
444	NoName	0.00000	0.99999	0.00000	0.00000	0.00000	0.00001
445	NoName	0.00000	0.99866	0.00000	0.00000	0.00000	0.00134
446	NoName	0.00000	0.99997	0.00000	0.00000	0.00000	0.00003
447	NoName	0.00000	1.00000	0.00000	0.00000	0.00000	0.00000
448	NoName	0.00000	0.99994	0.00000	0.00000	0.00000	0.00006
449	NoName	0.00000	0.99998	0.00000	0.00000	0.00000	0.00002
450	NoName	0.00000	1.00000	0.00000	0.00000	0.00000	0.00000
451	NoName	0.00000	1.00000	0.00000	0.00000	0.00000	0.00000
452	NoName	0.00000	1.00000	0.00000	0.00000	0.00000	0.00000
453	NoName	0.19298	0.72698	0.00848	0.00790	0.01126	0.05240
454	NoName	0.00000	1.00000	0.00000	0.00000	0.00000	0.00000
455	NoName	0.00000	1.00000	0.00000	0.00000	0.00000	0.00000
456	NoName	0.00000	0.99995	0.00000	0.00000	0.00000	0.00005
457	NoName	0.00000	1.00000	0.00000	0.00000	0.00000	0.00000
458	NoName	0.00000	0.99979	0.00000	0.00000	0.00000	0.00021
459	NoName	0.00000	1.00000	0.00000	0.00000	0.00000	0.00000
460	NoName	0.00000	1.00000	0.00000	0.00000	0.00000	0.00000
461	NoName	0.99999	0.00000	0.00000	0.00000	0.00001	0.00000
462	NoName	0.00000	1.00000	0.00000	0.00000	0.00000	0.00000
463	NoName	0.00000	1.00000	0.00000	0.00000	0.00000	0.00000
464	NoName	0.00099	0.99303	0.00019	0.00031	0.00013	0.00534
465	NoName	0.99995	0.00000	0.00000	0.00000	0.00005	0.00000
466	NoName	0.00000	1.00000	0.00000	0.00000	0.00000	0.00000
467	NoName	0.00000	1.00000	0.00000	0.00000	0.00000	0.00000
468	NoName	0.00000	0.99915	0.00000	0.00001	0.00000	0.00084
469	NoName	0.00000	0.99999	0.00000	0.00000	0.00000	0.00001
470	NoName	0.00000	0.99998	0.00000	0.00000	0.00000	0.00002
471	NoName	0.00000	0.99991	0.00000	0.00000	0.00000	0.00009
472	NoName	0.00000	0.99984	0.00000	0.00000	0.00000	0.00016
473	NoName	0.00000	0.92573	0.00000	0.00000	0.00000	0.07427
474	NoName	0.00000	0.99999	0.00000	0.00000	0.00000	0.00001
475	NoName	0.26310	0.71750	0.00465	0.00090	0.00602	0.00782
476	NoName	0.00000	1.00000	0.00000	0.00000	0.00000	0.00000
477	NoName	0.00000	1.00000	0.00000	0.00000	0.00000	0.00000
478	NoName	0.00000	0.99999	0.00000	0.00000	0.00000	0.00001
479	NoName	0.00000	1.00000	0.00000	0.00000	0.00000	0.00000
480	NoName	0.00000	0.99939	0.00000	0.00000	0.00000	0.00060
481	NoName	0.00000	0.99998	0.00000	0.00000	0.00000	0.00002
482	NoName	0.00000	1.00000	0.00000	0.00000	0.00000	0.00000
483	NoName	0.00000	1.00000	0.00000	0.00000	0.00000	0.00000
484	NoName	0.00000	1.00000	0.00000	0.00000	0.00000	0.00000
485	NoName	0.00000	0.99985	0.00000	0.00000	0.00000	0.00015
486	NoName	0.00000	1.00000	0.00000	0.00000	0.00000	0.00000
487	NoName	0.00000	1.00000	0.00000	0.00000	0.00000	0.00000
488	NoName	0.00000	0.99999	0.00000	0.00000	0.00000	0.00001
489	NoName	0.00000	1.00000	0.00000	0.00000	0.00000	0.00000
490	NoName	0.00000	1.00000	0.00000	0.00000	0.00000	0.00000
491	NoName	0.00000	0.99999	0.00000	0.00000	0.00000	0.00001
492	NoName	0.00000	0.99999	0.00000	0.00000	0.00000	0.00001
493	NoName	0.00000	0.99990	0.00000	0.00000	0.00000	0.00010
494	NoName	0.00000	0.99928	0.00000	0.00000	0.00000	0.00072
495	NoName	0.00000	0.99867	0.00000	0.00002	0.00000	0.00131
496	NoName	0.00000	1.00000	0.00000	0.00000	0.00000	0.00000
497	NoName	0.00000	0.99999	0.00000	0.00000	0.00000	0.00001
498	NoName	0.00000	1.00000	0.00000	0.00000	0.00000	0.00000
499	NoName	0.00000	1.00000	0.00000	0.00000	0.00000	0.00000
500	NoName	0.00000	1.00000	0.00000	0.00000	0.00000	0.00000
501	NoName	0.00012	0.99592	0.00010	0.00014	0.00004	0.00367
502	NoName	0.00000	1.00000	0.00000	0.00000	0.00000	0.00000
503	NoName	0.00000	0.99884	0.00000	0.00001	0.00000	0.00114
504	NoName	0.00000	1.00000	0.00000	0.00000	0.00000	0.00000
505	NoName	0.00000	0.99974	0.00000	0.00000	0.00000	0.00026
506	NoName	0.00000	0.99998	0.00000	0.00000	0.00000	0.00002
507	NoName	0.99998	0.00000	0.00000	0.00000	0.00002	0.00000
508	NoName	0.99998	0.00000	0.00000	0.00000	0.00002	0.00000
509	NoName	0.00000	1.00000	0.00000	0.00000	0.00000	0.00000
510	NoName	0.00000	1.00000	0.00000	0.00000	0.00000	0.00000
511	NoName	0.00000	0.99999	0.00000	0.00000	0.00000	0.00001
512	NoName	0.00000	1.00000	0.00000	0.00000	0.00000	0.00000
513	NoName	0.00000	1.00000	0.00000	0.00000	0.00000	0.00000
514	NoName	0.99991	0.00000	0.00000	0.00000	0.00009	0.00000
515	NoName	0.00000	0.99999	0.00000	0.00000	0.00000	0.00001
516	NoName	1.00000	0.00000	0.00000	0.00000	0.00000	0.00000
517	NoName	0.00000	0.99939	0.00000	0.00000	0.00000	0.00060
518	NoName	0.00000	0.99999	0.00000	0.00000	0.00000	0.00001
519	NoName	1.00000	0.00000	0.00000	0.00000	0.00000	0.00000
520	NoName	0.00000	0.99998	0.00000	0.00000	0.00000	0.00002
521	NoName	0.00000	0.99998	0.00000	0.00000	0.00000	0.00002
522	NoName	0.00000	1.00000	0.00000	0.00000	0.00000	0.00000
523	NoName	0.00000	1.00000	0.00000	0.00000	0.00000	0.00000
524	NoName	0.00000	1.00000	0.00000	0.00000	0.00000	0.00000
525	NoName	0.00000	1.00000	0.00000	0.00000	0.00000	0.00000
526	NoName	0.00000	1.00000	0.00000	0.00000	0.00000	0.00000
527	NoName	0.00000	0.99991	0.00000	0.00000	0.00000	0.00009
528	NoName	0.00000	0.99999	0.00000	0.00000	0.00000	0.00001
529	NoName	0.00000	0.99877	0.00000	0.00002	0.00000	0.00122
530	NoName	0.00003	0.99538	0.00005	0.00020	0.00003	0.00432
531	NoName	0.00000	0.99997	0.00000	0.00000	0.00000	0.00003
532	NoName	0.00000	0.99999	0.00000	0.00000	0.00000	0.00001
533	NoName	0.00000	1.00000	0.00000	0.00000	0.00000	0.00000
534	NoName	1.00000	0.00000	0.00000	0.00000	0.00000	0.00000
535	NoName	0.00000	0.99999	0.00000	0.00000	0.00000	0.00001
536	NoName	0.00000	0.99993	0.00000	0.00000	0.00000	0.00007
537	NoName	0.00000	1.00000	0.00000	0.00000	0.00000	0.00000
538	NoName	0.99995	0.00000	0.00000	0.00000	0.00005	0.00000
539	NoName	0.00000	0.99953	0.00000	0.00000	0.00000	0.00046
540	NoName	0.00000	1.00000	0.00000	0.00000	0.00000	0.00000
541	NoName	0.81256	0.00000	0.00000	0.08403	0.10341	0.00000
542	NoName	0.99999	0.00000	0.00000	0.00000	0.00001	0.00000
543	NoName	1.00000	0.00000	0.00000	0.00000	0.00000	0.00000
544	NoName	0.00000	0.99998	0.00000	0.00000	0.00000	0.00002
545	NoName	0.00000	1.00000	0.00000	0.00000	0.00000	0.00000
546	NoName	0.00000	1.00000	0.00000	0.00000	0.00000	0.00000
547	NoName	0.00000	0.99998	0.00000	0.00000	0.00000	0.00002
548	NoName	0.00000	1.00000	0.00000	0.00000	0.00000	0.00000
549	NoName	0.99961	0.00000	0.00000	0.00000	0.00039	0.00000
550	NoName	0.00000	1.00000	0.00000	0.00000	0.00000	0.00000
551	NoName	0.00000	0.99994	0.00000	0.00000	0.00000	0.00006
552	NoName	1.00000	0.00000	0.00000	0.00000	0.00000	0.00000
553	NoName	0.00000	0.99937	0.00000	0.00000	0.00000	0.00063
554	NoName	0.00000	0.99999	0.00000	0.00000	0.00000	0.00001
555	NoName	0.00000	1.00000	0.00000	0.00000	0.00000	0.00000
556	NoName	0.00000	1.00000	0.00000	0.00000	0.00000	0.00000
557	NoName	0.00000	0.00000	0.94989	0.01575	0.00088	0.03348
558	NoName	0.00000	1.00000	0.00000	0.00000	0.00000	0.00000
559	NoName	0.00000	0.99997	0.00000	0.00000	0.00000	0.00003
560	NoName	1.00000	0.00000	0.00000	0.00000	0.00000	0.00000
561	NoName	1.00000	0.00000	0.00000	0.00000	0.00000	0.00000
562	NoName	1.00000	0.00000	0.00000	0.00000	0.00000	0.00000
563	NoName	1.00000	0.00000	0.00000	0.00000	0.00000	0.00000
564	NoName	0.00000	0.99998	0.00000	0.00000	0.00000	0.00002
565	NoName	0.00000	1.00000	0.00000	0.00000	0.00000	0.00000
566	NoName	1.00000	0.00000	0.00000	0.00000	0.00000	0.00000
567	NoName	0.00000	1.00000	0.00000	0.00000	0.00000	0.00000
568	NoName	0.05470	0.93347	0.00241	0.00053	0.00209	0.00680
569	NoName	1.00000	0.00000	0.00000	0.00000	0.00000	0.00000
570	NoName	0.00000	0.99764	0.00000	0.00000	0.00000	0.00236
571	NoName	0.00000	1.00000	0.00000	0.00000	0.00000	0.00000
572	NoName	0.00000	0.99998	0.00000	0.00000	0.00000	0.00002
573	NoName	0.00000	1.00000	0.00000	0.00000	0.00000	0.00000
574	NoName	0.00000	0.99996	0.00000	0.00000	0.00000	0.00004
575	NoName	0.00000	0.99766	0.00000	0.00001	0.00000	0.00233
576	NoName	0.00007	0.00000	0.00000	0.00129	0.99863	0.00000
577	NoName	0.00000	1.00000	0.00000	0.00000	0.00000	0.00000
578	NoName	1.00000	0.00000	0.00000	0.00000	0.00000	0.00000
579	NoName	0.00000	1.00000	0.00000	0.00000	0.00000	0.00000
580	NoName	0.00000	0.99982	0.00000	0.00000	0.00000	0.00018
581	NoName	0.00000	0.99908	0.00000	0.00001	0.00000	0.00091
582	NoName	0.00000	1.00000	0.00000	0.00000	0.00000	0.00000
583	NoName	0.00000	0.99983	0.00000	0.00000	0.00000	0.00017
584	NoName	0.00000	0.99998	0.00000	0.00000	0.00000	0.00002
585	NoName	0.00000	1.00000	0.00000	0.00000	0.00000	0.00000
586	NoName	0.00000	0.99990	0.00000	0.00000	0.00000	0.00010
587	NoName	0.00000	1.00000	0.00000	0.00000	0.00000	0.00000
588	NoName	0.00000	1.00000	0.00000	0.00000	0.00000	0.00000
589	NoName	0.00000	1.00000	0.00000	0.00000	0.00000	0.00000
590	NoName	0.00000	1.00000	0.00000	0.00000	0.00000	0.00000
591	NoName	0.00000	1.00000	0.00000	0.00000	0.00000	0.00000
592	NoName	0.00000	0.99977	0.00000	0.00000	0.00000	0.00023
593	NoName	0.00000	0.99953	0.00000	0.00000	0.00000	0.00046
594	NoName	0.00000	1.00000	0.00000	0.00000	0.00000	0.00000
595	NoName	0.00000	1.00000	0.00000	0.00000	0.00000	0.00000
596	NoName	0.00000	1.00000	0.00000	0.00000	0.00000	0.00000
597	NoName	0.00000	0.99916	0.00000	0.00001	0.00000	0.00083
598	NoName	0.00000	0.99998	0.00000	0.00000	0.00000	0.00002
599	NoName	0.00000	0.99782	0.00000	0.00005	0.00000	0.00213
600	NoName	0.00000	0.99408	0.00000	0.00014	0.00000	0.00578
601	NoName	0.00000	1.00000	0.00000	0.00000	0.00000	0.00000
602	NoName	0.00001	0.81363	0.00022	0.00793	0.00008	0.17813
603	NoName	0.99992	0.00000	0.00000	0.00000	0.00008	0.00000
604	NoName	0.96265	0.01313	0.00415	0.00137	0.01583	0.00287
605	NoName	0.00000	0.99989	0.00000	0.00000	0.00000	0.00011
606	NoName	0.00000	0.99890	0.00000	0.00001	0.00000	0.00109
607	NoName	0.00000	0.99972	0.00000	0.00000	0.00000	0.00028
608	NoName	0.00000	1.00000	0.00000	0.00000	0.00000	0.00000
609	NoName	0.00000	1.00000	0.00000	0.00000	0.00000	0.00000
610	NoName	0.00000	1.00000	0.00000	0.00000	0.00000	0.00000
611	NoName	0.99999	0.00000	0.00000	0.00000	0.00001	0.00000
612	NoName	0.00000	1.00000	0.00000	0.00000	0.00000	0.00000
613	NoName	0.00000	1.00000	0.00000	0.00000	0.00000	0.00000
614	NoName	0.00000	1.00000	0.00000	0.00000	0.00000	0.00000
615	NoName	0.00000	0.99917	0.00000	0.00001	0.00000	0.00082
616	NoName	0.00000	1.00000	0.00000	0.00000	0.00000	0.00000
617	NoName	0.00000	0.99999	0.00000	0.00000	0.00000	0.00001
618	NoName	0.00000	1.00000	0.00000	0.00000	0.00000	0.00000
619	NoName	0.00000	1.00000	0.00000	0.00000	0.00000	0.00000
620	NoName	0.00000	1.00000	0.00000	0.00000	0.00000	0.00000
621	NoName	0.00000	0.99999	0.00000	0.00000	0.00000	0.00001
622	NoName	0.00000	0.99999	0.00000	0.00000	0.00000	0.00001
623	NoName	0.00000	0.99772	0.00000	0.00006	0.00000	0.00222
624	NoName	0.00000	1.00000	0.00000	0.00000	0.00000	0.00000
625	NoName	0.00000	0.99159	0.00000	0.00000	0.00000	0.00841
626	NoName	0.00000	0.99998	0.00000	0.00000	0.00000	0.00002
627	NoName	0.00000	0.99798	0.00000	0.00004	0.00000	0.00198
628	NoName	0.00000	0.99999	0.00000	0.00000	0.00000	0.00001
629	NoName	0.00000	0.99999	0.00000	0.00000	0.00000	0.00001
630	NoName	0.00000	1.00000	0.00000	0.00000	0.00000	0.00000
631	NoName	0.00000	1.00000	0.00000	0.00000	0.00000	0.00000
632	NoName	0.00000	1.00000	0.00000	0.00000	0.00000	0.00000
633	NoName	1.00000	0.00000	0.00000	0.00000	0.00000	0.00000
634	NoName	0.00000	0.99999	0.00000	0.00000	0.00000	0.00001
635	NoName	0.00000	1.00000	0.00000	0.00000	0.00000	0.00000
636	NoName	0.00000	0.99999	0.00000	0.00000	0.00000	0.00001
637	NoName	0.00000	0.99906	0.00000	0.00001	0.00000	0.00093
638	NoName	0.00000	0.99984	0.00000	0.00000	0.00000	0.00016
639	NoName	0.00000	1.00000	0.00000	0.00000	0.00000	0.00000
640	NoName	0.00000	0.99999	0.00000	0.00000	0.00000	0.00001
641	NoName	0.00000	1.00000	0.00000	0.00000	0.00000	0.00000
642	NoName	0.00000	1.00000	0.00000	0.00000	0.00000	0.00000
643	NoName	0.00000	1.00000	0.00000	0.00000	0.00000	0.00000
644	NoName	0.00000	1.00000	0.00000	0.00000	0.00000	0.00000
645	NoName	0.00000	0.00000	0.00006	0.00238	0.00000	0.99756
646	NoName	0.00000	1.00000	0.00000	0.00000	0.00000	0.00000
647	NoName	0.00000	1.00000	0.00000	0.00000	0.00000	0.00000
648	NoName	0.00000	1.00000	0.00000	0.00000	0.00000	0.00000
649	NoName	0.00000	1.00000	0.00000	0.00000	0.00000	0.00000
650	NoName	0.00000	0.99999	0.00000	0.00000	0.00000	0.00001
651	NoName	1.00000	0.00000	0.00000	0.00000	0.00000	0.00000
652	NoName	0.00000	1.00000	0.00000	0.00000	0.00000	0.00000
653	NoName	0.00000	0.99998	0.00000	0.00000	0.00000	0.00002
654	NoName	0.99754	0.00000	0.00000	0.00003	0.00243	0.00000
655	NoName	0.00000	1.00000	0.00000	0.00000	0.00000	0.00000
656	NoName	0.00000	0.99998	0.00000	0.00000	0.00000	0.00002
657	NoName	0.00000	1.00000	0.00000	0.00000	0.00000	0.00000
658	NoName	0.00000	1.00000	0.00000	0.00000	0.00000	0.00000
659	NoName	0.00000	1.00000	0.00000	0.00000	0.00000	0.00000
660	NoName	0.99968	0.00000	0.00000	0.00000	0.00032	0.00000
661	NoName	0.00000	0.99992	0.00000	0.00000	0.00000	0.00008
662	NoName	0.00000	1.00000	0.00000	0.00000	0.00000	0.00000
663	NoName	0.00000	0.99999	0.00000	0.00000	0.00000	0.00001
664	NoName	0.00000	0.99831	0.00000	0.00003	0.00000	0.00165
665	NoName	1.00000	0.00000	0.00000	0.00000	0.00000	0.00000
666	NoName	0.00000	0.99989	0.00000	0.00000	0.00000	0.00011
667	NoName	1.00000	0.00000	0.00000	0.00000	0.00000	0.00000
668	NoName	1.00000	0.00000	0.00000	0.00000	0.00000	0.00000
669	NoName	0.99999	0.00000	0.00000	0.00000	0.00001	0.00000
670	NoName	0.99999	0.00000	0.00000	0.00000	0.00001	0.00000
671	NoName	0.99769	0.00000	0.00000	0.00000	0.00231	0.00000
672	NoName	0.00000	0.99999	0.00000	0.00000	0.00000	0.00001
673	NoName	0.00000	1.00000	0.00000	0.00000	0.00000	0.00000
674	NoName	0.00000	1.00000	0.00000	0.00000	0.00000	0.00000
675	NoName	0.00001	0.99724	0.00001	0.00008	0.00001	0.00265
676	NoName	0.00000	1.00000	0.00000	0.00000	0.00000	0.00000
677	NoName	0.00000	0.99988	0.00000	0.00000	0.00000	0.00012
678	NoName	0.00000	1.00000	0.00000	0.00000	0.00000	0.00000
679	NoName	0.99992	0.00000	0.00000	0.00000	0.00008	0.00000
680	NoName	0.00000	1.00000	0.00000	0.00000	0.00000	0.00000
681	NoName	0.00000	0.99920	0.00000	0.00000	0.00000	0.00080
682	NoName	0.00000	1.00000	0.00000	0.00000	0.00000	0.00000
683	NoName	0.00000	1.00000	0.00000	0.00000	0.00000	0.00000
684	NoName	0.00000	1.00000	0.00000	0.00000	0.00000	0.00000
685	NoName	0.00000	0.99997	0.00000	0.00000	0.00000	0.00003
686	NoName	0.00000	1.00000	0.00000	0.00000	0.00000	0.00000
687	NoName	0.00000	1.00000	0.00000	0.00000	0.00000	0.00000
688	NoName	0.00000	0.99999	0.00000	0.00000	0.00000	0.00001
689	NoName	0.00000	1.00000	0.00000	0.00000	0.00000	0.00000
690	NoName	0.00000	1.00000	0.00000	0.00000	0.00000	0.00000
691	NoName	0.00000	1.00000	0.00000	0.00000	0.00000	0.00000
692	NoName	0.00000	0.99999	0.00000	0.00000	0.00000	0.00001
693	NoName	0.00000	1.00000	0.00000	0.00000	0.00000	0.00000
694	NoName	0.00000	0.99689	0.00000	0.00000	0.00000	0.00311
695	NoName	0.00002	0.99431	0.00003	0.00030	0.00002	0.00531
696	NoName	0.00000	1.00000	0.00000	0.00000	0.00000	0.00000
697	NoName	0.00000	1.00000	0.00000	0.00000	0.00000	0.00000
698	NoName	0.00000	0.99879	0.00000	0.00000	0.00000	0.00121
699	NoName	0.00000	0.95573	0.00000	0.00003	0.00000	0.04424
700	NoName	0.00000	1.00000	0.00000	0.00000	0.00000	0.00000
701	NoName	0.00000	0.99999	0.00000	0.00000	0.00000	0.00001
702	NoName	1.00000	0.00000	0.00000	0.00000	0.00000	0.00000
703	NoName	0.99337	0.00000	0.00000	0.00000	0.00663	0.00000
704	NoName	1.00000	0.00000	0.00000	0.00000	0.00000	0.00000
705	NoName	0.99839	0.00000	0.00000	0.00001	0.00160	0.00000
706	NoName	0.00000	0.99999	0.00000	0.00000	0.00000	0.00001
707	NoName	0.00000	0.99821	0.00000	0.00001	0.00000	0.00178
708	NoName	0.99987	0.00000	0.00000	0.00000	0.00013	0.00000
709	NoName	0.00000	1.00000	0.00000	0.00000	0.00000	0.00000
710	NoName	0.00000	0.99983	0.00000	0.00000	0.00000	0.00017
711	NoName	0.00000	0.99998	0.00000	0.00000	0.00000	0.00002
712	NoName	0.00000	0.99999	0.00000	0.00000	0.00000	0.00001
713	NoName	0.00000	0.99972	0.00000	0.00000	0.00000	0.00028
714	NoName	0.00000	1.00000	0.00000	0.00000	0.00000	0.00000
715	NoName	0.99920	0.00000	0.00000	0.00000	0.00080	0.00000
716	NoName	0.18439	0.79716	0.00408	0.00093	0.00510	0.00834
717	NoName	0.00000	1.00000	0.00000	0.00000	0.00000	0.00000
718	NoName	0.00000	1.00000	0.00000	0.00000	0.00000	0.00000
719	NoName	0.99999	0.00000	0.00000	0.00000	0.00001	0.00000
720	NoName	0.00000	0.99999	0.00000	0.00000	0.00000	0.00001
721	NoName	0.00000	1.00000	0.00000	0.00000	0.00000	0.00000
722	NoName	0.00000	0.99998	0.00000	0.00000	0.00000	0.00002
723	NoName	0.00000	1.00000	0.00000	0.00000	0.00000	0.00000
724	NoName	0.00000	1.00000	0.00000	0.00000	0.00000	0.00000
725	NoName	0.00000	0.99844	0.00000	0.00002	0.00000	0.00153
726	NoName	0.01496	0.91760	0.00056	0.02979	0.00754	0.02953
727	NoName	0.00000	0.99999	0.00000	0.00000	0.00000	0.00001
728	NoName	0.00000	1.00000	0.00000	0.00000	0.00000	0.00000
729	NoName	0.00000	0.99869	0.00000	0.00002	0.00000	0.00129
730	NoName	0.00000	1.00000	0.00000	0.00000	0.00000	0.00000
731	NoName	0.00000	1.00000	0.00000	0.00000	0.00000	0.00000
732	NoName	0.00000	1.00000	0.00000	0.00000	0.00000	0.00000
733	NoName	0.99981	0.00000	0.00000	0.00000	0.00019	0.00000
734	NoName	0.00000	0.99999	0.00000	0.00000	0.00000	0.00001
735	NoName	0.00000	0.99999	0.00000	0.00000	0.00000	0.00001
736	NoName	0.00000	0.99999	0.00000	0.00000	0.00000	0.00001
737	NoName	0.00000	0.99882	0.00000	0.00002	0.00000	0.00116
738	NoName	0.00000	1.00000	0.00000	0.00000	0.00000	0.00000
739	NoName	1.00000	0.00000	0.00000	0.00000	0.00000	0.00000
740	NoName	0.00000	0.99647	0.00000	0.00001	0.00000	0.00352
741	NoName	0.00000	0.99999	0.00000	0.00000	0.00000	0.00001
742	NoName	1.00000	0.00000	0.00000	0.00000	0.00000	0.00000
743	NoName	0.00000	1.00000	0.00000	0.00000	0.00000	0.00000
744	NoName	0.00000	1.00000	0.00000	0.00000	0.00000	0.00000
745	NoName	0.00000	0.99998	0.00000	0.00000	0.00000	0.00002
746	NoName	1.00000	0.00000	0.00000	0.00000	0.00000	0.00000
747	NoName	0.00000	1.00000	0.00000	0.00000	0.00000	0.00000
748	NoName	0.00000	0.99995	0.00000	0.00000	0.00000	0.00005
749	NoName	0.00000	1.00000	0.00000	0.00000	0.00000	0.00000
750	NoName	0.00000	1.00000	0.00000	0.00000	0.00000	0.00000
751	NoName	0.00058	0.98320	0.00022	0.00201	0.00037	0.01362
752	NoName	0.00000	0.99999	0.00000	0.00000	0.00000	0.00001
753	NoName	0.00000	0.99999	0.00000	0.00000	0.00000	0.00001
754	NoName	0.00000	1.00000	0.00000	0.00000	0.00000	0.00000
755	NoName	0.00000	1.00000	0.00000	0.00000	0.00000	0.00000
756	NoName	0.00000	0.99998	0.00000	0.00000	0.00000	0.00002
757	NoName	0.00000	1.00000	0.00000	0.00000	0.00000	0.00000
758	NoName	0.00000	0.97836	0.00010	0.00080	0.00002	0.02073
759	NoName	0.00000	0.99866	0.00000	0.00002	0.00000	0.00132
760	NoName	0.99973	0.00000	0.00000	0.00000	0.00027	0.00000
761	NoName	0.99998	0.00000	0.00000	0.00000	0.00002	0.00000
762	NoName	0.00000	0.98297	0.00000	0.00000	0.00000	0.01703
763	NoName	0.00000	0.99999	0.00000	0.00000	0.00000	0.00001
764	NoName	0.00000	1.00000	0.00000	0.00000	0.00000	0.00000
765	NoName	0.00000	1.00000	0.00000	0.00000	0.00000	0.00000
766	NoName	0.00000	0.99996	0.00000	0.00000	0.00000	0.00004
767	NoName	0.00000	1.00000	0.00000	0.00000	0.00000	0.00000
768	NoName	0.00000	1.00000	0.00000	0.00000	0.00000	0.00000
769	NoName	0.00000	0.99995	0.00000	0.00000	0.00000	0.00005
770	NoName	0.00000	0.99992	0.00000	0.00000	0.00000	0.00008
771	NoName	0.00000	0.99997	0.00000	0.00000	0.00000	0.00003
772	NoName	0.00000	0.99999	0.00000	0.00000	0.00000	0.00001
773	NoName	0.00000	0.99999	0.00000	0.00000	0.00000	0.00001
774	NoName	0.00000	0.99995	0.00000	0.00000	0.00000	0.00005
775	NoName	0.00000	0.99956	0.00000	0.00000	0.00000	0.00044
776	NoName	0.00000	1.00000	0.00000	0.00000	0.00000	0.00000
777	NoName	0.00000	1.00000	0.00000	0.00000	0.00000	0.00000
