UponCompletionOf_1000000_sweeps
LocNumber LocName AlleleNumber AlleleName FreqInPop0 FreqInPop1 SDInPop0 SDinPop1
0	L1675_457	0	1	0.997794	0.918141	0.003108	0.008691
0	L1675_457	1	2	0.002206	0.081859	0.003108	0.008691
1	L1340_323	0	1	0.997997	0.983572	0.002820	0.003789
1	L1340_323	1	2	0.002003	0.016428	0.002820	0.003789
2	L581_470	0	2	0.993666	0.202764	0.005143	0.012256
2	L581_470	1	1	0.006334	0.797236	0.005143	0.012256
3	L98_467	0	1	0.997771	0.983998	0.003139	0.003792
3	L98_467	1	2	0.002229	0.016002	0.003139	0.003792
4	L153_483	0	1	0.998158	0.962453	0.002597	0.005457
4	L153_483	1	2	0.001842	0.037547	0.002597	0.005457
5	L702_374	0	1	0.997651	0.985183	0.003318	0.003862
5	L702_374	1	2	0.002349	0.014817	0.003318	0.003862
6	L1131_418	0	1	0.996559	0.986391	0.004432	0.003509
6	L1131_418	1	2	0.003441	0.013609	0.004432	0.003509
7	L586_40	0	1	0.998020	0.969491	0.002790	0.005190
7	L586_40	1	2	0.001980	0.030509	0.002790	0.005190
8	L1364_434	0	1	0.947757	0.993270	0.015004	0.002629
8	L1364_434	1	2	0.052243	0.006730	0.015004	0.002629
9	L1470_23	0	1	0.998021	0.989462	0.002792	0.003086
9	L1470_23	1	2	0.001979	0.010538	0.002792	0.003086
10	L691_364	0	1	0.010002	0.963501	0.006429	0.005569
10	L691_364	1	2	0.989998	0.036499	0.006429	0.005569
11	L1382_93	0	1	0.877957	0.999584	0.029954	0.000589
11	L1382_93	1	2	0.122043	0.000416	0.029954	0.000589
12	L320_65	0	1	0.972529	0.993798	0.009870	0.002256
12	L320_65	1	2	0.027471	0.006202	0.009870	0.002256
13	L1202_99	0	1	0.943857	0.999557	0.014294	0.000625
13	L1202_99	1	2	0.056143	0.000443	0.014294	0.000625
14	L424_46	0	1	0.998113	0.958715	0.002662	0.005866
14	L424_46	1	2	0.001887	0.041285	0.002662	0.005866
15	L433_433	0	1	0.904430	0.999551	0.018721	0.000635
15	L433_433	1	2	0.095570	0.000449	0.018721	0.000635
16	L601_332	0	1	0.997678	0.991388	0.003221	0.002802
16	L601_332	1	2	0.002322	0.008612	0.003221	0.002802
17	L872_124	0	1	0.998048	0.992587	0.002750	0.002531
17	L872_124	1	2	0.001952	0.007413	0.002750	0.002531
18	L869_381	0	1	0.789303	0.839711	0.025544	0.010959
18	L869_381	1	2	0.210697	0.160289	0.025544	0.010959
19	L980_327	0	1	0.997778	0.993332	0.003132	0.002606
19	L980_327	1	2	0.002222	0.006668	0.003132	0.002606
20	L1558_85	0	2	0.997413	0.942787	0.003652	0.007196
20	L1558_85	1	1	0.002587	0.057213	0.003652	0.007196
21	L1482_365	0	1	0.957697	0.995876	0.013391	0.001937
21	L1482_365	1	2	0.042303	0.004124	0.013391	0.001937
22	L1658_134	0	1	0.997660	0.962770	0.003272	0.005676
22	L1658_134	1	2	0.002340	0.037230	0.003272	0.005676
23	L342_421	0	1	0.997925	0.992047	0.002925	0.002713
23	L342_421	1	2	0.002075	0.007953	0.002925	0.002713
24	L558_69	0	1	0.997985	0.992162	0.002848	0.002679
24	L558_69	1	2	0.002015	0.007838	0.002848	0.002679
25	L69_82	0	1	0.997742	0.991629	0.003186	0.002854
25	L69_82	1	2	0.002258	0.008371	0.003186	0.002854
26	L495_121	0	1	0.840627	0.996695	0.023836	0.001763
26	L495_121	1	2	0.159373	0.003305	0.023836	0.001763
27	L1361_362	0	1	0.997868	0.977423	0.003009	0.004510
27	L1361_362	1	2	0.002132	0.022577	0.003009	0.004510
28	L1012_430	0	1	0.997515	0.985843	0.003503	0.003684
28	L1012_430	1	2	0.002485	0.014157	0.003503	0.003684
29	L130_103	0	1	0.976843	0.993494	0.009744	0.002538
29	L130_103	1	2	0.023157	0.006506	0.009744	0.002538
30	L1701_391	0	1	0.843740	0.997764	0.023434	0.001456
30	L1701_391	1	2	0.156260	0.002236	0.023434	0.001456
31	L522_30	0	1	0.997728	0.982792	0.003182	0.004083
31	L522_30	1	2	0.002272	0.017208	0.003182	0.004083
32	L13_464	0	1	0.436659	0.997682	0.030203	0.001442
32	L13_464	1	2	0.563341	0.002318	0.030203	0.001442
33	L1544_64	0	1	0.997057	0.987384	0.004142	0.003412
33	L1544_64	1	2	0.002943	0.012616	0.004142	0.003412
34	L1371_42	0	1	0.997728	0.987331	0.003185	0.003439
34	L1371_42	1	2	0.002272	0.012669	0.003185	0.003439
35	L692_368	0	1	0.958170	0.999395	0.013416	0.000825
35	L692_368	1	2	0.041830	0.000605	0.013416	0.000825
36	L1350_38	0	1	0.997820	0.964505	0.003084	0.005690
36	L1350_38	1	2	0.002180	0.035495	0.003084	0.005690
37	L1636_422	0	1	0.997968	0.989201	0.002870	0.003312
37	L1636_422	1	2	0.002032	0.010799	0.002870	0.003312
38	L775_431	0	1	0.997925	0.885825	0.002919	0.010178
38	L775_431	1	2	0.002075	0.114175	0.002919	0.010178
39	L308_445	0	1	0.997749	0.990428	0.003175	0.003084
39	L308_445	1	2	0.002251	0.009572	0.003175	0.003084
40	L1717_339	0	1	0.996750	0.962779	0.004351	0.005990
40	L1717_339	1	2	0.003250	0.037221	0.004351	0.005990
41	L1102_144	0	1	0.993380	0.896919	0.005378	0.009375
41	L1102_144	1	2	0.006620	0.103081	0.005378	0.009375
42	L1233_134	0	1	0.997570	0.337730	0.003423	0.014667
42	L1233_134	1	2	0.002430	0.662270	0.003423	0.014667
43	L353_122	0	1	0.997883	0.787812	0.002982	0.012676
43	L353_122	1	2	0.002117	0.212188	0.002982	0.012676
44	L1011_36	0	1	0.011070	0.985063	0.006894	0.003771
44	L1011_36	1	2	0.988930	0.014937	0.006894	0.003771
45	L1450_416	0	1	0.997745	0.925176	0.003175	0.008166
45	L1450_416	1	2	0.002255	0.074824	0.003175	0.008166
46	L172_66	0	1	0.997469	0.979219	0.003567	0.004335
46	L172_66	1	2	0.002531	0.020781	0.003567	0.004335
47	L1375_60	0	1	0.998013	0.982081	0.002808	0.003924
47	L1375_60	1	2	0.001987	0.017919	0.002808	0.003924
48	L1498_393	0	1	0.991540	0.908520	0.006872	0.008697
48	L1498_393	1	2	0.008460	0.091480	0.006872	0.008697
49	L65_457	0	2	0.024046	0.193862	0.010102	0.011794
49	L65_457	1	1	0.975954	0.806138	0.010102	0.011794
50	L141_312	0	1	0.997990	0.977219	0.002836	0.004459
50	L141_312	1	2	0.002010	0.022781	0.002836	0.004459
51	L657_90	0	1	0.997883	0.968728	0.002983	0.005317
51	L657_90	1	2	0.002117	0.031272	0.002983	0.005317
52	L289_121	0	1	0.975711	0.989468	0.010227	0.003092
52	L289_121	1	2	0.024289	0.010532	0.010227	0.003092
53	L412_493	0	1	0.933590	0.999528	0.016831	0.000666
53	L412_493	1	2	0.066410	0.000472	0.016831	0.000666
54	L954_309	0	1	0.997728	0.985943	0.003205	0.003799
54	L954_309	1	2	0.002272	0.014057	0.003205	0.003799
55	L1154_131	0	1	0.672030	0.997796	0.028790	0.001436
55	L1154_131	1	2	0.327970	0.002204	0.028790	0.001436
56	L951_330	0	1	0.990379	0.984378	0.007796	0.003819
56	L951_330	1	2	0.009621	0.015622	0.007796	0.003819
57	L1031_419	0	1	0.997819	0.991025	0.003079	0.002895
57	L1031_419	1	2	0.002181	0.008975	0.003079	0.002895
58	L1077_64	0	1	0.997924	0.789529	0.002929	0.012265
58	L1077_64	1	2	0.002076	0.210471	0.002929	0.012265
59	L1554_115	0	1	0.998017	0.993297	0.002798	0.002437
59	L1554_115	1	2	0.001983	0.006703	0.002798	0.002437
60	L1295_388	0	1	0.997548	0.989926	0.003449	0.003089
60	L1295_388	1	2	0.002452	0.010074	0.003449	0.003089
61	L380_351	0	1	0.997980	0.967566	0.002851	0.005356
61	L380_351	1	2	0.002020	0.032434	0.002851	0.005356
62	L1670_375	0	1	0.997778	0.963624	0.003132	0.005833
62	L1670_375	1	2	0.002222	0.036376	0.003132	0.005833
63	L1161_13	0	1	0.994005	0.979315	0.004874	0.004313
63	L1161_13	1	2	0.005995	0.020685	0.004874	0.004313
64	L1506_378	0	1	0.937310	0.998513	0.016494	0.001211
64	L1506_378	1	2	0.062690	0.001487	0.016494	0.001211
65	L1211_133	0	1	0.203567	0.999458	0.028786	0.000749
65	L1211_133	1	2	0.796433	0.000542	0.028786	0.000749
66	L420_333	0	1	0.997519	0.986002	0.003466	0.003793
66	L420_333	1	2	0.002481	0.013998	0.003466	0.003793
67	L175_141	0	1	0.997839	0.991003	0.003052	0.002900
67	L175_141	1	2	0.002161	0.008997	0.003052	0.002900
68	L245_389	0	1	0.997969	0.991313	0.002867	0.002804
68	L245_389	1	2	0.002031	0.008687	0.002867	0.002804
69	L961_39	0	1	0.995968	0.985360	0.004892	0.003786
69	L961_39	1	2	0.004032	0.014640	0.004892	0.003786
70	L963_109	0	1	0.993763	0.914740	0.005068	0.008301
70	L963_109	1	2	0.006237	0.085260	0.005068	0.008301
71	L303_68	0	1	0.992953	0.686908	0.005717	0.014484
71	L303_68	1	2	0.007047	0.313092	0.005717	0.014484
72	L536_406	0	1	0.964743	0.999488	0.012613	0.000723
72	L536_406	1	2	0.035257	0.000512	0.012613	0.000723
73	L673_39	0	1	0.990085	0.298330	0.006212	0.013363
73	L673_39	1	2	0.009915	0.701670	0.006212	0.013363
74	L1141_406	0	1	0.997721	0.989495	0.003179	0.003096
74	L1141_406	1	2	0.002279	0.010505	0.003179	0.003096
75	L1500_489	0	1	0.892779	0.999502	0.020866	0.000704
75	L1500_489	1	2	0.107221	0.000498	0.020866	0.000704
76	L1383_313	0	1	0.997332	0.955755	0.003718	0.006507
76	L1383_313	1	2	0.002668	0.044245	0.003718	0.006507
77	L957_352	0	1	0.975767	0.961466	0.010195	0.005861
77	L957_352	1	2	0.024233	0.038534	0.010195	0.005861
78	L472_319	0	1	0.963527	0.998761	0.013041	0.001010
78	L472_319	1	2	0.036473	0.001239	0.013041	0.001010
79	L1368_488	0	1	0.956771	0.999544	0.013016	0.000644
79	L1368_488	1	2	0.043229	0.000456	0.013016	0.000644
80	L845_366	0	1	0.997538	0.990214	0.003428	0.003022
80	L845_366	1	2	0.002462	0.009786	0.003428	0.003022
81	L834_11	0	1	0.997846	0.993177	0.003042	0.002483
81	L834_11	1	2	0.002154	0.006823	0.003042	0.002483
82	L1377_132	0	1	0.982887	0.973747	0.009049	0.004932
82	L1377_132	1	2	0.017113	0.026253	0.009049	0.004932
83	L1617_35	0	1	0.997890	0.987989	0.002972	0.003374
83	L1617_35	1	2	0.002110	0.012011	0.002972	0.003374
84	L1535_53	0	1	0.997723	0.887778	0.003210	0.009710
84	L1535_53	1	2	0.002277	0.112222	0.003210	0.009710
85	L1576_470	0	1	0.798677	0.998655	0.026341	0.001097
85	L1576_470	1	2	0.201323	0.001345	0.026341	0.001097
86	L156_406	0	1	0.997735	0.992733	0.003194	0.002648
86	L156_406	1	2	0.002265	0.007267	0.003194	0.002648
87	L387_347	0	1	0.968268	0.996794	0.011384	0.001709
87	L387_347	1	2	0.031732	0.003206	0.011384	0.001709
88	L1030_352	0	1	0.010770	0.996682	0.006759	0.001878
88	L1030_352	1	2	0.989230	0.003318	0.006759	0.001878
89	L1584_57	0	1	0.013940	0.921476	0.007392	0.007888
89	L1584_57	1	2	0.986060	0.078524	0.007392	0.007888
90	L632_143	0	1	0.968923	0.999529	0.011153	0.000666
90	L632_143	1	2	0.031077	0.000471	0.011153	0.000666
91	L745_434	0	1	0.893476	0.996643	0.020389	0.001790
91	L745_434	1	2	0.106524	0.003357	0.020389	0.001790
92	L503_19	0	1	0.650256	0.752542	0.060608	0.012943
92	L503_19	1	2	0.349744	0.247458	0.060608	0.012943
93	L1426_404	0	1	0.993267	0.988513	0.005472	0.003370
93	L1426_404	1	2	0.006733	0.011487	0.005472	0.003370
94	L879_370	0	2	0.989993	0.582401	0.006297	0.014900
94	L879_370	1	1	0.010007	0.417599	0.006297	0.014900
95	L1378_417	0	1	0.998183	0.984708	0.002570	0.003626
95	L1378_417	1	2	0.001817	0.015292	0.002570	0.003626
96	L1653_362	0	1	0.993561	0.992129	0.005221	0.002687
96	L1653_362	1	2	0.006439	0.007871	0.005221	0.002687
97	L617_435	0	1	0.997062	0.938272	0.004120	0.007502
97	L617_435	1	2	0.002938	0.061728	0.004120	0.007502
98	L185_509	0	1	0.964891	0.938613	0.011800	0.007646
98	L185_509	1	2	0.035109	0.061387	0.011800	0.007646
99	L1082_50	0	1	0.953923	0.989616	0.013881	0.003187
99	L1082_50	1	2	0.046077	0.010384	0.013881	0.003187
100	L552_407	0	1	0.719552	0.997563	0.031363	0.001543
100	L552_407	1	2	0.280448	0.002437	0.031363	0.001543
101	L316_336	0	1	0.997551	0.976688	0.003408	0.004577
101	L316_336	1	2	0.002449	0.023312	0.003408	0.004577
102	L533_15	0	1	0.917782	0.999539	0.017381	0.000652
102	L533_15	1	2	0.082218	0.000461	0.017381	0.000652
103	L410_16	0	1	0.993100	0.973981	0.005599	0.004983
103	L410_16	1	2	0.006900	0.026019	0.005599	0.004983
104	L535_415	0	1	0.037500	0.995125	0.012542	0.002073
104	L535_415	1	2	0.962500	0.004875	0.012542	0.002073
105	L1370_16	0	1	0.990455	0.798441	0.006620	0.011973
105	L1370_16	1	2	0.009545	0.201559	0.006620	0.011973
106	L388_339	0	1	0.998104	0.983369	0.002674	0.003733
106	L388_339	1	2	0.001896	0.016631	0.002674	0.003733
107	L875_53	0	1	0.997822	0.991819	0.003063	0.002791
107	L875_53	1	2	0.002178	0.008181	0.003063	0.002791
108	L370_114	0	1	0.998073	0.989014	0.002714	0.003086
108	L370_114	1	2	0.001927	0.010986	0.002714	0.003086
109	L941_107	0	1	0.019454	0.998510	0.009608	0.001227
109	L941_107	1	2	0.980546	0.001490	0.009608	0.001227
110	L1150_369	0	1	0.833752	0.996952	0.023008	0.001626
110	L1150_369	1	2	0.166248	0.003048	0.023008	0.001626
111	L1103_446	0	1	0.997388	0.989915	0.003668	0.002957
111	L1103_446	1	2	0.002612	0.010085	0.003668	0.002957
112	L982_106	0	2	0.978767	0.824836	0.009301	0.011652
112	L982_106	1	1	0.021233	0.175164	0.009301	0.011652
113	L261_128	0	1	0.993233	0.796379	0.005503	0.012824
113	L261_128	1	2	0.006767	0.203621	0.005503	0.012824
114	L1608_362	0	1	0.955772	0.986996	0.012811	0.003402
114	L1608_362	1	2	0.044228	0.013004	0.012811	0.003402
115	L640_333	0	1	0.433038	0.833917	0.031276	0.011088
115	L640_333	1	2	0.566962	0.166083	0.031276	0.011088
116	L672_483	0	1	0.992953	0.853630	0.005730	0.011245
116	L672_483	1	2	0.007047	0.146370	0.005730	0.011245
117	L1372_112	0	1	0.998021	0.993281	0.002787	0.002446
117	L1372_112	1	2	0.001979	0.006719	0.002787	0.002446
118	L510_437	0	1	0.989754	0.931111	0.008075	0.007772
118	L510_437	1	2	0.010246	0.068889	0.008075	0.007772
119	L1559_91	0	1	0.993291	0.979506	0.005445	0.004479
119	L1559_91	1	2	0.006709	0.020494	0.005445	0.004479
120	L918_406	0	1	0.997865	0.986967	0.003007	0.003520
120	L918_406	1	2	0.002135	0.013033	0.003007	0.003520
121	L227_369	0	1	0.980382	0.993018	0.009129	0.002536
121	L227_369	1	2	0.019618	0.006982	0.009129	0.002536
122	L1243_28	0	1	0.998019	0.985640	0.002795	0.003620
122	L1243_28	1	2	0.001981	0.014360	0.002795	0.003620
123	L1354_431	0	1	0.997877	0.988621	0.002996	0.003330
123	L1354_431	1	2	0.002123	0.011379	0.002996	0.003330
124	L587_67	0	1	0.997787	0.960923	0.003106	0.006261
124	L587_67	1	2	0.002213	0.039077	0.003106	0.006261
125	L352_144	0	1	0.390123	0.998463	0.032427	0.001250
125	L352_144	1	2	0.609877	0.001537	0.032427	0.001250
126	L1657_359	0	1	0.993465	0.981190	0.005306	0.004219
126	L1657_359	1	2	0.006535	0.018810	0.005306	0.004219
127	L475_110	0	1	0.997943	0.931176	0.002899	0.007694
127	L475_110	1	2	0.002057	0.068824	0.002899	0.007694
128	L743_404	0	1	0.912004	0.986660	0.019387	0.003467
128	L743_404	1	2	0.087996	0.013340	0.019387	0.003467
129	L767_322	0	1	0.997967	0.990907	0.002872	0.002791
129	L767_322	1	2	0.002033	0.009093	0.002872	0.002791
130	L356_379	0	1	0.997733	0.836488	0.003200	0.011474
130	L356_379	1	2	0.002267	0.163512	0.003200	0.011474
131	L146_480	0	1	0.997937	0.889457	0.002904	0.009740
131	L146_480	1	2	0.002063	0.110543	0.002904	0.009740
132	L101_121	0	1	0.954801	0.852358	0.017664	0.010624
132	L101_121	1	2	0.045199	0.147642	0.017664	0.010624
133	L1721_468	0	1	0.997949	0.990367	0.002897	0.002959
133	L1721_468	1	2	0.002051	0.009633	0.002897	0.002959
134	L1597_26	0	1	0.997954	0.988113	0.002884	0.003344
134	L1597_26	1	2	0.002046	0.011887	0.002884	0.003344
135	L423_397	0	1	0.997780	0.992408	0.003131	0.002592
135	L423_397	1	2	0.002220	0.007592	0.003131	0.002592
136	L122_460	0	1	0.014220	0.996876	0.007537	0.001706
136	L122_460	1	2	0.985780	0.003124	0.007537	0.001706
137	L622_450	0	1	0.997894	0.977975	0.002971	0.004698
137	L622_450	1	2	0.002106	0.022025	0.002971	0.004698
138	L1097_478	0	1	0.961511	0.999510	0.012909	0.000692
138	L1097_478	1	2	0.038489	0.000490	0.012909	0.000692
139	L38_501	0	1	0.630953	0.949887	0.033153	0.007082
139	L38_501	1	2	0.369047	0.050113	0.033153	0.007082
140	L733_110	0	1	0.913808	0.998552	0.018203	0.001180
140	L733_110	1	2	0.086192	0.001448	0.018203	0.001180
141	L506_402	0	1	0.997994	0.986092	0.002826	0.003503
141	L506_402	1	2	0.002006	0.013908	0.002826	0.003503
142	L1561_24	0	1	0.997459	0.989031	0.003547	0.003384
142	L1561_24	1	2	0.002541	0.010969	0.003547	0.003384
143	L1570_11	0	1	0.873119	0.647974	0.022002	0.015356
143	L1570_11	1	2	0.126881	0.352026	0.022002	0.015356
144	L468_380	0	1	0.997669	0.993243	0.003282	0.002642
144	L468_380	1	2	0.002331	0.006757	0.003282	0.002642
145	L1654_477	0	1	0.668613	0.868512	0.031487	0.010705
145	L1654_477	1	2	0.331387	0.131488	0.031487	0.010705
146	L1708_9	0	1	0.997895	0.967414	0.002970	0.005229
146	L1708_9	1	2	0.002105	0.032586	0.002970	0.005229
147	L837_34	0	1	0.997735	0.948914	0.003177	0.006808
147	L837_34	1	2	0.002265	0.051086	0.003177	0.006808
148	L1238_83	0	1	0.941877	0.999534	0.018247	0.000660
148	L1238_83	1	2	0.058123	0.000466	0.018247	0.000660
149	L1271_13	0	1	0.997975	0.991116	0.002853	0.002869
149	L1271_13	1	2	0.002025	0.008884	0.002853	0.002869
150	L200_489	0	1	0.918323	0.999557	0.020510	0.000626
150	L200_489	1	2	0.081677	0.000443	0.020510	0.000626
151	L993_364	0	1	0.935422	0.995886	0.015417	0.001934
151	L993_364	1	2	0.064578	0.004114	0.015417	0.001934
152	L136_24	0	1	0.997803	0.961821	0.003096	0.005812
152	L136_24	1	2	0.002197	0.038179	0.003096	0.005812
153	L1626_385	0	1	0.747217	0.997786	0.027187	0.001402
153	L1626_385	1	2	0.252783	0.002214	0.027187	0.001402
154	L1106_33	0	1	0.916520	0.996460	0.018617	0.001889
154	L1106_33	1	2	0.083480	0.003540	0.018617	0.001889
155	L201_388	0	1	0.997800	0.990391	0.003100	0.003101
155	L201_388	1	2	0.002200	0.009609	0.003100	0.003101
156	L249_139	0	1	0.997544	0.962383	0.003434	0.006113
156	L249_139	1	2	0.002456	0.037617	0.003434	0.006113
157	L1005_87	0	1	0.997915	0.992831	0.002942	0.002608
157	L1005_87	1	2	0.002085	0.007169	0.002942	0.002608
158	L741_44	0	1	0.998022	0.975110	0.002792	0.004685
158	L741_44	1	2	0.001978	0.024890	0.002792	0.004685
159	L1601_481	0	1	0.959407	0.993395	0.012871	0.002585
159	L1601_481	1	2	0.040593	0.006605	0.012871	0.002585
160	L232_412	0	1	0.964150	0.998452	0.012827	0.001263
160	L232_412	1	2	0.035850	0.001548	0.012827	0.001263
161	L801_53	0	1	0.997759	0.983903	0.003161	0.004055
161	L801_53	1	2	0.002241	0.016097	0.003161	0.004055
162	L208_23	0	1	0.988447	0.951170	0.007892	0.006451
162	L208_23	1	2	0.011553	0.048830	0.007892	0.006451
163	L394_26	0	1	0.903318	0.999528	0.019801	0.000667
163	L394_26	1	2	0.096682	0.000472	0.019801	0.000667
164	L936_10	0	1	0.850497	0.807794	0.023182	0.012108
164	L936_10	1	2	0.149503	0.192206	0.023182	0.012108
165	L1036_426	0	1	0.991510	0.993573	0.006648	0.002609
165	L1036_426	1	2	0.008490	0.006427	0.006648	0.002609
166	L756_333	0	1	0.997239	0.991497	0.003823	0.002929
166	L756_333	1	2	0.002761	0.008503	0.003823	0.002929
167	L360_458	0	1	0.997509	0.973432	0.003452	0.004931
167	L360_458	1	2	0.002491	0.026568	0.003452	0.004931
168	L864_456	0	2	0.997997	0.697182	0.002828	0.014291
168	L864_456	1	1	0.002003	0.302818	0.002828	0.014291
169	L1186_350	0	1	0.924781	0.998583	0.016801	0.001156
169	L1186_350	1	2	0.075219	0.001417	0.016801	0.001156
170	L1594_44	0	1	0.949904	0.999506	0.014374	0.000696
170	L1594_44	1	2	0.050096	0.000494	0.014374	0.000696
171	L937_407	0	1	0.832753	0.995845	0.025788	0.002150
171	L937_407	1	2	0.167247	0.004155	0.025788	0.002150
172	L635_133	0	1	0.869602	0.999529	0.021296	0.000666
172	L635_133	1	2	0.130398	0.000471	0.021296	0.000666
173	L1394_464	0	1	0.961182	0.549470	0.013865	0.015211
173	L1394_464	1	2	0.038818	0.450530	0.013865	0.015211
174	L539_474	0	1	0.992688	0.991012	0.005930	0.002902
174	L539_474	1	2	0.007312	0.008988	0.005930	0.002902
175	L789_93	0	1	0.993953	0.952006	0.004931	0.006719
175	L789_93	1	2	0.006047	0.047994	0.004931	0.006719
176	L44_110	0	1	0.977147	0.990485	0.009602	0.002923
176	L44_110	1	2	0.022853	0.009515	0.009602	0.002923
177	L1345_136	0	1	0.998107	0.989319	0.002676	0.003005
177	L1345_136	1	2	0.001893	0.010681	0.002676	0.003005
178	L1611_51	0	1	0.012826	0.995104	0.007344	0.002115
178	L1611_51	1	2	0.987174	0.004896	0.007344	0.002115
179	L137_496	0	1	0.996109	0.992182	0.005471	0.002668
179	L137_496	1	2	0.003891	0.007818	0.005471	0.002668
180	L897_9	0	1	0.994280	0.990838	0.004645	0.002816
180	L897_9	1	2	0.005720	0.009162	0.004645	0.002816
181	L842_49	0	1	0.898752	0.999492	0.018675	0.000710
181	L842_49	1	2	0.101248	0.000508	0.018675	0.000710
182	L1057_107	0	1	0.998051	0.984419	0.002741	0.003695
182	L1057_107	1	2	0.001949	0.015581	0.002741	0.003695
183	L12_65	0	1	0.922014	0.999513	0.017864	0.000688
183	L12_65	1	2	0.077986	0.000487	0.017864	0.000688
184	L94_383	0	1	0.998053	0.987867	0.002750	0.003282
184	L94_383	1	2	0.001947	0.012133	0.002750	0.003282
185	L20_438	0	1	0.863724	0.997916	0.021266	0.001360
185	L20_438	1	2	0.136276	0.002084	0.021266	0.001360
186	L805_349	0	1	0.997891	0.988717	0.002978	0.003309
186	L805_349	1	2	0.002109	0.011283	0.002978	0.003309
187	L800_432	0	1	0.993676	0.988497	0.005137	0.003228
187	L800_432	1	2	0.006324	0.011503	0.005137	0.003228
188	L611_10	0	1	0.879005	0.932199	0.021595	0.007584
188	L611_10	1	2	0.120995	0.067801	0.021595	0.007584
189	L1087_463	0	1	0.997537	0.992484	0.003477	0.002565
189	L1087_463	1	2	0.002463	0.007516	0.003477	0.002565
190	L546_50	0	1	0.993404	0.984027	0.005329	0.003807
190	L546_50	1	2	0.006596	0.015973	0.005329	0.003807
191	L1640_493	0	1	0.996038	0.987582	0.005173	0.003569
191	L1640_493	1	2	0.003962	0.012418	0.005173	0.003569
192	L16_143	0	1	0.858643	0.954623	0.022122	0.006148
192	L16_143	1	2	0.141357	0.045377	0.022122	0.006148
193	L831_363	0	1	0.057149	0.996576	0.016652	0.001854
193	L831_363	1	2	0.942851	0.003424	0.016652	0.001854
194	L871_116	0	1	0.997251	0.979677	0.003777	0.004361
194	L871_116	1	2	0.002749	0.020323	0.003777	0.004361
195	L312_326	0	1	0.866265	0.999527	0.021781	0.000669
195	L312_326	1	2	0.133735	0.000473	0.021781	0.000669
196	L251_400	0	1	0.947955	0.999563	0.013779	0.000618
196	L251_400	1	2	0.052045	0.000437	0.013779	0.000618
197	L1699_394	0	1	0.992798	0.982566	0.005803	0.004152
197	L1699_394	1	2	0.007202	0.017434	0.005803	0.004152
198	L239_120	0	1	0.994506	0.979998	0.004465	0.004080
198	L239_120	1	2	0.005494	0.020002	0.004465	0.004080
199	L178_331	0	1	0.998046	0.990113	0.002751	0.003033
199	L178_331	1	2	0.001954	0.009887	0.002751	0.003033
