999901_sweeps	1.000/0.000/0.000/0.000	0.000/0.000/0.000/1.000	0.000/0.500/0.500/0.000	0.250/0.250/0.250/0.250	0.500/0.250/0.250/0.000	0.000/0.250/0.250/0.500
1	0.00000	0.99924	0.00000	0.00000	0.00000	0.00076
2	0.00000	0.99999	0.00000	0.00000	0.00000	0.00001
3	0.00000	1.00000	0.00000	0.00000	0.00000	0.00000
4	0.00000	0.95812	0.00000	0.00170	0.00000	0.04018
5	0.00000	0.99986	0.00000	0.00000	0.00000	0.00014
6	0.00000	0.99531	0.00000	0.00001	0.00000	0.00469
7	0.00000	0.45549	0.00000	0.03093	0.00000	0.51358
8	0.00000	0.99230	0.00000	0.00001	0.00000	0.00769
9	0.00000	0.99976	0.00000	0.00000	0.00000	0.00024
10	0.00183	0.00000	0.00000	0.00025	0.99792	0.00000
11	0.99981	0.00000	0.00000	0.00000	0.00019	0.00000
12	0.00000	0.47805	0.00000	0.04971	0.00000	0.47223
13	0.00000	0.99909	0.00000	0.00000	0.00000	0.00091
14	0.00000	0.99925	0.00000	0.00000	0.00000	0.00075
15	0.00000	0.99941	0.00000	0.00000	0.00000	0.00059
16	0.00000	0.99296	0.00000	0.00003	0.00000	0.00700
17	0.99996	0.00000	0.00000	0.00000	0.00004	0.00000
18	0.98436	0.00000	0.00000	0.00024	0.01540	0.00000
19	0.00000	0.68175	0.00008	0.05661	0.00001	0.26155
20	0.99999	0.00000	0.00000	0.00000	0.00001	0.00000
21	0.00585	0.00002	0.00117	0.92748	0.05072	0.01476
22	0.00000	0.99645	0.00000	0.00001	0.00000	0.00354
23	0.98540	0.00000	0.00000	0.00004	0.01455	0.00000
24	0.99898	0.00000	0.00000	0.00000	0.00102	0.00000
25	0.99999	0.00000	0.00000	0.00000	0.00001	0.00000
26	0.00000	0.99993	0.00000	0.00000	0.00000	0.00007
27	0.00000	0.99987	0.00000	0.00000	0.00000	0.00013
28	0.00000	0.99796	0.00000	0.00000	0.00000	0.00204
29	0.00000	0.99986	0.00000	0.00000	0.00000	0.00014
30	0.99999	0.00000	0.00000	0.00000	0.00001	0.00000
31	0.99958	0.00000	0.00000	0.00000	0.00042	0.00000
32	0.00001	0.78935	0.00202	0.03720	0.00044	0.17099
33	0.99174	0.00000	0.00000	0.00003	0.00822	0.00000
34	0.00000	0.00338	0.00001	0.94437	0.00018	0.05206
35	0.00000	0.94095	0.00001	0.00272	0.00000	0.05632
36	0.00000	0.99752	0.00000	0.00000	0.00000	0.00248
37	1.00000	0.00000	0.00000	0.00000	0.00000	0.00000
38	0.99998	0.00000	0.00000	0.00000	0.00002	0.00000
39	0.00000	0.99996	0.00000	0.00000	0.00000	0.00004
40	0.00000	0.99999	0.00000	0.00000	0.00000	0.00001
41	0.00000	0.99992	0.00000	0.00000	0.00000	0.00008
42	0.00000	0.99977	0.00000	0.00000	0.00000	0.00023
43	0.84193	0.00000	0.00000	0.00001	0.15806	0.00000
44	0.00000	0.99985	0.00000	0.00000	0.00000	0.00015
45	0.99980	0.00000	0.00000	0.00000	0.00020	0.00000
46	0.00000	0.91476	0.00000	0.00001	0.00000	0.08523
47	0.00000	0.99997	0.00000	0.00000	0.00000	0.00003
48	0.99966	0.00000	0.00000	0.00000	0.00034	0.00000
49	0.99912	0.00000	0.00000	0.00000	0.00088	0.00000
50	0.00000	0.95153	0.00000	0.00182	0.00000	0.04665
51	0.00000	0.99995	0.00000	0.00000	0.00000	0.00005
52	0.00000	0.99962	0.00000	0.00000	0.00000	0.00038
53	0.15955	0.00000	0.00000	0.08673	0.75372	0.00000
54	0.00000	0.99370	0.00000	0.00000	0.00000	0.00630
55	0.00000	0.99968	0.00000	0.00000	0.00000	0.00032
56	0.08996	0.00000	0.00023	0.68070	0.22842	0.00069
57	0.00000	0.99827	0.00000	0.00000	0.00000	0.00173
58	0.00000	0.99998	0.00000	0.00000	0.00000	0.00002
59	0.00000	0.94266	0.00000	0.00142	0.00000	0.05592
60	0.00000	0.99994	0.00000	0.00000	0.00000	0.00006
61	0.00000	0.99986	0.00000	0.00000	0.00000	0.00014
62	0.00000	0.99982	0.00000	0.00000	0.00000	0.00018
63	0.00000	0.99998	0.00000	0.00000	0.00000	0.00002
64	0.00000	0.99980	0.00000	0.00000	0.00000	0.00020
65	0.00000	0.99983	0.00000	0.00000	0.00000	0.00017
66	0.99999	0.00000	0.00000	0.00000	0.00001	0.00000
67	0.00000	0.99999	0.00000	0.00000	0.00000	0.00001
68	0.00000	0.99851	0.00000	0.00000	0.00000	0.00149
69	0.00043	0.36838	0.01089	0.28629	0.00967	0.32434
70	0.00000	0.99906	0.00000	0.00000	0.00000	0.00094
71	0.00000	0.97277	0.00000	0.00000	0.00000	0.02722
72	0.00000	0.99926	0.00000	0.00000	0.00000	0.00074
73	0.00000	0.99192	0.00000	0.00004	0.00000	0.00804
74	0.00000	0.99995	0.00000	0.00000	0.00000	0.00005
75	0.00000	0.99835	0.00000	0.00000	0.00000	0.00165
76	0.00000	0.99999	0.00000	0.00000	0.00000	0.00001
77	0.99999	0.00000	0.00000	0.00000	0.00001	0.00000
78	0.99917	0.00000	0.00000	0.00000	0.00083	0.00000
79	0.99760	0.00000	0.00000	0.00000	0.00240	0.00000
80	0.00000	0.89527	0.00000	0.00053	0.00000	0.10420
81	0.00000	0.99997	0.00000	0.00000	0.00000	0.00003
82	0.08373	0.26912	0.14961	0.16728	0.11822	0.21205
83	0.99968	0.00000	0.00000	0.00000	0.00032	0.00000
84	0.00000	0.99991	0.00000	0.00000	0.00000	0.00009
85	0.99999	0.00000	0.00000	0.00000	0.00001	0.00000
86	0.97598	0.00000	0.00000	0.00001	0.02402	0.00000
87	0.00000	0.99997	0.00000	0.00000	0.00000	0.00003
88	0.99991	0.00000	0.00000	0.00000	0.00009	0.00000
89	0.00000	0.99994	0.00000	0.00000	0.00000	0.00006
90	0.00000	0.99997	0.00000	0.00000	0.00000	0.00003
91	0.98255	0.00000	0.00000	0.00022	0.01723	0.00000
92	0.00000	0.00000	0.02001	0.00780	0.00000	0.97219
93	0.00000	0.99999	0.00000	0.00000	0.00000	0.00001
94	0.92675	0.00000	0.00000	0.00361	0.06964	0.00000
95	0.00000	0.99996	0.00000	0.00000	0.00000	0.00004
96	0.00000	0.29630	0.00000	0.00010	0.00000	0.70359
97	0.99989	0.00000	0.00000	0.00000	0.00011	0.00000
98	0.00000	0.99997	0.00000	0.00000	0.00000	0.00003
99	0.21348	0.12456	0.16291	0.16655	0.18851	0.14400
100	0.00000	0.99995	0.00000	0.00000	0.00000	0.00005
101	0.00000	0.99893	0.00000	0.00000	0.00000	0.00107
102	0.00000	0.99885	0.00000	0.00000	0.00000	0.00115
103	0.00000	0.99993	0.00000	0.00000	0.00000	0.00007
104	0.00000	0.99691	0.00000	0.00000	0.00000	0.00309
105	0.00000	0.85690	0.00006	0.01672	0.00001	0.12631
106	0.00000	0.99953	0.00000	0.00000	0.00000	0.00047
107	0.00000	0.99996	0.00000	0.00000	0.00000	0.00004
108	0.99407	0.00000	0.00000	0.00000	0.00593	0.00000
109	0.00000	0.99990	0.00000	0.00000	0.00000	0.00010
110	0.00000	0.99992	0.00000	0.00000	0.00000	0.00008
111	0.00000	0.99852	0.00000	0.00000	0.00000	0.00148
112	0.95786	0.00000	0.00000	0.00000	0.04214	0.00000
113	0.96250	0.00000	0.00000	0.00023	0.03727	0.00000
114	0.00000	0.99959	0.00000	0.00000	0.00000	0.00041
115	0.00000	0.99989	0.00000	0.00000	0.00000	0.00011
116	0.12943	0.00000	0.00000	0.00016	0.87042	0.00000
117	0.00000	0.99974	0.00000	0.00000	0.00000	0.00026
118	0.99998	0.00000	0.00000	0.00000	0.00002	0.00000
119	0.99990	0.00000	0.00000	0.00000	0.00010	0.00000
120	0.00000	0.99968	0.00000	0.00000	0.00000	0.00032
121	0.00000	0.99988	0.00000	0.00000	0.00000	0.00012
122	0.00000	0.99945	0.00000	0.00000	0.00000	0.00055
123	0.06630	0.00053	0.00359	0.75618	0.15457	0.01881
124	0.00000	0.99846	0.00000	0.00000	0.00000	0.00154
125	0.00000	0.99989	0.00000	0.00000	0.00000	0.00011
126	0.00000	0.99989	0.00000	0.00000	0.00000	0.00011
127	0.00000	0.99990	0.00000	0.00000	0.00000	0.00010
128	0.00000	0.99999	0.00000	0.00000	0.00000	0.00001
129	0.00000	0.99134	0.00000	0.00004	0.00000	0.00862
130	0.00000	0.99904	0.00000	0.00000	0.00000	0.00096
131	0.99919	0.00000	0.00000	0.00000	0.00081	0.00000
132	0.00000	0.99990	0.00000	0.00000	0.00000	0.00010
133	0.00000	1.00000	0.00000	0.00000	0.00000	0.00000
134	0.00000	0.99994	0.00000	0.00000	0.00000	0.00006
135	0.00000	0.99999	0.00000	0.00000	0.00000	0.00001
136	0.00000	0.99997	0.00000	0.00000	0.00000	0.00003
137	0.00000	0.99932	0.00000	0.00000	0.00000	0.00068
138	0.99013	0.00000	0.00000	0.00004	0.00982	0.00000
139	0.99445	0.00000	0.00000	0.00001	0.00554	0.00000
140	0.99742	0.00000	0.00000	0.00000	0.00258	0.00000
141	0.34357	0.00000	0.00000	0.04469	0.61174	0.00000
142	0.39861	0.00000	0.00000	0.00028	0.60111	0.00000
143	0.00000	0.99950	0.00000	0.00000	0.00000	0.00050
144	0.99916	0.00000	0.00000	0.00000	0.00084	0.00000
145	0.98045	0.00000	0.00000	0.00000	0.01955	0.00000
146	0.99966	0.00000	0.00000	0.00000	0.00034	0.00000
147	0.99973	0.00000	0.00000	0.00000	0.00027	0.00000
148	0.99997	0.00000	0.00000	0.00000	0.00003	0.00000
149	0.99977	0.00000	0.00000	0.00000	0.00023	0.00000
150	0.99966	0.00000	0.00000	0.00000	0.00034	0.00000
151	0.00000	0.99444	0.00000	0.00001	0.00000	0.00555
152	0.00140	0.68180	0.03044	0.06561	0.00951	0.21125
153	0.00000	0.99870	0.00000	0.00000	0.00000	0.00130
154	0.00000	0.99985	0.00000	0.00000	0.00000	0.00015
155	0.00000	0.99697	0.00000	0.00000	0.00000	0.00303
156	0.00000	0.99904	0.00000	0.00000	0.00000	0.00096
157	0.00000	0.99988	0.00000	0.00000	0.00000	0.00012
158	0.00000	0.99961	0.00000	0.00000	0.00000	0.00039
159	0.00000	0.99976	0.00000	0.00000	0.00000	0.00024
160	0.00000	0.99860	0.00000	0.00000	0.00000	0.00140
161	0.00000	0.99999	0.00000	0.00000	0.00000	0.00001
162	0.99978	0.00000	0.00000	0.00000	0.00022	0.00000
163	0.00000	0.99925	0.00000	0.00000	0.00000	0.00075
164	0.00000	0.99945	0.00000	0.00000	0.00000	0.00055
165	0.00000	0.80327	0.00094	0.03304	0.00019	0.16256
166	0.99229	0.00000	0.00000	0.00000	0.00771	0.00000
167	0.99904	0.00000	0.00000	0.00000	0.00096	0.00000
168	0.99934	0.00000	0.00000	0.00000	0.00066	0.00000
169	0.00000	0.99994	0.00000	0.00000	0.00000	0.00006
170	0.00000	0.97575	0.00000	0.00048	0.00000	0.02377
171	0.00000	0.99997	0.00000	0.00000	0.00000	0.00003
172	0.00000	0.99736	0.00000	0.00000	0.00000	0.00264
173	0.99993	0.00000	0.00000	0.00000	0.00007	0.00000
174	0.00000	0.99994	0.00000	0.00000	0.00000	0.00006
175	0.00000	0.99396	0.00000	0.00000	0.00000	0.00603
176	0.00000	0.99998	0.00000	0.00000	0.00000	0.00002
177	0.00000	0.99993	0.00000	0.00000	0.00000	0.00007
178	1.00000	0.00000	0.00000	0.00000	0.00000	0.00000
179	0.99998	0.00000	0.00000	0.00000	0.00002	0.00000
180	0.00000	0.99987	0.00000	0.00000	0.00000	0.00013
181	0.00000	0.99988	0.00000	0.00000	0.00000	0.00012
182	0.92248	0.00000	0.00000	0.00284	0.07468	0.00000
183	0.00000	0.91933	0.00000	0.00049	0.00000	0.08018
184	0.00000	0.99994	0.00000	0.00000	0.00000	0.00006
185	0.00000	0.99994	0.00000	0.00000	0.00000	0.00006
186	0.99886	0.00000	0.00000	0.00000	0.00113	0.00000
187	0.00000	0.99612	0.00000	0.00000	0.00000	0.00387
188	0.00000	0.99938	0.00000	0.00000	0.00000	0.00062
189	0.00000	0.99995	0.00000	0.00000	0.00000	0.00005
190	0.00000	0.68831	0.00000	0.06432	0.00000	0.24737
191	0.99992	0.00000	0.00000	0.00000	0.00008	0.00000
192	0.99980	0.00000	0.00000	0.00000	0.00020	0.00000
193	0.99727	0.00000	0.00000	0.00000	0.00273	0.00000
194	0.00000	0.99888	0.00000	0.00000	0.00000	0.00111
195	0.00000	0.99998	0.00000	0.00000	0.00000	0.00002
196	0.00000	0.99998	0.00000	0.00000	0.00000	0.00002
197	0.00000	0.99759	0.00000	0.00000	0.00000	0.00240
198	0.00000	0.99538	0.00000	0.00000	0.00000	0.00461
199	0.00000	0.99981	0.00000	0.00000	0.00000	0.00019
200	0.00000	0.00000	0.98966	0.00432	0.00003	0.00599
201	0.00000	1.00000	0.00000	0.00000	0.00000	0.00000
202	0.00000	0.99987	0.00000	0.00000	0.00000	0.00013
203	0.00000	0.87583	0.00000	0.01170	0.00000	0.11246
204	0.00000	0.99972	0.00000	0.00000	0.00000	0.00028
205	0.00000	0.99998	0.00000	0.00000	0.00000	0.00002
206	0.00000	0.99998	0.00000	0.00000	0.00000	0.00002
207	0.00000	0.99999	0.00000	0.00000	0.00000	0.00001
208	0.00000	0.99992	0.00000	0.00000	0.00000	0.00008
209	0.00000	0.99999	0.00000	0.00000	0.00000	0.00001
210	0.00000	0.99919	0.00000	0.00000	0.00000	0.00081
211	0.00000	0.99603	0.00000	0.00000	0.00000	0.00397
212	0.00000	0.99996	0.00000	0.00000	0.00000	0.00004
213	0.48961	0.00000	0.00000	0.00014	0.51025	0.00000
214	0.99792	0.00000	0.00000	0.00000	0.00207	0.00000
215	0.00000	0.99999	0.00000	0.00000	0.00000	0.00001
216	0.00000	0.91741	0.00000	0.00011	0.00000	0.08248
217	0.00000	0.99999	0.00000	0.00000	0.00000	0.00001
218	0.00000	0.99998	0.00000	0.00000	0.00000	0.00002
219	0.00000	0.99685	0.00000	0.00000	0.00000	0.00315
220	0.00000	0.89036	0.00007	0.01182	0.00001	0.09774
221	0.00000	0.99997	0.00000	0.00000	0.00000	0.00003
222	0.00000	0.99998	0.00000	0.00000	0.00000	0.00002
223	0.00000	0.95362	0.00000	0.00200	0.00000	0.04438
224	0.00000	0.99956	0.00000	0.00000	0.00000	0.00044
225	0.00000	0.99969	0.00000	0.00000	0.00000	0.00031
226	0.99992	0.00000	0.00000	0.00000	0.00008	0.00000
227	0.00000	0.99934	0.00000	0.00000	0.00000	0.00066
228	0.00000	0.99384	0.00000	0.00003	0.00000	0.00613
229	0.78433	0.00000	0.00002	0.03956	0.17609	0.00000
230	0.00000	0.99988	0.00000	0.00000	0.00000	0.00012
231	0.00000	1.00000	0.00000	0.00000	0.00000	0.00000
232	0.00000	0.99311	0.00000	0.00004	0.00000	0.00685
233	0.99996	0.00000	0.00000	0.00000	0.00004	0.00000
234	0.00000	0.99924	0.00000	0.00000	0.00000	0.00076
235	0.00000	0.99935	0.00000	0.00000	0.00000	0.00065
236	0.00000	0.99962	0.00000	0.00000	0.00000	0.00038
237	0.00000	0.99759	0.00000	0.00000	0.00000	0.00241
238	0.00000	0.99970	0.00000	0.00000	0.00000	0.00030
239	0.99900	0.00000	0.00000	0.00000	0.00100	0.00000
240	0.97975	0.00000	0.00000	0.00001	0.02024	0.00000
241	0.99823	0.00000	0.00000	0.00000	0.00176	0.00000
242	0.99879	0.00000	0.00000	0.00000	0.00121	0.00000
243	0.00000	1.00000	0.00000	0.00000	0.00000	0.00000
244	0.99819	0.00000	0.00000	0.00000	0.00181	0.00000
245	0.99987	0.00000	0.00000	0.00000	0.00013	0.00000
246	0.00000	0.99989	0.00000	0.00000	0.00000	0.00011
247	0.00000	0.99987	0.00000	0.00000	0.00000	0.00013
248	0.00000	0.99915	0.00000	0.00000	0.00000	0.00085
249	0.00000	0.99433	0.00000	0.00000	0.00000	0.00567
250	0.00000	0.99999	0.00000	0.00000	0.00000	0.00001
251	0.00000	0.99997	0.00000	0.00000	0.00000	0.00003
252	0.00000	0.99885	0.00000	0.00000	0.00000	0.00115
253	0.00000	0.99999	0.00000	0.00000	0.00000	0.00001
254	0.00000	0.99935	0.00000	0.00000	0.00000	0.00065
255	0.00000	0.99983	0.00000	0.00000	0.00000	0.00017
256	0.00000	0.99125	0.00000	0.00002	0.00000	0.00873
257	0.00000	0.99995	0.00000	0.00000	0.00000	0.00005
258	0.00000	0.98644	0.00000	0.00000	0.00000	0.01356
259	0.00000	0.99935	0.00000	0.00000	0.00000	0.00065
260	0.00000	0.92696	0.00000	0.00459	0.00000	0.06845
261	0.00000	0.99998	0.00000	0.00000	0.00000	0.00002
262	0.00000	0.99981	0.00000	0.00000	0.00000	0.00019
263	0.00000	0.99992	0.00000	0.00000	0.00000	0.00008
264	0.00000	0.99992	0.00000	0.00000	0.00000	0.00008
265	0.00001	0.76544	0.00194	0.04565	0.00048	0.18649
266	0.00000	0.99998	0.00000	0.00000	0.00000	0.00002
267	0.00000	0.99771	0.00000	0.00000	0.00000	0.00229
268	0.00000	0.99992	0.00000	0.00000	0.00000	0.00008
269	0.00000	0.99960	0.00000	0.00000	0.00000	0.00040
270	0.00000	0.99134	0.00000	0.00000	0.00000	0.00866
271	0.00000	0.99979	0.00000	0.00000	0.00000	0.00021
272	0.00000	1.00000	0.00000	0.00000	0.00000	0.00000
273	0.00000	0.99488	0.00000	0.00000	0.00000	0.00512
274	0.00000	0.99999	0.00000	0.00000	0.00000	0.00001
275	0.00000	0.99978	0.00000	0.00000	0.00000	0.00022
276	0.00000	0.99987	0.00000	0.00000	0.00000	0.00013
277	0.00000	0.92984	0.00000	0.00012	0.00000	0.07003
278	0.00000	0.99986	0.00000	0.00000	0.00000	0.00014
279	0.00000	0.99972	0.00000	0.00000	0.00000	0.00028
280	0.00000	0.99999	0.00000	0.00000	0.00000	0.00001
281	0.00000	0.99915	0.00000	0.00000	0.00000	0.00085
282	0.00000	0.99997	0.00000	0.00000	0.00000	0.00003
283	0.99972	0.00000	0.00000	0.00000	0.00028	0.00000
284	0.00000	0.98776	0.00000	0.00009	0.00000	0.01215
285	0.00000	0.99994	0.00000	0.00000	0.00000	0.00006
286	0.00000	0.99997	0.00000	0.00000	0.00000	0.00003
287	0.00000	0.99998	0.00000	0.00000	0.00000	0.00002
288	0.00000	0.99228	0.00000	0.00000	0.00000	0.00772
289	0.00000	0.96417	0.00000	0.00001	0.00000	0.03582
290	0.00000	0.99935	0.00000	0.00000	0.00000	0.00065
291	0.00000	0.99992	0.00000	0.00000	0.00000	0.00008
292	0.00000	0.99983	0.00000	0.00000	0.00000	0.00017
293	0.00000	0.99990	0.00000	0.00000	0.00000	0.00010
294	0.00000	0.99961	0.00000	0.00000	0.00000	0.00039
295	0.00000	0.99986	0.00000	0.00000	0.00000	0.00014
296	0.99822	0.00000	0.00000	0.00000	0.00178	0.00000
297	0.00000	0.99999	0.00000	0.00000	0.00000	0.00001
298	0.00000	0.99175	0.00000	0.00006	0.00000	0.00819
299	0.99977	0.00000	0.00000	0.00000	0.00023	0.00000
300	0.00000	0.99997	0.00000	0.00000	0.00000	0.00003
301	0.00000	0.99999	0.00000	0.00000	0.00000	0.00001
302	0.00000	0.99973	0.00000	0.00000	0.00000	0.00027
303	0.00000	0.99938	0.00000	0.00000	0.00000	0.00062
304	0.00000	0.99973	0.00000	0.00000	0.00000	0.00027
305	0.00000	0.99613	0.00000	0.00000	0.00000	0.00387
306	0.00000	0.99471	0.00000	0.00001	0.00000	0.00528
307	0.00000	0.99964	0.00000	0.00000	0.00000	0.00036
308	0.00000	0.99958	0.00000	0.00000	0.00000	0.00042
309	0.00000	0.99891	0.00000	0.00000	0.00000	0.00109
310	0.00000	0.99995	0.00000	0.00000	0.00000	0.00005
311	0.20461	0.05888	0.08997	0.29663	0.21919	0.13072
312	0.00000	0.99994	0.00000	0.00000	0.00000	0.00006
313	0.00000	0.99995	0.00000	0.00000	0.00000	0.00005
314	0.00000	0.99688	0.00000	0.00000	0.00000	0.00312
315	0.00000	0.97241	0.00000	0.00000	0.00000	0.02759
316	0.00000	0.99834	0.00000	0.00000	0.00000	0.00166
317	0.00000	0.99987	0.00000	0.00000	0.00000	0.00013
318	0.00000	0.99988	0.00000	0.00000	0.00000	0.00012
319	0.00000	0.99883	0.00000	0.00000	0.00000	0.00117
320	0.00000	0.90340	0.00000	0.00005	0.00000	0.09655
321	0.00000	0.99608	0.00000	0.00000	0.00000	0.00392
322	0.00000	0.99978	0.00000	0.00000	0.00000	0.00022
323	0.00000	0.99997	0.00000	0.00000	0.00000	0.00003
324	0.00000	0.99996	0.00000	0.00000	0.00000	0.00004
325	0.00000	0.00081	0.00000	0.05428	0.00000	0.94491
326	0.00000	0.99535	0.00000	0.00002	0.00000	0.00463
327	0.00000	0.99999	0.00000	0.00000	0.00000	0.00001
328	0.00000	0.99993	0.00000	0.00000	0.00000	0.00007
329	0.00000	0.99872	0.00000	0.00000	0.00000	0.00128
330	0.00000	0.89345	0.00003	0.01038	0.00000	0.09614
331	0.00000	0.99998	0.00000	0.00000	0.00000	0.00002
332	0.00000	0.99975	0.00000	0.00000	0.00000	0.00025
333	0.00000	0.99942	0.00000	0.00000	0.00000	0.00058
334	0.00000	0.62879	0.00000	0.00004	0.00000	0.37117
335	0.00000	0.99996	0.00000	0.00000	0.00000	0.00004
336	0.00076	0.54515	0.01739	0.14150	0.00826	0.28695
337	0.00000	0.99996	0.00000	0.00000	0.00000	0.00004
338	0.00000	0.99980	0.00000	0.00000	0.00000	0.00020
339	0.00000	0.99992	0.00000	0.00000	0.00000	0.00008
340	0.00000	0.00000	0.99750	0.00034	0.00000	0.00215
341	0.00000	0.99999	0.00000	0.00000	0.00000	0.00001
342	0.00000	0.99968	0.00000	0.00000	0.00000	0.00032
343	0.00000	0.00134	0.00000	0.00049	0.00000	0.99817
344	0.00000	0.99742	0.00000	0.00000	0.00000	0.00258
345	0.00000	0.99999	0.00000	0.00000	0.00000	0.00001
346	0.00000	0.88136	0.00003	0.01277	0.00000	0.10584
347	0.00000	0.00000	0.00000	0.01061	0.00000	0.98939
348	0.00000	0.99961	0.00000	0.00000	0.00000	0.00039
349	0.00000	0.99799	0.00000	0.00000	0.00000	0.00201
350	0.00000	0.99991	0.00000	0.00000	0.00000	0.00009
351	0.00000	0.99638	0.00000	0.00001	0.00000	0.00361
352	0.00000	0.99998	0.00000	0.00000	0.00000	0.00002
353	0.00000	0.99609	0.00000	0.00001	0.00000	0.00390
354	0.00058	0.54547	0.01631	0.14655	0.00851	0.28259
355	0.99998	0.00000	0.00000	0.00000	0.00002	0.00000
356	0.00000	0.99920	0.00000	0.00000	0.00000	0.00080
357	0.00000	0.99900	0.00000	0.00000	0.00000	0.00100
358	0.15371	0.18011	0.16618	0.16673	0.16003	0.17324
359	0.00000	0.99998	0.00000	0.00000	0.00000	0.00002
360	0.00000	0.95855	0.00000	0.00011	0.00000	0.04134
361	0.99911	0.00000	0.00000	0.00000	0.00089	0.00000
362	0.99994	0.00000	0.00000	0.00000	0.00006	0.00000
363	0.00000	0.99998	0.00000	0.00000	0.00000	0.00002
364	0.00000	0.99878	0.00000	0.00000	0.00000	0.00122
365	0.00000	0.99997	0.00000	0.00000	0.00000	0.00003
366	0.00000	0.99975	0.00000	0.00000	0.00000	0.00025
367	0.00000	0.99996	0.00000	0.00000	0.00000	0.00004
368	0.99983	0.00000	0.00000	0.00000	0.00017	0.00000
369	0.00000	0.99998	0.00000	0.00000	0.00000	0.00002
370	0.00000	0.99972	0.00000	0.00000	0.00000	0.00028
371	0.00000	0.99994	0.00000	0.00000	0.00000	0.00006
372	0.00000	0.99997	0.00000	0.00000	0.00000	0.00003
373	0.00004	0.78635	0.00315	0.03786	0.00076	0.17184
374	0.99933	0.00000	0.00000	0.00000	0.00067	0.00000
375	0.00000	0.94097	0.00000	0.00016	0.00000	0.05887
376	0.14296	0.19195	0.16559	0.16649	0.15426	0.17875
377	0.99922	0.00000	0.00000	0.00000	0.00078	0.00000
378	0.95287	0.00000	0.00000	0.00134	0.04579	0.00000
379	0.00000	0.99938	0.00000	0.00000	0.00000	0.00062
380	0.00000	0.99853	0.00000	0.00000	0.00000	0.00147
381	0.00000	0.99989	0.00000	0.00000	0.00000	0.00011
382	0.99069	0.00000	0.00000	0.00000	0.00931	0.00000
383	0.00000	0.99987	0.00000	0.00000	0.00000	0.00013
384	0.00000	0.99997	0.00000	0.00000	0.00000	0.00003
385	0.00000	0.99988	0.00000	0.00000	0.00000	0.00012
386	0.00000	0.99999	0.00000	0.00000	0.00000	0.00001
387	0.97739	0.00000	0.00000	0.00047	0.02214	0.00000
388	0.00000	0.99995	0.00000	0.00000	0.00000	0.00005
389	0.00000	0.99990	0.00000	0.00000	0.00000	0.00010
390	0.00000	0.99994	0.00000	0.00000	0.00000	0.00006
391	0.00000	0.94955	0.00000	0.00262	0.00000	0.04784
392	0.00000	0.74843	0.00000	0.03576	0.00000	0.21581
393	0.00000	0.99686	0.00000	0.00001	0.00000	0.00313
394	0.00000	1.00000	0.00000	0.00000	0.00000	0.00000
395	0.00000	0.99976	0.00000	0.00000	0.00000	0.00024
396	0.00000	0.99995	0.00000	0.00000	0.00000	0.00005
397	0.00000	0.99999	0.00000	0.00000	0.00000	0.00001
398	0.00000	0.87818	0.00002	0.01341	0.00000	0.10840
399	0.00000	0.99906	0.00000	0.00000	0.00000	0.00094
400	0.00000	0.99994	0.00000	0.00000	0.00000	0.00006
401	0.29197	0.05873	0.13056	0.18361	0.23140	0.10373
402	0.00000	0.99994	0.00000	0.00000	0.00000	0.00006
403	0.00000	0.99995	0.00000	0.00000	0.00000	0.00005
404	0.00000	0.99923	0.00000	0.00000	0.00000	0.00077
405	0.00000	0.99962	0.00000	0.00000	0.00000	0.00038
406	0.00000	0.99995	0.00000	0.00000	0.00000	0.00005
407	0.00000	0.99976	0.00000	0.00000	0.00000	0.00024
408	0.00000	0.99998	0.00000	0.00000	0.00000	0.00002
409	0.00000	0.99897	0.00000	0.00000	0.00000	0.00103
410	0.00000	0.99941	0.00000	0.00000	0.00000	0.00058
411	0.99967	0.00000	0.00000	0.00000	0.00033	0.00000
412	0.00000	0.99991	0.00000	0.00000	0.00000	0.00009
413	0.00000	0.98296	0.00000	0.00028	0.00000	0.01676
414	0.00000	0.99964	0.00000	0.00000	0.00000	0.00036
415	0.00000	0.99311	0.00000	0.00004	0.00000	0.00685
416	0.00000	0.99999	0.00000	0.00000	0.00000	0.00001
417	0.00000	0.99991	0.00000	0.00000	0.00000	0.00009
418	0.00000	0.99994	0.00000	0.00000	0.00000	0.00006
419	0.00000	0.99993	0.00000	0.00000	0.00000	0.00007
420	0.00000	0.99992	0.00000	0.00000	0.00000	0.00008
421	0.00000	0.99885	0.00000	0.00000	0.00000	0.00115
422	0.00000	0.94809	0.00001	0.00304	0.00000	0.04887
423	0.00000	0.95873	0.00000	0.00166	0.00000	0.03961
424	0.00000	0.99922	0.00000	0.00000	0.00000	0.00078
425	0.00000	0.99996	0.00000	0.00000	0.00000	0.00004
426	0.00000	0.99969	0.00000	0.00000	0.00000	0.00031
427	0.00000	0.99990	0.00000	0.00000	0.00000	0.00010
428	0.00000	0.99893	0.00000	0.00000	0.00000	0.00107
429	0.00000	0.99945	0.00000	0.00000	0.00000	0.00055
430	0.00000	0.99993	0.00000	0.00000	0.00000	0.00007
431	0.00000	0.99997	0.00000	0.00000	0.00000	0.00003
432	0.00000	0.99472	0.00000	0.00001	0.00000	0.00527
433	0.00000	0.99995	0.00000	0.00000	0.00000	0.00005
434	0.00000	0.98459	0.00000	0.00019	0.00000	0.01522
435	0.00000	0.99995	0.00000	0.00000	0.00000	0.00005
436	0.99972	0.00000	0.00000	0.00000	0.00028	0.00000
437	0.00000	0.99967	0.00000	0.00000	0.00000	0.00033
438	0.00000	0.99766	0.00000	0.00000	0.00000	0.00234
439	0.00000	0.99968	0.00000	0.00000	0.00000	0.00032
440	0.00000	0.99979	0.00000	0.00000	0.00000	0.00021
441	0.00000	0.99994	0.00000	0.00000	0.00000	0.00006
442	0.00000	0.99976	0.00000	0.00000	0.00000	0.00024
443	0.00000	0.99991	0.00000	0.00000	0.00000	0.00009
444	0.00000	0.99977	0.00000	0.00000	0.00000	0.00023
445	0.00000	0.99971	0.00000	0.00000	0.00000	0.00029
446	0.00000	0.99907	0.00000	0.00000	0.00000	0.00093
447	0.00000	0.96543	0.00000	0.00005	0.00000	0.03452
448	0.00000	0.99977	0.00000	0.00000	0.00000	0.00022
449	0.00000	0.99933	0.00000	0.00000	0.00000	0.00067
450	0.00000	0.99996	0.00000	0.00000	0.00000	0.00004
451	0.00000	0.99993	0.00000	0.00000	0.00000	0.00007
452	0.00000	0.94265	0.00000	0.00288	0.00000	0.05447
453	0.00000	0.99980	0.00000	0.00000	0.00000	0.00020
454	0.00000	0.99995	0.00000	0.00000	0.00000	0.00005
455	0.00000	0.99741	0.00000	0.00000	0.00000	0.00259
456	0.00000	0.99946	0.00000	0.00000	0.00000	0.00054
457	0.00000	0.99995	0.00000	0.00000	0.00000	0.00005
458	0.00000	0.99998	0.00000	0.00000	0.00000	0.00002
459	0.00000	0.99966	0.00000	0.00000	0.00000	0.00034
460	0.99988	0.00000	0.00000	0.00000	0.00012	0.00000
461	0.00000	0.99990	0.00000	0.00000	0.00000	0.00010
462	0.00000	1.00000	0.00000	0.00000	0.00000	0.00000
463	0.00069	0.52913	0.01755	0.15592	0.00958	0.28714
464	0.99999	0.00000	0.00000	0.00000	0.00001	0.00000
465	0.00000	0.99572	0.00000	0.00000	0.00000	0.00428
466	0.00000	0.99897	0.00000	0.00000	0.00000	0.00103
467	0.00000	0.97365	0.00000	0.00055	0.00000	0.02579
468	0.00000	0.99999	0.00000	0.00000	0.00000	0.00001
469	0.00000	1.00000	0.00000	0.00000	0.00000	0.00000
470	0.00000	0.94953	0.00000	0.00173	0.00000	0.04874
471	0.00000	0.99996	0.00000	0.00000	0.00000	0.00004
472	0.00000	0.99646	0.00000	0.00000	0.00000	0.00354
473	0.00000	0.99996	0.00000	0.00000	0.00000	0.00004
474	0.21958	0.12146	0.16323	0.16443	0.18999	0.14130
475	0.00000	0.99995	0.00000	0.00000	0.00000	0.00005
476	0.00000	0.99994	0.00000	0.00000	0.00000	0.00006
477	0.00000	0.99988	0.00000	0.00000	0.00000	0.00012
478	0.00000	0.99990	0.00000	0.00000	0.00000	0.00010
479	0.00000	0.48790	0.00000	0.01744	0.00000	0.49466
480	0.00000	0.99998	0.00000	0.00000	0.00000	0.00002
481	0.00000	1.00000	0.00000	0.00000	0.00000	0.00000
482	0.00000	0.99995	0.00000	0.00000	0.00000	0.00005
483	0.00000	0.99991	0.00000	0.00000	0.00000	0.00009
484	0.00000	0.99978	0.00000	0.00000	0.00000	0.00022
485	0.00000	0.99923	0.00000	0.00000	0.00000	0.00077
486	0.00000	0.98165	0.00000	0.00004	0.00000	0.01832
487	0.00000	0.99991	0.00000	0.00000	0.00000	0.00009
488	0.00000	0.99997	0.00000	0.00000	0.00000	0.00003
489	0.00000	0.99972	0.00000	0.00000	0.00000	0.00028
490	0.00000	0.99962	0.00000	0.00000	0.00000	0.00038
491	0.00000	0.99991	0.00000	0.00000	0.00000	0.00009
492	0.00000	0.99710	0.00000	0.00000	0.00000	0.00289
493	0.00000	0.99988	0.00000	0.00000	0.00000	0.00012
494	0.00000	0.87196	0.00019	0.01484	0.00003	0.11298
495	0.00000	0.99912	0.00000	0.00000	0.00000	0.00088
496	0.00000	0.99163	0.00000	0.00000	0.00000	0.00837
497	0.00000	0.99995	0.00000	0.00000	0.00000	0.00005
498	0.00000	0.99988	0.00000	0.00000	0.00000	0.00012
499	0.00000	0.99996	0.00000	0.00000	0.00000	0.00004
500	0.00219	0.53090	0.01944	0.15238	0.01134	0.28374
501	0.00000	0.99984	0.00000	0.00000	0.00000	0.00016
502	0.00000	0.76596	0.00096	0.04577	0.00024	0.18708
503	0.00000	0.98639	0.00000	0.00000	0.00000	0.01361
504	0.00000	0.99980	0.00000	0.00000	0.00000	0.00020
505	0.00000	0.99991	0.00000	0.00000	0.00000	0.00009
506	0.99896	0.00000	0.00000	0.00000	0.00104	0.00000
507	1.00000	0.00000	0.00000	0.00000	0.00000	0.00000
508	0.00000	0.08956	0.00000	0.21147	0.00000	0.69897
509	0.00000	0.99623	0.00000	0.00000	0.00000	0.00376
510	0.00000	0.99994	0.00000	0.00000	0.00000	0.00006
511	0.00000	0.99989	0.00000	0.00000	0.00000	0.00011
512	0.00000	0.99922	0.00000	0.00000	0.00000	0.00078
513	0.99501	0.00000	0.00000	0.00000	0.00499	0.00000
514	0.00000	0.99869	0.00000	0.00000	0.00000	0.00131
515	0.99997	0.00000	0.00000	0.00000	0.00003	0.00000
516	0.00000	0.99042	0.00000	0.00010	0.00000	0.00949
517	0.00000	0.99165	0.00000	0.00002	0.00000	0.00833
518	0.99954	0.00000	0.00000	0.00000	0.00046	0.00000
519	0.00000	0.99482	0.00000	0.00000	0.00000	0.00518
520	0.00000	0.99998	0.00000	0.00000	0.00000	0.00002
521	0.00000	0.99980	0.00000	0.00000	0.00000	0.00020
522	0.00000	0.99949	0.00000	0.00000	0.00000	0.00051
523	0.00000	0.99995	0.00000	0.00000	0.00000	0.00005
524	0.00000	0.99996	0.00000	0.00000	0.00000	0.00004
525	0.00000	0.99989	0.00000	0.00000	0.00000	0.00011
526	0.00000	0.99686	0.00000	0.00000	0.00000	0.00314
527	0.00000	0.99943	0.00000	0.00000	0.00000	0.00057
528	0.00000	0.99428	0.00000	0.00002	0.00000	0.00570
529	0.18612	0.14669	0.16499	0.16826	0.17689	0.15705
530	0.00000	0.99350	0.00000	0.00000	0.00000	0.00650
531	0.00000	0.99940	0.00000	0.00000	0.00000	0.00060
532	0.00000	0.26468	0.00000	0.00160	0.00000	0.73372
533	1.00000	0.00000	0.00000	0.00000	0.00000	0.00000
534	0.00000	0.99996	0.00000	0.00000	0.00000	0.00004
535	0.00000	0.99996	0.00000	0.00000	0.00000	0.00004
536	0.00000	0.99975	0.00000	0.00000	0.00000	0.00025
537	0.99991	0.00000	0.00000	0.00000	0.00009	0.00000
538	0.00000	0.94518	0.00000	0.00287	0.00000	0.05195
539	0.00000	0.99988	0.00000	0.00000	0.00000	0.00012
540	0.70843	0.00000	0.00001	0.05763	0.23394	0.00000
541	0.99998	0.00000	0.00000	0.00000	0.00002	0.00000
542	0.99997	0.00000	0.00000	0.00000	0.00003	0.00000
543	0.00000	0.99940	0.00000	0.00000	0.00000	0.00060
544	0.00000	0.99838	0.00000	0.00000	0.00000	0.00162
545	0.00000	0.99998	0.00000	0.00000	0.00000	0.00002
546	0.00000	0.99987	0.00000	0.00000	0.00000	0.00013
547	0.00000	0.99976	0.00000	0.00000	0.00000	0.00024
548	0.88925	0.00000	0.00000	0.00857	0.10219	0.00000
549	0.00000	0.99977	0.00000	0.00000	0.00000	0.00023
550	0.00000	0.99976	0.00000	0.00000	0.00000	0.00024
551	1.00000	0.00000	0.00000	0.00000	0.00000	0.00000
552	0.00000	0.99985	0.00000	0.00000	0.00000	0.00015
553	0.00000	0.99994	0.00000	0.00000	0.00000	0.00006
554	0.00000	0.99990	0.00000	0.00000	0.00000	0.00010
555	0.00000	0.99999	0.00000	0.00000	0.00000	0.00001
556	0.00000	0.00000	0.95050	0.02760	0.00006	0.02184
557	0.00000	0.99959	0.00000	0.00000	0.00000	0.00041
558	0.00000	0.99995	0.00000	0.00000	0.00000	0.00005
559	0.99957	0.00000	0.00000	0.00000	0.00043	0.00000
560	0.99993	0.00000	0.00000	0.00000	0.00007	0.00000
561	0.99997	0.00000	0.00000	0.00000	0.00003	0.00000
562	0.99998	0.00000	0.00000	0.00000	0.00002	0.00000
563	0.00000	0.99974	0.00000	0.00000	0.00000	0.00026
564	0.00000	1.00000	0.00000	0.00000	0.00000	0.00000
565	0.99991	0.00000	0.00000	0.00000	0.00009	0.00000
566	0.00000	0.99896	0.00000	0.00000	0.00000	0.00103
567	0.45219	0.00006	0.00288	0.22452	0.31830	0.00205
568	0.99866	0.00000	0.00000	0.00000	0.00134	0.00000
569	0.00000	0.99958	0.00000	0.00000	0.00000	0.00042
570	0.00000	0.99995	0.00000	0.00000	0.00000	0.00005
571	0.00000	0.99998	0.00000	0.00000	0.00000	0.00002
572	0.00000	0.99985	0.00000	0.00000	0.00000	0.00015
573	0.00000	0.96499	0.00000	0.00000	0.00000	0.03501
574	0.00000	0.99910	0.00000	0.00000	0.00000	0.00090
575	0.00000	0.00000	0.00000	0.00754	0.99246	0.00000
576	0.00000	0.99866	0.00000	0.00000	0.00000	0.00134
577	0.99998	0.00000	0.00000	0.00000	0.00002	0.00000
578	0.00000	0.99995	0.00000	0.00000	0.00000	0.00005
579	0.00000	0.95906	0.00000	0.00002	0.00000	0.04092
580	0.00000	0.95656	0.00000	0.00182	0.00000	0.04162
581	0.00000	0.99875	0.00000	0.00000	0.00000	0.00125
582	0.00000	0.99942	0.00000	0.00000	0.00000	0.00058
583	0.00000	0.95223	0.00000	0.00182	0.00000	0.04595
584	0.00000	0.99991	0.00000	0.00000	0.00000	0.00009
585	0.00000	0.96932	0.00000	0.00000	0.00000	0.03068
586	0.00000	0.99966	0.00000	0.00000	0.00000	0.00034
587	0.00000	0.99996	0.00000	0.00000	0.00000	0.00004
588	0.00000	0.99985	0.00000	0.00000	0.00000	0.00015
589	0.00000	0.99999	0.00000	0.00000	0.00000	0.00001
590	0.00000	0.99996	0.00000	0.00000	0.00000	0.00004
591	0.00000	0.98400	0.00000	0.00020	0.00000	0.01580
592	0.00000	0.86120	0.00000	0.01729	0.00000	0.12151
593	0.00000	0.99997	0.00000	0.00000	0.00000	0.00003
594	0.00000	0.99685	0.00000	0.00000	0.00000	0.00315
595	0.00000	0.99996	0.00000	0.00000	0.00000	0.00004
596	0.00000	0.63442	0.00000	0.01008	0.00000	0.35550
597	0.00000	0.98167	0.00000	0.00012	0.00000	0.01820
598	0.00000	0.95739	0.00000	0.00175	0.00000	0.04086
599	0.00000	0.95716	0.00000	0.00018	0.00000	0.04266
600	0.00000	0.99986	0.00000	0.00000	0.00000	0.00014
601	0.00000	0.96325	0.00000	0.00117	0.00000	0.03559
602	0.59600	0.00000	0.00000	0.01078	0.39321	0.00000
603	0.98206	0.00000	0.00000	0.00032	0.01763	0.00000
604	0.00000	0.99928	0.00000	0.00000	0.00000	0.00072
605	0.00000	0.95053	0.00000	0.00226	0.00000	0.04721
606	0.00000	0.99884	0.00000	0.00000	0.00000	0.00116
607	0.00000	0.97333	0.00000	0.00008	0.00000	0.02659
608	0.00000	0.99995	0.00000	0.00000	0.00000	0.00005
609	0.00000	0.99998	0.00000	0.00000	0.00000	0.00002
610	0.99840	0.00000	0.00000	0.00000	0.00160	0.00000
611	0.00000	0.97906	0.00000	0.00005	0.00000	0.02090
612	0.00000	0.99998	0.00000	0.00000	0.00000	0.00002
613	0.00000	0.99992	0.00000	0.00000	0.00000	0.00008
614	0.00000	0.89422	0.00000	0.01328	0.00000	0.09250
615	0.00000	0.99993	0.00000	0.00000	0.00000	0.00007
616	0.00000	0.99833	0.00000	0.00000	0.00000	0.00167
617	0.00000	0.99892	0.00000	0.00000	0.00000	0.00108
618	0.00000	0.99999	0.00000	0.00000	0.00000	0.00001
619	0.00000	0.99610	0.00000	0.00001	0.00000	0.00389
620	0.00000	0.99998	0.00000	0.00000	0.00000	0.00002
621	0.00000	0.99988	0.00000	0.00000	0.00000	0.00012
622	0.00000	0.95451	0.00000	0.00201	0.00000	0.04347
623	0.00000	0.99994	0.00000	0.00000	0.00000	0.00006
624	0.00000	0.90291	0.00000	0.00001	0.00000	0.09708
625	0.00000	0.99911	0.00000	0.00000	0.00000	0.00089
626	0.00000	0.78240	0.00000	0.03028	0.00000	0.18732
627	0.00000	0.99999	0.00000	0.00000	0.00000	0.00001
628	0.00000	0.99992	0.00000	0.00000	0.00000	0.00008
629	0.00000	0.99992	0.00000	0.00000	0.00000	0.00008
630	0.00000	0.99998	0.00000	0.00000	0.00000	0.00002
631	0.00000	0.99929	0.00000	0.00000	0.00000	0.00071
632	0.99996	0.00000	0.00000	0.00000	0.00004	0.00000
633	0.00000	0.99992	0.00000	0.00000	0.00000	0.00008
634	0.00000	0.99990	0.00000	0.00000	0.00000	0.00010
635	0.00000	0.99976	0.00000	0.00000	0.00000	0.00024
636	0.00000	0.94398	0.00000	0.00172	0.00000	0.05430
637	0.00000	0.99843	0.00000	0.00000	0.00000	0.00157
638	0.00000	0.99571	0.00000	0.00000	0.00000	0.00429
639	0.00000	0.99999	0.00000	0.00000	0.00000	0.00001
640	0.00000	0.99996	0.00000	0.00000	0.00000	0.00004
641	0.00000	1.00000	0.00000	0.00000	0.00000	0.00000
642	0.00000	0.98972	0.00000	0.00005	0.00000	0.01023
643	0.00000	0.99972	0.00000	0.00000	0.00000	0.00028
644	0.00000	0.00023	0.00000	0.00033	0.00000	0.99944
645	0.00000	0.99613	0.00000	0.00000	0.00000	0.00387
646	0.00000	0.97655	0.00000	0.00001	0.00000	0.02345
647	0.00000	0.99829	0.00000	0.00000	0.00000	0.00171
648	0.00000	0.99997	0.00000	0.00000	0.00000	0.00003
649	0.00000	0.99864	0.00000	0.00000	0.00000	0.00136
650	0.99962	0.00000	0.00000	0.00000	0.00038	0.00000
651	0.00000	0.99925	0.00000	0.00000	0.00000	0.00075
652	0.00000	0.99946	0.00000	0.00000	0.00000	0.00054
653	0.97347	0.00000	0.00000	0.00038	0.02615	0.00000
654	0.00000	0.99927	0.00000	0.00000	0.00000	0.00073
655	0.00000	0.99984	0.00000	0.00000	0.00000	0.00016
656	0.00000	0.99328	0.00000	0.00000	0.00000	0.00671
657	0.00000	0.99985	0.00000	0.00000	0.00000	0.00015
658	0.00000	0.99998	0.00000	0.00000	0.00000	0.00002
659	0.99353	0.00000	0.00000	0.00004	0.00643	0.00000
660	0.00000	0.94898	0.00000	0.00212	0.00000	0.04891
661	0.00000	0.99985	0.00000	0.00000	0.00000	0.00015
662	0.00000	0.99979	0.00000	0.00000	0.00000	0.00021
663	0.00002	0.78010	0.00499	0.03630	0.00088	0.17771
664	0.99998	0.00000	0.00000	0.00000	0.00002	0.00000
665	0.00000	0.96950	0.00000	0.00007	0.00000	0.03043
666	0.99999	0.00000	0.00000	0.00000	0.00001	0.00000
667	0.99797	0.00000	0.00000	0.00000	0.00203	0.00000
668	0.49961	0.00000	0.00000	0.00215	0.49824	0.00000
669	0.99885	0.00000	0.00000	0.00000	0.00115	0.00000
670	0.97163	0.00000	0.00000	0.00052	0.02785	0.00000
671	0.00000	0.99996	0.00000	0.00000	0.00000	0.00004
672	0.00000	0.99958	0.00000	0.00000	0.00000	0.00042
673	0.00000	0.99999	0.00000	0.00000	0.00000	0.00001
674	0.00036	0.64353	0.00829	0.09789	0.00412	0.24580
675	0.00000	0.97164	0.00000	0.00071	0.00000	0.02764
676	0.00000	0.98506	0.00000	0.00011	0.00000	0.01483
677	0.00000	0.99981	0.00000	0.00000	0.00000	0.00019
678	0.99421	0.00000	0.00000	0.00000	0.00579	0.00000
679	0.00000	0.99928	0.00000	0.00000	0.00000	0.00072
680	0.00000	0.99030	0.00000	0.00000	0.00000	0.00970
681	0.00000	0.99980	0.00000	0.00000	0.00000	0.00020
682	0.00000	0.99781	0.00000	0.00000	0.00000	0.00219
683	0.00000	1.00000	0.00000	0.00000	0.00000	0.00000
684	0.00000	0.99751	0.00000	0.00000	0.00000	0.00248
685	0.00000	0.99999	0.00000	0.00000	0.00000	0.00001
686	0.00000	0.99984	0.00000	0.00000	0.00000	0.00016
687	0.00000	0.99982	0.00000	0.00000	0.00000	0.00018
688	0.00000	0.99997	0.00000	0.00000	0.00000	0.00003
689	0.00000	0.99343	0.00000	0.00000	0.00000	0.00657
690	0.00000	1.00000	0.00000	0.00000	0.00000	0.00000
691	0.00000	0.99987	0.00000	0.00000	0.00000	0.00013
692	0.00000	0.99998	0.00000	0.00000	0.00000	0.00002
693	0.00000	0.99945	0.00000	0.00000	0.00000	0.00055
694	0.00000	0.92696	0.00000	0.00504	0.00000	0.06800
695	0.00000	0.99744	0.00000	0.00000	0.00000	0.00256
696	0.00000	0.99997	0.00000	0.00000	0.00000	0.00003
697	0.00000	0.98254	0.00000	0.00001	0.00000	0.01745
698	0.00000	0.96633	0.00000	0.00087	0.00000	0.03280
699	0.00000	0.99977	0.00000	0.00000	0.00000	0.00023
700	0.00000	0.99999	0.00000	0.00000	0.00000	0.00001
701	0.99999	0.00000	0.00000	0.00000	0.00001	0.00000
702	0.99997	0.00000	0.00000	0.00000	0.00003	0.00000
703	0.99951	0.00000	0.00000	0.00000	0.00049	0.00000
704	0.95734	0.00000	0.00000	0.00175	0.04091	0.00000
705	0.00000	0.99429	0.00000	0.00000	0.00000	0.00571
706	0.00000	0.99994	0.00000	0.00000	0.00000	0.00006
707	0.99896	0.00000	0.00000	0.00000	0.00104	0.00000
708	0.00000	0.99830	0.00000	0.00000	0.00000	0.00169
709	0.00000	0.99051	0.00000	0.00001	0.00000	0.00949
710	0.00000	0.99988	0.00000	0.00000	0.00000	0.00012
711	0.00000	0.99874	0.00000	0.00000	0.00000	0.00126
712	0.00000	0.99879	0.00000	0.00000	0.00000	0.00121
713	0.00000	1.00000	0.00000	0.00000	0.00000	0.00000
714	0.44608	0.00000	0.00000	0.00087	0.55306	0.00000
715	0.00000	0.78150	0.00010	0.04061	0.00003	0.17776
716	0.00000	0.99771	0.00000	0.00000	0.00000	0.00228
717	0.00000	0.99959	0.00000	0.00000	0.00000	0.00041
718	0.99999	0.00000	0.00000	0.00000	0.00001	0.00000
719	0.00000	0.99813	0.00000	0.00000	0.00000	0.00187
720	0.00000	0.99997	0.00000	0.00000	0.00000	0.00003
721	0.00000	0.99751	0.00000	0.00000	0.00000	0.00249
722	0.00000	0.99991	0.00000	0.00000	0.00000	0.00009
723	0.00000	0.99988	0.00000	0.00000	0.00000	0.00012
724	0.00000	0.83185	0.00019	0.02527	0.00004	0.14266
725	0.00001	0.00000	0.00000	0.99826	0.00173	0.00000
726	0.00000	0.99995	0.00000	0.00000	0.00000	0.00005
727	0.00000	0.99997	0.00000	0.00000	0.00000	0.00003
728	0.00002	0.60660	0.00215	0.12050	0.00098	0.26975
729	0.00000	0.99080	0.00000	0.00000	0.00000	0.00920
730	0.00000	0.99992	0.00000	0.00000	0.00000	0.00008
731	0.00000	0.99949	0.00000	0.00000	0.00000	0.00051
732	0.89843	0.00000	0.00000	0.00001	0.10156	0.00000
733	0.00000	0.99309	0.00000	0.00000	0.00000	0.00690
734	0.00000	0.99775	0.00000	0.00000	0.00000	0.00224
735	0.00000	0.99999	0.00000	0.00000	0.00000	0.00001
736	0.00000	0.96590	0.00000	0.00104	0.00000	0.03306
737	0.00000	0.99988	0.00000	0.00000	0.00000	0.00012
738	0.98369	0.00000	0.00000	0.00000	0.01630	0.00000
739	0.00085	0.25103	0.03938	0.21429	0.01388	0.48057
740	0.00000	0.99983	0.00000	0.00000	0.00000	0.00017
741	0.99902	0.00000	0.00000	0.00000	0.00098	0.00000
742	0.00000	0.99996	0.00000	0.00000	0.00000	0.00004
743	0.00000	0.99907	0.00000	0.00000	0.00000	0.00093
744	0.00000	0.99970	0.00000	0.00000	0.00000	0.00030
745	0.99995	0.00000	0.00000	0.00000	0.00005	0.00000
746	0.00000	0.99995	0.00000	0.00000	0.00000	0.00005
747	0.00000	0.99996	0.00000	0.00000	0.00000	0.00004
748	0.00000	0.99990	0.00000	0.00000	0.00000	0.00010
749	0.00000	0.99989	0.00000	0.00000	0.00000	0.00011
750	0.17982	0.15402	0.16640	0.16654	0.17305	0.16016
751	0.00000	0.99999	0.00000	0.00000	0.00000	0.00001
752	0.00000	0.99987	0.00000	0.00000	0.00000	0.00013
753	0.00000	0.99993	0.00000	0.00000	0.00000	0.00007
754	0.00000	0.99997	0.00000	0.00000	0.00000	0.00003
755	0.00000	0.99138	0.00000	0.00005	0.00000	0.00858
756	0.00000	0.99989	0.00000	0.00000	0.00000	0.00011
757	0.00000	0.94265	0.00001	0.00186	0.00000	0.05548
758	0.00000	0.96868	0.00000	0.00075	0.00000	0.03057
759	0.99995	0.00000	0.00000	0.00000	0.00005	0.00000
760	0.99993	0.00000	0.00000	0.00000	0.00007	0.00000
761	0.00000	0.56903	0.00000	0.00171	0.00000	0.42926
762	0.00000	0.99987	0.00000	0.00000	0.00000	0.00013
763	0.00000	0.99990	0.00000	0.00000	0.00000	0.00010
764	0.00000	0.99997	0.00000	0.00000	0.00000	0.00003
765	0.00000	0.99936	0.00000	0.00000	0.00000	0.00064
766	0.00000	0.99957	0.00000	0.00000	0.00000	0.00043
767	0.00000	0.99999	0.00000	0.00000	0.00000	0.00001
768	0.00000	0.76774	0.00000	0.00117	0.00000	0.23110
769	0.00000	0.99905	0.00000	0.00000	0.00000	0.00095
770	0.00000	0.99991	0.00000	0.00000	0.00000	0.00009
771	0.00000	0.99991	0.00000	0.00000	0.00000	0.00009
772	0.00000	0.88116	0.00000	0.00020	0.00000	0.11864
773	0.00000	0.98941	0.00000	0.00009	0.00000	0.01051
774	0.00000	0.99276	0.00000	0.00004	0.00000	0.00720
775	0.00000	0.99992	0.00000	0.00000	0.00000	0.00008
776	0.00000	0.99978	0.00000	0.00000	0.00000	0.00022
