UponCompletionOf_1000000_sweeps
LocNumber LocName AlleleNumber AlleleName FreqInPop0 FreqInPop1 SDInPop0 SDinPop1
0	LdDocent_Contig_55556_440	0	1	0.285879	0.954267	0.042285	0.006357
0	LdDocent_Contig_55556_440	1	2	0.714121	0.045733	0.042285	0.006357
1	LdDocent_Contig_1038_464	0	1	0.437371	0.997049	0.030254	0.001582
1	LdDocent_Contig_1038_464	1	2	0.562629	0.002951	0.030254	0.001582
2	LdDocent_Contig_1728_9	0	1	0.002029	0.991278	0.002861	0.002818
2	LdDocent_Contig_1728_9	1	2	0.997971	0.008722	0.002861	0.002818
3	LdDocent_Contig_68613_84	0	1	0.023431	0.541455	0.009835	0.015270
3	LdDocent_Contig_68613_84	1	2	0.976569	0.458545	0.009835	0.015270
4	LdDocent_Contig_2596_459	0	1	0.194919	0.949460	0.026560	0.006790
4	LdDocent_Contig_2596_459	1	2	0.805081	0.050540	0.026560	0.006790
5	LdDocent_Contig_817_11	0	1	0.006005	0.500352	0.004876	0.015168
5	LdDocent_Contig_817_11	1	2	0.993995	0.499648	0.004876	0.015168
6	LdDocent_Contig_23680_26	0	1	0.485662	0.979817	0.029999	0.004395
6	LdDocent_Contig_23680_26	1	2	0.514338	0.020183	0.029999	0.004395
7	LdDocent_Contig_836_77	0	1	0.005891	0.501125	0.004783	0.014623
7	LdDocent_Contig_836_77	1	2	0.994109	0.498875	0.004783	0.014623
8	LdDocent_Contig_1148_464	0	1	0.002177	0.994938	0.003065	0.002152
8	LdDocent_Contig_1148_464	1	2	0.997823	0.005062	0.003065	0.002152
9	LdDocent_Contig_1517_115	0	2	0.993327	0.678965	0.005416	0.013925
9	LdDocent_Contig_1517_115	1	1	0.006673	0.321035	0.005416	0.013925
10	LdDocent_Contig_68637_134	0	1	0.997564	0.338752	0.003433	0.014656
10	LdDocent_Contig_68637_134	1	2	0.002436	0.661248	0.003433	0.014656
11	LdDocent_Contig_94363_340	0	1	0.611295	0.978593	0.030269	0.004365
11	LdDocent_Contig_94363_340	1	2	0.388705	0.021407	0.030269	0.004365
12	LdDocent_Contig_6675_116	0	1	0.997877	0.479808	0.002996	0.015216
12	LdDocent_Contig_6675_116	1	2	0.002123	0.520192	0.002996	0.015216
13	LdDocent_Contig_94030_367	0	1	0.014972	0.990753	0.007933	0.002986
13	LdDocent_Contig_94030_367	1	2	0.985028	0.009247	0.007933	0.002986
14	LdDocent_Contig_31766_49	0	2	0.006051	0.698895	0.004920	0.013459
14	LdDocent_Contig_31766_49	1	1	0.993949	0.301105	0.004920	0.013459
15	LdDocent_Contig_848_442	0	1	0.007212	0.990698	0.005845	0.003001
15	LdDocent_Contig_848_442	1	2	0.992788	0.009302	0.005845	0.003001
16	LdDocent_Contig_5869_45	0	1	0.010126	0.994044	0.006355	0.002372
16	LdDocent_Contig_5869_45	1	2	0.989874	0.005956	0.006355	0.002372
17	LdDocent_Contig_53301_366	0	2	0.006924	0.334213	0.005615	0.014387
17	LdDocent_Contig_53301_366	1	1	0.993076	0.665787	0.005615	0.014387
18	LdDocent_Contig_184_77	0	1	0.010623	0.995715	0.006662	0.002014
18	LdDocent_Contig_184_77	1	2	0.989377	0.004285	0.006662	0.002014
19	LdDocent_Contig_67026_370	0	1	0.316513	0.995547	0.035382	0.002098
19	LdDocent_Contig_67026_370	1	2	0.683487	0.004453	0.035382	0.002098
20	LdDocent_Contig_96192_356	0	1	0.188970	0.996252	0.024245	0.001769
20	LdDocent_Contig_96192_356	1	2	0.811030	0.003748	0.024245	0.001769
21	LdDocent_Contig_85_72	0	1	0.006555	0.995717	0.005321	0.002017
21	LdDocent_Contig_85_72	1	2	0.993445	0.004283	0.005321	0.002017
22	LdDocent_Contig_1276_33	0	1	0.021167	0.411905	0.008886	0.014345
22	LdDocent_Contig_1276_33	1	2	0.978833	0.588095	0.008886	0.014345
23	LdDocent_Contig_63433_418	0	1	0.010928	0.989429	0.006853	0.003245
23	LdDocent_Contig_63433_418	1	2	0.989072	0.010571	0.006853	0.003245
24	LdDocent_Contig_1869_438	0	1	0.011065	0.998542	0.006938	0.001192
24	LdDocent_Contig_1869_438	1	2	0.988935	0.001458	0.006938	0.001192
25	LdDocent_Contig_2099_104	0	1	0.072644	0.997739	0.018252	0.001428
25	LdDocent_Contig_2099_104	1	2	0.927356	0.002261	0.018252	0.001428
26	LdDocent_Contig_1468_45	0	1	0.020897	0.861578	0.009726	0.010532
26	LdDocent_Contig_1468_45	1	2	0.979103	0.138422	0.009726	0.010532
27	LdDocent_Contig_369_381	0	1	0.568743	0.996200	0.030120	0.001795
27	LdDocent_Contig_369_381	1	2	0.431257	0.003800	0.030120	0.001795
28	LdDocent_Contig_1920_333	0	1	0.006387	0.996605	0.005193	0.001809
28	LdDocent_Contig_1920_333	1	2	0.993613	0.003395	0.005193	0.001809
29	LdDocent_Contig_60_384	0	1	0.002052	0.994837	0.002889	0.002212
29	LdDocent_Contig_60_384	1	2	0.997948	0.005163	0.002889	0.002212
30	LdDocent_Contig_73_392	0	1	0.981902	0.596448	0.008425	0.014229
30	LdDocent_Contig_73_392	1	2	0.018098	0.403552	0.008425	0.014229
31	LdDocent_Contig_69005_402	0	1	0.622719	0.992845	0.034034	0.002643
31	LdDocent_Contig_69005_402	1	2	0.377281	0.007155	0.034034	0.002643
32	LdDocent_Contig_55551_107	0	1	0.016246	0.998512	0.008582	0.001213
32	LdDocent_Contig_55551_107	1	2	0.983754	0.001488	0.008582	0.001213
33	LdDocent_Contig_10275_57	0	1	0.263885	0.853139	0.029477	0.010876
33	LdDocent_Contig_10275_57	1	2	0.736115	0.146861	0.029477	0.010876
34	LdDocent_Contig_36542_62	0	1	0.988568	0.614046	0.007165	0.015421
34	LdDocent_Contig_36542_62	1	2	0.011432	0.385954	0.007165	0.015421
35	LdDocent_Contig_517_62	0	1	0.269467	0.997804	0.028152	0.001386
35	LdDocent_Contig_517_62	1	2	0.730533	0.002196	0.028152	0.001386
36	LdDocent_Contig_8057_405	0	1	0.376229	0.998562	0.031255	0.001174
36	LdDocent_Contig_8057_405	1	2	0.623771	0.001438	0.031255	0.001174
37	LdDocent_Contig_908_392	0	1	0.647399	0.984853	0.031123	0.003701
37	LdDocent_Contig_908_392	1	2	0.352601	0.015147	0.031123	0.003701
38	LdDocent_Contig_85002_61	0	1	0.009765	0.996268	0.006124	0.001761
38	LdDocent_Contig_85002_61	1	2	0.990235	0.003732	0.006124	0.001761
39	LdDocent_Contig_64876_131	0	1	0.675053	0.996932	0.028728	0.001638
39	LdDocent_Contig_64876_131	1	2	0.324947	0.003068	0.028728	0.001638
40	LdDocent_Contig_5583_376	0	1	0.006566	0.292527	0.005337	0.014774
40	LdDocent_Contig_5583_376	1	2	0.993434	0.707473	0.005337	0.014774
41	LdDocent_Contig_59656_344	0	1	0.584069	0.997461	0.033336	0.001605
41	LdDocent_Contig_59656_344	1	2	0.415931	0.002539	0.033336	0.001605
42	LdDocent_Contig_879_336	0	1	0.006408	0.996624	0.005193	0.001800
42	LdDocent_Contig_879_336	1	2	0.993592	0.003376	0.005193	0.001800
43	LdDocent_Contig_323_126	0	1	0.693604	0.999547	0.029162	0.000642
43	LdDocent_Contig_323_126	1	2	0.306396	0.000453	0.029162	0.000642
44	LdDocent_Contig_95601_465	0	1	0.585074	0.998438	0.031393	0.001274
44	LdDocent_Contig_95601_465	1	2	0.414926	0.001562	0.031393	0.001274
45	LdDocent_Contig_95_404	0	1	0.010070	0.996968	0.006321	0.001616
45	LdDocent_Contig_95_404	1	2	0.989930	0.003032	0.006321	0.001616
46	LdDocent_Contig_6522_393	0	1	0.439626	0.909604	0.033514	0.008694
46	LdDocent_Contig_6522_393	1	2	0.560374	0.090396	0.033514	0.008694
47	LdDocent_Contig_1885_127	0	1	0.959256	0.482434	0.012287	0.014737
47	LdDocent_Contig_1885_127	1	2	0.040744	0.517566	0.012287	0.014737
48	LdDocent_Contig_965_344	0	2	0.997927	0.575471	0.002916	0.014656
48	LdDocent_Contig_965_344	1	1	0.002073	0.424529	0.002916	0.014656
49	LdDocent_Contig_5189_370	0	2	0.989820	0.582892	0.006386	0.014880
49	LdDocent_Contig_5189_370	1	1	0.010180	0.417108	0.006386	0.014880
50	LdDocent_Contig_34290_495	0	1	0.972596	0.298049	0.010580	0.013686
50	LdDocent_Contig_34290_495	1	2	0.027404	0.701951	0.010580	0.013686
51	LdDocent_Contig_22707_96	0	2	0.006123	0.322796	0.004971	0.013837
51	LdDocent_Contig_22707_96	1	1	0.993877	0.677204	0.004971	0.013837
52	LdDocent_Contig_8037_376	0	1	0.025115	0.993611	0.010539	0.002492
52	LdDocent_Contig_8037_376	1	2	0.974885	0.006389	0.010539	0.002492
53	LdDocent_Contig_608_527	0	1	0.010833	0.996647	0.006787	0.001788
53	LdDocent_Contig_608_527	1	2	0.989167	0.003353	0.006787	0.001788
54	LdDocent_Contig_37469_445	0	1	0.021587	0.998645	0.010030	0.001106
54	LdDocent_Contig_37469_445	1	2	0.978413	0.001355	0.010030	0.001106
55	LdDocent_Contig_830_125	0	1	0.997878	0.504462	0.002990	0.014946
55	LdDocent_Contig_830_125	1	2	0.002122	0.495538	0.002990	0.014946
56	LdDocent_Contig_1481_423	0	1	0.966645	0.613575	0.011197	0.014045
56	LdDocent_Contig_1481_423	1	2	0.033355	0.386425	0.011197	0.014045
57	LdDocent_Contig_1331_460	0	1	0.014275	0.996798	0.007557	0.001709
57	LdDocent_Contig_1331_460	1	2	0.985725	0.003202	0.007557	0.001709
58	LdDocent_Contig_18493_369	0	1	0.804474	0.992504	0.047574	0.002559
58	LdDocent_Contig_18493_369	1	2	0.195526	0.007496	0.047574	0.002559
59	LdDocent_Contig_1252_438	0	1	0.006312	0.633119	0.005110	0.014200
59	LdDocent_Contig_1252_438	1	2	0.993688	0.366881	0.005110	0.014200
60	LdDocent_Contig_73591_371	0	1	0.283517	0.984511	0.031230	0.003703
60	LdDocent_Contig_73591_371	1	2	0.716483	0.015489	0.031230	0.003703
61	LdDocent_Contig_2521_375	0	1	0.693153	0.991316	0.029802	0.002808
61	LdDocent_Contig_2521_375	1	2	0.306847	0.008684	0.029802	0.002808
62	LdDocent_Contig_96909_417	0	2	0.116071	0.855949	0.025160	0.010882
62	LdDocent_Contig_96909_417	1	1	0.883929	0.144051	0.025160	0.010882
63	LdDocent_Contig_60398_404	0	1	0.392703	0.790418	0.030248	0.012524
63	LdDocent_Contig_60398_404	1	2	0.607297	0.209582	0.030248	0.012524
64	LdDocent_Contig_6932_24	0	1	0.001863	0.531890	0.002626	0.014143
64	LdDocent_Contig_6932_24	1	2	0.998137	0.468110	0.002626	0.014143
65	LdDocent_Contig_2935_20	0	1	0.997885	0.609196	0.002976	0.014811
65	LdDocent_Contig_2935_20	1	2	0.002115	0.390804	0.002976	0.014811
66	LdDocent_Contig_1011_519	0	1	0.596481	0.999518	0.034126	0.000682
66	LdDocent_Contig_1011_519	1	2	0.403519	0.000482	0.034126	0.000682
67	LdDocent_Contig_2064_430	0	1	0.319918	0.997513	0.029019	0.001605
67	LdDocent_Contig_2064_430	1	2	0.680082	0.002487	0.029019	0.001605
68	LdDocent_Contig_1278_371	0	1	0.570343	0.998706	0.033806	0.001054
68	LdDocent_Contig_1278_371	1	2	0.429657	0.001294	0.033806	0.001054
69	LdDocent_Contig_65145_333	0	1	0.031060	0.990888	0.011941	0.002983
69	LdDocent_Contig_65145_333	1	2	0.968940	0.009112	0.011941	0.002983
70	LdDocent_Contig_18259_310	0	1	0.676850	0.999478	0.031885	0.000738
70	LdDocent_Contig_18259_310	1	2	0.323150	0.000522	0.031885	0.000738
71	LdDocent_Contig_24656_389	0	1	0.566958	0.985569	0.033974	0.003763
71	LdDocent_Contig_24656_389	1	2	0.433042	0.014431	0.033974	0.003763
72	LdDocent_Contig_1305_432	0	1	0.037490	0.996640	0.012575	0.001856
72	LdDocent_Contig_1305_432	1	2	0.962510	0.003360	0.012575	0.001856
73	LdDocent_Contig_2705_470	0	2	0.993671	0.201763	0.005143	0.012268
73	LdDocent_Contig_2705_470	1	1	0.006329	0.798237	0.005143	0.012268
74	LdDocent_Contig_254_411	0	1	0.001993	0.994694	0.002807	0.002254
74	LdDocent_Contig_254_411	1	2	0.998007	0.005306	0.002807	0.002254
75	LdDocent_Contig_6165_441	0	1	0.100672	0.983490	0.020006	0.004031
75	LdDocent_Contig_6165_441	1	2	0.899328	0.016510	0.020006	0.004031
76	LdDocent_Contig_91257_23	0	1	0.993518	0.670734	0.005260	0.014330
76	LdDocent_Contig_91257_23	1	2	0.006482	0.329266	0.005260	0.014330
77	LdDocent_Contig_1776_72	0	1	0.077658	0.997064	0.016821	0.001573
77	LdDocent_Contig_1776_72	1	2	0.922342	0.002936	0.016821	0.001573
78	LdDocent_Contig_83028_26	0	1	0.006136	0.993331	0.004982	0.002467
78	LdDocent_Contig_83028_26	1	2	0.993864	0.006669	0.004982	0.002467
79	LdDocent_Contig_900_445	0	1	0.011252	0.995799	0.007047	0.001974
79	LdDocent_Contig_900_445	1	2	0.988748	0.004201	0.007047	0.001974
80	LdDocent_Contig_3756_476	0	1	0.022067	0.977466	0.010243	0.004502
80	LdDocent_Contig_3756_476	1	2	0.977933	0.022534	0.010243	0.004502
81	LdDocent_Contig_132_427	0	1	0.023404	0.996693	0.009838	0.001766
81	LdDocent_Contig_132_427	1	2	0.976596	0.003307	0.009838	0.001766
82	LdDocent_Contig_91203_358	0	1	0.006096	0.997019	0.004949	0.001589
82	LdDocent_Contig_91203_358	1	2	0.993904	0.002981	0.004949	0.001589
83	LdDocent_Contig_165_72	0	1	0.006298	0.998612	0.005113	0.001131
83	LdDocent_Contig_165_72	1	2	0.993702	0.001388	0.005113	0.001131
84	LdDocent_Contig_1960_27	0	1	0.404422	0.996102	0.043039	0.001833
84	LdDocent_Contig_1960_27	1	2	0.595578	0.003898	0.043039	0.001833
85	LdDocent_Contig_22846_422	0	1	0.337685	0.963608	0.031306	0.005603
85	LdDocent_Contig_22846_422	1	2	0.662315	0.036392	0.031306	0.005603
86	LdDocent_Contig_928_73	0	1	0.007017	0.992419	0.005685	0.002754
86	LdDocent_Contig_928_73	1	2	0.992983	0.007581	0.005685	0.002754
87	LdDocent_Contig_85597_421	0	1	0.007215	0.474085	0.005857	0.015958
87	LdDocent_Contig_85597_421	1	2	0.992785	0.525915	0.005857	0.015958
88	LdDocent_Contig_381_140	0	1	0.622688	0.976575	0.030910	0.004495
88	LdDocent_Contig_381_140	1	2	0.377312	0.023425	0.030910	0.004495
89	LdDocent_Contig_2287_379	0	1	0.020068	0.993471	0.009329	0.002550
89	LdDocent_Contig_2287_379	1	2	0.979932	0.006529	0.009329	0.002550
90	LdDocent_Contig_935_140	0	1	0.989310	0.588368	0.006708	0.014972
90	LdDocent_Contig_935_140	1	2	0.010690	0.411632	0.006708	0.014972
91	LdDocent_Contig_60825_73	0	1	0.039660	0.981252	0.013286	0.004315
91	LdDocent_Contig_60825_73	1	2	0.960340	0.018748	0.013286	0.004315
92	LdDocent_Contig_2364_439	0	1	0.998103	0.621746	0.002678	0.014119
92	LdDocent_Contig_2364_439	1	2	0.001897	0.378254	0.002678	0.014119
93	LdDocent_Contig_56486_405	0	1	0.399605	0.994591	0.031720	0.002304
93	LdDocent_Contig_56486_405	1	2	0.600395	0.005409	0.031720	0.002304
94	LdDocent_Contig_3692_359	0	1	0.035415	0.998547	0.012650	0.001186
94	LdDocent_Contig_3692_359	1	2	0.964585	0.001453	0.012650	0.001186
95	LdDocent_Contig_12_130	0	1	0.459649	0.994634	0.029962	0.002139
95	LdDocent_Contig_12_130	1	2	0.540351	0.005366	0.029962	0.002139
96	LdDocent_Contig_12899_65	0	1	0.997989	0.514379	0.002834	0.014756
96	LdDocent_Contig_12899_65	1	2	0.002011	0.485621	0.002834	0.014756
97	LdDocent_Contig_123_16	0	1	0.010149	0.995979	0.006367	0.001942
97	LdDocent_Contig_123_16	1	2	0.989851	0.004021	0.006367	0.001942
98	LdDocent_Contig_58901_116	0	1	0.013831	0.689894	0.007322	0.014682
98	LdDocent_Contig_58901_116	1	2	0.986169	0.310106	0.007322	0.014682
99	LdDocent_Contig_1307_442	0	1	0.079047	0.831759	0.017528	0.011188
99	LdDocent_Contig_1307_442	1	2	0.920953	0.168241	0.017528	0.011188
100	LdDocent_Contig_8632_365	0	1	0.029652	0.997506	0.011419	0.001577
100	LdDocent_Contig_8632_365	1	2	0.970348	0.002494	0.011419	0.001577
101	LdDocent_Contig_1643_122	0	1	0.002149	0.449889	0.003026	0.015313
101	LdDocent_Contig_1643_122	1	2	0.997851	0.550111	0.003026	0.015313
102	LdDocent_Contig_18_354	0	1	0.017409	0.997062	0.008110	0.001568
102	LdDocent_Contig_18_354	1	2	0.982591	0.002938	0.008110	0.001568
103	LdDocent_Contig_77839_91	0	2	0.796068	0.359120	0.026417	0.014798
103	LdDocent_Contig_77839_91	1	1	0.203932	0.640880	0.026417	0.014798
104	LdDocent_Contig_51_124	0	1	0.014507	0.994007	0.007680	0.002344
104	LdDocent_Contig_51_124	1	2	0.985493	0.005993	0.007680	0.002344
105	LdDocent_Contig_25390_51	0	1	0.018574	0.857224	0.008654	0.010479
105	LdDocent_Contig_25390_51	1	2	0.981426	0.142776	0.008654	0.010479
106	LdDocent_Contig_6336_459	0	1	0.997956	0.721930	0.002879	0.013287
106	LdDocent_Contig_6336_459	1	2	0.002044	0.278070	0.002879	0.013287
107	LdDocent_Contig_50075_322	0	1	0.235074	0.696989	0.027270	0.014238
107	LdDocent_Contig_50075_322	1	2	0.764926	0.303011	0.027270	0.014238
108	LdDocent_Contig_75288_327	0	1	0.018711	0.995914	0.008711	0.001918
108	LdDocent_Contig_75288_327	1	2	0.981289	0.004086	0.008711	0.001918
109	LdDocent_Contig_92_51	0	1	0.010152	0.995155	0.006363	0.002104
109	LdDocent_Contig_92_51	1	2	0.989848	0.004845	0.006363	0.002104
110	LdDocent_Contig_1722_466	0	2	0.997868	0.488846	0.003004	0.014677
110	LdDocent_Contig_1722_466	1	1	0.002132	0.511154	0.003004	0.014677
111	LdDocent_Contig_258_495	0	1	0.079467	0.996972	0.017186	0.001617
111	LdDocent_Contig_258_495	1	2	0.920533	0.003028	0.017186	0.001617
112	LdDocent_Contig_7330_136	0	1	0.174779	0.997644	0.032277	0.001488
112	LdDocent_Contig_7330_136	1	2	0.825221	0.002356	0.032277	0.001488
113	LdDocent_Contig_8505_368	0	1	0.015692	0.989645	0.008288	0.003177
113	LdDocent_Contig_8505_368	1	2	0.984308	0.010355	0.008288	0.003177
114	LdDocent_Contig_552_409	0	2	0.992937	0.478608	0.005728	0.014975
114	LdDocent_Contig_552_409	1	1	0.007063	0.521392	0.005728	0.014975
115	LdDocent_Contig_56003_57	0	1	0.013883	0.997755	0.007351	0.001416
115	LdDocent_Contig_56003_57	1	2	0.986117	0.002245	0.007351	0.001416
116	LdDocent_Contig_32321_134	0	1	0.133824	0.994561	0.023560	0.002132
116	LdDocent_Contig_32321_134	1	2	0.866176	0.005439	0.023560	0.002132
117	LdDocent_Contig_5879_36	0	1	0.014011	0.985051	0.007414	0.003768
117	LdDocent_Contig_5879_36	1	2	0.985989	0.014949	0.007414	0.003768
118	LdDocent_Contig_2017_52	0	1	0.050772	0.994512	0.013931	0.002151
118	LdDocent_Contig_2017_52	1	2	0.949228	0.005488	0.013931	0.002151
119	LdDocent_Contig_2225_409	0	1	0.001943	0.998846	0.002743	0.001022
119	LdDocent_Contig_2225_409	1	2	0.998057	0.001154	0.002743	0.001022
120	LdDocent_Contig_752_383	0	1	0.005744	0.996950	0.004658	0.001627
120	LdDocent_Contig_752_383	1	2	0.994256	0.003050	0.004658	0.001627
121	LdDocent_Contig_22136_393	0	1	0.393862	0.995526	0.032050	0.002105
121	LdDocent_Contig_22136_393	1	2	0.606138	0.004474	0.032050	0.002105
122	LdDocent_Contig_3213_422	0	1	0.043540	0.872841	0.013100	0.010191
122	LdDocent_Contig_3213_422	1	2	0.956460	0.127159	0.013100	0.010191
123	LdDocent_Contig_6758_133	0	1	0.202782	0.998538	0.028861	0.001222
123	LdDocent_Contig_6758_133	1	2	0.797218	0.001462	0.028861	0.001222
124	LdDocent_Contig_537_342	0	1	0.089103	0.996866	0.018660	0.001674
124	LdDocent_Contig_537_342	1	2	0.910897	0.003134	0.018660	0.001674
125	LdDocent_Contig_1056_71	0	1	0.595321	0.995917	0.031689	0.001919
125	LdDocent_Contig_1056_71	1	2	0.404679	0.004083	0.031689	0.001919
126	LdDocent_Contig_6407_358	0	1	0.611963	0.995643	0.030607	0.002050
126	LdDocent_Contig_6407_358	1	2	0.388037	0.004357	0.030607	0.002050
127	LdDocent_Contig_808_44	0	1	0.988042	0.649503	0.007507	0.014891
127	LdDocent_Contig_808_44	1	2	0.011958	0.350497	0.007507	0.014891
128	LdDocent_Contig_25083_415	0	1	0.043966	0.995106	0.013226	0.002085
128	LdDocent_Contig_25083_415	1	2	0.956034	0.004894	0.013226	0.002085
129	LdDocent_Contig_23413_464	0	1	0.060635	0.995214	0.015927	0.002079
129	LdDocent_Contig_23413_464	1	2	0.939365	0.004786	0.015927	0.002079
130	LdDocent_Contig_664_128	0	1	0.312431	0.989782	0.030607	0.003136
130	LdDocent_Contig_664_128	1	2	0.687569	0.010218	0.030607	0.003136
131	LdDocent_Contig_1334_465	0	1	0.006033	0.994766	0.004899	0.002224
131	LdDocent_Contig_1334_465	1	2	0.993967	0.005234	0.004899	0.002224
132	LdDocent_Contig_27_441	0	1	0.056456	0.997118	0.014805	0.001545
132	LdDocent_Contig_27_441	1	2	0.943544	0.002882	0.014805	0.001545
133	LdDocent_Contig_631_17	0	1	0.196452	0.995078	0.026475	0.002140
133	LdDocent_Contig_631_17	1	2	0.803548	0.004922	0.026475	0.002140
134	LdDocent_Contig_189_138	0	1	0.014323	0.996149	0.007586	0.002038
134	LdDocent_Contig_189_138	1	2	0.985677	0.003851	0.007586	0.002038
135	LdDocent_Contig_1790_39	0	1	0.014324	0.989968	0.007575	0.003115
135	LdDocent_Contig_1790_39	1	2	0.985676	0.010032	0.007575	0.003115
136	LdDocent_Contig_5285_474	0	1	0.041277	0.973325	0.014672	0.004929
136	LdDocent_Contig_5285_474	1	2	0.958723	0.026675	0.014672	0.004929
137	LdDocent_Contig_67827_401	0	1	0.997680	0.336936	0.003264	0.014484
137	LdDocent_Contig_67827_401	1	2	0.002320	0.663064	0.003264	0.014484
138	LdDocent_Contig_5004_363	0	1	0.053397	0.997514	0.015973	0.001571
138	LdDocent_Contig_5004_363	1	2	0.946603	0.002486	0.015973	0.001571
139	LdDocent_Contig_825_85	0	1	0.002282	0.353012	0.003215	0.014827
139	LdDocent_Contig_825_85	1	2	0.997718	0.646988	0.003215	0.014827
140	LdDocent_Contig_96750_119	0	1	0.022875	0.996941	0.009614	0.001633
140	LdDocent_Contig_96750_119	1	2	0.977125	0.003059	0.009614	0.001633
141	LdDocent_Contig_940_379	0	1	0.017978	0.997794	0.008389	0.001391
141	LdDocent_Contig_940_379	1	2	0.982022	0.002206	0.008389	0.001391
142	LdDocent_Contig_52841_389	0	1	0.112779	0.998644	0.020529	0.001107
142	LdDocent_Contig_52841_389	1	2	0.887221	0.001356	0.020529	0.001107
143	LdDocent_Contig_1754_390	0	1	0.993582	0.701713	0.005208	0.014016
143	LdDocent_Contig_1754_390	1	2	0.006418	0.298287	0.005208	0.014016
144	LdDocent_Contig_61074_386	0	1	0.014219	0.990534	0.007532	0.003058
144	LdDocent_Contig_61074_386	1	2	0.985781	0.009466	0.007532	0.003058
145	LdDocent_Contig_2305_392	0	1	0.002390	0.594582	0.003365	0.015654
145	LdDocent_Contig_2305_392	1	2	0.997610	0.405418	0.003365	0.015654
146	LdDocent_Contig_5790_351	0	1	0.015240	0.696545	0.008057	0.013732
146	LdDocent_Contig_5790_351	1	2	0.984760	0.303455	0.008057	0.013732
147	LdDocent_Contig_23284_87	0	1	0.984087	0.068405	0.008408	0.007856
147	LdDocent_Contig_23284_87	1	2	0.015913	0.931595	0.008408	0.007856
148	LdDocent_Contig_5961_352	0	1	0.010714	0.996712	0.006725	0.001816
148	LdDocent_Contig_5961_352	1	2	0.989286	0.003288	0.006725	0.001816
149	LdDocent_Contig_61650_466	0	1	0.070127	0.957055	0.017119	0.006530
149	LdDocent_Contig_61650_466	1	2	0.929873	0.042945	0.017119	0.006530
150	LdDocent_Contig_11514_142	0	1	0.500432	0.998513	0.033127	0.001213
150	LdDocent_Contig_11514_142	1	2	0.499568	0.001487	0.033127	0.001213
151	LdDocent_Contig_15_89	0	1	0.010166	0.996877	0.006385	0.001667
151	LdDocent_Contig_15_89	1	2	0.989834	0.003123	0.006385	0.001667
152	LdDocent_Contig_16537_509	0	1	0.031485	0.992181	0.012092	0.002840
152	LdDocent_Contig_16537_509	1	2	0.968515	0.007819	0.012092	0.002840
153	LdDocent_Contig_10659_140	0	1	0.061597	0.954186	0.016803	0.006558
153	LdDocent_Contig_10659_140	1	2	0.938403	0.045814	0.016803	0.006558
154	LdDocent_Contig_81500_448	0	1	0.371403	0.976223	0.029797	0.004867
154	LdDocent_Contig_81500_448	1	2	0.628597	0.023777	0.029797	0.004867
155	LdDocent_Contig_301_42	0	1	0.002086	0.994975	0.002938	0.002134
155	LdDocent_Contig_301_42	1	2	0.997914	0.005025	0.002938	0.002134
156	LdDocent_Contig_1795_134	0	1	0.082478	0.998541	0.020630	0.001195
156	LdDocent_Contig_1795_134	1	2	0.917522	0.001459	0.020630	0.001195
157	LdDocent_Contig_7764_464	0	1	0.960879	0.550084	0.013967	0.015198
157	LdDocent_Contig_7764_464	1	2	0.039121	0.449916	0.013967	0.015198
158	LdDocent_Contig_680_458	0	2	0.011230	0.626544	0.007048	0.015374
158	LdDocent_Contig_680_458	1	1	0.988770	0.373456	0.007048	0.015374
159	LdDocent_Contig_80681_384	0	1	0.628309	0.997750	0.033933	0.001420
159	LdDocent_Contig_80681_384	1	2	0.371691	0.002250	0.033933	0.001420
160	LdDocent_Contig_5132_456	0	2	0.997975	0.697587	0.002855	0.014289
160	LdDocent_Contig_5132_456	1	1	0.002025	0.302413	0.002855	0.014289
161	LdDocent_Contig_322_364	0	1	0.010234	0.964116	0.006415	0.005537
161	LdDocent_Contig_322_364	1	2	0.989766	0.035884	0.006415	0.005537
162	LdDocent_Contig_85118_145	0	1	0.571049	0.972235	0.067135	0.004873
162	LdDocent_Contig_85118_145	1	2	0.428951	0.027765	0.067135	0.004873
163	LdDocent_Contig_37945_58	0	1	0.572541	0.997743	0.032936	0.001427
163	LdDocent_Contig_37945_58	1	2	0.427459	0.002257	0.032936	0.001427
164	LdDocent_Contig_2281_74	0	1	0.567000	0.999568	0.031062	0.000612
164	LdDocent_Contig_2281_74	1	2	0.433000	0.000432	0.031062	0.000612
165	LdDocent_Contig_83889_467	0	1	0.634087	0.998684	0.029749	0.001073
165	LdDocent_Contig_83889_467	1	2	0.365913	0.001316	0.029749	0.001073
166	LdDocent_Contig_7411_142	0	1	0.010724	0.997765	0.006726	0.001410
166	LdDocent_Contig_7411_142	1	2	0.989276	0.002235	0.006726	0.001410
167	LdDocent_Contig_2426_50	0	2	0.997665	0.731789	0.003284	0.013568
167	LdDocent_Contig_2426_50	1	1	0.002335	0.268211	0.003284	0.013568
168	LdDocent_Contig_34076_10	0	1	0.499110	0.998713	0.030464	0.001051
168	LdDocent_Contig_34076_10	1	2	0.500890	0.001287	0.030464	0.001051
169	LdDocent_Contig_65369_74	0	2	0.997976	0.500930	0.002850	0.014959
169	LdDocent_Contig_65369_74	1	1	0.002024	0.499070	0.002850	0.014959
170	LdDocent_Contig_19364_448	0	1	0.020111	0.991285	0.009358	0.002974
170	LdDocent_Contig_19364_448	1	2	0.979889	0.008715	0.009358	0.002974
171	LdDocent_Contig_19136_144	0	1	0.390185	0.997547	0.032554	0.001547
171	LdDocent_Contig_19136_144	1	2	0.609815	0.002453	0.032554	0.001547
172	LdDocent_Contig_1171_8	0	1	0.318673	0.982656	0.029771	0.004133
172	LdDocent_Contig_1171_8	1	2	0.681327	0.017344	0.029771	0.004133
173	LdDocent_Contig_671_38	0	1	0.006177	0.987269	0.005022	0.003441
173	LdDocent_Contig_671_38	1	2	0.993823	0.012731	0.005022	0.003441
174	LdDocent_Contig_555_371	0	1	0.027404	0.995538	0.010570	0.002097
174	LdDocent_Contig_555_371	1	2	0.972596	0.004462	0.010570	0.002097
175	LdDocent_Contig_5947_310	0	1	0.093815	0.727599	0.022493	0.013222
175	LdDocent_Contig_5947_310	1	2	0.906185	0.272401	0.022493	0.013222
176	LdDocent_Contig_55777_313	0	2	0.993641	0.354953	0.005166	0.014674
176	LdDocent_Contig_55777_313	1	1	0.006359	0.645047	0.005166	0.014674
177	LdDocent_Contig_55045_105	0	1	0.105387	0.759228	0.020014	0.013011
177	LdDocent_Contig_55045_105	1	2	0.894613	0.240772	0.020014	0.013011
178	LdDocent_Contig_80781_76	0	1	0.031722	0.650185	0.011326	0.013890
178	LdDocent_Contig_80781_76	1	2	0.968278	0.349815	0.011326	0.013890
179	LdDocent_Contig_880_369	0	1	0.094447	0.997680	0.024283	0.001464
179	LdDocent_Contig_880_369	1	2	0.905553	0.002320	0.024283	0.001464
180	LdDocent_Contig_1251_33	0	1	0.464555	0.999577	0.035922	0.000599
180	LdDocent_Contig_1251_33	1	2	0.535445	0.000423	0.035922	0.000599
181	LdDocent_Contig_23105_115	0	1	0.524289	0.996674	0.033278	0.001774
181	LdDocent_Contig_23105_115	1	2	0.475711	0.003326	0.033278	0.001774
182	LdDocent_Contig_314_39	0	1	0.990029	0.298505	0.006258	0.013375
182	LdDocent_Contig_314_39	1	2	0.009971	0.701495	0.006258	0.013375
183	LdDocent_Contig_148_331	0	1	0.010830	0.977669	0.006793	0.004456
183	LdDocent_Contig_148_331	1	2	0.989170	0.022331	0.006793	0.004456
184	LdDocent_Contig_1447_75	0	2	0.990671	0.582437	0.005877	0.014498
184	LdDocent_Contig_1447_75	1	1	0.009329	0.417563	0.005877	0.014498
185	LdDocent_Contig_2519_114	0	1	0.030182	0.997874	0.010816	0.001340
185	LdDocent_Contig_2519_114	1	2	0.969818	0.002126	0.010816	0.001340
186	LdDocent_Contig_712_475	0	1	0.133330	0.541549	0.021783	0.014371
186	LdDocent_Contig_712_475	1	2	0.866670	0.458451	0.021783	0.014371
187	LdDocent_Contig_37423_386	0	1	0.340766	0.984207	0.029745	0.003639
187	LdDocent_Contig_37423_386	1	2	0.659234	0.015793	0.029745	0.003639
188	LdDocent_Contig_242_431	0	1	0.087338	0.976334	0.018331	0.004628
188	LdDocent_Contig_242_431	1	2	0.912662	0.023666	0.018331	0.004628
189	LdDocent_Contig_365_65	0	1	0.002095	0.419067	0.002951	0.014795
189	LdDocent_Contig_365_65	1	2	0.997905	0.580933	0.002951	0.014795
190	LdDocent_Contig_72187_88	0	1	0.186352	0.996916	0.025275	0.001644
190	LdDocent_Contig_72187_88	1	2	0.813648	0.003084	0.025275	0.001644
191	LdDocent_Contig_386_67	0	1	0.010653	0.996652	0.006689	0.001786
191	LdDocent_Contig_386_67	1	2	0.989347	0.003348	0.006689	0.001786
192	LdDocent_Contig_133_465	0	1	0.118939	0.999516	0.023900	0.000685
192	LdDocent_Contig_133_465	1	2	0.881061	0.000484	0.023900	0.000685
193	LdDocent_Contig_1972_409	0	1	0.005999	0.994884	0.004872	0.002177
193	LdDocent_Contig_1972_409	1	2	0.994001	0.005116	0.004872	0.002177
194	LdDocent_Contig_11713_433	0	1	0.585090	0.998541	0.032857	0.001191
194	LdDocent_Contig_11713_433	1	2	0.414910	0.001459	0.032857	0.001191
195	LdDocent_Contig_1260_354	0	1	0.471342	0.904890	0.032186	0.008803
195	LdDocent_Contig_1260_354	1	2	0.528658	0.095110	0.032186	0.008803
196	LdDocent_Contig_3168_53	0	1	0.216628	0.779290	0.025322	0.012187
196	LdDocent_Contig_3168_53	1	2	0.783372	0.220710	0.025322	0.012187
197	LdDocent_Contig_1684_333	0	1	0.006603	0.997842	0.005360	0.001432
197	LdDocent_Contig_1684_333	1	2	0.993397	0.002158	0.005360	0.001432
198	LdDocent_Contig_8487_141	0	1	0.030023	0.995543	0.011559	0.002093
198	LdDocent_Contig_8487_141	1	2	0.969977	0.004457	0.011559	0.002093
199	LdDocent_Contig_905_57	0	1	0.013857	0.921809	0.007334	0.007882
199	LdDocent_Contig_905_57	1	2	0.986143	0.078191	0.007334	0.007882
