774301_sweeps	1.000/0.000/0.000/0.000	0.000/0.000/0.000/1.000	0.000/0.500/0.500/0.000	0.250/0.250/0.250/0.250	0.500/0.250/0.250/0.000	0.000/0.250/0.250/0.500
1	0.00000	0.99987	0.00000	0.00000	0.00000	0.00013
2	0.00000	0.99997	0.00000	0.00000	0.00000	0.00003
3	0.00000	0.99987	0.00000	0.00000	0.00000	0.00013
4	0.00000	0.97254	0.00000	0.00056	0.00000	0.02690
5	0.00000	0.99995	0.00000	0.00000	0.00000	0.00005
6	0.00000	0.98972	0.00000	0.00002	0.00000	0.01026
7	0.00000	0.99914	0.00000	0.00000	0.00000	0.00086
8	0.00000	0.99966	0.00000	0.00000	0.00000	0.00034
9	0.00000	0.99993	0.00000	0.00000	0.00000	0.00007
10	0.00185	0.00000	0.00000	0.00019	0.99796	0.00000
11	0.99999	0.00000	0.00000	0.00000	0.00001	0.00000
12	0.00000	0.95801	0.00000	0.00149	0.00000	0.04050
13	0.00000	0.99988	0.00000	0.00000	0.00000	0.00012
14	0.00000	0.99982	0.00000	0.00000	0.00000	0.00018
15	0.00000	0.99997	0.00000	0.00000	0.00000	0.00003
16	0.00000	0.92280	0.00000	0.00299	0.00000	0.07422
17	0.99995	0.00000	0.00000	0.00000	0.00005	0.00000
18	0.94260	0.00000	0.00000	0.00247	0.05493	0.00000
19	0.00000	0.94063	0.00000	0.00186	0.00000	0.05751
20	0.99984	0.00000	0.00000	0.00000	0.00016	0.00000
21	0.00001	0.05009	0.00056	0.76353	0.00247	0.18333
22	0.00000	0.99934	0.00000	0.00000	0.00000	0.00066
23	0.99050	0.00000	0.00000	0.00008	0.00942	0.00000
24	0.99966	0.00000	0.00000	0.00000	0.00033	0.00000
25	0.99999	0.00000	0.00000	0.00000	0.00001	0.00000
26	0.00000	0.99996	0.00000	0.00000	0.00000	0.00004
27	0.00000	0.99997	0.00000	0.00000	0.00000	0.00003
28	0.00000	0.99998	0.00000	0.00000	0.00000	0.00002
29	0.00000	0.99973	0.00000	0.00000	0.00000	0.00027
30	0.99995	0.00000	0.00000	0.00000	0.00005	0.00000
31	0.99943	0.00000	0.00000	0.00000	0.00057	0.00000
32	0.00000	0.95694	0.00000	0.00119	0.00000	0.04187
33	0.99876	0.00000	0.00000	0.00000	0.00124	0.00000
34	0.00000	0.56538	0.00000	0.04054	0.00000	0.39408
35	0.00000	0.96630	0.00000	0.00020	0.00000	0.03350
36	0.00000	0.99919	0.00000	0.00000	0.00000	0.00081
37	0.99997	0.00000	0.00000	0.00000	0.00003	0.00000
38	0.99981	0.00000	0.00000	0.00000	0.00019	0.00000
39	0.00000	0.99999	0.00000	0.00000	0.00000	0.00001
40	0.00000	0.99999	0.00000	0.00000	0.00000	0.00001
41	0.00000	0.99999	0.00000	0.00000	0.00000	0.00001
42	0.00000	0.99994	0.00000	0.00000	0.00000	0.00006
43	0.86612	0.00000	0.00000	0.00000	0.13387	0.00000
44	0.00000	0.99994	0.00000	0.00000	0.00000	0.00006
45	0.99900	0.00000	0.00000	0.00000	0.00100	0.00000
46	0.00000	0.94088	0.00000	0.00000	0.00000	0.05911
47	0.00000	0.99987	0.00000	0.00000	0.00000	0.00013
48	0.99996	0.00000	0.00000	0.00000	0.00004	0.00000
49	0.99751	0.00000	0.00000	0.00000	0.00249	0.00000
50	0.00000	0.91290	0.00000	0.00551	0.00000	0.08159
51	0.00000	0.99998	0.00000	0.00000	0.00000	0.00002
52	0.00000	0.99974	0.00000	0.00000	0.00000	0.00026
53	0.10227	0.00000	0.00000	0.02786	0.86987	0.00000
54	0.00000	0.99981	0.00000	0.00000	0.00000	0.00019
55	0.00000	0.99993	0.00000	0.00000	0.00000	0.00007
56	0.98930	0.00000	0.00000	0.00009	0.01061	0.00000
57	0.00000	0.99998	0.00000	0.00000	0.00000	0.00002
58	0.00000	0.99995	0.00000	0.00000	0.00000	0.00005
59	0.00000	0.99144	0.00000	0.00003	0.00000	0.00854
60	0.00000	0.99988	0.00000	0.00000	0.00000	0.00012
61	0.00000	0.99997	0.00000	0.00000	0.00000	0.00003
62	0.00000	0.99783	0.00000	0.00000	0.00000	0.00217
63	0.00000	0.99996	0.00000	0.00000	0.00000	0.00004
64	0.00000	0.99680	0.00000	0.00000	0.00000	0.00320
65	0.00000	0.99938	0.00000	0.00000	0.00000	0.00062
66	0.99992	0.00000	0.00000	0.00000	0.00008	0.00000
67	0.00000	0.99999	0.00000	0.00000	0.00000	0.00001
68	0.00000	0.99397	0.00000	0.00000	0.00000	0.00603
69	0.00000	0.55396	0.00001	0.04038	0.00000	0.40565
70	0.00000	0.99976	0.00000	0.00000	0.00000	0.00024
71	0.00000	0.99983	0.00000	0.00000	0.00000	0.00017
72	0.00000	0.99989	0.00000	0.00000	0.00000	0.00011
73	0.00000	0.99839	0.00000	0.00000	0.00000	0.00161
74	0.00000	0.99998	0.00000	0.00000	0.00000	0.00002
75	0.00000	0.97661	0.00000	0.00005	0.00000	0.02333
76	0.00000	0.99994	0.00000	0.00000	0.00000	0.00006
77	1.00000	0.00000	0.00000	0.00000	0.00000	0.00000
78	0.99991	0.00000	0.00000	0.00000	0.00009	0.00000
79	0.99924	0.00000	0.00000	0.00000	0.00076	0.00000
80	0.00000	0.24650	0.00000	0.02093	0.00000	0.73258
81	0.00000	0.94918	0.00000	0.00018	0.00000	0.05065
82	0.72898	0.00000	0.00059	0.06049	0.20975	0.00018
83	0.99994	0.00000	0.00000	0.00000	0.00006	0.00000
84	0.00000	0.99995	0.00000	0.00000	0.00000	0.00005
85	0.99997	0.00000	0.00000	0.00000	0.00003	0.00000
86	0.99862	0.00000	0.00000	0.00000	0.00138	0.00000
87	0.00000	0.99941	0.00000	0.00000	0.00000	0.00059
88	0.99993	0.00000	0.00000	0.00000	0.00007	0.00000
89	0.00000	0.99992	0.00000	0.00000	0.00000	0.00008
90	0.00000	0.99996	0.00000	0.00000	0.00000	0.00004
91	0.98737	0.00000	0.00000	0.00016	0.01247	0.00000
92	0.00000	0.00000	0.01226	0.19998	0.00000	0.78776
93	0.00000	0.99997	0.00000	0.00000	0.00000	0.00003
94	0.97704	0.00000	0.00000	0.00030	0.02266	0.00000
95	0.00000	0.99967	0.00000	0.00000	0.00000	0.00033
96	0.00000	0.98055	0.00000	0.00002	0.00000	0.01944
97	0.99973	0.00000	0.00000	0.00000	0.00027	0.00000
98	0.00000	0.99998	0.00000	0.00000	0.00000	0.00002
99	0.00041	0.38957	0.15241	0.13703	0.05175	0.26883
100	0.00000	0.99998	0.00000	0.00000	0.00000	0.00002
101	0.00000	0.99995	0.00000	0.00000	0.00000	0.00005
102	0.00000	0.99780	0.00000	0.00000	0.00000	0.00220
103	0.00000	0.99992	0.00000	0.00000	0.00000	0.00008
104	0.00000	0.99994	0.00000	0.00000	0.00000	0.00006
105	0.00000	0.56280	0.00001	0.04058	0.00000	0.39661
106	0.00000	0.99625	0.00000	0.00000	0.00000	0.00375
107	0.00000	0.99929	0.00000	0.00000	0.00000	0.00071
108	0.99994	0.00000	0.00000	0.00000	0.00006	0.00000
109	0.00000	0.99999	0.00000	0.00000	0.00000	0.00001
110	0.00000	0.99999	0.00000	0.00000	0.00000	0.00001
111	0.00000	0.99983	0.00000	0.00000	0.00000	0.00017
112	0.99990	0.00000	0.00000	0.00000	0.00010	0.00000
113	0.99599	0.00000	0.00000	0.00000	0.00401	0.00000
114	0.00000	0.99956	0.00000	0.00000	0.00000	0.00044
115	0.00000	0.99991	0.00000	0.00000	0.00000	0.00009
116	0.23379	0.00000	0.00000	0.00005	0.76617	0.00000
117	0.00000	0.99923	0.00000	0.00000	0.00000	0.00077
118	0.99411	0.00000	0.00000	0.00000	0.00589	0.00000
119	0.99787	0.00000	0.00000	0.00000	0.00213	0.00000
120	0.00000	0.99941	0.00000	0.00000	0.00000	0.00059
121	0.00000	0.99978	0.00000	0.00000	0.00000	0.00022
122	0.00000	0.99995	0.00000	0.00000	0.00000	0.00005
123	0.01136	0.10136	0.03286	0.54382	0.07716	0.23344
124	0.00000	0.99843	0.00000	0.00000	0.00000	0.00157
125	0.00000	0.99853	0.00000	0.00000	0.00000	0.00147
126	0.00000	0.99993	0.00000	0.00000	0.00000	0.00007
127	0.00000	0.99986	0.00000	0.00000	0.00000	0.00014
128	0.00000	0.99973	0.00000	0.00000	0.00000	0.00027
129	0.00000	0.98724	0.00000	0.00008	0.00000	0.01269
130	0.00000	0.97143	0.00000	0.00000	0.00000	0.02857
131	0.85317	0.00000	0.00000	0.00006	0.14677	0.00000
132	0.00000	0.99995	0.00000	0.00000	0.00000	0.00005
133	0.00000	0.99982	0.00000	0.00000	0.00000	0.00018
134	0.00000	0.99997	0.00000	0.00000	0.00000	0.00003
135	0.00000	0.99996	0.00000	0.00000	0.00000	0.00004
136	0.00000	0.99992	0.00000	0.00000	0.00000	0.00008
137	0.00000	0.99838	0.00000	0.00000	0.00000	0.00162
138	0.99185	0.00000	0.00000	0.00004	0.00811	0.00000
139	0.99969	0.00000	0.00000	0.00000	0.00031	0.00000
140	0.99957	0.00000	0.00000	0.00000	0.00043	0.00000
141	0.97848	0.00000	0.00000	0.00031	0.02121	0.00000
142	0.99871	0.00000	0.00000	0.00000	0.00129	0.00000
143	0.00000	0.99989	0.00000	0.00000	0.00000	0.00011
144	0.99691	0.00000	0.00000	0.00000	0.00309	0.00000
145	0.99989	0.00000	0.00000	0.00000	0.00011	0.00000
146	0.99996	0.00000	0.00000	0.00000	0.00004	0.00000
147	0.99984	0.00000	0.00000	0.00000	0.00016	0.00000
148	0.99980	0.00000	0.00000	0.00000	0.00020	0.00000
149	0.99908	0.00000	0.00000	0.00000	0.00092	0.00000
150	0.99998	0.00000	0.00000	0.00000	0.00002	0.00000
151	0.00000	0.84406	0.00000	0.00026	0.00000	0.15568
152	0.00158	0.23463	0.23646	0.17498	0.11613	0.23622
153	0.00000	0.98033	0.00000	0.00039	0.00000	0.01928
154	0.00000	0.99658	0.00000	0.00000	0.00000	0.00342
155	0.00000	0.99417	0.00000	0.00003	0.00000	0.00580
156	0.00000	0.99998	0.00000	0.00000	0.00000	0.00002
157	0.00000	0.99992	0.00000	0.00000	0.00000	0.00008
158	0.00000	0.99998	0.00000	0.00000	0.00000	0.00002
159	0.00000	0.99990	0.00000	0.00000	0.00000	0.00010
160	0.00000	0.99970	0.00000	0.00000	0.00000	0.00030
161	0.00000	0.99975	0.00000	0.00000	0.00000	0.00025
162	0.99990	0.00000	0.00000	0.00000	0.00010	0.00000
163	0.00000	0.99969	0.00000	0.00000	0.00000	0.00031
164	0.00000	0.99892	0.00000	0.00000	0.00000	0.00108
165	0.00000	0.89743	0.00009	0.00745	0.00000	0.09502
166	0.99985	0.00000	0.00000	0.00000	0.00015	0.00000
167	0.99990	0.00000	0.00000	0.00000	0.00010	0.00000
168	0.99839	0.00000	0.00000	0.00000	0.00161	0.00000
169	0.00000	0.99885	0.00000	0.00000	0.00000	0.00115
170	0.00000	0.99975	0.00000	0.00000	0.00000	0.00025
171	0.00000	0.99998	0.00000	0.00000	0.00000	0.00002
172	0.00000	0.91161	0.00000	0.00001	0.00000	0.08838
173	0.99993	0.00000	0.00000	0.00000	0.00007	0.00000
174	0.00000	0.99993	0.00000	0.00000	0.00000	0.00007
175	0.00000	0.99965	0.00000	0.00000	0.00000	0.00035
176	0.00000	0.99983	0.00000	0.00000	0.00000	0.00017
177	0.00000	0.99992	0.00000	0.00000	0.00000	0.00008
178	1.00000	0.00000	0.00000	0.00000	0.00000	0.00000
179	0.99973	0.00000	0.00000	0.00000	0.00027	0.00000
180	0.00000	0.99999	0.00000	0.00000	0.00000	0.00001
181	0.00000	0.99987	0.00000	0.00000	0.00000	0.00013
182	0.95306	0.00000	0.00000	0.00198	0.04495	0.00000
183	0.00000	0.99980	0.00000	0.00000	0.00000	0.00020
184	0.00000	0.99999	0.00000	0.00000	0.00000	0.00001
185	0.00000	0.96554	0.00000	0.00000	0.00000	0.03446
186	0.99843	0.00000	0.00000	0.00000	0.00157	0.00000
187	0.00000	0.60989	0.00000	0.00895	0.00000	0.38116
188	0.00000	0.99362	0.00000	0.00001	0.00000	0.00638
189	0.00000	0.99992	0.00000	0.00000	0.00000	0.00008
190	0.00000	0.99892	0.00000	0.00000	0.00000	0.00108
191	0.99997	0.00000	0.00000	0.00000	0.00003	0.00000
192	0.99998	0.00000	0.00000	0.00000	0.00002	0.00000
193	0.70994	0.00000	0.00000	0.00033	0.28973	0.00000
194	0.00000	0.99919	0.00000	0.00000	0.00000	0.00081
195	0.00000	0.99979	0.00000	0.00000	0.00000	0.00021
196	0.00000	0.99979	0.00000	0.00000	0.00000	0.00021
197	0.00000	0.02154	0.00000	0.82015	0.00000	0.15830
198	0.00000	0.95607	0.00000	0.00000	0.00000	0.04393
199	0.00000	0.99372	0.00000	0.00002	0.00000	0.00626
200	0.00000	0.00000	0.99935	0.00043	0.00012	0.00010
201	0.00000	0.99437	0.00000	0.00000	0.00000	0.00563
202	0.00000	0.99999	0.00000	0.00000	0.00000	0.00001
203	0.00006	0.27446	0.04649	0.31077	0.02839	0.33983
204	0.00000	0.99961	0.00000	0.00000	0.00000	0.00039
205	0.00000	0.99994	0.00000	0.00000	0.00000	0.00006
206	0.00000	0.99997	0.00000	0.00000	0.00000	0.00003
207	0.00000	0.99979	0.00000	0.00000	0.00000	0.00021
208	0.00000	0.99986	0.00000	0.00000	0.00000	0.00014
209	0.00000	0.99997	0.00000	0.00000	0.00000	0.00003
210	0.00000	0.99998	0.00000	0.00000	0.00000	0.00002
211	0.00000	0.00004	0.00000	0.00010	0.00000	0.99986
212	0.00000	0.99997	0.00000	0.00000	0.00000	0.00003
213	0.96783	0.00000	0.00000	0.00001	0.03217	0.00000
214	0.99186	0.00000	0.00000	0.00000	0.00814	0.00000
215	0.00000	0.99964	0.00000	0.00000	0.00000	0.00036
216	0.00000	0.99993	0.00000	0.00000	0.00000	0.00007
217	0.00000	0.99977	0.00000	0.00000	0.00000	0.00023
218	0.00000	0.99997	0.00000	0.00000	0.00000	0.00003
219	0.00000	0.99919	0.00000	0.00000	0.00000	0.00081
220	0.00000	0.67504	0.00439	0.06886	0.00081	0.25090
221	0.00000	0.99995	0.00000	0.00000	0.00000	0.00005
222	0.00000	0.99996	0.00000	0.00000	0.00000	0.00004
223	0.00000	0.97844	0.00000	0.00034	0.00000	0.02122
224	0.00000	0.99789	0.00000	0.00000	0.00000	0.00211
225	0.00000	0.99958	0.00000	0.00000	0.00000	0.00042
226	0.99991	0.00000	0.00000	0.00000	0.00009	0.00000
227	0.00000	0.99986	0.00000	0.00000	0.00000	0.00014
228	0.00000	0.96523	0.00000	0.00068	0.00000	0.03410
229	0.78480	0.00000	0.00009	0.02883	0.18627	0.00001
230	0.00000	0.99997	0.00000	0.00000	0.00000	0.00003
231	0.00000	0.99996	0.00000	0.00000	0.00000	0.00004
232	0.00000	0.99340	0.00000	0.00001	0.00000	0.00659
233	0.99998	0.00000	0.00000	0.00000	0.00002	0.00000
234	0.00000	0.99395	0.00000	0.00002	0.00000	0.00603
235	0.00000	0.99746	0.00000	0.00000	0.00000	0.00254
236	0.00000	0.99992	0.00000	0.00000	0.00000	0.00008
237	0.00000	0.99977	0.00000	0.00000	0.00000	0.00023
238	0.00000	0.95169	0.00000	0.00000	0.00000	0.04831
239	0.99997	0.00000	0.00000	0.00000	0.00003	0.00000
240	0.99996	0.00000	0.00000	0.00000	0.00004	0.00000
241	0.99996	0.00000	0.00000	0.00000	0.00004	0.00000
242	1.00000	0.00000	0.00000	0.00000	0.00000	0.00000
243	0.00000	0.99999	0.00000	0.00000	0.00000	0.00001
244	0.99998	0.00000	0.00000	0.00000	0.00002	0.00000
245	0.99997	0.00000	0.00000	0.00000	0.00003	0.00000
246	0.00000	0.99980	0.00000	0.00000	0.00000	0.00020
247	0.00000	0.99998	0.00000	0.00000	0.00000	0.00002
248	0.00000	0.99943	0.00000	0.00000	0.00000	0.00057
249	0.00000	0.99999	0.00000	0.00000	0.00000	0.00001
250	0.00000	0.99998	0.00000	0.00000	0.00000	0.00002
251	0.00000	0.99997	0.00000	0.00000	0.00000	0.00003
252	0.00000	0.99997	0.00000	0.00000	0.00000	0.00003
253	0.00000	0.99955	0.00000	0.00000	0.00000	0.00045
254	0.00000	0.99984	0.00000	0.00000	0.00000	0.00016
255	0.00000	0.99972	0.00000	0.00000	0.00000	0.00028
256	0.00000	0.97032	0.00000	0.00021	0.00000	0.02947
257	0.00000	0.99987	0.00000	0.00000	0.00000	0.00013
258	0.00000	1.00000	0.00000	0.00000	0.00000	0.00000
259	0.00000	0.99986	0.00000	0.00000	0.00000	0.00014
260	0.00000	0.19808	0.00000	0.24099	0.00000	0.56093
261	0.00000	0.99997	0.00000	0.00000	0.00000	0.00003
262	0.00000	0.99967	0.00000	0.00000	0.00000	0.00033
263	0.00000	0.99999	0.00000	0.00000	0.00000	0.00001
264	0.00000	0.99999	0.00000	0.00000	0.00000	0.00001
265	0.00000	0.93063	0.00000	0.00345	0.00000	0.06593
266	0.00000	0.99995	0.00000	0.00000	0.00000	0.00005
267	0.00000	0.99776	0.00000	0.00000	0.00000	0.00223
268	0.00000	0.99827	0.00000	0.00000	0.00000	0.00172
269	0.00000	0.99985	0.00000	0.00000	0.00000	0.00015
270	0.00000	0.99990	0.00000	0.00000	0.00000	0.00010
271	0.00000	1.00000	0.00000	0.00000	0.00000	0.00000
272	0.00000	0.99998	0.00000	0.00000	0.00000	0.00002
273	0.00000	0.99996	0.00000	0.00000	0.00000	0.00004
274	0.00000	0.99809	0.00000	0.00000	0.00000	0.00191
275	0.00000	1.00000	0.00000	0.00000	0.00000	0.00000
276	0.00000	0.99999	0.00000	0.00000	0.00000	0.00001
277	0.00000	0.99895	0.00000	0.00000	0.00000	0.00104
278	0.00000	1.00000	0.00000	0.00000	0.00000	0.00000
279	0.00000	0.99994	0.00000	0.00000	0.00000	0.00006
280	0.00000	0.99992	0.00000	0.00000	0.00000	0.00008
281	0.00000	0.99025	0.00000	0.00006	0.00000	0.00969
282	0.00000	0.99995	0.00000	0.00000	0.00000	0.00005
283	0.99999	0.00000	0.00000	0.00000	0.00001	0.00000
284	0.00000	0.99070	0.00000	0.00006	0.00000	0.00924
285	0.00000	0.99960	0.00000	0.00000	0.00000	0.00040
286	0.00000	0.99997	0.00000	0.00000	0.00000	0.00003
287	0.00000	0.99993	0.00000	0.00000	0.00000	0.00007
288	0.00000	0.99997	0.00000	0.00000	0.00000	0.00003
289	0.00000	0.99986	0.00000	0.00000	0.00000	0.00014
290	0.00000	0.99987	0.00000	0.00000	0.00000	0.00013
291	0.00000	0.99994	0.00000	0.00000	0.00000	0.00006
292	0.00000	0.99986	0.00000	0.00000	0.00000	0.00014
293	0.00000	0.99969	0.00000	0.00000	0.00000	0.00031
294	0.00000	0.99997	0.00000	0.00000	0.00000	0.00003
295	0.00000	0.99991	0.00000	0.00000	0.00000	0.00009
296	0.99961	0.00000	0.00000	0.00000	0.00039	0.00000
297	0.31916	0.06004	0.13835	0.15925	0.22543	0.09776
298	0.00000	0.99979	0.00000	0.00000	0.00000	0.00021
299	0.00000	0.99414	0.00000	0.00003	0.00000	0.00583
300	0.99997	0.00000	0.00000	0.00000	0.00003	0.00000
301	0.00000	0.99964	0.00000	0.00000	0.00000	0.00036
302	0.00000	0.99856	0.00000	0.00000	0.00000	0.00144
303	0.00000	0.99983	0.00000	0.00000	0.00000	0.00017
304	0.00000	1.00000	0.00000	0.00000	0.00000	0.00000
305	0.00000	0.99980	0.00000	0.00000	0.00000	0.00020
306	0.00000	0.99017	0.00000	0.00000	0.00000	0.00983
307	0.00000	0.99974	0.00000	0.00000	0.00000	0.00026
308	0.00000	0.99994	0.00000	0.00000	0.00000	0.00006
309	0.00000	0.99957	0.00000	0.00000	0.00000	0.00043
310	0.00000	0.99965	0.00000	0.00000	0.00000	0.00035
311	0.00000	0.99951	0.00000	0.00000	0.00000	0.00049
312	0.00000	0.76121	0.00024	0.03869	0.00003	0.19982
313	0.00000	0.99991	0.00000	0.00000	0.00000	0.00009
314	0.00000	0.99999	0.00000	0.00000	0.00000	0.00001
315	0.00000	0.99999	0.00000	0.00000	0.00000	0.00001
316	0.00000	0.05299	0.00000	0.00044	0.00000	0.94657
317	0.00000	0.99983	0.00000	0.00000	0.00000	0.00017
318	0.00000	0.99990	0.00000	0.00000	0.00000	0.00010
319	0.00000	0.99998	0.00000	0.00000	0.00000	0.00002
320	0.00000	0.99166	0.00000	0.00001	0.00000	0.00833
321	0.00000	0.99782	0.00000	0.00000	0.00000	0.00218
322	0.00000	0.99966	0.00000	0.00000	0.00000	0.00034
323	0.00000	0.99999	0.00000	0.00000	0.00000	0.00001
324	0.00000	0.99836	0.00000	0.00000	0.00000	0.00164
325	0.00000	0.99998	0.00000	0.00000	0.00000	0.00002
326	0.00000	0.99970	0.00000	0.00000	0.00000	0.00030
327	0.00000	0.94002	0.00000	0.00153	0.00000	0.05845
328	0.00000	0.99999	0.00000	0.00000	0.00000	0.00001
329	0.00000	0.98945	0.00000	0.00000	0.00000	0.01055
330	0.00000	0.99595	0.00000	0.00000	0.00000	0.00404
331	0.00000	0.91575	0.00000	0.00523	0.00000	0.07902
332	0.00000	0.99968	0.00000	0.00000	0.00000	0.00032
333	0.00000	0.99976	0.00000	0.00000	0.00000	0.00024
334	0.00000	0.99901	0.00000	0.00000	0.00000	0.00099
335	0.00000	0.99996	0.00000	0.00000	0.00000	0.00004
336	0.00000	0.99988	0.00000	0.00000	0.00000	0.00012
337	0.00000	0.59229	0.00749	0.10617	0.00181	0.29224
338	0.00000	0.99992	0.00000	0.00000	0.00000	0.00008
339	0.00000	0.99931	0.00000	0.00000	0.00000	0.00069
340	0.00000	0.99986	0.00000	0.00000	0.00000	0.00014
341	0.00000	0.00000	0.99960	0.00030	0.00007	0.00003
342	0.00000	0.99936	0.00000	0.00000	0.00000	0.00064
343	0.00000	0.99936	0.00000	0.00000	0.00000	0.00064
344	0.00000	0.97313	0.00000	0.00000	0.00000	0.02687
345	0.00000	0.99997	0.00000	0.00000	0.00000	0.00003
346	0.00000	0.99997	0.00000	0.00000	0.00000	0.00003
347	0.00000	0.97242	0.00000	0.00051	0.00000	0.02706
348	0.00000	0.00006	0.00000	0.40926	0.00000	0.59068
349	0.00000	0.99986	0.00000	0.00000	0.00000	0.00014
350	0.00000	0.99927	0.00000	0.00000	0.00000	0.00073
351	0.00000	0.99997	0.00000	0.00000	0.00000	0.00003
352	0.00000	0.99610	0.00000	0.00001	0.00000	0.00389
353	0.00000	0.99979	0.00000	0.00000	0.00000	0.00021
354	0.00000	0.99747	0.00000	0.00000	0.00000	0.00253
355	0.00016	0.48189	0.10754	0.11122	0.02954	0.26964
356	0.99976	0.00000	0.00000	0.00000	0.00024	0.00000
357	0.00000	0.99864	0.00000	0.00000	0.00000	0.00136
358	0.00000	0.99400	0.00000	0.00001	0.00000	0.00599
359	0.00000	0.59389	0.00754	0.10528	0.00181	0.29149
360	0.00000	0.99953	0.00000	0.00000	0.00000	0.00047
361	0.00000	0.99969	0.00000	0.00000	0.00000	0.00031
362	0.99992	0.00000	0.00000	0.00000	0.00008	0.00000
363	0.99868	0.00000	0.00000	0.00000	0.00132	0.00000
364	0.00000	0.99995	0.00000	0.00000	0.00000	0.00005
365	0.00000	0.99812	0.00000	0.00000	0.00000	0.00188
366	0.00000	0.99767	0.00000	0.00000	0.00000	0.00233
367	0.00000	0.99990	0.00000	0.00000	0.00000	0.00010
368	0.00000	0.99985	0.00000	0.00000	0.00000	0.00015
369	0.99877	0.00000	0.00000	0.00000	0.00123	0.00000
370	0.00000	0.99978	0.00000	0.00000	0.00000	0.00022
371	0.00000	0.99990	0.00000	0.00000	0.00000	0.00010
372	0.00000	0.99729	0.00000	0.00000	0.00000	0.00271
373	0.00000	0.99650	0.00000	0.00000	0.00000	0.00350
374	0.00000	0.70108	0.00001	0.06005	0.00000	0.23886
375	0.99999	0.00000	0.00000	0.00000	0.00001	0.00000
376	0.00000	0.98922	0.00000	0.00001	0.00000	0.01077
377	0.00000	0.68599	0.00462	0.06412	0.00081	0.24446
378	0.99937	0.00000	0.00000	0.00000	0.00063	0.00000
379	0.99856	0.00000	0.00000	0.00000	0.00144	0.00000
380	0.00000	0.99958	0.00000	0.00000	0.00000	0.00042
381	0.00000	0.98675	0.00000	0.00002	0.00000	0.01323
382	0.00000	0.99952	0.00000	0.00000	0.00000	0.00048
383	0.99897	0.00000	0.00000	0.00000	0.00103	0.00000
384	0.00000	0.99997	0.00000	0.00000	0.00000	0.00003
385	0.00000	0.99999	0.00000	0.00000	0.00000	0.00001
386	0.00000	0.99975	0.00000	0.00000	0.00000	0.00025
387	0.00000	0.99998	0.00000	0.00000	0.00000	0.00002
388	0.99155	0.00000	0.00000	0.00002	0.00843	0.00000
389	0.00000	0.99992	0.00000	0.00000	0.00000	0.00008
390	0.00000	0.99996	0.00000	0.00000	0.00000	0.00004
391	0.00000	0.99990	0.00000	0.00000	0.00000	0.00010
392	0.00000	0.89420	0.00000	0.00928	0.00000	0.09652
393	0.00000	0.98503	0.00000	0.00034	0.00000	0.01463
394	0.00000	0.99989	0.00000	0.00000	0.00000	0.00011
395	0.00000	0.99999	0.00000	0.00000	0.00000	0.00001
396	0.00000	0.99998	0.00000	0.00000	0.00000	0.00002
397	0.00000	0.99293	0.00000	0.00000	0.00000	0.00706
398	0.00000	0.99877	0.00000	0.00000	0.00000	0.00123
399	0.00229	0.02902	0.36256	0.22062	0.17955	0.20596
400	0.00000	0.99816	0.00000	0.00000	0.00000	0.00184
401	0.00000	0.99989	0.00000	0.00000	0.00000	0.00011
402	0.00076	0.31485	0.18910	0.15852	0.07651	0.26025
403	0.00000	0.99979	0.00000	0.00000	0.00000	0.00021
404	0.00000	1.00000	0.00000	0.00000	0.00000	0.00000
405	0.00000	0.99697	0.00000	0.00001	0.00000	0.00303
406	0.00000	1.00000	0.00000	0.00000	0.00000	0.00000
407	0.00000	0.99943	0.00000	0.00000	0.00000	0.00057
408	0.00000	0.99998	0.00000	0.00000	0.00000	0.00002
409	0.00000	0.99999	0.00000	0.00000	0.00000	0.00001
410	0.00000	0.99950	0.00000	0.00000	0.00000	0.00050
411	0.00000	0.99998	0.00000	0.00000	0.00000	0.00002
412	0.99997	0.00000	0.00000	0.00000	0.00003	0.00000
413	0.00000	0.99978	0.00000	0.00000	0.00000	0.00022
414	0.00000	0.99873	0.00000	0.00000	0.00000	0.00127
415	0.00000	0.99983	0.00000	0.00000	0.00000	0.00017
416	0.00000	0.95554	0.00000	0.00116	0.00000	0.04330
417	0.00000	0.99999	0.00000	0.00000	0.00000	0.00001
418	0.00000	0.99997	0.00000	0.00000	0.00000	0.00003
419	0.00000	0.99997	0.00000	0.00000	0.00000	0.00003
420	0.00000	0.99996	0.00000	0.00000	0.00000	0.00004
421	0.00000	0.99993	0.00000	0.00000	0.00000	0.00007
422	0.00000	0.99988	0.00000	0.00000	0.00000	0.00012
423	0.00000	0.95113	0.00000	0.00177	0.00000	0.04710
424	0.00000	0.91351	0.00000	0.00507	0.00000	0.08142
425	0.00000	0.99800	0.00000	0.00000	0.00000	0.00200
426	0.00000	0.99993	0.00000	0.00000	0.00000	0.00007
427	0.00000	0.99927	0.00000	0.00000	0.00000	0.00073
428	0.00000	0.99991	0.00000	0.00000	0.00000	0.00009
429	0.00000	0.99955	0.00000	0.00000	0.00000	0.00045
430	0.00000	0.99978	0.00000	0.00000	0.00000	0.00022
431	0.00000	0.99968	0.00000	0.00000	0.00000	0.00032
432	0.00000	0.99987	0.00000	0.00000	0.00000	0.00013
433	0.00000	0.99686	0.00000	0.00000	0.00000	0.00313
434	0.00000	0.99862	0.00000	0.00000	0.00000	0.00138
435	0.00000	0.99727	0.00000	0.00001	0.00000	0.00273
436	0.00000	0.99902	0.00000	0.00000	0.00000	0.00098
437	0.99889	0.00000	0.00000	0.00000	0.00111	0.00000
438	0.00000	0.99994	0.00000	0.00000	0.00000	0.00006
439	0.00000	0.99993	0.00000	0.00000	0.00000	0.00007
440	0.00000	0.99989	0.00000	0.00000	0.00000	0.00011
441	0.00000	0.99455	0.00000	0.00000	0.00000	0.00544
442	0.00000	0.99981	0.00000	0.00000	0.00000	0.00019
443	0.00000	0.99988	0.00000	0.00000	0.00000	0.00012
444	0.00000	0.99988	0.00000	0.00000	0.00000	0.00012
445	0.00000	0.99997	0.00000	0.00000	0.00000	0.00003
446	0.00000	0.99956	0.00000	0.00000	0.00000	0.00044
447	0.00000	0.99740	0.00000	0.00000	0.00000	0.00259
448	0.00000	0.98079	0.00000	0.00000	0.00000	0.01921
449	0.00000	0.99996	0.00000	0.00000	0.00000	0.00004
450	0.00000	0.99902	0.00000	0.00000	0.00000	0.00098
451	0.00000	0.99965	0.00000	0.00000	0.00000	0.00035
452	0.00000	0.99985	0.00000	0.00000	0.00000	0.00015
453	0.00000	0.39379	0.00015	0.09774	0.00001	0.50830
454	0.00000	0.99516	0.00000	0.00000	0.00000	0.00484
455	0.00000	0.99981	0.00000	0.00000	0.00000	0.00019
456	0.00000	0.99926	0.00000	0.00000	0.00000	0.00074
457	0.00000	0.99165	0.00000	0.00001	0.00000	0.00834
458	0.00000	0.99740	0.00000	0.00001	0.00000	0.00260
459	0.00000	0.99995	0.00000	0.00000	0.00000	0.00005
460	0.00000	0.99998	0.00000	0.00000	0.00000	0.00002
461	0.99997	0.00000	0.00000	0.00000	0.00003	0.00000
462	0.00000	0.99994	0.00000	0.00000	0.00000	0.00006
463	0.00000	0.99988	0.00000	0.00000	0.00000	0.00012
464	0.00000	0.71970	0.00005	0.06462	0.00001	0.21562
465	0.99937	0.00000	0.00000	0.00000	0.00063	0.00000
466	0.00000	0.99991	0.00000	0.00000	0.00000	0.00009
467	0.00000	0.99998	0.00000	0.00000	0.00000	0.00002
468	0.00000	0.67308	0.00045	0.06307	0.00005	0.26334
469	0.00000	0.99995	0.00000	0.00000	0.00000	0.00005
470	0.00000	0.99947	0.00000	0.00000	0.00000	0.00053
471	0.00000	0.99671	0.00000	0.00001	0.00000	0.00328
472	0.00000	0.99991	0.00000	0.00000	0.00000	0.00009
473	0.00000	0.89967	0.00000	0.00000	0.00000	0.10033
474	0.00000	0.99452	0.00000	0.00000	0.00000	0.00548
475	0.00080	0.31395	0.19402	0.15572	0.07778	0.25772
476	0.00000	0.99996	0.00000	0.00000	0.00000	0.00004
477	0.00000	0.99989	0.00000	0.00000	0.00000	0.00011
478	0.00000	0.99982	0.00000	0.00000	0.00000	0.00018
479	0.00000	0.99951	0.00000	0.00000	0.00000	0.00049
480	0.00000	0.98749	0.00000	0.00003	0.00000	0.01248
481	0.00000	0.99996	0.00000	0.00000	0.00000	0.00004
482	0.00000	0.99874	0.00000	0.00000	0.00000	0.00126
483	0.00000	0.99964	0.00000	0.00000	0.00000	0.00036
484	0.00000	0.99991	0.00000	0.00000	0.00000	0.00009
485	0.00000	0.99996	0.00000	0.00000	0.00000	0.00004
486	0.00000	0.99795	0.00000	0.00000	0.00000	0.00205
487	0.00000	0.99853	0.00000	0.00000	0.00000	0.00147
488	0.00000	0.99997	0.00000	0.00000	0.00000	0.00003
489	0.00000	0.99999	0.00000	0.00000	0.00000	0.00001
490	0.00000	0.94332	0.00000	0.00002	0.00000	0.05666
491	0.00000	0.99743	0.00000	0.00000	0.00000	0.00257
492	0.00000	0.99998	0.00000	0.00000	0.00000	0.00002
493	0.00000	0.99855	0.00000	0.00000	0.00000	0.00145
494	0.00000	0.99999	0.00000	0.00000	0.00000	0.00001
495	0.00009	0.59836	0.05008	0.08453	0.01482	0.25212
496	0.00000	0.99988	0.00000	0.00000	0.00000	0.00012
497	0.00000	0.99972	0.00000	0.00000	0.00000	0.00028
498	0.00000	0.99995	0.00000	0.00000	0.00000	0.00005
499	0.00000	0.99998	0.00000	0.00000	0.00000	0.00002
500	0.00000	0.99990	0.00000	0.00000	0.00000	0.00010
501	0.00001	0.64874	0.01608	0.07510	0.00341	0.25667
502	0.00000	0.99955	0.00000	0.00000	0.00000	0.00045
503	0.00070	0.31760	0.18187	0.16176	0.07399	0.26407
504	0.00000	0.99941	0.00000	0.00000	0.00000	0.00059
505	0.00000	0.99903	0.00000	0.00000	0.00000	0.00097
506	0.00000	0.99998	0.00000	0.00000	0.00000	0.00002
507	0.99888	0.00000	0.00000	0.00000	0.00112	0.00000
508	0.99998	0.00000	0.00000	0.00000	0.00002	0.00000
509	0.00000	0.99890	0.00000	0.00000	0.00000	0.00110
510	0.00000	0.99950	0.00000	0.00000	0.00000	0.00050
511	0.00000	0.99947	0.00000	0.00000	0.00000	0.00053
512	0.00000	0.99989	0.00000	0.00000	0.00000	0.00011
513	0.00000	0.99971	0.00000	0.00000	0.00000	0.00029
514	0.44248	0.00000	0.00000	0.00020	0.55732	0.00000
515	0.00000	0.99954	0.00000	0.00000	0.00000	0.00046
516	0.99586	0.00000	0.00000	0.00001	0.00413	0.00000
517	0.00000	0.95142	0.00000	0.00153	0.00000	0.04705
518	0.00000	0.99989	0.00000	0.00000	0.00000	0.00011
519	0.99993	0.00000	0.00000	0.00000	0.00007	0.00000
520	0.00000	0.99631	0.00000	0.00000	0.00000	0.00369
521	0.00000	0.99998	0.00000	0.00000	0.00000	0.00002
522	0.00000	0.99990	0.00000	0.00000	0.00000	0.00010
523	0.00000	0.99996	0.00000	0.00000	0.00000	0.00004
524	0.00000	0.99983	0.00000	0.00000	0.00000	0.00017
525	0.00000	0.99999	0.00000	0.00000	0.00000	0.00001
526	0.00000	0.99567	0.00000	0.00000	0.00000	0.00433
527	0.00000	0.99906	0.00000	0.00000	0.00000	0.00094
528	0.00000	0.99991	0.00000	0.00000	0.00000	0.00009
529	0.00000	0.98196	0.00000	0.00024	0.00000	0.01781
530	0.00048	0.36467	0.16094	0.14649	0.05817	0.26926
531	0.00000	0.99996	0.00000	0.00000	0.00000	0.00004
532	0.00000	0.99999	0.00000	0.00000	0.00000	0.00001
533	0.00000	0.99989	0.00000	0.00000	0.00000	0.00011
534	0.99983	0.00000	0.00000	0.00000	0.00017	0.00000
535	0.00000	0.99995	0.00000	0.00000	0.00000	0.00005
536	0.00000	0.99999	0.00000	0.00000	0.00000	0.00001
537	0.00000	0.99994	0.00000	0.00000	0.00000	0.00006
538	0.99902	0.00000	0.00000	0.00000	0.00098	0.00000
539	0.00000	0.34713	0.00000	0.30713	0.00000	0.34574
540	0.00000	0.99988	0.00000	0.00000	0.00000	0.00012
541	0.97652	0.00000	0.00000	0.00034	0.02315	0.00000
542	0.99990	0.00000	0.00000	0.00000	0.00010	0.00000
543	0.99996	0.00000	0.00000	0.00000	0.00004	0.00000
544	0.00000	0.99891	0.00000	0.00000	0.00000	0.00109
545	0.00000	0.98727	0.00000	0.00002	0.00000	0.01271
546	0.00000	0.99983	0.00000	0.00000	0.00000	0.00017
547	0.00000	0.99935	0.00000	0.00000	0.00000	0.00065
548	0.00000	0.99991	0.00000	0.00000	0.00000	0.00009
549	0.99611	0.00000	0.00000	0.00001	0.00387	0.00000
550	0.00000	0.97846	0.00000	0.00000	0.00000	0.02154
551	0.00000	0.99970	0.00000	0.00000	0.00000	0.00030
552	0.99960	0.00000	0.00000	0.00000	0.00040	0.00000
553	0.00000	0.99965	0.00000	0.00000	0.00000	0.00035
554	0.00000	0.99995	0.00000	0.00000	0.00000	0.00005
555	0.00000	0.99998	0.00000	0.00000	0.00000	0.00002
556	0.00000	0.99998	0.00000	0.00000	0.00000	0.00002
557	0.00000	0.00000	0.99989	0.00009	0.00000	0.00002
558	0.00000	0.99883	0.00000	0.00000	0.00000	0.00117
559	0.00000	0.99998	0.00000	0.00000	0.00000	0.00002
560	0.99993	0.00000	0.00000	0.00000	0.00007	0.00000
561	0.99996	0.00000	0.00000	0.00000	0.00004	0.00000
562	0.99997	0.00000	0.00000	0.00000	0.00003	0.00000
563	0.99997	0.00000	0.00000	0.00000	0.00003	0.00000
564	0.00000	0.99823	0.00000	0.00000	0.00000	0.00177
565	0.00000	0.99982	0.00000	0.00000	0.00000	0.00018
566	0.99991	0.00000	0.00000	0.00000	0.00009	0.00000
567	0.00000	0.99973	0.00000	0.00000	0.00000	0.00027
568	0.51649	0.00002	0.00270	0.17709	0.30212	0.00159
569	0.99996	0.00000	0.00000	0.00000	0.00004	0.00000
570	0.00000	0.99634	0.00000	0.00000	0.00000	0.00366
571	0.00000	0.99998	0.00000	0.00000	0.00000	0.00002
572	0.00000	0.99764	0.00000	0.00000	0.00000	0.00236
573	0.00000	0.99981	0.00000	0.00000	0.00000	0.00019
574	0.00000	0.99990	0.00000	0.00000	0.00000	0.00010
575	0.00000	0.99589	0.00000	0.00001	0.00000	0.00410
576	0.00000	0.00000	0.00000	0.00317	0.99683	0.00000
577	0.00000	0.99999	0.00000	0.00000	0.00000	0.00001
578	0.99932	0.00000	0.00000	0.00000	0.00068	0.00000
579	0.00000	0.99996	0.00000	0.00000	0.00000	0.00004
580	0.00000	0.99936	0.00000	0.00000	0.00000	0.00064
581	0.00000	0.93329	0.00000	0.00429	0.00000	0.06241
582	0.00000	0.99891	0.00000	0.00000	0.00000	0.00109
583	0.00000	0.99940	0.00000	0.00000	0.00000	0.00060
584	0.00000	0.89543	0.00001	0.00717	0.00000	0.09739
585	0.00000	0.99988	0.00000	0.00000	0.00000	0.00012
586	0.00000	0.99203	0.00000	0.00000	0.00000	0.00797
587	0.00000	0.99998	0.00000	0.00000	0.00000	0.00002
588	0.00000	0.99993	0.00000	0.00000	0.00000	0.00007
589	0.00000	0.99574	0.00000	0.00000	0.00000	0.00426
590	0.00000	0.99999	0.00000	0.00000	0.00000	0.00001
591	0.00000	0.99998	0.00000	0.00000	0.00000	0.00002
592	0.00000	0.97184	0.00000	0.00061	0.00000	0.02755
593	0.00000	0.93872	0.00000	0.00274	0.00000	0.05854
594	0.00000	0.99935	0.00000	0.00000	0.00000	0.00065
595	0.00000	0.97901	0.00000	0.00005	0.00000	0.02094
596	0.00000	0.99991	0.00000	0.00000	0.00000	0.00009
597	0.00000	0.00000	0.00001	0.88070	0.00001	0.11928
598	0.00000	0.99990	0.00000	0.00000	0.00000	0.00010
599	0.00000	0.67682	0.00021	0.04552	0.00001	0.27743
600	0.00000	0.99865	0.00000	0.00000	0.00000	0.00135
601	0.00000	0.99961	0.00000	0.00000	0.00000	0.00039
602	0.00000	0.87051	0.00004	0.01046	0.00000	0.11899
603	0.99977	0.00000	0.00000	0.00000	0.00023	0.00000
604	0.88768	0.00000	0.00000	0.00917	0.10315	0.00000
605	0.00000	0.99930	0.00000	0.00000	0.00000	0.00070
606	0.00000	0.97497	0.00000	0.00038	0.00000	0.02464
607	0.00000	0.99986	0.00000	0.00000	0.00000	0.00014
608	0.00000	0.99969	0.00000	0.00000	0.00000	0.00031
609	0.00000	0.99987	0.00000	0.00000	0.00000	0.00013
610	0.00000	0.99968	0.00000	0.00000	0.00000	0.00032
611	0.47427	0.00000	0.00000	0.00046	0.52527	0.00000
612	0.00000	0.99998	0.00000	0.00000	0.00000	0.00002
613	0.00000	0.99949	0.00000	0.00000	0.00000	0.00051
614	0.00000	0.99995	0.00000	0.00000	0.00000	0.00005
615	0.00000	0.98947	0.00000	0.00006	0.00000	0.01047
616	0.00000	0.99998	0.00000	0.00000	0.00000	0.00002
617	0.00000	0.99990	0.00000	0.00000	0.00000	0.00010
618	0.00000	0.99998	0.00000	0.00000	0.00000	0.00002
619	0.00000	0.99984	0.00000	0.00000	0.00000	0.00016
620	0.00000	0.99704	0.00000	0.00000	0.00000	0.00296
621	0.00000	0.99984	0.00000	0.00000	0.00000	0.00016
622	0.00000	0.99999	0.00000	0.00000	0.00000	0.00001
623	0.00000	0.88429	0.00000	0.01044	0.00000	0.10527
624	0.00000	0.99986	0.00000	0.00000	0.00000	0.00014
625	0.00000	0.95966	0.00000	0.00000	0.00000	0.04034
626	0.00000	0.99972	0.00000	0.00000	0.00000	0.00028
627	0.00000	0.42059	0.00013	0.22375	0.00005	0.35548
628	0.00000	0.99996	0.00000	0.00000	0.00000	0.00004
629	0.00000	0.99994	0.00000	0.00000	0.00000	0.00006
630	0.00000	0.99996	0.00000	0.00000	0.00000	0.00004
631	0.00000	0.99992	0.00000	0.00000	0.00000	0.00008
632	0.00000	0.99978	0.00000	0.00000	0.00000	0.00022
633	0.99999	0.00000	0.00000	0.00000	0.00001	0.00000
634	0.00000	0.99998	0.00000	0.00000	0.00000	0.00002
635	0.00000	0.99999	0.00000	0.00000	0.00000	0.00001
636	0.00000	0.99990	0.00000	0.00000	0.00000	0.00010
637	0.00000	0.02859	0.00001	0.82436	0.00003	0.14702
638	0.00000	0.97917	0.00000	0.00029	0.00000	0.02054
639	0.00000	0.99991	0.00000	0.00000	0.00000	0.00009
640	0.00000	0.99996	0.00000	0.00000	0.00000	0.00004
641	0.00000	0.99991	0.00000	0.00000	0.00000	0.00009
642	0.00000	0.99996	0.00000	0.00000	0.00000	0.00004
643	0.00000	0.99983	0.00000	0.00000	0.00000	0.00017
644	0.00000	0.99857	0.00000	0.00000	0.00000	0.00143
645	0.00000	0.00000	0.00000	0.00088	0.00000	0.99912
646	0.00000	0.98956	0.00000	0.00001	0.00000	0.01044
647	0.00000	0.27320	0.00000	0.00051	0.00000	0.72629
648	0.00000	0.99479	0.00000	0.00001	0.00000	0.00520
649	0.00000	0.99995	0.00000	0.00000	0.00000	0.00005
650	0.00000	0.99873	0.00000	0.00000	0.00000	0.00127
651	0.99626	0.00000	0.00000	0.00000	0.00374	0.00000
652	0.00000	0.99909	0.00000	0.00000	0.00000	0.00091
653	0.00000	0.99997	0.00000	0.00000	0.00000	0.00003
654	0.99373	0.00000	0.00000	0.00003	0.00624	0.00000
655	0.00000	0.99992	0.00000	0.00000	0.00000	0.00008
656	0.00000	0.99976	0.00000	0.00000	0.00000	0.00024
657	0.00000	0.77928	0.00000	0.00004	0.00000	0.22068
658	0.00000	0.99976	0.00000	0.00000	0.00000	0.00024
659	0.00000	0.99861	0.00000	0.00000	0.00000	0.00139
660	0.93275	0.00000	0.00000	0.00338	0.06388	0.00000
661	0.00000	0.98889	0.00000	0.00011	0.00000	0.01100
662	0.00000	0.99208	0.00000	0.00000	0.00000	0.00792
663	0.00000	0.99998	0.00000	0.00000	0.00000	0.00002
664	0.00161	0.17633	0.20531	0.24035	0.13707	0.23933
665	0.99983	0.00000	0.00000	0.00000	0.00017	0.00000
666	0.00000	0.98527	0.00000	0.00014	0.00000	0.01458
667	0.99997	0.00000	0.00000	0.00000	0.00003	0.00000
668	0.99970	0.00000	0.00000	0.00000	0.00030	0.00000
669	0.99989	0.00000	0.00000	0.00000	0.00011	0.00000
670	0.99995	0.00000	0.00000	0.00000	0.00005	0.00000
671	0.99974	0.00000	0.00000	0.00000	0.00026	0.00000
672	0.00000	0.99988	0.00000	0.00000	0.00000	0.00012
673	0.00000	0.99979	0.00000	0.00000	0.00000	0.00021
674	0.00000	0.99970	0.00000	0.00000	0.00000	0.00030
675	0.00000	0.87396	0.00000	0.01433	0.00000	0.11171
676	0.00000	0.99416	0.00000	0.00001	0.00000	0.00582
677	0.00000	0.99912	0.00000	0.00000	0.00000	0.00088
678	0.00000	0.99962	0.00000	0.00000	0.00000	0.00038
679	0.99954	0.00000	0.00000	0.00000	0.00046	0.00000
680	0.00000	0.99985	0.00000	0.00000	0.00000	0.00015
681	0.00000	0.99957	0.00000	0.00000	0.00000	0.00043
682	0.00000	0.99993	0.00000	0.00000	0.00000	0.00007
683	0.00000	0.99990	0.00000	0.00000	0.00000	0.00010
684	0.00000	0.99999	0.00000	0.00000	0.00000	0.00001
685	0.00000	0.99540	0.00000	0.00001	0.00000	0.00459
686	0.00000	0.99998	0.00000	0.00000	0.00000	0.00002
687	0.00000	0.99562	0.00000	0.00000	0.00000	0.00438
688	0.00000	0.99943	0.00000	0.00000	0.00000	0.00057
689	0.00000	0.99985	0.00000	0.00000	0.00000	0.00015
690	0.00000	0.99998	0.00000	0.00000	0.00000	0.00002
691	0.00000	0.99987	0.00000	0.00000	0.00000	0.00013
692	0.00000	0.99994	0.00000	0.00000	0.00000	0.00006
693	0.00000	0.99908	0.00000	0.00000	0.00000	0.00092
694	0.00000	0.99926	0.00000	0.00000	0.00000	0.00074
695	0.00000	0.44187	0.00340	0.19705	0.00112	0.35656
696	0.00000	0.99993	0.00000	0.00000	0.00000	0.00007
697	0.00000	0.99958	0.00000	0.00000	0.00000	0.00042
698	0.00000	0.90793	0.00000	0.00134	0.00000	0.09073
699	0.00000	0.99507	0.00000	0.00000	0.00000	0.00492
700	0.00000	0.99997	0.00000	0.00000	0.00000	0.00003
701	0.00000	0.99985	0.00000	0.00000	0.00000	0.00015
702	0.99992	0.00000	0.00000	0.00000	0.00008	0.00000
703	0.99413	0.00000	0.00000	0.00000	0.00587	0.00000
704	0.99920	0.00000	0.00000	0.00000	0.00080	0.00000
705	0.00002	0.57822	0.00193	0.13722	0.00095	0.28166
706	0.98392	0.00000	0.00000	0.00020	0.01589	0.00000
707	0.00000	0.87702	0.00000	0.00001	0.00000	0.12297
708	0.00000	0.96202	0.00000	0.00019	0.00000	0.03779
709	0.85420	0.00000	0.00000	0.00093	0.14487	0.00000
710	0.00000	0.99992	0.00000	0.00000	0.00000	0.00008
711	0.00000	0.99989	0.00000	0.00000	0.00000	0.00011
712	0.00000	0.99976	0.00000	0.00000	0.00000	0.00024
713	0.00000	0.98029	0.00000	0.00009	0.00000	0.01961
714	0.00000	0.99998	0.00000	0.00000	0.00000	0.00002
715	0.00000	0.99995	0.00000	0.00000	0.00000	0.00005
716	0.99995	0.00000	0.00000	0.00000	0.00005	0.00000
717	0.00000	0.80240	0.00004	0.02677	0.00000	0.17079
718	0.00000	0.86137	0.00000	0.00099	0.00000	0.13764
719	0.00000	0.99991	0.00000	0.00000	0.00000	0.00009
720	0.99997	0.00000	0.00000	0.00000	0.00003	0.00000
721	0.00000	0.99955	0.00000	0.00000	0.00000	0.00045
722	0.00000	0.99998	0.00000	0.00000	0.00000	0.00002
723	0.00000	0.99991	0.00000	0.00000	0.00000	0.00009
724	0.00000	0.99917	0.00000	0.00000	0.00000	0.00083
725	0.00000	0.99960	0.00000	0.00000	0.00000	0.00040
726	0.00000	0.90819	0.00000	0.00234	0.00000	0.08947
727	0.00000	0.86928	0.00016	0.01194	0.00001	0.11862
728	0.00000	0.99995	0.00000	0.00000	0.00000	0.00005
729	0.00000	0.99999	0.00000	0.00000	0.00000	0.00001
730	0.00000	0.93296	0.00000	0.00334	0.00000	0.06370
731	0.00000	0.99980	0.00000	0.00000	0.00000	0.00020
732	0.00000	0.99981	0.00000	0.00000	0.00000	0.00019
733	0.00000	0.99979	0.00000	0.00000	0.00000	0.00021
734	0.99346	0.00000	0.00000	0.00000	0.00654	0.00000
735	0.00000	0.99689	0.00000	0.00000	0.00000	0.00311
736	0.00000	0.99478	0.00000	0.00000	0.00000	0.00522
737	0.00000	0.99994	0.00000	0.00000	0.00000	0.00006
738	0.00000	0.97636	0.00000	0.00026	0.00000	0.02338
739	0.00000	0.99980	0.00000	0.00000	0.00000	0.00020
740	0.99962	0.00000	0.00000	0.00000	0.00038	0.00000
741	0.00000	0.95385	0.00000	0.00140	0.00000	0.04475
742	0.00000	0.99975	0.00000	0.00000	0.00000	0.00025
743	0.99995	0.00000	0.00000	0.00000	0.00005	0.00000
744	0.00000	0.99999	0.00000	0.00000	0.00000	0.00001
745	0.00000	0.99998	0.00000	0.00000	0.00000	0.00002
746	0.00000	0.99740	0.00000	0.00000	0.00000	0.00260
747	0.99987	0.00000	0.00000	0.00000	0.00013	0.00000
748	0.00000	1.00000	0.00000	0.00000	0.00000	0.00000
749	0.00000	0.99987	0.00000	0.00000	0.00000	0.00013
750	0.00000	0.99991	0.00000	0.00000	0.00000	0.00009
751	0.00000	0.99989	0.00000	0.00000	0.00000	0.00011
752	0.00059	0.35018	0.17528	0.14598	0.06440	0.26357
753	0.00000	0.99973	0.00000	0.00000	0.00000	0.00027
754	0.00000	0.99983	0.00000	0.00000	0.00000	0.00017
755	0.00000	0.99973	0.00000	0.00000	0.00000	0.00027
756	0.00000	0.99983	0.00000	0.00000	0.00000	0.00017
757	0.00000	0.99897	0.00000	0.00000	0.00000	0.00103
758	0.00000	0.99925	0.00000	0.00000	0.00000	0.00075
759	0.00000	0.85916	0.00000	0.00244	0.00000	0.13840
760	0.00000	0.99695	0.00000	0.00001	0.00000	0.00304
761	0.54816	0.00000	0.00000	0.00005	0.45178	0.00000
762	0.99999	0.00000	0.00000	0.00000	0.00001	0.00000
763	0.00000	0.98496	0.00000	0.00000	0.00000	0.01504
764	0.00000	0.99943	0.00000	0.00000	0.00000	0.00057
765	0.00000	0.99999	0.00000	0.00000	0.00000	0.00001
766	0.00000	0.99995	0.00000	0.00000	0.00000	0.00005
767	0.00000	0.99619	0.00000	0.00000	0.00000	0.00381
768	0.00000	0.99995	0.00000	0.00000	0.00000	0.00005
769	0.00000	0.99954	0.00000	0.00000	0.00000	0.00046
770	0.00000	0.19656	0.00000	0.00430	0.00000	0.79914
771	0.00000	0.85153	0.00000	0.00245	0.00000	0.14602
772	0.00000	0.99071	0.00000	0.00000	0.00000	0.00929
773	0.00000	0.99999	0.00000	0.00000	0.00000	0.00001
774	0.00000	0.99857	0.00000	0.00000	0.00000	0.00143
775	0.00000	0.98596	0.00000	0.00014	0.00000	0.01391
776	0.00000	0.97219	0.00000	0.00008	0.00000	0.02773
777	0.00000	0.99817	0.00000	0.00000	0.00000	0.00183
778	0.00000	0.99989	0.00000	0.00000	0.00000	0.00011
