UponCompletionOf_1000000_sweeps
LocNumber LocName AlleleNumber AlleleName FreqInPop0 FreqInPop1 SDInPop0 SDinPop1
0	LdDocent_Contig_6721_341	0	1	0.916501	0.997082	0.017644	0.001557
0	LdDocent_Contig_6721_341	1	2	0.083499	0.002918	0.017644	0.001557
1	LdDocent_Contig_1252_438	0	1	0.006330	0.633328	0.005131	0.014220
1	LdDocent_Contig_1252_438	1	2	0.993670	0.366672	0.005131	0.014220
2	LdDocent_Contig_2053_115	0	1	0.997942	0.990142	0.002903	0.003025
2	LdDocent_Contig_2053_115	1	2	0.002058	0.009858	0.002903	0.003025
3	LdDocent_Contig_71514_401	0	1	0.997651	0.989801	0.003307	0.003133
3	LdDocent_Contig_71514_401	1	2	0.002349	0.010199	0.003307	0.003133
4	LdDocent_Contig_180_462	0	1	0.796675	0.998067	0.025007	0.001331
4	LdDocent_Contig_180_462	1	2	0.203325	0.001933	0.025007	0.001331
5	LdDocent_Contig_2281_74	0	1	0.566486	0.999569	0.031074	0.000610
5	LdDocent_Contig_2281_74	1	2	0.433514	0.000431	0.031074	0.000610
6	LdDocent_Contig_3293_129	0	1	0.997925	0.859357	0.002927	0.010285
6	LdDocent_Contig_3293_129	1	2	0.002075	0.140643	0.002927	0.010285
7	LdDocent_Contig_6226_357	0	1	0.997855	0.980720	0.003021	0.004122
7	LdDocent_Contig_6226_357	1	2	0.002145	0.019280	0.003021	0.004122
8	LdDocent_Contig_1865_27	0	1	0.997710	0.983143	0.003220	0.004003
8	LdDocent_Contig_1865_27	1	2	0.002290	0.016857	0.003220	0.004003
9	LdDocent_Contig_20806_397	0	1	0.997782	0.992413	0.003127	0.002595
9	LdDocent_Contig_20806_397	1	2	0.002218	0.007587	0.003127	0.002595
10	LdDocent_Contig_53669_84	0	1	0.464612	0.569160	0.031359	0.014786
10	LdDocent_Contig_53669_84	1	2	0.535388	0.430840	0.031359	0.014786
11	LdDocent_Contig_830_125	0	1	0.997923	0.504037	0.002925	0.014942
11	LdDocent_Contig_830_125	1	2	0.002077	0.495963	0.002925	0.014942
12	LdDocent_Contig_18829_417	0	1	0.997869	0.987511	0.003002	0.003375
12	LdDocent_Contig_18829_417	1	2	0.002131	0.012489	0.003002	0.003375
13	LdDocent_Contig_360_438	0	1	0.970686	0.970461	0.011308	0.005265
13	LdDocent_Contig_360_438	1	2	0.029314	0.029539	0.011308	0.005265
14	LdDocent_Contig_64727_373	0	1	0.992409	0.903936	0.006060	0.008867
14	LdDocent_Contig_64727_373	1	2	0.007591	0.096064	0.006060	0.008867
15	LdDocent_Contig_69888_361	0	1	0.988815	0.857977	0.006997	0.010920
15	LdDocent_Contig_69888_361	1	2	0.011185	0.142023	0.006997	0.010920
16	LdDocent_Contig_3068_143	0	1	0.998108	0.962625	0.002672	0.005559
16	LdDocent_Contig_3068_143	1	2	0.001892	0.037375	0.002672	0.005559
17	LdDocent_Contig_93412_36	0	1	0.965207	0.988648	0.016053	0.003191
17	LdDocent_Contig_93412_36	1	2	0.034793	0.011352	0.016053	0.003191
18	LdDocent_Contig_37885_42	0	1	0.993776	0.939902	0.005101	0.007191
18	LdDocent_Contig_37885_42	1	2	0.006224	0.060098	0.005101	0.007191
19	LdDocent_Contig_15237_23	0	1	0.997500	0.949652	0.003526	0.006532
19	LdDocent_Contig_15237_23	1	2	0.002500	0.050348	0.003526	0.006532
20	LdDocent_Contig_817_11	0	1	0.006019	0.499739	0.004893	0.015149
20	LdDocent_Contig_817_11	1	2	0.993981	0.500261	0.004893	0.015149
21	LdDocent_Contig_95907_365	0	1	0.998055	0.971795	0.002746	0.004881
21	LdDocent_Contig_95907_365	1	2	0.001945	0.028205	0.002746	0.004881
22	LdDocent_Contig_22010_387	0	1	0.997751	0.992534	0.003172	0.002716
22	LdDocent_Contig_22010_387	1	2	0.002249	0.007466	0.003172	0.002716
23	LdDocent_Contig_57504_43	0	1	0.997555	0.993334	0.003447	0.002605
23	LdDocent_Contig_57504_43	1	2	0.002445	0.006666	0.003447	0.002605
24	LdDocent_Contig_84140_123	0	1	0.997956	0.989132	0.002877	0.003184
24	LdDocent_Contig_84140_123	1	2	0.002044	0.010868	0.002877	0.003184
25	LdDocent_Contig_23413_464	0	1	0.060203	0.995145	0.015883	0.002087
25	LdDocent_Contig_23413_464	1	2	0.939797	0.004855	0.015883	0.002087
26	LdDocent_Contig_10230_500	0	1	0.996987	0.980921	0.004110	0.004313
26	LdDocent_Contig_10230_500	1	2	0.003013	0.019079	0.004110	0.004313
27	LdDocent_Contig_2302_110	0	1	0.997943	0.931208	0.002898	0.007682
27	LdDocent_Contig_2302_110	1	2	0.002057	0.068792	0.002898	0.007682
28	LdDocent_Contig_56342_434	0	1	0.992675	0.990416	0.005943	0.003095
28	LdDocent_Contig_56342_434	1	2	0.007325	0.009584	0.005943	0.003095
29	LdDocent_Contig_92730_110	0	1	0.993878	0.974150	0.004964	0.004688
29	LdDocent_Contig_92730_110	1	2	0.006122	0.025850	0.004964	0.004688
30	LdDocent_Contig_30222_90	0	1	0.997881	0.968720	0.002987	0.005314
30	LdDocent_Contig_30222_90	1	2	0.002119	0.031280	0.002987	0.005314
31	LdDocent_Contig_89276_141	0	1	0.964702	0.964680	0.012138	0.005858
31	LdDocent_Contig_89276_141	1	2	0.035298	0.035320	0.012138	0.005858
32	LdDocent_Contig_7157_468	0	1	0.994165	0.942585	0.004748	0.007284
32	LdDocent_Contig_7157_468	1	2	0.005835	0.057415	0.004748	0.007284
33	LdDocent_Contig_82354_396	0	1	0.993856	0.976481	0.004990	0.004689
33	LdDocent_Contig_82354_396	1	2	0.006144	0.023519	0.004990	0.004689
34	LdDocent_Contig_2099_104	0	1	0.072461	0.998388	0.018264	0.001272
34	LdDocent_Contig_2099_104	1	2	0.927539	0.001612	0.018264	0.001272
35	LdDocent_Contig_6675_116	0	1	0.997819	0.479902	0.003066	0.015207
35	LdDocent_Contig_6675_116	1	2	0.002181	0.520098	0.003066	0.015207
36	LdDocent_Contig_1885_127	0	1	0.953902	0.482843	0.012994	0.014746
36	LdDocent_Contig_1885_127	1	2	0.046098	0.517157	0.012994	0.014746
37	LdDocent_Contig_26883_329	0	1	0.998085	0.898259	0.002702	0.008913
37	LdDocent_Contig_26883_329	1	2	0.001915	0.101741	0.002702	0.008913
38	LdDocent_Contig_19494_420	0	1	0.997957	0.984192	0.002883	0.003747
38	LdDocent_Contig_19494_420	1	2	0.002043	0.015808	0.002883	0.003747
39	LdDocent_Contig_8911_456	0	1	0.992749	0.990926	0.005882	0.002931
39	LdDocent_Contig_8911_456	1	2	0.007251	0.009074	0.005882	0.002931
40	LdDocent_Contig_5794_7	0	1	0.997983	0.991689	0.002841	0.002682
40	LdDocent_Contig_5794_7	1	2	0.002017	0.008311	0.002841	0.002682
41	LdDocent_Contig_51444_401	0	1	0.997865	0.983078	0.003009	0.003897
41	LdDocent_Contig_51444_401	1	2	0.002135	0.016922	0.003009	0.003897
42	LdDocent_Contig_88673_390	0	1	0.997871	0.991429	0.002996	0.002928
42	LdDocent_Contig_88673_390	1	2	0.002129	0.008571	0.002996	0.002928
43	LdDocent_Contig_6746_406	0	1	0.998032	0.991656	0.002779	0.002699
43	LdDocent_Contig_6746_406	1	2	0.001968	0.008344	0.002779	0.002699
44	LdDocent_Contig_23284_87	0	1	0.981746	0.068280	0.009375	0.007861
44	LdDocent_Contig_23284_87	1	2	0.018254	0.931720	0.009375	0.007861
45	LdDocent_Contig_2341_410	0	1	0.997650	0.992229	0.003316	0.002827
45	LdDocent_Contig_2341_410	1	2	0.002350	0.007771	0.003316	0.002827
46	LdDocent_Contig_161_8	0	1	0.997853	0.976680	0.003027	0.004562
46	LdDocent_Contig_161_8	1	2	0.002147	0.023320	0.003027	0.004562
47	LdDocent_Contig_352_434	0	1	0.893032	0.996667	0.020461	0.001794
47	LdDocent_Contig_352_434	1	2	0.106968	0.003333	0.020461	0.001794
48	LdDocent_Contig_20889_81	0	1	0.997427	0.983618	0.003524	0.003909
48	LdDocent_Contig_20889_81	1	2	0.002573	0.016382	0.003524	0.003909
49	LdDocent_Contig_328_71	0	1	0.928990	0.993765	0.016663	0.002426
49	LdDocent_Contig_328_71	1	2	0.071010	0.006235	0.016663	0.002426
50	LdDocent_Contig_531_334	0	1	0.998033	0.992127	0.002771	0.002688
50	LdDocent_Contig_531_334	1	2	0.001967	0.007873	0.002771	0.002688
51	LdDocent_Contig_27_441	0	1	0.057302	0.997921	0.014991	0.001316
51	LdDocent_Contig_27_441	1	2	0.942698	0.002079	0.014991	0.001316
52	LdDocent_Contig_80193_479	0	1	0.997923	0.980965	0.002928	0.004064
52	LdDocent_Contig_80193_479	1	2	0.002077	0.019035	0.002928	0.004064
53	LdDocent_Contig_232_19	0	1	0.945405	0.998691	0.013921	0.001067
53	LdDocent_Contig_232_19	1	2	0.054595	0.001309	0.013921	0.001067
54	LdDocent_Contig_2685_326	0	1	0.997981	0.935041	0.002844	0.007290
54	LdDocent_Contig_2685_326	1	2	0.002019	0.064959	0.002844	0.007290
55	LdDocent_Contig_1523_70	0	1	0.997936	0.993113	0.002909	0.002503
55	LdDocent_Contig_1523_70	1	2	0.002064	0.006887	0.002909	0.002503
56	LdDocent_Contig_12899_65	0	1	0.997969	0.514102	0.002859	0.014753
56	LdDocent_Contig_12899_65	1	2	0.002031	0.485898	0.002859	0.014753
57	LdDocent_Contig_1772_121	0	1	0.975832	0.989453	0.010157	0.003090
57	LdDocent_Contig_1772_121	1	2	0.024168	0.010547	0.010157	0.003090
58	LdDocent_Contig_85680_59	0	1	0.997890	0.990071	0.002974	0.003046
58	LdDocent_Contig_85680_59	1	2	0.002110	0.009929	0.002974	0.003046
59	LdDocent_Contig_77008_93	0	1	0.878362	0.999583	0.029845	0.000587
59	LdDocent_Contig_77008_93	1	2	0.121638	0.000417	0.029845	0.000587
60	LdDocent_Contig_1960_27	0	1	0.404629	0.996369	0.043108	0.001859
60	LdDocent_Contig_1960_27	1	2	0.595371	0.003631	0.043108	0.001859
61	LdDocent_Contig_12505_264	0	1	0.997893	0.991706	0.002971	0.002829
61	LdDocent_Contig_12505_264	1	2	0.002107	0.008294	0.002971	0.002829
62	LdDocent_Contig_9270_28	0	1	0.997958	0.992519	0.002879	0.002556
62	LdDocent_Contig_9270_28	1	2	0.002042	0.007481	0.002879	0.002556
63	LdDocent_Contig_75654_418	0	1	0.997648	0.960003	0.003316	0.006225
63	LdDocent_Contig_75654_418	1	2	0.002352	0.039997	0.003316	0.006225
64	LdDocent_Contig_2279_346	0	1	0.997847	0.987926	0.003041	0.003267
64	LdDocent_Contig_2279_346	1	2	0.002153	0.012074	0.003041	0.003267
65	LdDocent_Contig_1787_380	0	1	0.851745	0.999576	0.021775	0.000599
65	LdDocent_Contig_1787_380	1	2	0.148255	0.000424	0.021775	0.000599
66	LdDocent_Contig_35118_44	0	1	0.998024	0.975108	0.002779	0.004687
66	LdDocent_Contig_35118_44	1	2	0.001976	0.024892	0.002779	0.004687
67	LdDocent_Contig_15456_449	0	1	0.990017	0.971053	0.006279	0.005255
67	LdDocent_Contig_15456_449	1	2	0.009983	0.028947	0.006279	0.005255
68	LdDocent_Contig_671_38	0	1	0.007005	0.987754	0.005550	0.003451
68	LdDocent_Contig_671_38	1	2	0.992995	0.012246	0.005550	0.003451
69	LdDocent_Contig_66831_458	0	1	0.997666	0.934836	0.003289	0.007783
69	LdDocent_Contig_66831_458	1	2	0.002334	0.065164	0.003289	0.007783
70	LdDocent_Contig_2311_20	0	1	0.966041	0.999505	0.011433	0.000699
70	LdDocent_Contig_2311_20	1	2	0.033959	0.000495	0.011433	0.000699
71	LdDocent_Contig_6159_50	0	1	0.954017	0.989576	0.013903	0.003194
71	LdDocent_Contig_6159_50	1	2	0.045983	0.010424	0.013903	0.003194
72	LdDocent_Contig_13_96	0	1	0.985460	0.985905	0.007707	0.003674
72	LdDocent_Contig_13_96	1	2	0.014540	0.014095	0.007707	0.003674
73	LdDocent_Contig_3848_142	0	1	0.996773	0.964110	0.004539	0.005757
73	LdDocent_Contig_3848_142	1	2	0.003227	0.035890	0.004539	0.005757
74	LdDocent_Contig_386_67	0	1	0.010567	0.997166	0.006623	0.001732
74	LdDocent_Contig_386_67	1	2	0.989433	0.002834	0.006623	0.001732
75	LdDocent_Contig_15841_367	0	1	0.997922	0.984630	0.002936	0.003750
75	LdDocent_Contig_15841_367	1	2	0.002078	0.015370	0.002936	0.003750
76	LdDocent_Contig_2682_379	0	1	0.936881	0.999454	0.015590	0.000767
76	LdDocent_Contig_2682_379	1	2	0.063119	0.000546	0.015590	0.000767
77	LdDocent_Contig_1491_123	0	1	0.958225	0.997504	0.014011	0.001574
77	LdDocent_Contig_1491_123	1	2	0.041775	0.002496	0.014011	0.001574
78	LdDocent_Contig_52714_9	0	1	0.994294	0.990835	0.004638	0.002815
78	LdDocent_Contig_52714_9	1	2	0.005706	0.009165	0.004638	0.002815
79	LdDocent_Contig_60398_404	0	1	0.392628	0.790759	0.030191	0.012517
79	LdDocent_Contig_60398_404	1	2	0.607372	0.209241	0.030191	0.012517
80	LdDocent_Contig_315_366	0	1	0.997907	0.988403	0.002952	0.003263
80	LdDocent_Contig_315_366	1	2	0.002093	0.011597	0.002952	0.003263
81	LdDocent_Contig_59308_379	0	1	0.995913	0.993037	0.005741	0.002534
81	LdDocent_Contig_59308_379	1	2	0.004087	0.006963	0.005741	0.002534
82	LdDocent_Contig_89006_20	0	1	0.877092	0.997811	0.020476	0.001410
82	LdDocent_Contig_89006_20	1	2	0.122908	0.002189	0.020476	0.001410
83	LdDocent_Contig_63_36	0	1	0.948365	0.998731	0.013650	0.001035
83	LdDocent_Contig_63_36	1	2	0.051635	0.001269	0.013650	0.001035
84	LdDocent_Contig_5062_362	0	2	0.992857	0.980185	0.009985	0.004044
84	LdDocent_Contig_5062_362	1	1	0.007143	0.019815	0.009985	0.004044
85	LdDocent_Contig_1962_36	0	1	0.997724	0.988499	0.003208	0.003369
85	LdDocent_Contig_1962_36	1	2	0.002276	0.011501	0.003208	0.003369
86	LdDocent_Contig_1715_437	0	1	0.997734	0.986941	0.003186	0.003667
86	LdDocent_Contig_1715_437	1	2	0.002266	0.013059	0.003186	0.003667
87	LdDocent_Contig_65311_356	0	1	0.997220	0.959005	0.003857	0.006408
87	LdDocent_Contig_65311_356	1	2	0.002780	0.040995	0.003857	0.006408
88	LdDocent_Contig_8446_432	0	1	0.997866	0.992806	0.003005	0.002618
88	LdDocent_Contig_8446_432	1	2	0.002134	0.007194	0.003005	0.002618
89	LdDocent_Contig_1135_355	0	1	0.722139	0.591605	0.044213	0.014289
89	LdDocent_Contig_1135_355	1	2	0.277861	0.408395	0.044213	0.014289
90	LdDocent_Contig_2910_508	0	1	0.997479	0.984057	0.003552	0.003887
90	LdDocent_Contig_2910_508	1	2	0.002521	0.015943	0.003552	0.003887
91	LdDocent_Contig_71230_13	0	1	0.997981	0.991109	0.002845	0.002871
91	LdDocent_Contig_71230_13	1	2	0.002019	0.008891	0.002845	0.002871
92	LdDocent_Contig_71940_163	0	1	0.997750	0.981810	0.003113	0.004098
92	LdDocent_Contig_71940_163	1	2	0.002250	0.018190	0.003113	0.004098
93	LdDocent_Contig_7959_407	0	1	0.869829	0.999532	0.021936	0.000661
93	LdDocent_Contig_7959_407	1	2	0.130171	0.000468	0.021936	0.000661
94	LdDocent_Contig_14851_408	0	1	0.996845	0.961051	0.004248	0.006012
94	LdDocent_Contig_14851_408	1	2	0.003155	0.038949	0.004248	0.006012
95	LdDocent_Contig_15667_369	0	1	0.980347	0.993023	0.009151	0.002537
95	LdDocent_Contig_15667_369	1	2	0.019653	0.006977	0.009151	0.002537
96	LdDocent_Contig_801_381	0	1	0.977590	0.990221	0.013965	0.003002
96	LdDocent_Contig_801_381	1	2	0.022410	0.009779	0.013965	0.003002
97	LdDocent_Contig_9871_137	0	1	0.997807	0.984583	0.003072	0.003667
97	LdDocent_Contig_9871_137	1	2	0.002193	0.015417	0.003072	0.003667
98	LdDocent_Contig_87_326	0	1	0.998066	0.977619	0.002724	0.004380
98	LdDocent_Contig_87_326	1	2	0.001934	0.022381	0.002724	0.004380
99	LdDocent_Contig_1872_41	0	1	0.992757	0.931981	0.005851	0.007718
99	LdDocent_Contig_1872_41	1	2	0.007243	0.068019	0.005851	0.007718
100	LdDocent_Contig_14601_331	0	1	0.998052	0.990121	0.002751	0.003031
100	LdDocent_Contig_14601_331	1	2	0.001948	0.009879	0.002751	0.003031
101	LdDocent_Contig_6302_85	0	1	0.997271	0.978754	0.003846	0.004531
101	LdDocent_Contig_6302_85	1	2	0.002729	0.021246	0.003846	0.004531
102	LdDocent_Contig_969_369	0	1	0.969370	0.999541	0.011000	0.000648
102	LdDocent_Contig_969_369	1	2	0.030630	0.000459	0.011000	0.000648
103	LdDocent_Contig_5911_120	0	1	0.997456	0.989867	0.003588	0.003109
103	LdDocent_Contig_5911_120	1	2	0.002544	0.010133	0.003588	0.003109
104	LdDocent_Contig_96111_324	0	1	0.987373	0.985366	0.007607	0.003773
104	LdDocent_Contig_96111_324	1	2	0.012627	0.014634	0.007607	0.003773
105	LdDocent_Contig_6240_352	0	1	0.993780	0.942899	0.005082	0.007075
105	LdDocent_Contig_6240_352	1	2	0.006220	0.057101	0.005082	0.007075
106	LdDocent_Contig_11569_119	0	1	0.976458	0.914702	0.009856	0.008448
106	LdDocent_Contig_11569_119	1	2	0.023542	0.085298	0.009856	0.008448
107	LdDocent_Contig_35977_139	0	1	0.997780	0.933194	0.003121	0.007432
107	LdDocent_Contig_35977_139	1	2	0.002220	0.066806	0.003121	0.007432
108	LdDocent_Contig_268_139	0	1	0.898754	0.999534	0.019757	0.000657
108	LdDocent_Contig_268_139	1	2	0.101246	0.000466	0.019757	0.000657
109	LdDocent_Contig_11759_29	0	1	0.992360	0.980888	0.006243	0.004179
109	LdDocent_Contig_11759_29	1	2	0.007640	0.019112	0.006243	0.004179
110	LdDocent_Contig_38846_389	0	1	0.997975	0.962620	0.002847	0.005569
110	LdDocent_Contig_38846_389	1	2	0.002025	0.037380	0.002847	0.005569
111	LdDocent_Contig_93959_359	0	1	0.993442	0.981201	0.005328	0.004222
111	LdDocent_Contig_93959_359	1	2	0.006558	0.018799	0.005328	0.004222
112	LdDocent_Contig_182_378	0	1	0.872768	0.999511	0.022229	0.000691
112	LdDocent_Contig_182_378	1	2	0.127232	0.000489	0.022229	0.000691
113	LdDocent_Contig_71732_419	0	1	0.997713	0.947824	0.003204	0.006765
113	LdDocent_Contig_71732_419	1	2	0.002287	0.052176	0.003204	0.006765
114	LdDocent_Contig_536_406	0	1	0.997870	0.986954	0.002999	0.003522
114	LdDocent_Contig_536_406	1	2	0.002130	0.013046	0.002999	0.003522
115	LdDocent_Contig_1186_486	0	1	0.997680	0.991529	0.003264	0.002889
115	LdDocent_Contig_1186_486	1	2	0.002320	0.008471	0.003264	0.002889
116	LdDocent_Contig_7527_139	0	1	0.997817	0.962099	0.003057	0.005921
116	LdDocent_Contig_7527_139	1	2	0.002183	0.037901	0.003057	0.005921
117	LdDocent_Contig_1725_44	0	1	0.910408	0.999482	0.019363	0.000732
117	LdDocent_Contig_1725_44	1	2	0.089592	0.000518	0.019363	0.000732
118	LdDocent_Contig_64815_411	0	1	0.997604	0.960410	0.003368	0.006177
118	LdDocent_Contig_64815_411	1	2	0.002396	0.039590	0.003368	0.006177
119	LdDocent_Contig_1862_110	0	1	0.997935	0.936442	0.002911	0.007490
119	LdDocent_Contig_1862_110	1	2	0.002065	0.063558	0.002911	0.007490
120	LdDocent_Contig_377_384	0	1	0.994025	0.994053	0.004851	0.002325
120	LdDocent_Contig_377_384	1	2	0.005975	0.005947	0.004851	0.002325
121	LdDocent_Contig_29834_411	0	1	0.990019	0.985775	0.006268	0.003588
121	LdDocent_Contig_29834_411	1	2	0.009981	0.014225	0.006268	0.003588
122	LdDocent_Contig_31605_106	0	1	0.011602	0.286307	0.007268	0.014332
122	LdDocent_Contig_31605_106	1	2	0.988398	0.713693	0.007268	0.014332
123	LdDocent_Contig_530_20	0	1	0.997498	0.942909	0.003514	0.007449
123	LdDocent_Contig_530_20	1	2	0.002502	0.057091	0.003514	0.007449
124	LdDocent_Contig_31023_420	0	1	0.967997	0.999529	0.011466	0.000664
124	LdDocent_Contig_31023_420	1	2	0.032003	0.000471	0.011466	0.000664
125	LdDocent_Contig_60478_342	0	1	0.998231	0.950691	0.002494	0.006124
125	LdDocent_Contig_60478_342	1	2	0.001769	0.049309	0.002494	0.006124
126	LdDocent_Contig_3016_389	0	1	0.977532	0.993344	0.018052	0.002423
126	LdDocent_Contig_3016_389	1	2	0.022468	0.006656	0.018052	0.002423
127	LdDocent_Contig_81533_58	0	1	0.997351	0.988115	0.003577	0.003249
127	LdDocent_Contig_81533_58	1	2	0.002649	0.011885	0.003577	0.003249
128	LdDocent_Contig_22591_94	0	1	0.996120	0.985530	0.005455	0.003648
128	LdDocent_Contig_22591_94	1	2	0.003880	0.014470	0.005455	0.003648
129	LdDocent_Contig_772_430	0	1	0.997574	0.978774	0.003405	0.004641
129	LdDocent_Contig_772_430	1	2	0.002426	0.021226	0.003405	0.004641
130	LdDocent_Contig_6450_44	0	1	0.998122	0.976899	0.002652	0.004345
130	LdDocent_Contig_6450_44	1	2	0.001878	0.023101	0.002652	0.004345
131	LdDocent_Contig_6262_459	0	1	0.978634	0.980463	0.018206	0.004080
131	LdDocent_Contig_6262_459	1	2	0.021366	0.019537	0.018206	0.004080
132	LdDocent_Contig_2980_390	0	1	0.993386	0.833039	0.005369	0.011808
132	LdDocent_Contig_2980_390	1	2	0.006614	0.166961	0.005369	0.011808
133	LdDocent_Contig_2521_375	0	1	0.694220	0.991313	0.029742	0.002806
133	LdDocent_Contig_2521_375	1	2	0.305780	0.008687	0.029742	0.002806
134	LdDocent_Contig_50746_30	0	1	0.758361	0.844968	0.026995	0.011008
134	LdDocent_Contig_50746_30	1	2	0.241639	0.155032	0.026995	0.011008
135	LdDocent_Contig_34839_463	0	1	0.997481	0.991889	0.003557	0.002770
135	LdDocent_Contig_34839_463	1	2	0.002519	0.008111	0.003557	0.002770
136	LdDocent_Contig_91203_358	0	1	0.007475	0.997598	0.005783	0.001491
136	LdDocent_Contig_91203_358	1	2	0.992525	0.002402	0.005783	0.001491
137	LdDocent_Contig_1585_417	0	1	0.997769	0.870095	0.003137	0.010394
137	LdDocent_Contig_1585_417	1	2	0.002231	0.129905	0.003137	0.010394
138	LdDocent_Contig_68003_459	0	1	0.997638	0.986262	0.003331	0.003711
138	LdDocent_Contig_68003_459	1	2	0.002362	0.013738	0.003331	0.003711
139	LdDocent_Contig_73912_413	0	1	0.997731	0.972952	0.003199	0.005181
139	LdDocent_Contig_73912_413	1	2	0.002269	0.027048	0.003199	0.005181
140	LdDocent_Contig_1796_61	0	1	0.969471	0.999544	0.010962	0.000645
140	LdDocent_Contig_1796_61	1	2	0.030529	0.000456	0.010962	0.000645
141	LdDocent_Contig_2527_386	0	1	0.898244	0.999563	0.019066	0.000617
141	LdDocent_Contig_2527_386	1	2	0.101756	0.000437	0.019066	0.000617
142	LdDocent_Contig_83082_314	0	1	0.998069	0.988253	0.002724	0.003176
142	LdDocent_Contig_83082_314	1	2	0.001931	0.011747	0.002724	0.003176
143	LdDocent_Contig_95160_18	0	1	0.973333	0.997517	0.010509	0.001565
143	LdDocent_Contig_95160_18	1	2	0.026667	0.002483	0.010509	0.001565
144	LdDocent_Contig_6471_364	0	1	0.860695	0.981575	0.023007	0.004239
144	LdDocent_Contig_6471_364	1	2	0.139305	0.018425	0.023007	0.004239
145	LdDocent_Contig_26523_388	0	1	0.990693	0.957018	0.007147	0.006158
145	LdDocent_Contig_26523_388	1	2	0.009307	0.042982	0.007147	0.006158
146	LdDocent_Contig_3899_397	0	1	0.997900	0.980400	0.002964	0.004281
146	LdDocent_Contig_3899_397	1	2	0.002100	0.019600	0.002964	0.004281
147	LdDocent_Contig_36449_103	0	1	0.998072	0.991656	0.002724	0.002692
147	LdDocent_Contig_36449_103	1	2	0.001928	0.008344	0.002724	0.002692
148	LdDocent_Contig_14127_482	0	1	0.997958	0.992200	0.002878	0.002662
148	LdDocent_Contig_14127_482	1	2	0.002042	0.007800	0.002878	0.002662
149	LdDocent_Contig_88_383	0	1	0.792334	0.998758	0.024378	0.001027
149	LdDocent_Contig_88_383	1	2	0.207666	0.001242	0.024378	0.001027
150	LdDocent_Contig_848_442	0	1	0.008175	0.991673	0.006519	0.002854
150	LdDocent_Contig_848_442	1	2	0.991825	0.008327	0.006519	0.002854
151	LdDocent_Contig_11_43	0	1	0.997715	0.941385	0.003211	0.007035
151	LdDocent_Contig_11_43	1	2	0.002285	0.058615	0.003211	0.007035
152	LdDocent_Contig_65667_417	0	1	0.942680	0.998666	0.014593	0.001089
152	LdDocent_Contig_65667_417	1	2	0.057320	0.001334	0.014593	0.001089
153	LdDocent_Contig_930_502	0	1	0.993704	0.984042	0.005114	0.003890
153	LdDocent_Contig_930_502	1	2	0.006296	0.015958	0.005114	0.003890
154	LdDocent_Contig_7258_69	0	1	0.998092	0.986953	0.002692	0.003403
154	LdDocent_Contig_7258_69	1	2	0.001908	0.013047	0.002692	0.003403
155	LdDocent_Contig_2465_75	0	1	0.997935	0.985191	0.002913	0.003617
155	LdDocent_Contig_2465_75	1	2	0.002065	0.014809	0.002913	0.003617
156	LdDocent_Contig_23271_45	0	1	0.997751	0.976869	0.003160	0.004629
156	LdDocent_Contig_23271_45	1	2	0.002249	0.023131	0.003160	0.004629
157	LdDocent_Contig_55029_69	0	1	0.994020	0.993143	0.004854	0.002494
157	LdDocent_Contig_55029_69	1	2	0.005980	0.006857	0.004854	0.002494
158	LdDocent_Contig_7318_394	0	1	0.997839	0.989087	0.003045	0.003203
158	LdDocent_Contig_7318_394	1	2	0.002161	0.010913	0.003045	0.003203
159	LdDocent_Contig_11501_28	0	1	0.997771	0.991454	0.003143	0.002916
159	LdDocent_Contig_11501_28	1	2	0.002229	0.008546	0.003143	0.002916
160	LdDocent_Contig_92340_422	0	1	0.974142	0.887247	0.009983	0.009394
160	LdDocent_Contig_92340_422	1	2	0.025858	0.112753	0.009983	0.009394
161	LdDocent_Contig_17_131	0	1	0.905216	0.999513	0.019016	0.000686
161	LdDocent_Contig_17_131	1	2	0.094784	0.000487	0.019016	0.000686
162	LdDocent_Contig_94380_460	0	1	0.993993	0.993380	0.004880	0.002411
162	LdDocent_Contig_94380_460	1	2	0.006007	0.006620	0.004880	0.002411
163	LdDocent_Contig_93348_98	0	1	0.864899	0.997441	0.021692	0.001633
163	LdDocent_Contig_93348_98	1	2	0.135101	0.002559	0.021692	0.001633
164	LdDocent_Contig_94363_340	0	1	0.610340	0.978631	0.030279	0.004363
164	LdDocent_Contig_94363_340	1	2	0.389660	0.021369	0.030279	0.004363
165	LdDocent_Contig_55987_437	0	1	0.997998	0.974446	0.002819	0.004804
165	LdDocent_Contig_55987_437	1	2	0.002002	0.025554	0.002819	0.004804
166	LdDocent_Contig_24056_402	0	1	0.997973	0.986130	0.002863	0.003496
166	LdDocent_Contig_24056_402	1	2	0.002027	0.013870	0.002863	0.003496
167	LdDocent_Contig_1309_352	0	1	0.947639	0.883593	0.013852	0.009493
167	LdDocent_Contig_1309_352	1	2	0.052361	0.116407	0.013852	0.009493
168	LdDocent_Contig_6156_336	0	1	0.997859	0.965812	0.003020	0.005485
168	LdDocent_Contig_6156_336	1	2	0.002141	0.034188	0.003020	0.005485
169	LdDocent_Contig_68153_66	0	2	0.578883	0.387216	0.032561	0.014985
169	LdDocent_Contig_68153_66	1	1	0.421117	0.612784	0.032561	0.014985
170	LdDocent_Contig_13066_328	0	1	0.917757	0.960575	0.019359	0.005728
170	LdDocent_Contig_13066_328	1	2	0.082243	0.039425	0.019359	0.005728
171	LdDocent_Contig_37945_58	0	1	0.572642	0.997748	0.032942	0.001425
171	LdDocent_Contig_37945_58	1	2	0.427358	0.002252	0.032942	0.001425
172	LdDocent_Contig_2297_131	0	1	0.997902	0.991490	0.002960	0.002749
172	LdDocent_Contig_2297_131	1	2	0.002098	0.008510	0.002960	0.002749
173	LdDocent_Contig_18259_310	0	1	0.676738	0.999478	0.031887	0.000736
173	LdDocent_Contig_18259_310	1	2	0.323262	0.000522	0.031887	0.000736
174	LdDocent_Contig_1068_369	0	1	0.998033	0.981158	0.002779	0.004024
174	LdDocent_Contig_1068_369	1	2	0.001967	0.018842	0.002779	0.004024
175	LdDocent_Contig_56_82	0	1	0.998108	0.986114	0.002666	0.003395
175	LdDocent_Contig_56_82	1	2	0.001892	0.013886	0.002666	0.003395
176	LdDocent_Contig_36985_77	0	1	0.997935	0.992099	0.002916	0.002695
176	LdDocent_Contig_36985_77	1	2	0.002065	0.007901	0.002916	0.002695
177	LdDocent_Contig_51380_365	0	1	0.997772	0.981092	0.003144	0.004242
177	LdDocent_Contig_51380_365	1	2	0.002228	0.018908	0.003144	0.004242
178	LdDocent_Contig_526_74	0	1	0.997986	0.948439	0.002836	0.006411
178	LdDocent_Contig_526_74	1	2	0.002014	0.051561	0.002836	0.006411
179	LdDocent_Contig_6917_113	0	1	0.919229	0.999529	0.017989	0.000667
179	LdDocent_Contig_6917_113	1	2	0.080771	0.000471	0.017989	0.000667
180	LdDocent_Contig_3687_307	0	1	0.997737	0.967010	0.003187	0.005443
180	LdDocent_Contig_3687_307	1	2	0.002263	0.032990	0.003187	0.005443
181	LdDocent_Contig_199_70	0	1	0.943209	0.999515	0.015000	0.000684
181	LdDocent_Contig_199_70	1	2	0.056791	0.000485	0.015000	0.000684
182	LdDocent_Contig_858_335	0	1	0.997637	0.775980	0.003326	0.013061
182	LdDocent_Contig_858_335	1	2	0.002363	0.224020	0.003326	0.013061
183	LdDocent_Contig_1589_34	0	1	0.997630	0.985968	0.003341	0.003541
183	LdDocent_Contig_1589_34	1	2	0.002370	0.014032	0.003341	0.003541
184	LdDocent_Contig_1792_462	0	1	0.827106	0.997717	0.025343	0.001440
184	LdDocent_Contig_1792_462	1	2	0.172894	0.002283	0.025343	0.001440
185	LdDocent_Contig_265_37	0	1	0.990484	0.957199	0.007332	0.006327
185	LdDocent_Contig_265_37	1	2	0.009516	0.042801	0.007332	0.006327
186	LdDocent_Contig_13789_391	0	1	0.952577	0.977425	0.013994	0.004494
186	LdDocent_Contig_13789_391	1	2	0.047423	0.022575	0.013994	0.004494
187	LdDocent_Contig_62090_9	0	1	0.828305	0.994701	0.026603	0.002251
187	LdDocent_Contig_62090_9	1	2	0.171695	0.005299	0.026603	0.002251
188	LdDocent_Contig_318_421	0	1	0.997416	0.983743	0.003538	0.003769
188	LdDocent_Contig_318_421	1	2	0.002584	0.016257	0.003538	0.003769
189	LdDocent_Contig_898_130	0	1	0.998078	0.990023	0.002709	0.002927
189	LdDocent_Contig_898_130	1	2	0.001922	0.009977	0.002709	0.002927
190	LdDocent_Contig_8351_306	0	1	0.997885	0.820925	0.002981	0.011864
190	LdDocent_Contig_8351_306	1	2	0.002115	0.179075	0.002981	0.011864
191	LdDocent_Contig_1284_68	0	1	0.998017	0.990996	0.002795	0.002909
191	LdDocent_Contig_1284_68	1	2	0.001983	0.009004	0.002795	0.002909
192	LdDocent_Contig_52702_107	0	1	0.997778	0.991352	0.003130	0.002948
192	LdDocent_Contig_52702_107	1	2	0.002222	0.008648	0.003130	0.002948
193	LdDocent_Contig_5775_134	0	1	0.997933	0.992218	0.002913	0.002659
193	LdDocent_Contig_5775_134	1	2	0.002067	0.007782	0.002913	0.002659
194	LdDocent_Contig_27021_10	0	1	0.997371	0.991011	0.003699	0.002760
194	LdDocent_Contig_27021_10	1	2	0.002629	0.008989	0.003699	0.002760
195	LdDocent_Contig_656_65	0	2	0.990018	0.814867	0.006270	0.011440
195	LdDocent_Contig_656_65	1	1	0.009982	0.185133	0.006270	0.011440
196	LdDocent_Contig_8958_53	0	1	0.997765	0.977752	0.003153	0.004635
196	LdDocent_Contig_8958_53	1	2	0.002235	0.022248	0.003153	0.004635
197	LdDocent_Contig_29609_376	0	1	0.997817	0.988916	0.003086	0.003247
197	LdDocent_Contig_29609_376	1	2	0.002183	0.011084	0.003086	0.003247
198	LdDocent_Contig_32966_385	0	1	0.997838	0.976911	0.003042	0.004523
198	LdDocent_Contig_32966_385	1	2	0.002162	0.023089	0.003042	0.004523
199	LdDocent_Contig_59140_385	0	1	0.997803	0.961186	0.003097	0.006143
199	LdDocent_Contig_59140_385	1	2	0.002197	0.038814	0.003097	0.006143
