UponCompletionOf_1000000_sweeps
LocNumber LocName AlleleNumber AlleleName FreqInPop0 FreqInPop1 SDInPop0 SDinPop1
0	LdDocent_Contig_1573_343	0	1	0.993389	0.946076	0.005375	0.007036
0	LdDocent_Contig_1573_343	1	2	0.006611	0.053924	0.005375	0.007036
1	LdDocent_Contig_87373_403	0	1	0.997652	0.967087	0.003297	0.005680
1	LdDocent_Contig_87373_403	1	2	0.002348	0.032913	0.003297	0.005680
2	LdDocent_Contig_92730_110	0	1	0.993883	0.974142	0.004970	0.004696
2	LdDocent_Contig_92730_110	1	2	0.006117	0.025858	0.004970	0.004696
3	LdDocent_Contig_1206_464	0	1	0.992871	0.983779	0.005740	0.003986
3	LdDocent_Contig_1206_464	1	2	0.007129	0.016221	0.005740	0.003986
4	LdDocent_Contig_29501_373	0	1	0.997973	0.992930	0.002851	0.002569
4	LdDocent_Contig_29501_373	1	2	0.002027	0.007070	0.002851	0.002569
5	LdDocent_Contig_5360_85	0	1	0.997708	0.979349	0.003187	0.004226
5	LdDocent_Contig_5360_85	1	2	0.002292	0.020651	0.003187	0.004226
6	LdDocent_Contig_2980_390	0	1	0.993286	0.833289	0.005446	0.011788
6	LdDocent_Contig_2980_390	1	2	0.006714	0.166711	0.005446	0.011788
7	LdDocent_Contig_6252_341	0	1	0.997858	0.952080	0.003019	0.006726
7	LdDocent_Contig_6252_341	1	2	0.002142	0.047920	0.003019	0.006726
8	LdDocent_Contig_22232_67	0	1	0.966273	0.999498	0.012070	0.000709
8	LdDocent_Contig_22232_67	1	2	0.033727	0.000502	0.012070	0.000709
9	LdDocent_Contig_74432_382	0	1	0.993305	0.897151	0.005431	0.009266
9	LdDocent_Contig_74432_382	1	2	0.006695	0.102849	0.005431	0.009266
10	LdDocent_Contig_15323_432	0	1	0.979946	0.992921	0.009335	0.002575
10	LdDocent_Contig_15323_432	1	2	0.020054	0.007079	0.009335	0.002575
11	LdDocent_Contig_1232_390	0	1	0.965032	0.999539	0.011771	0.000651
11	LdDocent_Contig_1232_390	1	2	0.034968	0.000461	0.011771	0.000651
12	LdDocent_Contig_748_8	0	1	0.997855	0.985284	0.003012	0.003714
12	LdDocent_Contig_748_8	1	2	0.002145	0.014716	0.003012	0.003714
13	LdDocent_Contig_1724_19	0	1	0.997922	0.983323	0.002930	0.003842
13	LdDocent_Contig_1724_19	1	2	0.002078	0.016677	0.002930	0.003842
14	LdDocent_Contig_2523_454	0	1	0.997998	0.993395	0.002823	0.002402
14	LdDocent_Contig_2523_454	1	2	0.002002	0.006605	0.002823	0.002402
15	LdDocent_Contig_8151_404	0	1	0.997727	0.992502	0.003202	0.002724
15	LdDocent_Contig_8151_404	1	2	0.002273	0.007498	0.003202	0.002724
16	LdDocent_Contig_7275_365	0	1	0.943615	0.966184	0.014458	0.005467
16	LdDocent_Contig_7275_365	1	2	0.056385	0.033816	0.014458	0.005467
17	LdDocent_Contig_20999_406	0	1	0.990083	0.950738	0.008031	0.006511
17	LdDocent_Contig_20999_406	1	2	0.009917	0.049262	0.008031	0.006511
18	LdDocent_Contig_1011_519	0	1	0.594651	0.999518	0.034271	0.000680
18	LdDocent_Contig_1011_519	1	2	0.405349	0.000482	0.034271	0.000680
19	LdDocent_Contig_36808_102	0	1	0.997170	0.987628	0.003980	0.003352
19	LdDocent_Contig_36808_102	1	2	0.002830	0.012372	0.003980	0.003352
20	LdDocent_Contig_35645_389	0	1	0.973123	0.998668	0.010385	0.001093
20	LdDocent_Contig_35645_389	1	2	0.026877	0.001332	0.010385	0.001093
21	LdDocent_Contig_1393_47	0	1	0.921768	0.998433	0.017013	0.001278
21	LdDocent_Contig_1393_47	1	2	0.078232	0.001567	0.017013	0.001278
22	LdDocent_Contig_6165_441	0	1	0.098243	0.983498	0.019924	0.004028
22	LdDocent_Contig_6165_441	1	2	0.901757	0.016502	0.019924	0.004028
23	LdDocent_Contig_56486_405	0	1	0.399026	0.994592	0.031830	0.002300
23	LdDocent_Contig_56486_405	1	2	0.600974	0.005408	0.031830	0.002300
24	LdDocent_Contig_80646_404	0	1	0.993193	0.988544	0.005526	0.003358
24	LdDocent_Contig_80646_404	1	2	0.006807	0.011456	0.005526	0.003358
25	LdDocent_Contig_5625_436	0	1	0.948247	0.999566	0.013696	0.000613
25	LdDocent_Contig_5625_436	1	2	0.051753	0.000434	0.013696	0.000613
26	LdDocent_Contig_12842_432	0	1	0.988235	0.980727	0.007378	0.004211
26	LdDocent_Contig_12842_432	1	2	0.011765	0.019273	0.007378	0.004211
27	LdDocent_Contig_1811_365	0	1	0.997972	0.993336	0.002861	0.002424
27	LdDocent_Contig_1811_365	1	2	0.002028	0.006664	0.002861	0.002424
28	LdDocent_Contig_18_354	0	1	0.013199	0.994757	0.007332	0.002134
28	LdDocent_Contig_18_354	1	2	0.986801	0.005243	0.007332	0.002134
29	LdDocent_Contig_83756_395	0	1	0.990191	0.994375	0.006164	0.002196
29	LdDocent_Contig_83756_395	1	2	0.009809	0.005625	0.006164	0.002196
30	LdDocent_Contig_292_140	0	1	0.996201	0.873873	0.004608	0.010199
30	LdDocent_Contig_292_140	1	2	0.003799	0.126127	0.004608	0.010199
31	LdDocent_Contig_38898_83	0	1	0.997757	0.955334	0.003154	0.006394
31	LdDocent_Contig_38898_83	1	2	0.002243	0.044666	0.003154	0.006394
32	LdDocent_Contig_1715_437	0	1	0.997727	0.986941	0.003202	0.003667
32	LdDocent_Contig_1715_437	1	2	0.002273	0.013059	0.003202	0.003667
33	LdDocent_Contig_13621_496	0	1	0.996127	0.992179	0.005449	0.002671
33	LdDocent_Contig_13621_496	1	2	0.003873	0.007821	0.005449	0.002671
34	LdDocent_Contig_77421_22	0	1	0.993538	0.989173	0.005244	0.003044
34	LdDocent_Contig_77421_22	1	2	0.006462	0.010827	0.005244	0.003044
35	LdDocent_Contig_2616_388	0	1	0.998171	0.978852	0.002582	0.004064
35	LdDocent_Contig_2616_388	1	2	0.001829	0.021148	0.002582	0.004064
36	LdDocent_Contig_14107_449	0	1	0.997847	0.987666	0.003034	0.003467
36	LdDocent_Contig_14107_449	1	2	0.002153	0.012334	0.003034	0.003467
37	LdDocent_Contig_82617_50	0	1	0.997651	0.992124	0.003309	0.002690
37	LdDocent_Contig_82617_50	1	2	0.002349	0.007876	0.003309	0.002690
38	LdDocent_Contig_80797_118	0	1	0.986172	0.990182	0.007340	0.002880
38	LdDocent_Contig_80797_118	1	2	0.013828	0.009818	0.007340	0.002880
39	LdDocent_Contig_62238_328	0	1	0.997655	0.986383	0.003303	0.003676
39	LdDocent_Contig_62238_328	1	2	0.002345	0.013617	0.003303	0.003676
40	LdDocent_Contig_2075_487	0	1	0.997716	0.993217	0.003217	0.002651
40	LdDocent_Contig_2075_487	1	2	0.002284	0.006783	0.003217	0.002651
41	LdDocent_Contig_755_490	0	1	0.997817	0.974960	0.003076	0.004898
41	LdDocent_Contig_755_490	1	2	0.002183	0.025040	0.003076	0.004898
42	LdDocent_Contig_9214_428	0	1	0.995440	0.756553	0.005572	0.013291
42	LdDocent_Contig_9214_428	1	2	0.004560	0.243447	0.005572	0.013291
43	LdDocent_Contig_66057_9	0	1	0.994080	0.992019	0.004816	0.002721
43	LdDocent_Contig_66057_9	1	2	0.005920	0.007981	0.004816	0.002721
44	LdDocent_Contig_1503_489	0	1	0.918369	0.999554	0.020513	0.000630
44	LdDocent_Contig_1503_489	1	2	0.081631	0.000446	0.020513	0.000630
45	LdDocent_Contig_870_53	0	1	0.997697	0.887856	0.003242	0.009704
45	LdDocent_Contig_870_53	1	2	0.002303	0.112144	0.003242	0.009704
46	LdDocent_Contig_93081_398	0	1	0.997670	0.988519	0.003292	0.003365
46	LdDocent_Contig_93081_398	1	2	0.002330	0.011481	0.003292	0.003365
47	LdDocent_Contig_2239_446	0	1	0.997328	0.969052	0.003766	0.005111
47	LdDocent_Contig_2239_446	1	2	0.002672	0.030948	0.003766	0.005111
48	LdDocent_Contig_11_43	0	1	0.997740	0.941407	0.003180	0.007024
48	LdDocent_Contig_11_43	1	2	0.002260	0.058593	0.003180	0.007024
49	LdDocent_Contig_1337_22	0	1	0.997830	0.962771	0.003056	0.005808
49	LdDocent_Contig_1337_22	1	2	0.002170	0.037229	0.003056	0.005808
50	LdDocent_Contig_83807_34	0	1	0.996855	0.988390	0.004207	0.003447
50	LdDocent_Contig_83807_34	1	2	0.003145	0.011610	0.004207	0.003447
51	LdDocent_Contig_2750_91	0	1	0.997933	0.991373	0.002923	0.002785
51	LdDocent_Contig_2750_91	1	2	0.002067	0.008627	0.002923	0.002785
52	LdDocent_Contig_69388_420	0	1	0.997955	0.991374	0.002887	0.002786
52	LdDocent_Contig_69388_420	1	2	0.002045	0.008626	0.002887	0.002786
53	LdDocent_Contig_81251_341	0	1	0.969236	0.999501	0.011063	0.000707
53	LdDocent_Contig_81251_341	1	2	0.030764	0.000499	0.011063	0.000707
54	LdDocent_Contig_37945_58	0	1	0.573806	0.997741	0.032912	0.001428
54	LdDocent_Contig_37945_58	1	2	0.426194	0.002259	0.032912	0.001428
55	LdDocent_Contig_569_458	0	2	0.002329	0.189837	0.003274	0.012189
55	LdDocent_Contig_569_458	1	1	0.997671	0.810163	0.003274	0.012189
56	LdDocent_Contig_72722_48	0	1	0.857971	0.998608	0.024223	0.001135
56	LdDocent_Contig_72722_48	1	2	0.142029	0.001392	0.024223	0.001135
57	LdDocent_Contig_93488_498	0	1	0.990714	0.991741	0.007520	0.002817
57	LdDocent_Contig_93488_498	1	2	0.009286	0.008259	0.007520	0.002817
58	LdDocent_Contig_20556_416	0	1	0.989666	0.972346	0.006524	0.004934
58	LdDocent_Contig_20556_416	1	2	0.010334	0.027654	0.006524	0.004934
59	LdDocent_Contig_92340_422	0	1	0.973354	0.887605	0.010281	0.009382
59	LdDocent_Contig_92340_422	1	2	0.026646	0.112395	0.010281	0.009382
60	LdDocent_Contig_7547_16	0	1	0.991232	0.798379	0.006677	0.011973
60	LdDocent_Contig_7547_16	1	2	0.008768	0.201621	0.006677	0.011973
61	LdDocent_Contig_93341_74	0	1	0.981270	0.977840	0.008721	0.004424
61	LdDocent_Contig_93341_74	1	2	0.018730	0.022160	0.008721	0.004424
62	LdDocent_Contig_84487_489	0	1	0.891707	0.999504	0.021056	0.000700
62	LdDocent_Contig_84487_489	1	2	0.108293	0.000496	0.021056	0.000700
63	LdDocent_Contig_68888_83	0	1	0.941760	0.999530	0.018286	0.000665
63	LdDocent_Contig_68888_83	1	2	0.058240	0.000470	0.018286	0.000665
64	LdDocent_Contig_954_459	0	1	0.997628	0.991132	0.003311	0.002882
64	LdDocent_Contig_954_459	1	2	0.002372	0.008868	0.003311	0.002882
65	LdDocent_Contig_82072_81	0	1	0.997574	0.983055	0.003410	0.004123
65	LdDocent_Contig_82072_81	1	2	0.002426	0.016945	0.003410	0.004123
66	LdDocent_Contig_87910_402	0	1	0.997935	0.981257	0.002912	0.004104
66	LdDocent_Contig_87910_402	1	2	0.002065	0.018743	0.002912	0.004104
67	LdDocent_Contig_3666_58	0	1	0.882923	0.998512	0.021353	0.001220
67	LdDocent_Contig_3666_58	1	2	0.117077	0.001488	0.021353	0.001220
68	LdDocent_Contig_2682_379	0	1	0.936646	0.999488	0.015601	0.000722
68	LdDocent_Contig_2682_379	1	2	0.063354	0.000512	0.015601	0.000722
69	LdDocent_Contig_6886_108	0	1	0.997714	0.987390	0.003219	0.003542
69	LdDocent_Contig_6886_108	1	2	0.002286	0.012610	0.003219	0.003542
70	LdDocent_Contig_1937_458	0	1	0.997489	0.973454	0.003488	0.004918
70	LdDocent_Contig_1937_458	1	2	0.002511	0.026546	0.003488	0.004918
71	LdDocent_Contig_92837_385	0	1	0.744472	0.997784	0.027442	0.001400
71	LdDocent_Contig_92837_385	1	2	0.255528	0.002216	0.027442	0.001400
72	LdDocent_Contig_18290_404	0	1	0.908242	0.999562	0.018020	0.000618
72	LdDocent_Contig_18290_404	1	2	0.091758	0.000438	0.018020	0.000618
73	LdDocent_Contig_9864_364	0	1	0.994366	0.784719	0.005205	0.012734
73	LdDocent_Contig_9864_364	1	2	0.005634	0.215281	0.005205	0.012734
74	LdDocent_Contig_92640_436	0	1	0.952578	0.998528	0.013280	0.001175
74	LdDocent_Contig_92640_436	1	2	0.047422	0.001472	0.013280	0.001175
75	LdDocent_Contig_1854_15	0	1	0.998003	0.990414	0.002814	0.002944
75	LdDocent_Contig_1854_15	1	2	0.001997	0.009586	0.002814	0.002944
76	LdDocent_Contig_3794_349	0	1	0.997880	0.988721	0.002990	0.003302
76	LdDocent_Contig_3794_349	1	2	0.002120	0.011279	0.002990	0.003302
77	LdDocent_Contig_72874_463	0	1	0.990203	0.991814	0.013626	0.002641
77	LdDocent_Contig_72874_463	1	2	0.009797	0.008186	0.013626	0.002641
78	LdDocent_Contig_32743_325	0	1	0.963771	0.999584	0.012174	0.000589
78	LdDocent_Contig_32743_325	1	2	0.036229	0.000416	0.012174	0.000589
79	LdDocent_Contig_95152_97	0	1	0.997333	0.984910	0.003645	0.003826
79	LdDocent_Contig_95152_97	1	2	0.002667	0.015090	0.003645	0.003826
80	LdDocent_Contig_18650_24	0	1	0.997831	0.993310	0.003057	0.002612
80	LdDocent_Contig_18650_24	1	2	0.002169	0.006690	0.003057	0.002612
81	LdDocent_Contig_7776_92	0	1	0.997923	0.974995	0.002932	0.004543
81	LdDocent_Contig_7776_92	1	2	0.002077	0.025005	0.002932	0.004543
82	LdDocent_Contig_1961_85	0	1	0.997774	0.986807	0.003136	0.003568
82	LdDocent_Contig_1961_85	1	2	0.002226	0.013193	0.003136	0.003568
83	LdDocent_Contig_8645_51	0	1	0.993820	0.991032	0.005018	0.002892
83	LdDocent_Contig_8645_51	1	2	0.006180	0.008968	0.005018	0.002892
84	LdDocent_Contig_55488_107	0	1	0.997897	0.993130	0.002963	0.002496
84	LdDocent_Contig_55488_107	1	2	0.002103	0.006870	0.002963	0.002496
85	LdDocent_Contig_14698_433	0	1	0.996665	0.979497	0.004632	0.004301
85	LdDocent_Contig_14698_433	1	2	0.003335	0.020503	0.004632	0.004301
86	LdDocent_Contig_19870_351	0	1	0.997970	0.967587	0.002864	0.005347
86	LdDocent_Contig_19870_351	1	2	0.002030	0.032413	0.002864	0.005347
87	LdDocent_Contig_92674_381	0	1	0.997774	0.981344	0.003136	0.004178
87	LdDocent_Contig_92674_381	1	2	0.002226	0.018656	0.003136	0.004178
88	LdDocent_Contig_969_369	0	1	0.969269	0.999543	0.011044	0.000646
88	LdDocent_Contig_969_369	1	2	0.030731	0.000457	0.011044	0.000646
89	LdDocent_Contig_14520_40	0	1	0.747945	0.998607	0.027795	0.001147
89	LdDocent_Contig_14520_40	1	2	0.252055	0.001393	0.027795	0.001147
90	LdDocent_Contig_69562_71	0	1	0.945335	0.968597	0.033329	0.005117
90	LdDocent_Contig_69562_71	1	2	0.054665	0.031403	0.033329	0.005117
91	LdDocent_Contig_91257_23	0	1	0.993442	0.670717	0.005314	0.014334
91	LdDocent_Contig_91257_23	1	2	0.006558	0.329283	0.005314	0.014334
92	LdDocent_Contig_64241_356	0	1	0.997791	0.980210	0.003115	0.004325
92	LdDocent_Contig_64241_356	1	2	0.002209	0.019790	0.003115	0.004325
93	LdDocent_Contig_717_432	0	1	0.997907	0.991419	0.002953	0.002771
93	LdDocent_Contig_717_432	1	2	0.002093	0.008581	0.002953	0.002771
94	LdDocent_Contig_795_439	0	1	0.997889	0.986954	0.002973	0.003402
94	LdDocent_Contig_795_439	1	2	0.002111	0.013046	0.002973	0.003402
95	LdDocent_Contig_84140_123	0	1	0.997957	0.989144	0.002885	0.003181
95	LdDocent_Contig_84140_123	1	2	0.002043	0.010856	0.002885	0.003181
96	LdDocent_Contig_832_383	0	1	0.996137	0.944454	0.004594	0.006917
96	LdDocent_Contig_832_383	1	2	0.003863	0.055546	0.004594	0.006917
97	LdDocent_Contig_90525_37	0	1	0.993754	0.987475	0.005078	0.003384
97	LdDocent_Contig_90525_37	1	2	0.006246	0.012525	0.005078	0.003384
98	LdDocent_Contig_15_89	0	1	0.003468	0.997827	0.004285	0.001607
98	LdDocent_Contig_15_89	1	2	0.996532	0.002173	0.004285	0.001607
99	LdDocent_Contig_93037_418	0	1	0.997987	0.987366	0.002837	0.003294
99	LdDocent_Contig_93037_418	1	2	0.002013	0.012634	0.002837	0.003294
100	LdDocent_Contig_51_124	0	1	0.017073	0.993995	0.008440	0.002347
100	LdDocent_Contig_51_124	1	2	0.982927	0.006005	0.008440	0.002347
101	LdDocent_Contig_93903_49	0	1	0.997602	0.990287	0.003374	0.002980
101	LdDocent_Contig_93903_49	1	2	0.002398	0.009713	0.003374	0.002980
102	LdDocent_Contig_1776_72	0	1	0.076105	0.997762	0.016702	0.001412
102	LdDocent_Contig_1776_72	1	2	0.923895	0.002238	0.016702	0.001412
103	LdDocent_Contig_1419_120	0	1	0.997759	0.981568	0.003150	0.004136
103	LdDocent_Contig_1419_120	1	2	0.002241	0.018432	0.003150	0.004136
104	LdDocent_Contig_808_44	0	1	0.988521	0.649436	0.007641	0.014866
104	LdDocent_Contig_808_44	1	2	0.011479	0.350564	0.007641	0.014866
105	LdDocent_Contig_29420_376	0	1	0.997795	0.991957	0.003102	0.002746
105	LdDocent_Contig_29420_376	1	2	0.002205	0.008043	0.003102	0.002746
106	LdDocent_Contig_2297_131	0	1	0.997912	0.991492	0.002948	0.002747
106	LdDocent_Contig_2297_131	1	2	0.002088	0.008508	0.002948	0.002747
107	LdDocent_Contig_3716_93	0	1	0.997428	0.951199	0.003501	0.006777
107	LdDocent_Contig_3716_93	1	2	0.002572	0.048801	0.003501	0.006777
108	LdDocent_Contig_2737_462	0	1	0.997787	0.963618	0.003115	0.005686
108	LdDocent_Contig_2737_462	1	2	0.002213	0.036382	0.003115	0.005686
109	LdDocent_Contig_9568_383	0	1	0.931862	0.999393	0.017439	0.000810
109	LdDocent_Contig_9568_383	1	2	0.068138	0.000607	0.017439	0.000810
110	LdDocent_Contig_18105_445	0	1	0.997744	0.990434	0.003185	0.003085
110	LdDocent_Contig_18105_445	1	2	0.002256	0.009566	0.003185	0.003085
111	LdDocent_Contig_53782_341	0	1	0.997615	0.992416	0.003360	0.002761
111	LdDocent_Contig_53782_341	1	2	0.002385	0.007584	0.003360	0.002761
112	LdDocent_Contig_52721_451	0	1	0.963308	0.997893	0.011662	0.001331
112	LdDocent_Contig_52721_451	1	2	0.036692	0.002107	0.011662	0.001331
113	LdDocent_Contig_83735_31	0	1	0.818057	0.996625	0.025544	0.001803
113	LdDocent_Contig_83735_31	1	2	0.181943	0.003375	0.025544	0.001803
114	LdDocent_Contig_66831_458	0	1	0.997682	0.934722	0.003267	0.007794
114	LdDocent_Contig_66831_458	1	2	0.002318	0.065278	0.003267	0.007794
115	LdDocent_Contig_6407_358	0	1	0.612891	0.995634	0.030576	0.002053
115	LdDocent_Contig_6407_358	1	2	0.387109	0.004366	0.030576	0.002053
116	LdDocent_Contig_25844_74	0	1	0.997933	0.975601	0.002910	0.004773
116	LdDocent_Contig_25844_74	1	2	0.002067	0.024399	0.002910	0.004773
117	LdDocent_Contig_79_378	0	1	0.996992	0.982473	0.004000	0.003804
117	LdDocent_Contig_79_378	1	2	0.003008	0.017527	0.004000	0.003804
118	LdDocent_Contig_95871_394	0	1	0.992591	0.982622	0.005948	0.004149
118	LdDocent_Contig_95871_394	1	2	0.007409	0.017378	0.005948	0.004149
119	LdDocent_Contig_1765_362	0	1	0.963400	0.999520	0.012282	0.000679
119	LdDocent_Contig_1765_362	1	2	0.036600	0.000480	0.012282	0.000679
120	LdDocent_Contig_242_431	0	1	0.086921	0.976332	0.018346	0.004630
120	LdDocent_Contig_242_431	1	2	0.913079	0.023668	0.018346	0.004630
121	LdDocent_Contig_77153_121	0	1	0.997932	0.993085	0.002915	0.002514
121	LdDocent_Contig_77153_121	1	2	0.002068	0.006915	0.002915	0.002514
122	LdDocent_Contig_29337_450	0	1	0.997890	0.977999	0.002971	0.004693
122	LdDocent_Contig_29337_450	1	2	0.002110	0.022001	0.002971	0.004693
123	LdDocent_Contig_659_73	0	1	0.998014	0.993338	0.002799	0.002424
123	LdDocent_Contig_659_73	1	2	0.001986	0.006662	0.002799	0.002424
124	LdDocent_Contig_1600_411	0	1	0.997798	0.989618	0.003103	0.003186
124	LdDocent_Contig_1600_411	1	2	0.002202	0.010382	0.003103	0.003186
125	LdDocent_Contig_12502_13	0	1	0.990118	0.992559	0.006211	0.002540
125	LdDocent_Contig_12502_13	1	2	0.009882	0.007441	0.006211	0.002540
126	LdDocent_Contig_24469_51	0	1	0.997231	0.992720	0.003889	0.002650
126	LdDocent_Contig_24469_51	1	2	0.002769	0.007280	0.003889	0.002650
127	LdDocent_Contig_36582_322	0	1	0.997955	0.990913	0.002884	0.002786
127	LdDocent_Contig_36582_322	1	2	0.002045	0.009087	0.002884	0.002786
128	LdDocent_Contig_95959_313	0	1	0.989245	0.975797	0.006736	0.004663
128	LdDocent_Contig_95959_313	1	2	0.010755	0.024203	0.006736	0.004663
129	LdDocent_Contig_96182_330	0	1	0.990248	0.837766	0.006724	0.011238
129	LdDocent_Contig_96182_330	1	2	0.009752	0.162234	0.006724	0.011238
130	LdDocent_Contig_2768_140	0	1	0.993687	0.986690	0.008852	0.003360
130	LdDocent_Contig_2768_140	1	2	0.006313	0.013310	0.008852	0.003360
131	LdDocent_Contig_5091_48	0	1	0.997897	0.986765	0.002969	0.003453
131	LdDocent_Contig_5091_48	1	2	0.002103	0.013235	0.002969	0.003453
132	LdDocent_Contig_2935_20	0	1	0.997903	0.608971	0.002952	0.014823
132	LdDocent_Contig_2935_20	1	2	0.002097	0.391029	0.002952	0.014823
133	LdDocent_Contig_258_495	0	1	0.074631	0.997830	0.016873	0.001375
133	LdDocent_Contig_258_495	1	2	0.925369	0.002170	0.016873	0.001375
134	LdDocent_Contig_6588_437	0	1	0.998000	0.842673	0.002815	0.010619
134	LdDocent_Contig_6588_437	1	2	0.002000	0.157327	0.002815	0.010619
135	LdDocent_Contig_12112_370	0	1	0.918891	0.999565	0.017150	0.000615
135	LdDocent_Contig_12112_370	1	2	0.081109	0.000435	0.017150	0.000615
136	LdDocent_Contig_12044_471	0	1	0.998106	0.975866	0.002677	0.004543
136	LdDocent_Contig_12044_471	1	2	0.001894	0.024134	0.002677	0.004543
137	LdDocent_Contig_11516_110	0	1	0.977102	0.990490	0.009630	0.002919
137	LdDocent_Contig_11516_110	1	2	0.022898	0.009510	0.009630	0.002919
138	LdDocent_Contig_1338_35	0	1	0.998004	0.993270	0.002811	0.002448
138	LdDocent_Contig_1338_35	1	2	0.001996	0.006730	0.002811	0.002448
139	LdDocent_Contig_95033_334	0	1	0.830162	0.999476	0.025238	0.000742
139	LdDocent_Contig_95033_334	1	2	0.169838	0.000524	0.025238	0.000742
140	LdDocent_Contig_91159_460	0	1	0.997694	0.990216	0.003248	0.003156
140	LdDocent_Contig_91159_460	1	2	0.002306	0.009784	0.003248	0.003156
141	LdDocent_Contig_51380_365	0	1	0.997774	0.981097	0.003139	0.004237
141	LdDocent_Contig_51380_365	1	2	0.002226	0.018903	0.003139	0.004237
142	LdDocent_Contig_314_39	0	1	0.990005	0.298558	0.006272	0.013377
142	LdDocent_Contig_314_39	1	2	0.009995	0.701442	0.006272	0.013377
143	LdDocent_Contig_77480_115	0	1	0.997765	0.946642	0.003135	0.006963
143	LdDocent_Contig_77480_115	1	2	0.002235	0.053358	0.003135	0.006963
144	LdDocent_Contig_95220_99	0	1	0.993126	0.797645	0.005545	0.012266
144	LdDocent_Contig_95220_99	1	2	0.006874	0.202355	0.005545	0.012266
145	LdDocent_Contig_96151_9	0	1	0.997888	0.967401	0.002976	0.005232
145	LdDocent_Contig_96151_9	1	2	0.002112	0.032599	0.002976	0.005232
146	LdDocent_Contig_35115_437	0	1	0.975334	0.991613	0.010356	0.002867
146	LdDocent_Contig_35115_437	1	2	0.024666	0.008387	0.010356	0.002867
147	LdDocent_Contig_3664_389	0	1	0.963784	0.987028	0.012175	0.003390
147	LdDocent_Contig_3664_389	1	2	0.036216	0.012972	0.012175	0.003390
148	LdDocent_Contig_93296_350	0	1	0.993918	0.992646	0.004944	0.002515
148	LdDocent_Contig_93296_350	1	2	0.006082	0.007354	0.004944	0.002515
149	LdDocent_Contig_95160_18	0	1	0.973128	0.997524	0.010579	0.001559
149	LdDocent_Contig_95160_18	1	2	0.026872	0.002476	0.010579	0.001559
150	LdDocent_Contig_55045_105	0	1	0.101802	0.760152	0.019978	0.013012
150	LdDocent_Contig_55045_105	1	2	0.898198	0.239848	0.019978	0.013012
151	LdDocent_Contig_7234_21	0	1	0.997879	0.858588	0.002996	0.010437
151	LdDocent_Contig_7234_21	1	2	0.002121	0.141412	0.002996	0.010437
152	LdDocent_Contig_8017_432	0	1	0.946327	0.999550	0.015368	0.000636
152	LdDocent_Contig_8017_432	1	2	0.053673	0.000450	0.015368	0.000636
153	LdDocent_Contig_64711_370	0	1	0.971663	0.998477	0.010939	0.001250
153	LdDocent_Contig_64711_370	1	2	0.028337	0.001523	0.010939	0.001250
154	LdDocent_Contig_3687_307	0	1	0.997736	0.967013	0.003188	0.005439
154	LdDocent_Contig_3687_307	1	2	0.002264	0.032987	0.003188	0.005439
155	LdDocent_Contig_24534_432	0	1	0.984544	0.991808	0.008181	0.002796
155	LdDocent_Contig_24534_432	1	2	0.015456	0.008192	0.008181	0.002796
156	LdDocent_Contig_1976_371	0	1	0.294121	0.388678	0.046889	0.014507
156	LdDocent_Contig_1976_371	1	2	0.705879	0.611322	0.046889	0.014507
157	LdDocent_Contig_695_457	0	1	0.997955	0.855740	0.002884	0.010501
157	LdDocent_Contig_695_457	1	2	0.002045	0.144260	0.002884	0.010501
158	LdDocent_Contig_65678_140	0	1	0.989674	0.988421	0.006477	0.003249
158	LdDocent_Contig_65678_140	1	2	0.010326	0.011579	0.006477	0.003249
159	LdDocent_Contig_22136_393	0	1	0.391648	0.995526	0.032130	0.002106
159	LdDocent_Contig_22136_393	1	2	0.608352	0.004474	0.032130	0.002106
160	LdDocent_Contig_5106_408	0	1	0.741021	0.996773	0.035086	0.001722
160	LdDocent_Contig_5106_408	1	2	0.258979	0.003227	0.035086	0.001722
161	LdDocent_Contig_608_527	0	1	0.010783	0.997449	0.006776	0.001605
161	LdDocent_Contig_608_527	1	2	0.989217	0.002551	0.006776	0.001605
162	LdDocent_Contig_2967_361	0	1	0.993550	0.992012	0.005236	0.002580
162	LdDocent_Contig_2967_361	1	2	0.006450	0.007988	0.005236	0.002580
163	LdDocent_Contig_244_402	0	1	0.997957	0.989617	0.002881	0.003046
163	LdDocent_Contig_244_402	1	2	0.002043	0.010383	0.002881	0.003046
164	LdDocent_Contig_88698_108	0	1	0.994278	0.994293	0.004655	0.002228
164	LdDocent_Contig_88698_108	1	2	0.005722	0.005707	0.004655	0.002228
165	LdDocent_Contig_71848_436	0	1	0.983289	0.987570	0.009566	0.003622
165	LdDocent_Contig_71848_436	1	2	0.016711	0.012430	0.009566	0.003622
166	LdDocent_Contig_9472_330	0	1	0.871811	0.999523	0.021653	0.000673
166	LdDocent_Contig_9472_330	1	2	0.128189	0.000477	0.021653	0.000673
167	LdDocent_Contig_73912_413	0	1	0.997730	0.972947	0.003204	0.005186
167	LdDocent_Contig_73912_413	1	2	0.002270	0.027053	0.003204	0.005186
168	LdDocent_Contig_1778_125	0	1	0.997951	0.899697	0.002887	0.009002
168	LdDocent_Contig_1778_125	1	2	0.002049	0.100303	0.002887	0.009002
169	LdDocent_Contig_92318_348	0	1	0.938713	0.996597	0.015590	0.001815
169	LdDocent_Contig_92318_348	1	2	0.061287	0.003403	0.015590	0.001815
170	LdDocent_Contig_16527_454	0	1	0.977356	0.920806	0.009534	0.008415
170	LdDocent_Contig_16527_454	1	2	0.022644	0.079194	0.009534	0.008415
171	LdDocent_Contig_93275_493	0	1	0.995838	0.987623	0.005374	0.003570
171	LdDocent_Contig_93275_493	1	2	0.004162	0.012377	0.005374	0.003570
172	LdDocent_Contig_1728_9	0	1	0.002050	0.992152	0.002890	0.002679
172	LdDocent_Contig_1728_9	1	2	0.997950	0.007848	0.002890	0.002679
173	LdDocent_Contig_80681_384	0	1	0.628502	0.997745	0.033922	0.001425
173	LdDocent_Contig_80681_384	1	2	0.371498	0.002255	0.033922	0.001425
174	LdDocent_Contig_77297_395	0	1	0.981505	0.993123	0.009160	0.002668
174	LdDocent_Contig_77297_395	1	2	0.018495	0.006877	0.009160	0.002668
175	LdDocent_Contig_11404_44	0	1	0.997733	0.827684	0.003193	0.012011
175	LdDocent_Contig_11404_44	1	2	0.002267	0.172316	0.003193	0.012011
176	LdDocent_Contig_3593_327	0	1	0.997740	0.971066	0.003179	0.005082
176	LdDocent_Contig_3593_327	1	2	0.002260	0.028934	0.003179	0.005082
177	LdDocent_Contig_36984_18	0	1	0.934433	0.996480	0.016214	0.001876
177	LdDocent_Contig_36984_18	1	2	0.065567	0.003520	0.016214	0.001876
178	LdDocent_Contig_55029_69	0	1	0.994017	0.993140	0.004864	0.002495
178	LdDocent_Contig_55029_69	1	2	0.005983	0.006860	0.004864	0.002495
179	LdDocent_Contig_1852_85	0	1	0.951486	0.999519	0.013946	0.000680
179	LdDocent_Contig_1852_85	1	2	0.048514	0.000481	0.013946	0.000680
180	LdDocent_Contig_61311_421	0	1	0.997935	0.991697	0.002915	0.002832
180	LdDocent_Contig_61311_421	1	2	0.002065	0.008303	0.002915	0.002832
181	LdDocent_Contig_34296_483	0	1	0.002703	0.063982	0.003784	0.007836
181	LdDocent_Contig_34296_483	1	2	0.997297	0.936018	0.003784	0.007836
182	LdDocent_Contig_2261_396	0	1	0.867528	0.998499	0.023086	0.001225
182	LdDocent_Contig_2261_396	1	2	0.132472	0.001501	0.023086	0.001225
183	LdDocent_Contig_790_438	0	1	0.994713	0.988707	0.004838	0.003170
183	LdDocent_Contig_790_438	1	2	0.005287	0.011293	0.004838	0.003170
184	LdDocent_Contig_3692_359	0	1	0.033534	0.999504	0.012656	0.000700
184	LdDocent_Contig_3692_359	1	2	0.966466	0.000496	0.012656	0.000700
185	LdDocent_Contig_2026_19	0	1	0.997799	0.992873	0.003103	0.002593
185	LdDocent_Contig_2026_19	1	2	0.002201	0.007127	0.003103	0.002593
186	LdDocent_Contig_96823_339	0	1	0.996552	0.962861	0.004603	0.005981
186	LdDocent_Contig_96823_339	1	2	0.003448	0.037139	0.004603	0.005981
187	LdDocent_Contig_2494_96	0	1	0.997785	0.988143	0.003121	0.003213
187	LdDocent_Contig_2494_96	1	2	0.002215	0.011857	0.003121	0.003213
188	LdDocent_Contig_6240_352	0	1	0.993608	0.942946	0.005180	0.007066
188	LdDocent_Contig_6240_352	1	2	0.006392	0.057054	0.005180	0.007066
189	LdDocent_Contig_23284_87	0	1	0.980833	0.068563	0.009414	0.007874
189	LdDocent_Contig_23284_87	1	2	0.019167	0.931437	0.009414	0.007874
190	LdDocent_Contig_2055_16	0	1	0.993072	0.974004	0.005624	0.004984
190	LdDocent_Contig_2055_16	1	2	0.006928	0.025996	0.005624	0.004984
191	LdDocent_Contig_8845_91	0	1	0.993248	0.979529	0.005480	0.004473
191	LdDocent_Contig_8845_91	1	2	0.006752	0.020471	0.005480	0.004473
192	LdDocent_Contig_12377_140	0	1	0.997883	0.816283	0.002981	0.011844
192	LdDocent_Contig_12377_140	1	2	0.002117	0.183717	0.002981	0.011844
193	LdDocent_Contig_318_421	0	1	0.997420	0.983740	0.003543	0.003771
193	LdDocent_Contig_318_421	1	2	0.002580	0.016260	0.003543	0.003771
194	LdDocent_Contig_72640_425	0	2	0.683542	0.367107	0.030611	0.015451
194	LdDocent_Contig_72640_425	1	1	0.316458	0.632893	0.030611	0.015451
195	LdDocent_Contig_73960_330	0	1	0.997921	0.986768	0.002929	0.003447
195	LdDocent_Contig_73960_330	1	2	0.002079	0.013232	0.002929	0.003447
196	LdDocent_Contig_94840_462	0	1	0.997904	0.846973	0.002954	0.010489
196	LdDocent_Contig_94840_462	1	2	0.002096	0.153027	0.002954	0.010489
197	LdDocent_Contig_69295_349	0	1	0.997713	0.983749	0.003224	0.003850
197	LdDocent_Contig_69295_349	1	2	0.002287	0.016251	0.003224	0.003850
198	LdDocent_Contig_5879_36	0	1	0.012847	0.985960	0.007367	0.003653
198	LdDocent_Contig_5879_36	1	2	0.987153	0.014040	0.007367	0.003653
199	LdDocent_Contig_1629_400	0	1	0.947734	0.999565	0.013826	0.000615
199	LdDocent_Contig_1629_400	1	2	0.052266	0.000435	0.013826	0.000615
