UponCompletionOf_1000000_sweeps
LocNumber LocName AlleleNumber AlleleName FreqInPop0 FreqInPop1 SDInPop0 SDinPop1
0	LdDocent_Contig_2079_417	0	1	0.997783	0.989770	0.003127	0.003135
0	LdDocent_Contig_2079_417	1	2	0.002217	0.010230	0.003127	0.003135
1	LdDocent_Contig_7776_92	0	1	0.997923	0.974985	0.002921	0.004543
1	LdDocent_Contig_7776_92	1	2	0.002077	0.025015	0.002921	0.004543
2	LdDocent_Contig_5184_376	0	1	0.997703	0.982782	0.003231	0.004074
2	LdDocent_Contig_5184_376	1	2	0.002297	0.017218	0.003231	0.004074
3	LdDocent_Contig_13056_449	0	1	0.997959	0.988829	0.002880	0.003139
3	LdDocent_Contig_13056_449	1	2	0.002041	0.011171	0.002880	0.003139
4	LdDocent_Contig_368_104	0	1	0.988439	0.993253	0.007255	0.002453
4	LdDocent_Contig_368_104	1	2	0.011561	0.006747	0.007255	0.002453
5	LdDocent_Contig_96823_339	0	1	0.996745	0.962803	0.004365	0.005986
5	LdDocent_Contig_96823_339	1	2	0.003255	0.037197	0.004365	0.005986
6	LdDocent_Contig_2967_361	0	1	0.993586	0.992006	0.005208	0.002584
6	LdDocent_Contig_2967_361	1	2	0.006414	0.007994	0.005208	0.002584
7	LdDocent_Contig_2450_30	0	1	0.997512	0.982874	0.003474	0.004075
7	LdDocent_Contig_2450_30	1	2	0.002488	0.017126	0.003474	0.004075
8	LdDocent_Contig_15051_388	0	1	0.997789	0.990411	0.003112	0.003097
8	LdDocent_Contig_15051_388	1	2	0.002211	0.009589	0.003112	0.003097
9	LdDocent_Contig_1217_447	0	1	0.953110	0.999506	0.014090	0.000697
9	LdDocent_Contig_1217_447	1	2	0.046890	0.000494	0.014090	0.000697
10	LdDocent_Contig_2337_134	0	1	0.997724	0.992090	0.003203	0.002700
10	LdDocent_Contig_2337_134	1	2	0.002276	0.007910	0.003203	0.002700
11	LdDocent_Contig_71732_419	0	1	0.997693	0.947856	0.003227	0.006763
11	LdDocent_Contig_71732_419	1	2	0.002307	0.052144	0.003227	0.006763
12	LdDocent_Contig_56012_352	0	1	0.975442	0.961575	0.010321	0.005840
12	LdDocent_Contig_56012_352	1	2	0.024558	0.038425	0.010321	0.005840
13	LdDocent_Contig_8037_376	0	1	0.024754	0.993747	0.010467	0.002496
13	LdDocent_Contig_8037_376	1	2	0.975246	0.006253	0.010467	0.002496
14	LdDocent_Contig_314_39	0	1	0.989955	0.299453	0.006313	0.013338
14	LdDocent_Contig_314_39	1	2	0.010045	0.700547	0.006313	0.013338
15	LdDocent_Contig_65667_417	0	1	0.942432	0.998669	0.014649	0.001088
15	LdDocent_Contig_65667_417	1	2	0.057568	0.001331	0.014649	0.001088
16	LdDocent_Contig_95088_379	0	1	0.997702	0.992127	0.003235	0.002859
16	LdDocent_Contig_95088_379	1	2	0.002298	0.007873	0.003235	0.002859
17	LdDocent_Contig_87086_22	0	1	0.984489	0.983826	0.008209	0.003944
17	LdDocent_Contig_87086_22	1	2	0.015511	0.016174	0.008209	0.003944
18	LdDocent_Contig_15456_449	0	1	0.989648	0.971131	0.006481	0.005246
18	LdDocent_Contig_15456_449	1	2	0.010352	0.028869	0.006481	0.005246
19	LdDocent_Contig_1643_122	0	1	0.002156	0.449796	0.003041	0.015307
19	LdDocent_Contig_1643_122	1	2	0.997844	0.550204	0.003041	0.015307
20	LdDocent_Contig_85597_421	0	1	0.007094	0.473849	0.005882	0.015955
20	LdDocent_Contig_85597_421	1	2	0.992906	0.526151	0.005882	0.015955
21	LdDocent_Contig_749_362	0	1	0.997863	0.977448	0.003011	0.004501
21	LdDocent_Contig_749_362	1	2	0.002137	0.022552	0.003011	0.004501
22	LdDocent_Contig_5548_407	0	1	0.836050	0.994808	0.025536	0.002247
22	LdDocent_Contig_5548_407	1	2	0.163950	0.005192	0.025536	0.002247
23	LdDocent_Contig_1728_9	0	1	0.002422	0.991278	0.003332	0.002815
23	LdDocent_Contig_1728_9	1	2	0.997578	0.008722	0.003332	0.002815
24	LdDocent_Contig_5362_82	0	1	0.997527	0.950987	0.003392	0.006601
24	LdDocent_Contig_5362_82	1	2	0.002473	0.049013	0.003392	0.006601
25	LdDocent_Contig_6190_463	0	1	0.997523	0.992491	0.003497	0.002567
25	LdDocent_Contig_6190_463	1	2	0.002477	0.007509	0.003497	0.002567
26	LdDocent_Contig_14495_139	0	1	0.875492	0.998492	0.021799	0.001237
26	LdDocent_Contig_14495_139	1	2	0.124508	0.001508	0.021799	0.001237
27	LdDocent_Contig_616_332	0	1	0.997793	0.974037	0.003083	0.004647
27	LdDocent_Contig_616_332	1	2	0.002207	0.025963	0.003083	0.004647
28	LdDocent_Contig_34198_66	0	1	0.993845	0.992314	0.005003	0.002624
28	LdDocent_Contig_34198_66	1	2	0.006155	0.007686	0.005003	0.002624
29	LdDocent_Contig_22783_366	0	1	0.997984	0.935061	0.002834	0.007232
29	LdDocent_Contig_22783_366	1	2	0.002016	0.064939	0.002834	0.007232
30	LdDocent_Contig_7156_447	0	1	0.997606	0.887107	0.003371	0.009842
30	LdDocent_Contig_7156_447	1	2	0.002394	0.112893	0.003371	0.009842
31	LdDocent_Contig_1311_419	0	1	0.997543	0.984702	0.003363	0.003652
31	LdDocent_Contig_1311_419	1	2	0.002457	0.015298	0.003363	0.003652
32	LdDocent_Contig_74479_108	0	1	0.997950	0.918129	0.002885	0.008524
32	LdDocent_Contig_74479_108	1	2	0.002050	0.081871	0.002885	0.008524
33	LdDocent_Contig_5304_12	0	1	0.951308	0.999543	0.017311	0.000645
33	LdDocent_Contig_5304_12	1	2	0.048692	0.000457	0.017311	0.000645
34	LdDocent_Contig_17761_455	0	1	0.996712	0.990659	0.004634	0.002866
34	LdDocent_Contig_17761_455	1	2	0.003288	0.009341	0.004634	0.002866
35	LdDocent_Contig_51338_419	0	1	0.997917	0.892899	0.002944	0.009253
35	LdDocent_Contig_51338_419	1	2	0.002083	0.107101	0.002944	0.009253
36	LdDocent_Contig_77008_93	0	1	0.876803	0.999583	0.030254	0.000588
36	LdDocent_Contig_77008_93	1	2	0.123197	0.000417	0.030254	0.000588
37	LdDocent_Contig_93037_418	0	1	0.997978	0.987371	0.002848	0.003296
37	LdDocent_Contig_93037_418	1	2	0.002022	0.012629	0.002848	0.003296
38	LdDocent_Contig_88403_16	0	1	0.998116	0.965490	0.002658	0.005389
38	LdDocent_Contig_88403_16	1	2	0.001884	0.034510	0.002658	0.005389
39	LdDocent_Contig_63087_64	0	1	0.997837	0.990078	0.003049	0.003048
39	LdDocent_Contig_63087_64	1	2	0.002163	0.009922	0.003049	0.003048
40	LdDocent_Contig_1331_460	0	1	0.014051	0.997128	0.007441	0.001676
40	LdDocent_Contig_1331_460	1	2	0.985949	0.002872	0.007441	0.001676
41	LdDocent_Contig_75545_417	0	1	0.998160	0.984765	0.002596	0.003614
41	LdDocent_Contig_75545_417	1	2	0.001840	0.015235	0.002596	0.003614
42	LdDocent_Contig_20142_364	0	1	0.993900	0.978590	0.004947	0.004563
42	LdDocent_Contig_20142_364	1	2	0.006100	0.021410	0.004947	0.004563
43	LdDocent_Contig_1307_442	0	1	0.077110	0.831723	0.017225	0.011174
43	LdDocent_Contig_1307_442	1	2	0.922890	0.168277	0.017225	0.011174
44	LdDocent_Contig_10276_140	0	1	0.997868	0.968076	0.003006	0.005426
44	LdDocent_Contig_10276_140	1	2	0.002132	0.031924	0.003006	0.005426
45	LdDocent_Contig_2541_50	0	1	0.993332	0.984060	0.005370	0.003801
45	LdDocent_Contig_2541_50	1	2	0.006668	0.015940	0.005370	0.003801
46	LdDocent_Contig_5644_464	0	1	0.988634	0.994269	0.015816	0.002239
46	LdDocent_Contig_5644_464	1	2	0.011366	0.005731	0.015816	0.002239
47	LdDocent_Contig_380_31	0	1	0.997772	0.987600	0.003149	0.003485
47	LdDocent_Contig_380_31	1	2	0.002228	0.012400	0.003149	0.003485
48	LdDocent_Contig_12148_78	0	1	0.993647	0.993783	0.005159	0.002427
48	LdDocent_Contig_12148_78	1	2	0.006353	0.006217	0.005159	0.002427
49	LdDocent_Contig_2017_52	0	1	0.050331	0.993739	0.013850	0.002308
49	LdDocent_Contig_2017_52	1	2	0.949669	0.006261	0.013850	0.002308
50	LdDocent_Contig_1870_433	0	1	0.996984	0.989605	0.004242	0.003194
50	LdDocent_Contig_1870_433	1	2	0.003016	0.010395	0.004242	0.003194
51	LdDocent_Contig_92624_35	0	1	0.997880	0.988008	0.002993	0.003367
51	LdDocent_Contig_92624_35	1	2	0.002120	0.011992	0.002993	0.003367
52	LdDocent_Contig_71485_135	0	1	0.997823	0.990904	0.003075	0.002938
52	LdDocent_Contig_71485_135	1	2	0.002177	0.009096	0.003075	0.002938
53	LdDocent_Contig_32665_23	0	1	0.994296	0.949714	0.004654	0.006638
53	LdDocent_Contig_32665_23	1	2	0.005704	0.050286	0.004654	0.006638
54	LdDocent_Contig_32966_385	0	1	0.997825	0.976928	0.003055	0.004514
54	LdDocent_Contig_32966_385	1	2	0.002175	0.023072	0.003055	0.004514
55	LdDocent_Contig_69888_361	0	1	0.989132	0.858008	0.006810	0.010923
55	LdDocent_Contig_69888_361	1	2	0.010868	0.141992	0.006810	0.010923
56	LdDocent_Contig_7109_58	0	1	0.934686	0.997555	0.016553	0.001543
56	LdDocent_Contig_7109_58	1	2	0.065314	0.002445	0.016553	0.001543
57	LdDocent_Contig_3449_452	0	1	0.997861	0.979117	0.003021	0.004357
57	LdDocent_Contig_3449_452	1	2	0.002139	0.020883	0.003021	0.004357
58	LdDocent_Contig_95871_394	0	1	0.992754	0.982592	0.005847	0.004149
58	LdDocent_Contig_95871_394	1	2	0.007246	0.017408	0.005847	0.004149
59	LdDocent_Contig_26523_388	0	1	0.991137	0.956939	0.006968	0.006157
59	LdDocent_Contig_26523_388	1	2	0.008863	0.043061	0.006968	0.006157
60	LdDocent_Contig_20190_448	0	1	0.997068	0.991513	0.003849	0.002796
60	LdDocent_Contig_20190_448	1	2	0.002932	0.008487	0.003849	0.002796
61	LdDocent_Contig_32743_325	0	1	0.963715	0.999586	0.012201	0.000587
61	LdDocent_Contig_32743_325	1	2	0.036285	0.000414	0.012201	0.000587
62	LdDocent_Contig_22232_67	0	1	0.966228	0.999500	0.012107	0.000707
62	LdDocent_Contig_22232_67	1	2	0.033772	0.000500	0.012107	0.000707
63	LdDocent_Contig_30286_368	0	1	0.997400	0.970483	0.003664	0.005346
63	LdDocent_Contig_30286_368	1	2	0.002600	0.029517	0.003664	0.005346
64	LdDocent_Contig_51286_373	0	1	0.983759	0.969464	0.008438	0.005489
64	LdDocent_Contig_51286_373	1	2	0.016241	0.030536	0.008438	0.005489
65	LdDocent_Contig_94363_340	0	1	0.609236	0.978614	0.030323	0.004363
65	LdDocent_Contig_94363_340	1	2	0.390764	0.021386	0.030323	0.004363
66	LdDocent_Contig_7157_468	0	1	0.994141	0.942637	0.004764	0.007270
66	LdDocent_Contig_7157_468	1	2	0.005859	0.057363	0.004764	0.007270
67	LdDocent_Contig_34179_10	0	1	0.997946	0.983773	0.002890	0.003849
67	LdDocent_Contig_34179_10	1	2	0.002054	0.016227	0.002890	0.003849
68	LdDocent_Contig_50746_30	0	1	0.757652	0.845087	0.027075	0.011004
68	LdDocent_Contig_50746_30	1	2	0.242348	0.154913	0.027075	0.011004
69	LdDocent_Contig_6758_133	0	1	0.203480	0.998114	0.028859	0.001534
69	LdDocent_Contig_6758_133	1	2	0.796520	0.001886	0.028859	0.001534
70	LdDocent_Contig_6045_103	0	1	0.997921	0.881208	0.002930	0.009834
70	LdDocent_Contig_6045_103	1	2	0.002079	0.118792	0.002930	0.009834
71	LdDocent_Contig_13428_103	0	1	0.976679	0.993501	0.009813	0.002541
71	LdDocent_Contig_13428_103	1	2	0.023321	0.006499	0.009813	0.002541
72	LdDocent_Contig_24469_51	0	1	0.997216	0.992725	0.003920	0.002645
72	LdDocent_Contig_24469_51	1	2	0.002784	0.007275	0.003920	0.002645
73	LdDocent_Contig_714_530	0	1	0.988631	0.993511	0.007128	0.002536
73	LdDocent_Contig_714_530	1	2	0.011369	0.006489	0.007128	0.002536
74	LdDocent_Contig_61578_273	0	1	0.968636	0.999532	0.011244	0.000663
74	LdDocent_Contig_61578_273	1	2	0.031364	0.000468	0.011244	0.000663
75	LdDocent_Contig_98_468	0	1	0.997936	0.990381	0.002904	0.002955
75	LdDocent_Contig_98_468	1	2	0.002064	0.009619	0.002904	0.002955
76	LdDocent_Contig_1771_43	0	1	0.997339	0.981800	0.003743	0.004081
76	LdDocent_Contig_1771_43	1	2	0.002661	0.018200	0.003743	0.004081
77	LdDocent_Contig_3848_142	0	1	0.996757	0.964145	0.004566	0.005745
77	LdDocent_Contig_3848_142	1	2	0.003243	0.035855	0.004566	0.005745
78	LdDocent_Contig_1811_365	0	1	0.997953	0.993340	0.002887	0.002424
78	LdDocent_Contig_1811_365	1	2	0.002047	0.006660	0.002887	0.002424
79	LdDocent_Contig_5625_436	0	1	0.948108	0.999567	0.013740	0.000612
79	LdDocent_Contig_5625_436	1	2	0.051892	0.000433	0.013740	0.000612
80	LdDocent_Contig_1447_75	0	2	0.990614	0.583152	0.005904	0.014500
80	LdDocent_Contig_1447_75	1	1	0.009386	0.416848	0.005904	0.014500
81	LdDocent_Contig_14381_322	0	1	0.993740	0.946056	0.005093	0.006690
81	LdDocent_Contig_14381_322	1	2	0.006260	0.053944	0.005093	0.006690
82	LdDocent_Contig_85138_21	0	1	0.992864	0.973228	0.005798	0.005127
82	LdDocent_Contig_85138_21	1	2	0.007136	0.026772	0.005798	0.005127
83	LdDocent_Contig_6274_10	0	1	0.988848	0.994320	0.006996	0.002222
83	LdDocent_Contig_6274_10	1	2	0.011152	0.005680	0.006996	0.002222
84	LdDocent_Contig_11759_29	0	1	0.992311	0.980898	0.006266	0.004177
84	LdDocent_Contig_11759_29	1	2	0.007689	0.019102	0.006266	0.004177
85	LdDocent_Contig_36097_16	0	1	0.988859	0.962308	0.006990	0.005960
85	LdDocent_Contig_36097_16	1	2	0.011141	0.037692	0.006990	0.005960
86	LdDocent_Contig_64014_133	0	1	0.997770	0.992117	0.003143	0.002691
86	LdDocent_Contig_64014_133	1	2	0.002230	0.007883	0.003143	0.002691
87	LdDocent_Contig_77153_121	0	1	0.997884	0.993096	0.002982	0.002517
87	LdDocent_Contig_77153_121	1	2	0.002116	0.006904	0.002982	0.002517
88	LdDocent_Contig_13342_419	0	1	0.992202	0.964504	0.006251	0.005737
88	LdDocent_Contig_13342_419	1	2	0.007798	0.035496	0.006251	0.005737
89	LdDocent_Contig_65145_333	0	1	0.030535	0.990806	0.011899	0.002977
89	LdDocent_Contig_65145_333	1	2	0.969465	0.009194	0.011899	0.002977
90	LdDocent_Contig_593_485	0	1	0.997601	0.958761	0.003379	0.006339
90	LdDocent_Contig_593_485	1	2	0.002399	0.041239	0.003379	0.006339
91	LdDocent_Contig_12821_467	0	1	0.997746	0.984037	0.003178	0.003784
91	LdDocent_Contig_12821_467	1	2	0.002254	0.015963	0.003178	0.003784
92	LdDocent_Contig_323_126	0	1	0.693511	0.999547	0.029157	0.000641
92	LdDocent_Contig_323_126	1	2	0.306489	0.000453	0.029157	0.000641
93	LdDocent_Contig_799_467	0	1	0.997917	0.991919	0.002933	0.002759
93	LdDocent_Contig_799_467	1	2	0.002083	0.008081	0.002933	0.002759
94	LdDocent_Contig_95990_58	0	1	0.979376	0.980298	0.009590	0.004414
94	LdDocent_Contig_95990_58	1	2	0.020624	0.019702	0.009590	0.004414
95	LdDocent_Contig_87255_456	0	1	0.997829	0.984958	0.003061	0.003789
95	LdDocent_Contig_87255_456	1	2	0.002171	0.015042	0.003061	0.003789
96	LdDocent_Contig_60842_48	0	1	0.998027	0.975922	0.002779	0.004535
96	LdDocent_Contig_60842_48	1	2	0.001973	0.024078	0.002779	0.004535
97	LdDocent_Contig_2089_140	0	1	0.997458	0.989301	0.003582	0.003007
97	LdDocent_Contig_2089_140	1	2	0.002542	0.010699	0.003582	0.003007
98	LdDocent_Contig_600_364	0	1	0.997811	0.992802	0.003091	0.002621
98	LdDocent_Contig_600_364	1	2	0.002189	0.007198	0.003091	0.002621
99	LdDocent_Contig_5789_136	0	1	0.832236	0.771699	0.046479	0.012520
99	LdDocent_Contig_5789_136	1	2	0.167764	0.228301	0.046479	0.012520
100	LdDocent_Contig_29428_436	0	1	0.438433	0.414763	0.032343	0.014926
100	LdDocent_Contig_29428_436	1	2	0.561567	0.585237	0.032343	0.014926
101	LdDocent_Contig_71998_388	0	1	0.997524	0.989943	0.003491	0.003083
101	LdDocent_Contig_71998_388	1	2	0.002476	0.010057	0.003491	0.003083
102	LdDocent_Contig_74_323	0	1	0.997970	0.983618	0.002856	0.003777
102	LdDocent_Contig_74_323	1	2	0.002030	0.016382	0.002856	0.003777
103	LdDocent_Contig_7115_489	0	1	0.997746	0.984433	0.003178	0.003918
103	LdDocent_Contig_7115_489	1	2	0.002254	0.015567	0.003178	0.003918
104	LdDocent_Contig_24232_389	0	1	0.958954	0.901676	0.013655	0.009101
104	LdDocent_Contig_24232_389	1	2	0.041046	0.098324	0.013655	0.009101
105	LdDocent_Contig_5360_85	0	1	0.997631	0.979376	0.003285	0.004225
105	LdDocent_Contig_5360_85	1	2	0.002369	0.020624	0.003285	0.004225
106	LdDocent_Contig_31285_385	0	1	0.997926	0.988575	0.002923	0.003214
106	LdDocent_Contig_31285_385	1	2	0.002074	0.011425	0.002923	0.003214
107	LdDocent_Contig_168_103	0	1	0.988849	0.771067	0.007002	0.012993
107	LdDocent_Contig_168_103	1	2	0.011151	0.228933	0.007002	0.012993
108	LdDocent_Contig_7184_46	0	1	0.998058	0.979706	0.002739	0.004141
108	LdDocent_Contig_7184_46	1	2	0.001942	0.020294	0.002739	0.004141
109	LdDocent_Contig_14227_467	0	1	0.966471	0.998705	0.011271	0.001057
109	LdDocent_Contig_14227_467	1	2	0.033529	0.001295	0.011271	0.001057
110	LdDocent_Contig_5099_92	0	1	0.776283	0.997765	0.026217	0.001429
110	LdDocent_Contig_5099_92	1	2	0.223717	0.002235	0.026217	0.001429
111	LdDocent_Contig_75288_327	0	1	0.021814	0.996027	0.009608	0.001919
111	LdDocent_Contig_75288_327	1	2	0.978186	0.003973	0.009608	0.001919
112	LdDocent_Contig_84140_123	0	1	0.997935	0.989162	0.002912	0.003177
112	LdDocent_Contig_84140_123	1	2	0.002065	0.010838	0.002912	0.003177
113	LdDocent_Contig_2054_505	0	1	0.997749	0.981748	0.003175	0.004202
113	LdDocent_Contig_2054_505	1	2	0.002251	0.018252	0.003175	0.004202
114	LdDocent_Contig_30637_429	0	1	0.984053	0.956989	0.008438	0.006302
114	LdDocent_Contig_30637_429	1	2	0.015947	0.043011	0.008438	0.006302
115	LdDocent_Contig_1799_68	0	1	0.992842	0.687345	0.005804	0.014473
115	LdDocent_Contig_1799_68	1	2	0.007158	0.312655	0.005804	0.014473
116	LdDocent_Contig_2392_19	0	1	0.659339	0.751897	0.061058	0.012932
116	LdDocent_Contig_2392_19	1	2	0.340661	0.248103	0.061058	0.012932
117	LdDocent_Contig_3697_141	0	1	0.998057	0.989415	0.002740	0.002983
117	LdDocent_Contig_3697_141	1	2	0.001943	0.010585	0.002740	0.002983
118	LdDocent_Contig_55980_330	0	1	0.990294	0.984400	0.007872	0.003808
118	LdDocent_Contig_55980_330	1	2	0.009706	0.015600	0.007872	0.003808
119	LdDocent_Contig_16348_134	0	1	0.942627	0.999530	0.014606	0.000662
119	LdDocent_Contig_16348_134	1	2	0.057373	0.000470	0.014606	0.000662
120	LdDocent_Contig_2059_130	0	1	0.997800	0.992650	0.003100	0.002670
120	LdDocent_Contig_2059_130	1	2	0.002200	0.007350	0.003100	0.002670
121	LdDocent_Contig_5285_474	0	1	0.040851	0.972882	0.014522	0.004994
121	LdDocent_Contig_5285_474	1	2	0.959149	0.027118	0.014522	0.004994
122	LdDocent_Contig_18566_7	0	1	0.947655	0.998456	0.015000	0.001260
122	LdDocent_Contig_18566_7	1	2	0.052345	0.001544	0.015000	0.001260
123	LdDocent_Contig_35892_62	0	1	0.997765	0.986575	0.003154	0.003628
123	LdDocent_Contig_35892_62	1	2	0.002235	0.013425	0.003154	0.003628
124	LdDocent_Contig_9480_391	0	1	0.997931	0.993207	0.002915	0.002470
124	LdDocent_Contig_9480_391	1	2	0.002069	0.006793	0.002915	0.002470
125	LdDocent_Contig_64552_29	0	1	0.997788	0.872550	0.003113	0.010310
125	LdDocent_Contig_64552_29	1	2	0.002212	0.127450	0.003113	0.010310
126	LdDocent_Contig_352_434	0	1	0.892808	0.996639	0.020493	0.001792
126	LdDocent_Contig_352_434	1	2	0.107192	0.003361	0.020493	0.001792
127	LdDocent_Contig_2078_57	0	1	0.890880	0.998595	0.020375	0.001151
127	LdDocent_Contig_2078_57	1	2	0.109120	0.001405	0.020375	0.001151
128	LdDocent_Contig_17847_465	0	2	0.970112	0.842114	0.011480	0.011408
128	LdDocent_Contig_17847_465	1	1	0.029888	0.157886	0.011480	0.011408
129	LdDocent_Contig_691_15	0	1	0.997766	0.970264	0.003150	0.005385
129	LdDocent_Contig_691_15	1	2	0.002234	0.029736	0.003150	0.005385
130	LdDocent_Contig_1438_37	0	1	0.998030	0.992508	0.002774	0.002558
130	LdDocent_Contig_1438_37	1	2	0.001970	0.007492	0.002774	0.002558
131	LdDocent_Contig_7113_415	0	1	0.984210	0.995707	0.008348	0.002019
131	LdDocent_Contig_7113_415	1	2	0.015790	0.004293	0.008348	0.002019
132	LdDocent_Contig_83998_365	0	1	0.957576	0.995875	0.013444	0.001938
132	LdDocent_Contig_83998_365	1	2	0.042424	0.004125	0.013444	0.001938
133	LdDocent_Contig_12538_19	0	1	0.996914	0.989796	0.004104	0.003179
133	LdDocent_Contig_12538_19	1	2	0.003086	0.010204	0.004104	0.003179
134	LdDocent_Contig_91691_466	0	1	0.996871	0.986227	0.004217	0.003761
134	LdDocent_Contig_91691_466	1	2	0.003129	0.013773	0.004217	0.003761
135	LdDocent_Contig_36540_10	0	1	0.997577	0.990483	0.003418	0.003071
135	LdDocent_Contig_36540_10	1	2	0.002423	0.009517	0.003418	0.003071
136	LdDocent_Contig_15025_409	0	1	0.994267	0.863574	0.004934	0.009920
136	LdDocent_Contig_15025_409	1	2	0.005733	0.136426	0.004934	0.009920
137	LdDocent_Contig_64774_370	0	2	0.125047	0.183179	0.021777	0.011811
137	LdDocent_Contig_64774_370	1	1	0.874953	0.816821	0.021777	0.011811
138	LdDocent_Contig_96594_137	0	1	0.993812	0.987603	0.005242	0.003353
138	LdDocent_Contig_96594_137	1	2	0.006188	0.012397	0.005242	0.003353
139	LdDocent_Contig_1603_13	0	1	0.993593	0.834514	0.005223	0.010754
139	LdDocent_Contig_1603_13	1	2	0.006407	0.165486	0.005223	0.010754
140	LdDocent_Contig_1961_85	0	1	0.997767	0.986815	0.003152	0.003563
140	LdDocent_Contig_1961_85	1	2	0.002233	0.013185	0.003152	0.003563
141	LdDocent_Contig_6226_357	0	1	0.997985	0.980710	0.002837	0.004125
141	LdDocent_Contig_6226_357	1	2	0.002015	0.019290	0.002837	0.004125
142	LdDocent_Contig_95_404	0	1	0.013280	0.996962	0.007587	0.001620
142	LdDocent_Contig_95_404	1	2	0.986720	0.003038	0.007587	0.001620
143	LdDocent_Contig_62739_33	0	1	0.916133	0.996461	0.018697	0.001884
143	LdDocent_Contig_62739_33	1	2	0.083867	0.003539	0.018697	0.001884
144	LdDocent_Contig_73096_334	0	1	0.997652	0.979946	0.003290	0.004392
144	LdDocent_Contig_73096_334	1	2	0.002348	0.020054	0.003290	0.004392
145	LdDocent_Contig_1939_424	0	1	0.997846	0.972431	0.003036	0.005007
145	LdDocent_Contig_1939_424	1	2	0.002154	0.027569	0.003036	0.005007
146	LdDocent_Contig_8033_379	0	1	0.997923	0.988311	0.002927	0.003281
146	LdDocent_Contig_8033_379	1	2	0.002077	0.011689	0.002927	0.003281
147	LdDocent_Contig_1508_470	0	1	0.914051	0.999519	0.018164	0.000678
147	LdDocent_Contig_1508_470	1	2	0.085949	0.000481	0.018164	0.000678
148	LdDocent_Contig_9155_368	0	1	0.993501	0.981057	0.005162	0.003992
148	LdDocent_Contig_9155_368	1	2	0.006499	0.018943	0.005162	0.003992
149	LdDocent_Contig_14813_337	0	1	0.997838	0.974961	0.003046	0.005001
149	LdDocent_Contig_14813_337	1	2	0.002162	0.025039	0.003046	0.005001
150	LdDocent_Contig_75654_418	0	1	0.997643	0.960022	0.003320	0.006232
150	LdDocent_Contig_75654_418	1	2	0.002357	0.039978	0.003320	0.006232
151	LdDocent_Contig_8911_456	0	1	0.992718	0.990934	0.005911	0.002926
151	LdDocent_Contig_8911_456	1	2	0.007282	0.009066	0.005911	0.002926
152	LdDocent_Contig_1118_8	0	1	0.925410	0.999547	0.016652	0.000640
152	LdDocent_Contig_1118_8	1	2	0.074590	0.000453	0.016652	0.000640
153	LdDocent_Contig_8187_385	0	1	0.997902	0.991384	0.002958	0.002783
153	LdDocent_Contig_8187_385	1	2	0.002098	0.008616	0.002958	0.002783
154	LdDocent_Contig_14127_482	0	1	0.997947	0.992202	0.002893	0.002663
154	LdDocent_Contig_14127_482	1	2	0.002053	0.007798	0.002893	0.002663
155	LdDocent_Contig_7276_503	0	1	0.997827	0.993105	0.003056	0.002507
155	LdDocent_Contig_7276_503	1	2	0.002173	0.006895	0.003056	0.002507
156	LdDocent_Contig_84367_434	0	1	0.992920	0.993235	0.005753	0.002646
156	LdDocent_Contig_84367_434	1	2	0.007080	0.006765	0.005753	0.002646
157	LdDocent_Contig_2750_91	0	1	0.997936	0.991376	0.002910	0.002786
157	LdDocent_Contig_2750_91	1	2	0.002064	0.008624	0.002910	0.002786
158	LdDocent_Contig_58844_98	0	2	0.994334	0.947068	0.005060	0.006680
158	LdDocent_Contig_58844_98	1	1	0.005666	0.052932	0.005060	0.006680
159	LdDocent_Contig_659_73	0	1	0.998023	0.993336	0.002784	0.002421
159	LdDocent_Contig_659_73	1	2	0.001977	0.006664	0.002784	0.002421
160	LdDocent_Contig_967_360	0	1	0.997880	0.896619	0.002992	0.009198
160	LdDocent_Contig_967_360	1	2	0.002120	0.103381	0.002992	0.009198
161	LdDocent_Contig_95420_418	0	1	0.884042	0.998598	0.020387	0.001144
161	LdDocent_Contig_95420_418	1	2	0.115958	0.001402	0.020387	0.001144
162	LdDocent_Contig_531_334	0	1	0.998034	0.992133	0.002778	0.002683
162	LdDocent_Contig_531_334	1	2	0.001966	0.007867	0.002778	0.002683
163	LdDocent_Contig_6938_455	0	1	0.993485	0.956063	0.005292	0.006513
163	LdDocent_Contig_6938_455	1	2	0.006515	0.043937	0.005292	0.006513
164	LdDocent_Contig_259_69	0	1	0.997980	0.992175	0.002850	0.002673
164	LdDocent_Contig_259_69	1	2	0.002020	0.007825	0.002850	0.002673
165	LdDocent_Contig_11501_28	0	1	0.997766	0.991452	0.003144	0.002918
165	LdDocent_Contig_11501_28	1	2	0.002234	0.008548	0.003144	0.002918
166	LdDocent_Contig_27243_7	0	1	0.869415	0.995307	0.020726	0.001994
166	LdDocent_Contig_27243_7	1	2	0.130585	0.004693	0.020726	0.001994
167	LdDocent_Contig_5757_327	0	1	0.997768	0.993343	0.003144	0.002603
167	LdDocent_Contig_5757_327	1	2	0.002232	0.006657	0.003144	0.002603
168	LdDocent_Contig_36582_322	0	1	0.997950	0.990912	0.002894	0.002792
168	LdDocent_Contig_36582_322	1	2	0.002050	0.009088	0.002894	0.002792
169	LdDocent_Contig_1937_458	0	1	0.997492	0.973466	0.003473	0.004916
169	LdDocent_Contig_1937_458	1	2	0.002508	0.026534	0.003473	0.004916
170	LdDocent_Contig_1872_41	0	1	0.992898	0.931971	0.005746	0.007724
170	LdDocent_Contig_1872_41	1	2	0.007102	0.068029	0.005746	0.007724
171	LdDocent_Contig_772_430	0	1	0.997727	0.978733	0.003208	0.004650
171	LdDocent_Contig_772_430	1	2	0.002273	0.021267	0.003208	0.004650
172	LdDocent_Contig_242_431	0	1	0.093593	0.975942	0.018844	0.004688
172	LdDocent_Contig_242_431	1	2	0.906407	0.024058	0.018844	0.004688
173	LdDocent_Contig_13789_391	0	1	0.952228	0.977466	0.014072	0.004495
173	LdDocent_Contig_13789_391	1	2	0.047772	0.022534	0.014072	0.004495
174	LdDocent_Contig_86535_357	0	1	0.997827	0.979941	0.003064	0.004279
174	LdDocent_Contig_86535_357	1	2	0.002173	0.020059	0.003064	0.004279
175	LdDocent_Contig_87643_124	0	1	0.998077	0.991226	0.002717	0.002696
175	LdDocent_Contig_87643_124	1	2	0.001923	0.008774	0.002717	0.002696
176	LdDocent_Contig_1754_390	0	1	0.993639	0.701512	0.005178	0.014043
176	LdDocent_Contig_1754_390	1	2	0.006361	0.298488	0.005178	0.014043
177	LdDocent_Contig_72680_348	0	1	0.804852	0.556119	0.028164	0.015668
177	LdDocent_Contig_72680_348	1	2	0.195148	0.443881	0.028164	0.015668
178	LdDocent_Contig_36449_103	0	1	0.998052	0.991668	0.002749	0.002689
178	LdDocent_Contig_36449_103	1	2	0.001948	0.008332	0.002749	0.002689
179	LdDocent_Contig_95959_313	0	1	0.989208	0.975812	0.006753	0.004660
179	LdDocent_Contig_95959_313	1	2	0.010792	0.024188	0.006753	0.004660
180	LdDocent_Contig_6746_406	0	1	0.998028	0.991667	0.002779	0.002690
180	LdDocent_Contig_6746_406	1	2	0.001972	0.008333	0.002779	0.002690
181	LdDocent_Contig_656_65	0	2	0.990219	0.814724	0.006138	0.011452
181	LdDocent_Contig_656_65	1	1	0.009781	0.185276	0.006138	0.011452
182	LdDocent_Contig_34845_506	0	1	0.974401	0.995097	0.015895	0.002088
182	LdDocent_Contig_34845_506	1	2	0.025599	0.004903	0.015895	0.002088
183	LdDocent_Contig_22027_75	0	1	0.989430	0.986085	0.006923	0.003756
183	LdDocent_Contig_22027_75	1	2	0.010570	0.013915	0.006923	0.003756
184	LdDocent_Contig_1022_397	0	1	0.997682	0.989473	0.003238	0.003105
184	LdDocent_Contig_1022_397	1	2	0.002318	0.010527	0.003238	0.003105
185	LdDocent_Contig_596_393	0	1	0.962999	0.999512	0.012442	0.000689
185	LdDocent_Contig_596_393	1	2	0.037001	0.000488	0.012442	0.000689
186	LdDocent_Contig_814_432	0	1	0.881644	0.999499	0.021533	0.000708
186	LdDocent_Contig_814_432	1	2	0.118356	0.000501	0.021533	0.000708
187	LdDocent_Contig_66635_480	0	1	0.993885	0.910248	0.004967	0.008631
187	LdDocent_Contig_66635_480	1	2	0.006115	0.089752	0.004967	0.008631
188	LdDocent_Contig_3687_307	0	1	0.997730	0.967026	0.003199	0.005438
188	LdDocent_Contig_3687_307	1	2	0.002270	0.032974	0.003199	0.005438
189	LdDocent_Contig_95004_457	0	1	0.997787	0.918207	0.003115	0.008692
189	LdDocent_Contig_95004_457	1	2	0.002213	0.081793	0.003115	0.008692
190	LdDocent_Contig_1475_425	0	1	0.996993	0.986296	0.004035	0.003631
190	LdDocent_Contig_1475_425	1	2	0.003007	0.013704	0.004035	0.003631
191	LdDocent_Contig_75525_132	0	1	0.982831	0.973768	0.009080	0.004937
191	LdDocent_Contig_75525_132	1	2	0.017169	0.026232	0.009080	0.004937
192	LdDocent_Contig_2619_424	0	1	0.888408	0.771055	0.036247	0.012410
192	LdDocent_Contig_2619_424	1	2	0.111592	0.228945	0.036247	0.012410
193	LdDocent_Contig_7175_297	0	1	0.816657	0.999575	0.027375	0.000600
193	LdDocent_Contig_7175_297	1	2	0.183343	0.000425	0.027375	0.000600
194	LdDocent_Contig_516_116	0	1	0.997209	0.979736	0.003830	0.004355
194	LdDocent_Contig_516_116	1	2	0.002791	0.020264	0.003830	0.004355
195	LdDocent_Contig_89291_130	0	1	0.995662	0.963935	0.006099	0.005565
195	LdDocent_Contig_89291_130	1	2	0.004338	0.036065	0.006099	0.005565
196	LdDocent_Contig_53670_433	0	1	0.997881	0.980659	0.002989	0.004227
196	LdDocent_Contig_53670_433	1	2	0.002119	0.019341	0.002989	0.004227
197	LdDocent_Contig_876_117	0	1	0.996942	0.987813	0.004318	0.003430
197	LdDocent_Contig_876_117	1	2	0.003058	0.012187	0.004318	0.003430
198	LdDocent_Contig_14107_449	0	1	0.997844	0.987670	0.003043	0.003463
198	LdDocent_Contig_14107_449	1	2	0.002156	0.012330	0.003043	0.003463
199	LdDocent_Contig_60897_12	0	1	0.997640	0.991920	0.003330	0.002762
199	LdDocent_Contig_60897_12	1	2	0.002360	0.008080	0.003330	0.002762
