999901_sweeps	1.000/0.000/0.000/0.000	0.000/0.000/0.000/1.000	0.000/0.500/0.500/0.000	0.250/0.250/0.250/0.250	0.500/0.250/0.250/0.000	0.000/0.250/0.250/0.500
1	0.00000	0.99999	0.00000	0.00000	0.00000	0.00001
2	0.00000	0.94177	0.00000	0.00001	0.00000	0.05822
3	0.00000	0.99993	0.00000	0.00000	0.00000	0.00007
4	0.00000	0.79703	0.00177	0.02656	0.00021	0.17443
5	0.00000	0.99987	0.00000	0.00000	0.00000	0.00013
6	0.00000	0.99748	0.00000	0.00000	0.00000	0.00251
7	0.00000	0.99982	0.00000	0.00000	0.00000	0.00018
8	0.00000	0.99999	0.00000	0.00000	0.00000	0.00001
9	0.00000	0.99996	0.00000	0.00000	0.00000	0.00004
10	0.00000	0.00000	0.00033	0.11966	0.88001	0.00000
11	0.99978	0.00000	0.00000	0.00000	0.00022	0.00000
12	0.00000	0.91903	0.00003	0.00635	0.00000	0.07459
13	0.00000	0.99999	0.00000	0.00000	0.00000	0.00001
14	0.00000	1.00000	0.00000	0.00000	0.00000	0.00000
15	0.00000	0.99985	0.00000	0.00000	0.00000	0.00015
16	0.00000	0.94303	0.00000	0.00224	0.00000	0.05472
17	0.88145	0.00000	0.00000	0.00001	0.11854	0.00000
18	0.94839	0.00000	0.00000	0.00238	0.04924	0.00000
19	0.00000	0.95444	0.00000	0.00125	0.00000	0.04431
20	0.99684	0.00000	0.00000	0.00000	0.00316	0.00000
21	0.48349	0.01213	0.07874	0.13154	0.25389	0.04022
22	0.00000	0.96355	0.00000	0.00079	0.00000	0.03566
23	0.99572	0.00000	0.00000	0.00001	0.00427	0.00000
24	0.99884	0.00000	0.00000	0.00000	0.00116	0.00000
25	0.99950	0.00000	0.00000	0.00000	0.00050	0.00000
26	0.00000	0.99902	0.00000	0.00000	0.00000	0.00098
27	0.00000	0.99997	0.00000	0.00000	0.00000	0.00003
28	0.00000	1.00000	0.00000	0.00000	0.00000	0.00000
29	0.00000	0.99993	0.00000	0.00000	0.00000	0.00007
30	0.98808	0.00000	0.00000	0.00000	0.01192	0.00000
31	0.99952	0.00000	0.00000	0.00000	0.00048	0.00000
32	0.00000	0.99470	0.00000	0.00002	0.00000	0.00527
33	0.98515	0.00000	0.00000	0.00007	0.01478	0.00000
34	0.70077	0.00000	0.00013	0.07326	0.22579	0.00004
35	0.00000	0.97421	0.00000	0.00066	0.00000	0.02513
36	0.00000	0.99917	0.00000	0.00000	0.00000	0.00083
37	0.99988	0.00000	0.00000	0.00000	0.00012	0.00000
38	0.99988	0.00000	0.00000	0.00000	0.00012	0.00000
39	0.00000	0.99995	0.00000	0.00000	0.00000	0.00005
40	0.00000	0.99806	0.00000	0.00000	0.00000	0.00194
41	0.00000	0.99999	0.00000	0.00000	0.00000	0.00001
42	0.00000	0.99902	0.00000	0.00000	0.00000	0.00098
43	0.89285	0.00000	0.00000	0.00002	0.10713	0.00000
44	0.00000	0.99996	0.00000	0.00000	0.00000	0.00004
45	0.99996	0.00000	0.00000	0.00000	0.00004	0.00000
46	0.00000	0.99493	0.00000	0.00000	0.00000	0.00507
47	0.00000	0.99996	0.00000	0.00000	0.00000	0.00004
48	0.99984	0.00000	0.00000	0.00000	0.00016	0.00000
49	0.99972	0.00000	0.00000	0.00000	0.00028	0.00000
50	0.00000	0.79634	0.00000	0.03078	0.00000	0.17288
51	0.00000	0.99999	0.00000	0.00000	0.00000	0.00001
52	0.00000	0.99998	0.00000	0.00000	0.00000	0.00002
53	0.01206	0.00000	0.00000	0.10305	0.88490	0.00000
54	0.00000	0.99995	0.00000	0.00000	0.00000	0.00005
55	0.00000	0.99999	0.00000	0.00000	0.00000	0.00001
56	0.94870	0.00000	0.00000	0.00081	0.05049	0.00000
57	0.00000	0.99995	0.00000	0.00000	0.00000	0.00005
58	0.00000	0.99999	0.00000	0.00000	0.00000	0.00001
59	0.00000	0.97162	0.00000	0.00049	0.00000	0.02790
60	0.00000	0.99981	0.00000	0.00000	0.00000	0.00019
61	0.00000	0.99996	0.00000	0.00000	0.00000	0.00004
62	0.00000	0.99997	0.00000	0.00000	0.00000	0.00003
63	0.00000	0.99999	0.00000	0.00000	0.00000	0.00001
64	0.00000	0.99920	0.00000	0.00000	0.00000	0.00080
65	0.00000	0.99959	0.00000	0.00000	0.00000	0.00041
66	0.99530	0.00000	0.00000	0.00000	0.00470	0.00000
67	0.00000	0.99939	0.00000	0.00000	0.00000	0.00061
68	0.00000	0.99997	0.00000	0.00000	0.00000	0.00003
69	0.00308	0.30020	0.02513	0.33136	0.02721	0.31302
70	0.00000	0.99972	0.00000	0.00000	0.00000	0.00028
71	0.00000	0.99997	0.00000	0.00000	0.00000	0.00003
72	0.00000	0.99997	0.00000	0.00000	0.00000	0.00003
73	0.00000	0.99992	0.00000	0.00000	0.00000	0.00008
74	0.00000	0.99999	0.00000	0.00000	0.00000	0.00001
75	0.00000	0.99994	0.00000	0.00000	0.00000	0.00006
76	0.00000	0.98298	0.00000	0.00001	0.00000	0.01701
77	0.99627	0.00000	0.00000	0.00000	0.00373	0.00000
78	0.99859	0.00000	0.00000	0.00000	0.00141	0.00000
79	0.99642	0.00000	0.00000	0.00001	0.00358	0.00000
80	0.00000	0.00000	0.00000	0.99891	0.00006	0.00103
81	0.00000	0.99839	0.00000	0.00000	0.00000	0.00161
82	0.51421	0.00001	0.00183	0.18262	0.30020	0.00113
83	0.99998	0.00000	0.00000	0.00000	0.00002	0.00000
84	0.00000	0.99969	0.00000	0.00000	0.00000	0.00031
85	0.99954	0.00000	0.00000	0.00000	0.00046	0.00000
86	0.98550	0.00000	0.00000	0.00000	0.01450	0.00000
87	0.00000	0.99999	0.00000	0.00000	0.00000	0.00001
88	0.99773	0.00000	0.00000	0.00000	0.00227	0.00000
89	0.00000	0.99964	0.00000	0.00000	0.00000	0.00036
90	0.00000	0.99999	0.00000	0.00000	0.00000	0.00001
91	0.94103	0.00000	0.00000	0.00236	0.05661	0.00000
92	0.00000	0.00000	0.02186	0.02914	0.00000	0.94900
93	0.00000	0.99966	0.00000	0.00000	0.00000	0.00034
94	0.98103	0.00000	0.00000	0.00019	0.01877	0.00000
95	0.00000	0.99793	0.00000	0.00000	0.00000	0.00207
96	0.00000	0.87699	0.00000	0.00286	0.00000	0.12015
97	0.99989	0.00000	0.00000	0.00000	0.00011	0.00000
98	0.00000	0.92054	0.00000	0.00243	0.00000	0.07703
99	0.00672	0.57598	0.06115	0.09619	0.02526	0.23470
100	0.00000	0.99999	0.00000	0.00000	0.00000	0.00001
101	0.00000	0.99997	0.00000	0.00000	0.00000	0.00003
102	0.00000	0.99994	0.00000	0.00000	0.00000	0.00006
103	0.00000	0.99798	0.00000	0.00000	0.00000	0.00202
104	0.00000	0.99999	0.00000	0.00000	0.00000	0.00001
105	0.00000	0.88137	0.00074	0.01256	0.00009	0.10524
106	0.00000	0.99998	0.00000	0.00000	0.00000	0.00002
107	0.00000	0.99988	0.00000	0.00000	0.00000	0.00012
108	0.99960	0.00000	0.00000	0.00000	0.00040	0.00000
109	0.00000	0.99990	0.00000	0.00000	0.00000	0.00010
110	0.00000	0.99998	0.00000	0.00000	0.00000	0.00002
111	0.00000	0.99991	0.00000	0.00000	0.00000	0.00009
112	0.99879	0.00000	0.00000	0.00000	0.00120	0.00000
113	0.99774	0.00000	0.00000	0.00000	0.00225	0.00000
114	0.00000	0.99231	0.00000	0.00000	0.00000	0.00769
115	0.00000	0.99987	0.00000	0.00000	0.00000	0.00013
116	0.68949	0.00000	0.00000	0.00001	0.31050	0.00000
117	0.00000	0.99985	0.00000	0.00000	0.00000	0.00015
118	0.98306	0.00000	0.00000	0.00000	0.01693	0.00000
119	0.99952	0.00000	0.00000	0.00000	0.00048	0.00000
120	0.00000	1.00000	0.00000	0.00000	0.00000	0.00000
121	0.00000	0.99989	0.00000	0.00000	0.00000	0.00011
122	0.00000	0.99939	0.00000	0.00000	0.00000	0.00061
123	0.00012	0.76733	0.00924	0.04193	0.00218	0.17920
124	0.00000	0.99949	0.00000	0.00000	0.00000	0.00051
125	0.00000	0.98675	0.00000	0.00003	0.00000	0.01323
126	0.00000	0.99982	0.00000	0.00000	0.00000	0.00018
127	0.00000	0.99747	0.00000	0.00000	0.00000	0.00253
128	0.00000	0.99893	0.00000	0.00000	0.00000	0.00107
129	0.00000	0.99202	0.00000	0.00004	0.00000	0.00794
130	0.00000	0.99623	0.00000	0.00001	0.00000	0.00376
131	0.99668	0.00000	0.00000	0.00000	0.00332	0.00000
132	0.00000	0.99999	0.00000	0.00000	0.00000	0.00001
133	0.00000	0.99997	0.00000	0.00000	0.00000	0.00003
134	0.00000	0.99978	0.00000	0.00000	0.00000	0.00022
135	0.00000	0.99997	0.00000	0.00000	0.00000	0.00003
136	0.00000	0.99993	0.00000	0.00000	0.00000	0.00007
137	0.00000	0.99890	0.00000	0.00000	0.00000	0.00110
138	0.99958	0.00000	0.00000	0.00000	0.00042	0.00000
139	0.99894	0.00000	0.00000	0.00000	0.00106	0.00000
140	0.99992	0.00000	0.00000	0.00000	0.00008	0.00000
141	0.90258	0.00000	0.00000	0.00883	0.08858	0.00000
142	0.99729	0.00000	0.00000	0.00000	0.00271	0.00000
143	0.00000	0.99976	0.00000	0.00000	0.00000	0.00024
144	0.99847	0.00000	0.00000	0.00000	0.00153	0.00000
145	0.90231	0.00000	0.00000	0.00001	0.09768	0.00000
146	0.99971	0.00000	0.00000	0.00000	0.00029	0.00000
147	0.99608	0.00000	0.00000	0.00000	0.00391	0.00000
148	0.99999	0.00000	0.00000	0.00000	0.00001	0.00000
149	0.99992	0.00000	0.00000	0.00000	0.00008	0.00000
150	0.99842	0.00000	0.00000	0.00000	0.00158	0.00000
151	0.00000	0.99419	0.00000	0.00001	0.00000	0.00580
152	0.23112	0.11420	0.16025	0.16401	0.19400	0.13641
153	0.00000	0.99946	0.00000	0.00000	0.00000	0.00054
154	0.00000	0.99393	0.00000	0.00000	0.00000	0.00607
155	0.00000	0.99815	0.00000	0.00000	0.00000	0.00185
156	0.00000	0.99998	0.00000	0.00000	0.00000	0.00002
157	0.00000	0.99974	0.00000	0.00000	0.00000	0.00026
158	0.00000	0.99999	0.00000	0.00000	0.00000	0.00001
159	0.00000	0.99974	0.00000	0.00000	0.00000	0.00026
160	0.00000	0.99984	0.00000	0.00000	0.00000	0.00016
161	0.00000	0.99997	0.00000	0.00000	0.00000	0.00003
162	0.87656	0.00000	0.00000	0.00002	0.12342	0.00000
163	0.00000	0.99996	0.00000	0.00000	0.00000	0.00004
164	0.00000	0.99601	0.00000	0.00000	0.00000	0.00399
165	0.00000	0.82240	0.00002	0.01413	0.00000	0.16344
166	0.99905	0.00000	0.00000	0.00000	0.00095	0.00000
167	0.99996	0.00000	0.00000	0.00000	0.00004	0.00000
168	0.93297	0.00000	0.00000	0.00117	0.06586	0.00000
169	0.00000	0.99987	0.00000	0.00000	0.00000	0.00013
170	0.00000	0.99984	0.00000	0.00000	0.00000	0.00016
171	0.00000	0.99994	0.00000	0.00000	0.00000	0.00006
172	0.00000	0.99993	0.00000	0.00000	0.00000	0.00007
173	0.99988	0.00000	0.00000	0.00000	0.00012	0.00000
174	0.00000	0.99999	0.00000	0.00000	0.00000	0.00001
175	0.00000	0.99674	0.00000	0.00001	0.00000	0.00325
176	0.00000	0.99994	0.00000	0.00000	0.00000	0.00006
177	0.00000	0.99996	0.00000	0.00000	0.00000	0.00004
178	0.99997	0.00000	0.00000	0.00000	0.00003	0.00000
179	0.99993	0.00000	0.00000	0.00000	0.00007	0.00000
180	0.00000	0.99069	0.00000	0.00000	0.00000	0.00931
181	0.00000	0.99994	0.00000	0.00000	0.00000	0.00006
182	0.99201	0.00000	0.00000	0.00001	0.00798	0.00000
183	0.00000	0.15907	0.00000	0.00013	0.00000	0.84079
184	0.00000	0.00823	0.00000	0.00085	0.00000	0.99092
185	0.00000	0.99992	0.00000	0.00000	0.00000	0.00008
186	0.99830	0.00000	0.00000	0.00000	0.00170	0.00000
187	0.00000	0.99925	0.00000	0.00000	0.00000	0.00075
188	0.00000	0.99966	0.00000	0.00000	0.00000	0.00034
189	0.00000	0.98140	0.00000	0.00024	0.00000	0.01836
190	0.00000	0.99290	0.00000	0.00002	0.00000	0.00708
191	0.99925	0.00000	0.00000	0.00000	0.00075	0.00000
192	0.99796	0.00000	0.00000	0.00000	0.00204	0.00000
193	0.99977	0.00000	0.00000	0.00000	0.00023	0.00000
194	0.00000	0.99963	0.00000	0.00000	0.00000	0.00037
195	0.00000	0.99638	0.00000	0.00000	0.00000	0.00362
196	0.00000	0.99997	0.00000	0.00000	0.00000	0.00003
197	0.00000	0.98649	0.00000	0.00018	0.00000	0.01333
198	0.00000	0.99978	0.00000	0.00000	0.00000	0.00022
199	0.00000	0.99997	0.00000	0.00000	0.00000	0.00003
200	0.00000	0.00000	0.99776	0.00063	0.00000	0.00161
201	0.00000	0.99999	0.00000	0.00000	0.00000	0.00001
202	0.00000	0.99994	0.00000	0.00000	0.00000	0.00006
203	0.00000	0.77060	0.00008	0.04456	0.00002	0.18474
204	0.00000	0.99968	0.00000	0.00000	0.00000	0.00032
205	0.00000	0.99981	0.00000	0.00000	0.00000	0.00019
206	0.00000	0.99999	0.00000	0.00000	0.00000	0.00001
207	0.00000	0.99997	0.00000	0.00000	0.00000	0.00003
208	0.00000	0.99960	0.00000	0.00000	0.00000	0.00040
209	0.00000	0.99998	0.00000	0.00000	0.00000	0.00002
210	0.00000	0.99993	0.00000	0.00000	0.00000	0.00007
211	0.00000	0.19285	0.00000	0.00031	0.00000	0.80684
212	0.00000	0.99895	0.00000	0.00000	0.00000	0.00105
213	0.97707	0.00000	0.00000	0.00000	0.02293	0.00000
214	0.99980	0.00000	0.00000	0.00000	0.00020	0.00000
215	0.00000	0.99993	0.00000	0.00000	0.00000	0.00007
216	0.00000	0.99979	0.00000	0.00000	0.00000	0.00021
217	0.00000	0.99999	0.00000	0.00000	0.00000	0.00001
218	0.00000	0.99991	0.00000	0.00000	0.00000	0.00009
219	0.00000	0.99909	0.00000	0.00000	0.00000	0.00091
220	0.00000	0.89456	0.00008	0.01033	0.00001	0.09503
221	0.00000	0.99999	0.00000	0.00000	0.00000	0.00001
222	0.00000	0.99953	0.00000	0.00000	0.00000	0.00047
223	0.00000	0.98121	0.00000	0.00031	0.00000	0.01848
224	0.00000	0.99997	0.00000	0.00000	0.00000	0.00003
225	0.00000	0.99979	0.00000	0.00000	0.00000	0.00021
226	0.99998	0.00000	0.00000	0.00000	0.00002	0.00000
227	0.00000	0.99998	0.00000	0.00000	0.00000	0.00002
228	0.00000	0.95159	0.00000	0.00146	0.00000	0.04695
229	0.41489	0.00001	0.00263	0.23901	0.34181	0.00164
230	0.00000	0.99995	0.00000	0.00000	0.00000	0.00005
231	0.00000	0.99934	0.00000	0.00000	0.00000	0.00066
232	0.00000	0.99289	0.00000	0.00005	0.00000	0.00705
233	0.99923	0.00000	0.00000	0.00000	0.00077	0.00000
234	0.00000	0.99877	0.00000	0.00000	0.00000	0.00122
235	0.00000	0.99956	0.00000	0.00000	0.00000	0.00044
236	0.00000	0.99896	0.00000	0.00000	0.00000	0.00104
237	0.00000	0.99987	0.00000	0.00000	0.00000	0.00013
238	0.00000	0.99989	0.00000	0.00000	0.00000	0.00011
239	0.99991	0.00000	0.00000	0.00000	0.00009	0.00000
240	0.99996	0.00000	0.00000	0.00000	0.00004	0.00000
241	0.99945	0.00000	0.00000	0.00000	0.00055	0.00000
242	0.99999	0.00000	0.00000	0.00000	0.00001	0.00000
243	0.00000	0.99987	0.00000	0.00000	0.00000	0.00013
244	0.99992	0.00000	0.00000	0.00000	0.00008	0.00000
245	0.99465	0.00000	0.00000	0.00000	0.00535	0.00000
246	0.00000	0.99990	0.00000	0.00000	0.00000	0.00010
247	0.00000	0.99902	0.00000	0.00000	0.00000	0.00098
248	0.00000	0.85809	0.00000	0.00001	0.00000	0.14190
249	0.00000	0.99309	0.00000	0.00000	0.00000	0.00691
250	0.00000	0.99985	0.00000	0.00000	0.00000	0.00015
251	0.00000	0.99998	0.00000	0.00000	0.00000	0.00002
252	0.00000	1.00000	0.00000	0.00000	0.00000	0.00000
253	0.00000	0.99975	0.00000	0.00000	0.00000	0.00025
254	0.00000	0.99998	0.00000	0.00000	0.00000	0.00002
255	0.00000	0.99996	0.00000	0.00000	0.00000	0.00004
256	0.00000	0.99973	0.00000	0.00000	0.00000	0.00027
257	0.00000	0.99999	0.00000	0.00000	0.00000	0.00001
258	0.00000	0.99998	0.00000	0.00000	0.00000	0.00002
259	0.00000	0.99997	0.00000	0.00000	0.00000	0.00003
260	0.00000	0.99938	0.00000	0.00000	0.00000	0.00062
261	0.00000	0.99990	0.00000	0.00000	0.00000	0.00010
262	0.00000	0.99971	0.00000	0.00000	0.00000	0.00029
263	0.00000	0.99992	0.00000	0.00000	0.00000	0.00008
264	0.00000	0.99982	0.00000	0.00000	0.00000	0.00018
265	0.00192	0.00151	0.00100	0.93116	0.04107	0.02334
266	0.00000	0.99994	0.00000	0.00000	0.00000	0.00006
267	0.00000	0.99944	0.00000	0.00000	0.00000	0.00056
268	0.00000	0.99975	0.00000	0.00000	0.00000	0.00025
269	0.00000	0.99885	0.00000	0.00000	0.00000	0.00115
270	0.00000	0.99995	0.00000	0.00000	0.00000	0.00005
271	0.00000	0.99999	0.00000	0.00000	0.00000	0.00001
272	0.00000	0.99923	0.00000	0.00000	0.00000	0.00077
273	0.00000	0.99986	0.00000	0.00000	0.00000	0.00014
274	0.00000	0.99829	0.00000	0.00000	0.00000	0.00171
275	0.00000	0.99980	0.00000	0.00000	0.00000	0.00020
276	0.00000	0.99977	0.00000	0.00000	0.00000	0.00023
277	0.00000	0.99993	0.00000	0.00000	0.00000	0.00007
278	0.00000	0.99992	0.00000	0.00000	0.00000	0.00008
279	0.00000	0.99936	0.00000	0.00000	0.00000	0.00064
280	0.00000	0.99993	0.00000	0.00000	0.00000	0.00007
281	0.00000	0.99911	0.00000	0.00000	0.00000	0.00088
282	0.00000	0.99951	0.00000	0.00000	0.00000	0.00049
283	0.99992	0.00000	0.00000	0.00000	0.00008	0.00000
284	0.00000	0.98244	0.00000	0.00031	0.00000	0.01725
285	0.00000	0.99994	0.00000	0.00000	0.00000	0.00006
286	0.00000	0.99987	0.00000	0.00000	0.00000	0.00013
287	0.00000	0.99994	0.00000	0.00000	0.00000	0.00006
288	0.00000	0.99994	0.00000	0.00000	0.00000	0.00006
289	0.00000	0.97492	0.00000	0.00002	0.00000	0.02506
290	0.00000	0.99964	0.00000	0.00000	0.00000	0.00036
291	0.00000	0.99992	0.00000	0.00000	0.00000	0.00008
292	0.00000	0.99995	0.00000	0.00000	0.00000	0.00005
293	0.00000	0.99968	0.00000	0.00000	0.00000	0.00032
294	0.00000	0.99997	0.00000	0.00000	0.00000	0.00003
295	0.00000	0.99991	0.00000	0.00000	0.00000	0.00009
296	0.99410	0.00000	0.00000	0.00001	0.00589	0.00000
297	0.00000	0.99978	0.00000	0.00000	0.00000	0.00022
298	0.00000	0.94146	0.00000	0.00301	0.00000	0.05552
299	0.99410	0.00000	0.00000	0.00000	0.00590	0.00000
300	0.00000	0.99628	0.00000	0.00000	0.00000	0.00371
301	0.00000	0.99998	0.00000	0.00000	0.00000	0.00002
302	0.00000	0.99997	0.00000	0.00000	0.00000	0.00003
303	0.00000	0.99997	0.00000	0.00000	0.00000	0.00003
304	0.00000	0.99984	0.00000	0.00000	0.00000	0.00016
305	0.00000	0.99996	0.00000	0.00000	0.00000	0.00004
306	0.00000	0.99573	0.00000	0.00001	0.00000	0.00427
307	0.00000	0.99999	0.00000	0.00000	0.00000	0.00001
308	0.00000	0.99994	0.00000	0.00000	0.00000	0.00006
309	0.00000	0.99123	0.00000	0.00001	0.00000	0.00875
310	0.00000	0.99986	0.00000	0.00000	0.00000	0.00014
311	0.00000	0.91109	0.00071	0.00668	0.00005	0.08146
312	0.00000	0.99995	0.00000	0.00000	0.00000	0.00005
313	0.00000	0.99999	0.00000	0.00000	0.00000	0.00001
314	0.00000	0.99943	0.00000	0.00000	0.00000	0.00057
315	0.00000	0.10931	0.00000	0.00166	0.00000	0.88902
316	0.00000	0.99997	0.00000	0.00000	0.00000	0.00003
317	0.00000	0.99992	0.00000	0.00000	0.00000	0.00008
318	0.00000	0.99994	0.00000	0.00000	0.00000	0.00006
319	0.00000	0.99526	0.00000	0.00001	0.00000	0.00473
320	0.00000	0.99332	0.00000	0.00001	0.00000	0.00666
321	0.00000	0.99818	0.00000	0.00000	0.00000	0.00181
322	0.00000	0.99989	0.00000	0.00000	0.00000	0.00011
323	0.00000	0.99857	0.00000	0.00000	0.00000	0.00143
324	0.00000	0.99995	0.00000	0.00000	0.00000	0.00005
325	0.00000	0.00383	0.00000	0.00010	0.00000	0.99607
326	0.00000	0.99277	0.00000	0.00005	0.00000	0.00718
327	0.00000	0.99999	0.00000	0.00000	0.00000	0.00001
328	0.00000	0.99956	0.00000	0.00000	0.00000	0.00044
329	0.00000	0.99984	0.00000	0.00000	0.00000	0.00016
330	0.00000	0.83194	0.00128	0.02442	0.00023	0.14213
331	0.00000	0.99997	0.00000	0.00000	0.00000	0.00003
332	0.00000	0.99958	0.00000	0.00000	0.00000	0.00042
333	0.00000	0.99919	0.00000	0.00000	0.00000	0.00081
334	0.00000	0.99999	0.00000	0.00000	0.00000	0.00001
335	0.00000	0.99998	0.00000	0.00000	0.00000	0.00002
336	0.03227	0.38631	0.11077	0.15536	0.07055	0.24474
337	0.00000	0.99990	0.00000	0.00000	0.00000	0.00010
338	0.00000	0.99993	0.00000	0.00000	0.00000	0.00007
339	0.00000	0.99987	0.00000	0.00000	0.00000	0.00013
340	0.00000	0.00000	0.99724	0.00143	0.00001	0.00132
341	0.00000	0.99946	0.00000	0.00000	0.00000	0.00054
342	0.00000	0.99581	0.00000	0.00000	0.00000	0.00419
343	0.00000	0.00000	0.00594	0.02233	0.00000	0.97174
344	0.00000	0.62772	0.00000	0.00942	0.00000	0.36287
345	0.00000	0.99972	0.00000	0.00000	0.00000	0.00028
346	0.00000	0.96525	0.00000	0.00118	0.00000	0.03358
347	0.00000	0.00000	0.00000	0.00182	0.00000	0.99818
348	0.00000	0.99979	0.00000	0.00000	0.00000	0.00021
349	0.00000	0.99907	0.00000	0.00000	0.00000	0.00093
350	0.00000	0.99939	0.00000	0.00000	0.00000	0.00061
351	0.00000	0.99089	0.00000	0.00008	0.00000	0.00903
352	0.00000	1.00000	0.00000	0.00000	0.00000	0.00000
353	0.00000	0.98552	0.00000	0.00013	0.00000	0.01435
354	0.00002	0.80033	0.00376	0.03298	0.00077	0.16214
355	0.99903	0.00000	0.00000	0.00000	0.00097	0.00000
356	0.00000	0.99999	0.00000	0.00000	0.00000	0.00001
357	0.00000	0.99908	0.00000	0.00000	0.00000	0.00092
358	0.10765	0.23531	0.15893	0.16645	0.13379	0.19786
359	0.00000	0.99992	0.00000	0.00000	0.00000	0.00008
360	0.00000	0.99373	0.00000	0.00002	0.00000	0.00626
361	0.99981	0.00000	0.00000	0.00000	0.00019	0.00000
362	1.00000	0.00000	0.00000	0.00000	0.00000	0.00000
363	0.00000	0.99958	0.00000	0.00000	0.00000	0.00042
364	0.00000	0.99858	0.00000	0.00000	0.00000	0.00142
365	0.00000	0.99955	0.00000	0.00000	0.00000	0.00045
366	0.00000	0.99999	0.00000	0.00000	0.00000	0.00001
367	0.00000	0.99996	0.00000	0.00000	0.00000	0.00004
368	0.98727	0.00000	0.00000	0.00000	0.01273	0.00000
369	0.00000	0.99937	0.00000	0.00000	0.00000	0.00063
370	0.00000	0.99987	0.00000	0.00000	0.00000	0.00013
371	0.00000	0.99926	0.00000	0.00000	0.00000	0.00074
372	0.00000	0.99996	0.00000	0.00000	0.00000	0.00004
373	0.00000	0.49088	0.00045	0.15090	0.00012	0.35764
374	0.99968	0.00000	0.00000	0.00000	0.00032	0.00000
375	0.00000	0.99702	0.00000	0.00000	0.00000	0.00298
376	0.02893	0.40428	0.10758	0.14870	0.06540	0.24509
377	0.99812	0.00000	0.00000	0.00000	0.00188	0.00000
378	0.99523	0.00000	0.00000	0.00001	0.00475	0.00000
379	0.00000	0.99997	0.00000	0.00000	0.00000	0.00003
380	0.00000	0.99981	0.00000	0.00000	0.00000	0.00019
381	0.00000	0.99685	0.00000	0.00000	0.00000	0.00315
382	0.99969	0.00000	0.00000	0.00000	0.00031	0.00000
383	0.00000	0.99991	0.00000	0.00000	0.00000	0.00009
384	0.00000	0.99992	0.00000	0.00000	0.00000	0.00008
385	0.00000	0.99983	0.00000	0.00000	0.00000	0.00017
386	0.00000	0.99995	0.00000	0.00000	0.00000	0.00005
387	0.93896	0.00000	0.00000	0.00121	0.05983	0.00000
388	0.00000	0.99997	0.00000	0.00000	0.00000	0.00003
389	0.00000	0.99944	0.00000	0.00000	0.00000	0.00056
390	0.00000	0.99998	0.00000	0.00000	0.00000	0.00002
391	0.00075	0.49300	0.01011	0.19500	0.00933	0.29180
392	0.00000	0.99923	0.00000	0.00000	0.00000	0.00077
393	0.00000	0.99687	0.00000	0.00001	0.00000	0.00312
394	0.00000	1.00000	0.00000	0.00000	0.00000	0.00000
395	0.00000	0.99975	0.00000	0.00000	0.00000	0.00025
396	0.00000	0.99994	0.00000	0.00000	0.00000	0.00006
397	0.00000	1.00000	0.00000	0.00000	0.00000	0.00000
398	0.00000	0.72585	0.00175	0.05784	0.00039	0.21417
399	0.00000	0.99979	0.00000	0.00000	0.00000	0.00021
400	0.00000	0.99978	0.00000	0.00000	0.00000	0.00022
401	0.02342	0.34111	0.04913	0.24857	0.05078	0.28700
402	0.00000	0.99999	0.00000	0.00000	0.00000	0.00001
403	0.00000	0.99999	0.00000	0.00000	0.00000	0.00001
404	0.00000	0.99823	0.00000	0.00000	0.00000	0.00177
405	0.00000	0.99999	0.00000	0.00000	0.00000	0.00001
406	0.00000	0.99999	0.00000	0.00000	0.00000	0.00001
407	0.00000	0.99998	0.00000	0.00000	0.00000	0.00002
408	0.00000	1.00000	0.00000	0.00000	0.00000	0.00000
409	0.00000	0.99976	0.00000	0.00000	0.00000	0.00024
410	0.00000	0.99988	0.00000	0.00000	0.00000	0.00012
411	0.99929	0.00000	0.00000	0.00000	0.00071	0.00000
412	0.00000	0.99998	0.00000	0.00000	0.00000	0.00002
413	0.00000	0.99452	0.00000	0.00002	0.00000	0.00545
414	0.00000	0.99995	0.00000	0.00000	0.00000	0.00005
415	0.00000	0.91765	0.00000	0.00336	0.00000	0.07900
416	0.00000	0.99992	0.00000	0.00000	0.00000	0.00008
417	0.00000	0.99957	0.00000	0.00000	0.00000	0.00043
418	0.00000	0.99755	0.00000	0.00000	0.00000	0.00245
419	0.00000	0.99985	0.00000	0.00000	0.00000	0.00015
420	0.00000	0.99953	0.00000	0.00000	0.00000	0.00047
421	0.00000	0.99988	0.00000	0.00000	0.00000	0.00012
422	0.00000	0.97905	0.00000	0.00045	0.00000	0.02050
423	0.00000	0.99507	0.00000	0.00002	0.00000	0.00492
424	0.00000	0.99834	0.00000	0.00000	0.00000	0.00166
425	0.00000	0.99995	0.00000	0.00000	0.00000	0.00005
426	0.00000	0.99998	0.00000	0.00000	0.00000	0.00002
427	0.00000	0.99994	0.00000	0.00000	0.00000	0.00006
428	0.00000	0.99901	0.00000	0.00000	0.00000	0.00099
429	0.00000	0.99982	0.00000	0.00000	0.00000	0.00018
430	0.00000	0.99982	0.00000	0.00000	0.00000	0.00018
431	0.00000	0.99989	0.00000	0.00000	0.00000	0.00011
432	0.00000	0.99769	0.00000	0.00000	0.00000	0.00230
433	0.00000	0.99999	0.00000	0.00000	0.00000	0.00001
434	0.00000	0.99232	0.00000	0.00004	0.00000	0.00764
435	0.00000	0.99999	0.00000	0.00000	0.00000	0.00001
436	0.98907	0.00000	0.00000	0.00000	0.01093	0.00000
437	0.00000	0.99974	0.00000	0.00000	0.00000	0.00026
438	0.00000	0.99986	0.00000	0.00000	0.00000	0.00014
439	0.00000	0.99994	0.00000	0.00000	0.00000	0.00006
440	0.00000	0.99321	0.00000	0.00003	0.00000	0.00676
441	0.00000	0.99993	0.00000	0.00000	0.00000	0.00007
442	0.00000	0.99993	0.00000	0.00000	0.00000	0.00007
443	0.00000	0.99990	0.00000	0.00000	0.00000	0.00010
444	0.00000	0.99998	0.00000	0.00000	0.00000	0.00002
445	0.00000	0.99995	0.00000	0.00000	0.00000	0.00005
446	0.00000	0.99998	0.00000	0.00000	0.00000	0.00002
447	0.00000	0.80406	0.00000	0.00154	0.00000	0.19441
448	0.00000	0.99996	0.00000	0.00000	0.00000	0.00004
449	0.00000	1.00000	0.00000	0.00000	0.00000	0.00000
450	0.00000	0.99985	0.00000	0.00000	0.00000	0.00015
451	0.00000	0.99992	0.00000	0.00000	0.00000	0.00008
452	0.00000	0.97110	0.00000	0.00082	0.00000	0.02808
453	0.00000	0.99996	0.00000	0.00000	0.00000	0.00004
454	0.00000	0.99999	0.00000	0.00000	0.00000	0.00001
455	0.00000	0.99826	0.00000	0.00000	0.00000	0.00174
456	0.00000	0.99991	0.00000	0.00000	0.00000	0.00009
457	0.00000	0.99853	0.00000	0.00000	0.00000	0.00147
458	0.00000	0.99944	0.00000	0.00000	0.00000	0.00056
459	0.00000	0.99998	0.00000	0.00000	0.00000	0.00002
460	1.00000	0.00000	0.00000	0.00000	0.00000	0.00000
461	0.00000	1.00000	0.00000	0.00000	0.00000	0.00000
462	0.00000	0.99982	0.00000	0.00000	0.00000	0.00018
463	0.00066	0.56515	0.01790	0.13338	0.00878	0.27413
464	0.99527	0.00000	0.00000	0.00000	0.00473	0.00000
465	0.00000	1.00000	0.00000	0.00000	0.00000	0.00000
466	0.00000	0.99983	0.00000	0.00000	0.00000	0.00017
467	0.00000	0.95322	0.00000	0.00196	0.00000	0.04483
468	0.00000	0.97301	0.00000	0.00000	0.00000	0.02699
469	0.00000	0.99942	0.00000	0.00000	0.00000	0.00058
470	0.00000	0.99561	0.00000	0.00001	0.00000	0.00438
471	0.00000	0.99813	0.00000	0.00000	0.00000	0.00187
472	0.00000	0.99964	0.00000	0.00000	0.00000	0.00036
473	0.00000	0.99995	0.00000	0.00000	0.00000	0.00005
474	0.00003	0.65016	0.00247	0.09641	0.00097	0.24996
475	0.00000	0.99997	0.00000	0.00000	0.00000	0.00003
476	0.00000	0.99923	0.00000	0.00000	0.00000	0.00077
477	0.00000	0.99668	0.00000	0.00000	0.00000	0.00332
478	0.00000	0.99999	0.00000	0.00000	0.00000	0.00001
479	0.00000	0.99750	0.00000	0.00000	0.00000	0.00249
480	0.00000	0.99998	0.00000	0.00000	0.00000	0.00002
481	0.00000	0.99222	0.00000	0.00000	0.00000	0.00778
482	0.00000	0.99835	0.00000	0.00000	0.00000	0.00165
483	0.00000	0.99999	0.00000	0.00000	0.00000	0.00001
484	0.00000	0.99974	0.00000	0.00000	0.00000	0.00026
485	0.00000	0.99982	0.00000	0.00000	0.00000	0.00018
486	0.00000	0.99997	0.00000	0.00000	0.00000	0.00003
487	0.00000	0.99942	0.00000	0.00000	0.00000	0.00058
488	0.00000	0.99996	0.00000	0.00000	0.00000	0.00004
489	0.00000	0.99699	0.00000	0.00000	0.00000	0.00301
490	0.00000	0.99888	0.00000	0.00000	0.00000	0.00112
491	0.00000	0.99998	0.00000	0.00000	0.00000	0.00002
492	0.00000	0.99914	0.00000	0.00000	0.00000	0.00086
493	0.00000	0.99976	0.00000	0.00000	0.00000	0.00024
494	0.00000	0.75598	0.01916	0.03287	0.00167	0.19032
495	0.00000	0.99998	0.00000	0.00000	0.00000	0.00002
496	0.00000	0.99995	0.00000	0.00000	0.00000	0.00005
497	0.00000	0.99995	0.00000	0.00000	0.00000	0.00005
498	0.00000	0.99995	0.00000	0.00000	0.00000	0.00005
499	0.00000	0.99985	0.00000	0.00000	0.00000	0.00015
500	0.00001	0.80049	0.00534	0.02991	0.00078	0.16347
501	0.00000	0.99997	0.00000	0.00000	0.00000	0.00003
502	0.00000	0.43112	0.00059	0.24540	0.00046	0.32242
503	0.00000	0.99992	0.00000	0.00000	0.00000	0.00008
504	0.00000	0.99914	0.00000	0.00000	0.00000	0.00086
505	0.00000	0.99883	0.00000	0.00000	0.00000	0.00116
506	0.99804	0.00000	0.00000	0.00000	0.00195	0.00000
507	0.99999	0.00000	0.00000	0.00000	0.00001	0.00000
508	0.00000	0.99937	0.00000	0.00000	0.00000	0.00063
509	0.00000	0.99992	0.00000	0.00000	0.00000	0.00008
510	0.00000	0.99844	0.00000	0.00000	0.00000	0.00156
511	0.00000	0.99984	0.00000	0.00000	0.00000	0.00016
512	0.00000	0.99995	0.00000	0.00000	0.00000	0.00005
513	0.99795	0.00000	0.00000	0.00000	0.00205	0.00000
514	0.00000	0.99884	0.00000	0.00000	0.00000	0.00115
515	0.99977	0.00000	0.00000	0.00000	0.00023	0.00000
516	0.00000	0.97479	0.00000	0.00064	0.00000	0.02457
517	0.00000	0.99859	0.00000	0.00000	0.00000	0.00141
518	0.99824	0.00000	0.00000	0.00000	0.00176	0.00000
519	0.00000	0.45732	0.00000	0.00001	0.00000	0.54267
520	0.00000	0.99996	0.00000	0.00000	0.00000	0.00004
521	0.00000	0.99967	0.00000	0.00000	0.00000	0.00033
522	0.00000	0.99975	0.00000	0.00000	0.00000	0.00025
523	0.00000	0.99998	0.00000	0.00000	0.00000	0.00002
524	0.00000	0.99991	0.00000	0.00000	0.00000	0.00009
525	0.00000	0.99998	0.00000	0.00000	0.00000	0.00002
526	0.00000	0.99990	0.00000	0.00000	0.00000	0.00010
527	0.00000	0.99997	0.00000	0.00000	0.00000	0.00003
528	0.00000	0.97385	0.00000	0.00067	0.00000	0.02548
529	0.00000	0.79121	0.00088	0.03694	0.00019	0.17077
530	0.00000	0.99893	0.00000	0.00000	0.00000	0.00107
531	0.00000	0.99997	0.00000	0.00000	0.00000	0.00003
532	0.00000	0.99991	0.00000	0.00000	0.00000	0.00009
533	0.99980	0.00000	0.00000	0.00000	0.00020	0.00000
534	0.00000	0.99946	0.00000	0.00000	0.00000	0.00054
535	0.00000	0.99994	0.00000	0.00000	0.00000	0.00006
536	0.00000	0.99936	0.00000	0.00000	0.00000	0.00064
537	0.99784	0.00000	0.00000	0.00000	0.00216	0.00000
538	0.00000	0.78294	0.00001	0.04077	0.00000	0.17628
539	0.00000	0.99992	0.00000	0.00000	0.00000	0.00008
540	0.30662	0.00000	0.00000	0.12298	0.57040	0.00000
541	0.99729	0.00000	0.00000	0.00000	0.00271	0.00000
542	1.00000	0.00000	0.00000	0.00000	0.00000	0.00000
543	0.00000	0.94094	0.00000	0.00003	0.00000	0.05903
544	0.00000	0.99996	0.00000	0.00000	0.00000	0.00004
545	0.00000	0.99999	0.00000	0.00000	0.00000	0.00001
546	0.00000	0.99974	0.00000	0.00000	0.00000	0.00026
547	0.00000	0.99785	0.00000	0.00000	0.00000	0.00215
548	0.98411	0.00000	0.00000	0.00021	0.01569	0.00000
549	0.00000	0.96038	0.00000	0.00000	0.00000	0.03962
550	0.00000	1.00000	0.00000	0.00000	0.00000	0.00000
551	0.99980	0.00000	0.00000	0.00000	0.00020	0.00000
552	0.00000	0.97760	0.00000	0.00000	0.00000	0.02240
553	0.00000	0.99942	0.00000	0.00000	0.00000	0.00058
554	0.00000	0.99993	0.00000	0.00000	0.00000	0.00007
555	0.00000	0.99973	0.00000	0.00000	0.00000	0.00027
556	0.00000	0.00000	0.85061	0.12496	0.02432	0.00012
557	0.00000	0.99980	0.00000	0.00000	0.00000	0.00020
558	0.00000	0.99998	0.00000	0.00000	0.00000	0.00002
559	0.99146	0.00000	0.00000	0.00000	0.00854	0.00000
560	0.99997	0.00000	0.00000	0.00000	0.00003	0.00000
561	0.99995	0.00000	0.00000	0.00000	0.00005	0.00000
562	0.99871	0.00000	0.00000	0.00000	0.00129	0.00000
563	0.00000	0.99870	0.00000	0.00000	0.00000	0.00130
564	0.00000	0.99996	0.00000	0.00000	0.00000	0.00004
565	0.99998	0.00000	0.00000	0.00000	0.00002	0.00000
566	0.00000	0.99959	0.00000	0.00000	0.00000	0.00041
567	0.57782	0.00002	0.00204	0.13741	0.28172	0.00100
568	0.99877	0.00000	0.00000	0.00000	0.00123	0.00000
569	0.00000	0.99555	0.00000	0.00000	0.00000	0.00445
570	0.00000	0.99997	0.00000	0.00000	0.00000	0.00003
571	0.00000	0.99679	0.00000	0.00000	0.00000	0.00321
572	0.00000	0.99995	0.00000	0.00000	0.00000	0.00005
573	0.00000	0.41937	0.00000	0.00275	0.00000	0.57788
574	0.00000	0.99962	0.00000	0.00000	0.00000	0.00038
575	0.00102	0.00000	0.00000	0.00111	0.99787	0.00000
576	0.00000	0.99992	0.00000	0.00000	0.00000	0.00008
577	0.95298	0.00000	0.00000	0.00006	0.04696	0.00000
578	0.00000	0.99993	0.00000	0.00000	0.00000	0.00007
579	0.00000	0.98573	0.00000	0.00000	0.00000	0.01427
580	0.00000	0.96212	0.00000	0.00141	0.00000	0.03647
581	0.00000	0.99865	0.00000	0.00000	0.00000	0.00135
582	0.00000	0.99987	0.00000	0.00000	0.00000	0.00013
583	0.00000	0.91719	0.00002	0.00530	0.00000	0.07749
584	0.00000	0.99929	0.00000	0.00000	0.00000	0.00071
585	0.00000	0.78711	0.00000	0.00001	0.00000	0.21289
586	0.00000	0.99993	0.00000	0.00000	0.00000	0.00007
587	0.00000	1.00000	0.00000	0.00000	0.00000	0.00000
588	0.00000	0.99999	0.00000	0.00000	0.00000	0.00001
589	0.00000	0.99983	0.00000	0.00000	0.00000	0.00017
590	0.00000	0.99980	0.00000	0.00000	0.00000	0.00020
591	0.00000	0.70665	0.00046	0.07065	0.00015	0.22209
592	0.00000	0.90281	0.00078	0.00863	0.00008	0.08770
593	0.00000	0.99977	0.00000	0.00000	0.00000	0.00023
594	0.00000	1.00000	0.00000	0.00000	0.00000	0.00000
595	0.00000	0.99999	0.00000	0.00000	0.00000	0.00001
596	0.00000	0.91427	0.00001	0.00450	0.00000	0.08123
597	0.00000	0.92539	0.00000	0.00213	0.00000	0.07249
598	0.00000	0.97808	0.00000	0.00043	0.00000	0.02150
599	0.00000	0.36325	0.00000	0.00578	0.00000	0.63097
600	0.00000	0.99760	0.00000	0.00000	0.00000	0.00240
601	0.00000	0.79713	0.00006	0.03566	0.00001	0.16713
602	0.99999	0.00000	0.00000	0.00000	0.00001	0.00000
603	0.87004	0.00000	0.00000	0.01528	0.11468	0.00000
604	0.00000	0.99976	0.00000	0.00000	0.00000	0.00024
605	0.00000	0.96787	0.00000	0.00086	0.00000	0.03127
606	0.00000	0.99968	0.00000	0.00000	0.00000	0.00032
607	0.00000	0.99995	0.00000	0.00000	0.00000	0.00005
608	0.00000	0.99999	0.00000	0.00000	0.00000	0.00001
609	0.00000	0.99988	0.00000	0.00000	0.00000	0.00012
610	0.99992	0.00000	0.00000	0.00000	0.00008	0.00000
611	0.00000	0.99996	0.00000	0.00000	0.00000	0.00004
612	0.00000	0.99842	0.00000	0.00000	0.00000	0.00158
613	0.00000	0.99991	0.00000	0.00000	0.00000	0.00009
614	0.00000	0.98050	0.00000	0.00025	0.00000	0.01925
615	0.00000	0.99993	0.00000	0.00000	0.00000	0.00007
616	0.00000	0.99856	0.00000	0.00000	0.00000	0.00144
617	0.00000	0.99926	0.00000	0.00000	0.00000	0.00074
618	0.00000	0.99942	0.00000	0.00000	0.00000	0.00058
619	0.00000	0.99758	0.00000	0.00000	0.00000	0.00242
620	0.00000	0.99962	0.00000	0.00000	0.00000	0.00038
621	0.00000	0.99992	0.00000	0.00000	0.00000	0.00008
622	0.00000	0.99879	0.00000	0.00000	0.00000	0.00121
623	0.00000	0.99993	0.00000	0.00000	0.00000	0.00007
624	0.00000	0.99535	0.00000	0.00000	0.00000	0.00465
625	0.00000	0.99997	0.00000	0.00000	0.00000	0.00003
626	0.03903	0.36271	0.11693	0.16130	0.07881	0.24121
627	0.00000	0.99985	0.00000	0.00000	0.00000	0.00015
628	0.00000	1.00000	0.00000	0.00000	0.00000	0.00000
629	0.00000	0.99991	0.00000	0.00000	0.00000	0.00009
630	0.00000	0.99996	0.00000	0.00000	0.00000	0.00004
631	0.00000	0.99975	0.00000	0.00000	0.00000	0.00025
632	0.99932	0.00000	0.00000	0.00000	0.00068	0.00000
633	0.00000	0.99997	0.00000	0.00000	0.00000	0.00003
634	0.00000	0.99985	0.00000	0.00000	0.00000	0.00015
635	0.00000	0.99995	0.00000	0.00000	0.00000	0.00005
636	0.00000	0.98532	0.00000	0.00019	0.00000	0.01450
637	0.00000	0.98261	0.00000	0.00026	0.00000	0.01713
638	0.00000	0.99900	0.00000	0.00000	0.00000	0.00100
639	0.00000	0.99750	0.00000	0.00000	0.00000	0.00250
640	0.00000	0.99193	0.00000	0.00000	0.00000	0.00807
641	0.00000	0.99996	0.00000	0.00000	0.00000	0.00004
642	0.00000	0.99587	0.00000	0.00001	0.00000	0.00412
643	0.00000	0.99979	0.00000	0.00000	0.00000	0.00021
644	0.00000	0.70656	0.00000	0.00001	0.00000	0.29343
645	0.00000	0.99996	0.00000	0.00000	0.00000	0.00004
646	0.00000	0.99860	0.00000	0.00000	0.00000	0.00140
647	0.00000	0.99981	0.00000	0.00000	0.00000	0.00019
648	0.00000	0.99999	0.00000	0.00000	0.00000	0.00001
649	0.00000	0.99311	0.00000	0.00004	0.00000	0.00685
650	0.99967	0.00000	0.00000	0.00000	0.00033	0.00000
651	0.00000	0.99996	0.00000	0.00000	0.00000	0.00004
652	0.00000	0.99990	0.00000	0.00000	0.00000	0.00010
653	0.99970	0.00000	0.00000	0.00000	0.00030	0.00000
654	0.00000	0.99994	0.00000	0.00000	0.00000	0.00006
655	0.00000	0.99974	0.00000	0.00000	0.00000	0.00026
656	0.00000	0.99983	0.00000	0.00000	0.00000	0.00017
657	0.00000	0.99997	0.00000	0.00000	0.00000	0.00003
658	0.00000	0.99999	0.00000	0.00000	0.00000	0.00001
659	0.99820	0.00000	0.00000	0.00000	0.00180	0.00000
660	0.00000	0.50853	0.00000	0.00155	0.00000	0.48992
661	0.00000	0.99872	0.00000	0.00000	0.00000	0.00128
662	0.00000	0.99937	0.00000	0.00000	0.00000	0.00063
663	0.00001	0.75698	0.00524	0.03668	0.00074	0.20036
664	0.99999	0.00000	0.00000	0.00000	0.00001	0.00000
665	0.00000	0.60532	0.00007	0.02344	0.00000	0.37117
666	0.99990	0.00000	0.00000	0.00000	0.00010	0.00000
667	0.99870	0.00000	0.00000	0.00000	0.00130	0.00000
668	0.99984	0.00000	0.00000	0.00000	0.00016	0.00000
669	0.99999	0.00000	0.00000	0.00000	0.00001	0.00000
670	0.99753	0.00000	0.00000	0.00000	0.00247	0.00000
671	0.00000	0.99976	0.00000	0.00000	0.00000	0.00024
672	0.00000	0.99998	0.00000	0.00000	0.00000	0.00002
673	0.00000	0.99981	0.00000	0.00000	0.00000	0.00019
674	0.00000	0.83794	0.00002	0.02404	0.00000	0.13799
675	0.00000	0.96749	0.00000	0.00115	0.00000	0.03136
676	0.00000	0.99975	0.00000	0.00000	0.00000	0.00025
677	0.00000	0.99999	0.00000	0.00000	0.00000	0.00001
678	0.99709	0.00000	0.00000	0.00000	0.00291	0.00000
679	0.00000	0.99977	0.00000	0.00000	0.00000	0.00023
680	0.00000	0.99966	0.00000	0.00000	0.00000	0.00034
681	0.00000	0.99993	0.00000	0.00000	0.00000	0.00007
682	0.00000	0.99995	0.00000	0.00000	0.00000	0.00005
683	0.00000	0.99996	0.00000	0.00000	0.00000	0.00004
684	0.00000	0.99091	0.00000	0.00003	0.00000	0.00906
685	0.00000	0.99993	0.00000	0.00000	0.00000	0.00007
686	0.00000	0.99714	0.00000	0.00000	0.00000	0.00286
687	0.00000	0.99992	0.00000	0.00000	0.00000	0.00008
688	0.00000	0.99994	0.00000	0.00000	0.00000	0.00006
689	0.00000	0.99992	0.00000	0.00000	0.00000	0.00008
690	0.00000	0.99983	0.00000	0.00000	0.00000	0.00017
691	0.00000	0.99989	0.00000	0.00000	0.00000	0.00011
692	0.00000	0.99959	0.00000	0.00000	0.00000	0.00041
693	0.00000	0.99925	0.00000	0.00000	0.00000	0.00075
694	0.00000	0.91111	0.00001	0.00736	0.00000	0.08153
695	0.00000	0.99993	0.00000	0.00000	0.00000	0.00007
696	0.00000	0.99840	0.00000	0.00000	0.00000	0.00160
697	0.00000	0.98264	0.00000	0.00023	0.00000	0.01713
698	0.00000	0.99880	0.00000	0.00000	0.00000	0.00120
699	0.00000	0.99997	0.00000	0.00000	0.00000	0.00003
700	0.00000	0.99995	0.00000	0.00000	0.00000	0.00005
701	0.99990	0.00000	0.00000	0.00000	0.00010	0.00000
702	0.99791	0.00000	0.00000	0.00000	0.00209	0.00000
703	0.99718	0.00000	0.00000	0.00000	0.00282	0.00000
704	0.95496	0.00000	0.00000	0.00197	0.04308	0.00000
705	0.00000	0.99996	0.00000	0.00000	0.00000	0.00004
706	0.00000	0.99862	0.00000	0.00000	0.00000	0.00138
707	0.97328	0.00000	0.00000	0.00011	0.02661	0.00000
708	0.00000	0.99995	0.00000	0.00000	0.00000	0.00005
709	0.00000	0.99561	0.00000	0.00000	0.00000	0.00439
710	0.00000	0.99992	0.00000	0.00000	0.00000	0.00008
711	0.00000	0.99821	0.00000	0.00000	0.00000	0.00179
712	0.00000	0.99989	0.00000	0.00000	0.00000	0.00011
713	0.00000	0.99987	0.00000	0.00000	0.00000	0.00013
714	0.99337	0.00000	0.00000	0.00000	0.00663	0.00000
715	0.00001	0.63025	0.00118	0.11739	0.00062	0.25055
716	0.00000	0.96232	0.00000	0.00006	0.00000	0.03762
717	0.00000	0.99912	0.00000	0.00000	0.00000	0.00088
718	0.99982	0.00000	0.00000	0.00000	0.00018	0.00000
719	0.00000	0.99980	0.00000	0.00000	0.00000	0.00020
720	0.00000	0.99921	0.00000	0.00000	0.00000	0.00079
721	0.00000	0.99999	0.00000	0.00000	0.00000	0.00001
722	0.00000	0.99995	0.00000	0.00000	0.00000	0.00005
723	0.00000	0.99981	0.00000	0.00000	0.00000	0.00019
724	0.00000	0.96035	0.00000	0.00153	0.00000	0.03812
725	0.00001	0.09305	0.00045	0.70693	0.00169	0.19788
726	0.00000	0.99999	0.00000	0.00000	0.00000	0.00001
727	0.00000	0.99997	0.00000	0.00000	0.00000	0.00003
728	0.00000	0.88587	0.00008	0.01186	0.00001	0.10218
729	0.00000	0.99978	0.00000	0.00000	0.00000	0.00022
730	0.00000	0.99900	0.00000	0.00000	0.00000	0.00100
731	0.00000	0.99989	0.00000	0.00000	0.00000	0.00011
732	0.99992	0.00000	0.00000	0.00000	0.00008	0.00000
733	0.00000	0.99641	0.00000	0.00000	0.00000	0.00359
734	0.00000	0.99988	0.00000	0.00000	0.00000	0.00012
735	0.00000	0.99999	0.00000	0.00000	0.00000	0.00001
736	0.00000	0.87792	0.00055	0.01381	0.00009	0.10763
737	0.00000	0.99994	0.00000	0.00000	0.00000	0.00006
738	0.99975	0.00000	0.00000	0.00000	0.00025	0.00000
739	0.00000	0.96120	0.00000	0.00118	0.00000	0.03762
740	0.00000	0.99997	0.00000	0.00000	0.00000	0.00003
741	0.99999	0.00000	0.00000	0.00000	0.00001	0.00000
742	0.00000	0.99998	0.00000	0.00000	0.00000	0.00002
743	0.00000	0.99980	0.00000	0.00000	0.00000	0.00020
744	0.00000	0.99989	0.00000	0.00000	0.00000	0.00011
745	0.99934	0.00000	0.00000	0.00000	0.00066	0.00000
746	0.00000	0.99989	0.00000	0.00000	0.00000	0.00011
747	0.00000	0.99990	0.00000	0.00000	0.00000	0.00010
748	0.00000	0.99999	0.00000	0.00000	0.00000	0.00001
749	0.00000	0.99962	0.00000	0.00000	0.00000	0.00038
750	0.10928	0.23180	0.15877	0.16776	0.13529	0.19710
751	0.00000	0.99980	0.00000	0.00000	0.00000	0.00020
752	0.00000	0.99991	0.00000	0.00000	0.00000	0.00009
753	0.00000	0.99990	0.00000	0.00000	0.00000	0.00010
754	0.00000	0.99975	0.00000	0.00000	0.00000	0.00025
755	0.00000	0.99711	0.00000	0.00001	0.00000	0.00288
756	0.00000	0.99997	0.00000	0.00000	0.00000	0.00003
757	0.00000	0.87611	0.00000	0.01413	0.00000	0.10976
758	0.00000	0.93675	0.00001	0.00317	0.00000	0.06007
759	0.99949	0.00000	0.00000	0.00000	0.00051	0.00000
760	0.99868	0.00000	0.00000	0.00000	0.00132	0.00000
761	0.00000	0.00017	0.00000	0.05894	0.00000	0.94089
762	0.00000	0.99913	0.00000	0.00000	0.00000	0.00087
763	0.00000	0.99980	0.00000	0.00000	0.00000	0.00020
764	0.00000	0.96368	0.00000	0.00000	0.00000	0.03632
765	0.00000	0.99690	0.00000	0.00000	0.00000	0.00310
766	0.00000	0.99989	0.00000	0.00000	0.00000	0.00011
767	0.00000	0.99997	0.00000	0.00000	0.00000	0.00003
768	0.00000	0.98920	0.00000	0.00005	0.00000	0.01075
769	0.00000	0.99893	0.00000	0.00000	0.00000	0.00107
770	0.00000	0.99985	0.00000	0.00000	0.00000	0.00015
771	0.00000	0.99998	0.00000	0.00000	0.00000	0.00002
772	0.00000	0.99933	0.00000	0.00000	0.00000	0.00067
773	0.00000	0.99887	0.00000	0.00000	0.00000	0.00112
774	0.00000	0.99992	0.00000	0.00000	0.00000	0.00008
775	0.00000	0.99997	0.00000	0.00000	0.00000	0.00003
776	0.00000	0.99993	0.00000	0.00000	0.00000	0.00007
