999901_sweeps	1.000/0.000/0.000/0.000	0.000/0.000/0.000/1.000	0.000/0.500/0.500/0.000	0.250/0.250/0.250/0.250	0.500/0.250/0.250/0.000	0.000/0.250/0.250/0.500
1	0.00000	0.99977	0.00000	0.00000	0.00000	0.00023
2	0.00000	0.99095	0.00000	0.00000	0.00000	0.00905
3	0.00000	0.99997	0.00000	0.00000	0.00000	0.00003
4	0.00114	0.22904	0.01501	0.42107	0.01970	0.31405
5	0.00000	0.99990	0.00000	0.00000	0.00000	0.00010
6	0.00000	0.99916	0.00000	0.00000	0.00000	0.00084
7	0.00000	0.99820	0.00000	0.00000	0.00000	0.00180
8	0.00000	0.99983	0.00000	0.00000	0.00000	0.00017
9	0.00000	0.99986	0.00000	0.00000	0.00000	0.00014
10	0.00000	0.00000	0.00000	0.03373	0.96627	0.00000
11	0.99923	0.00000	0.00000	0.00000	0.00077	0.00000
12	0.00000	0.09717	0.00079	0.16561	0.00014	0.73629
13	0.00000	0.99963	0.00000	0.00000	0.00000	0.00037
14	0.00000	0.99999	0.00000	0.00000	0.00000	0.00001
15	0.00000	0.99993	0.00000	0.00000	0.00000	0.00007
16	0.00000	0.99595	0.00000	0.00001	0.00000	0.00404
17	0.99989	0.00000	0.00000	0.00000	0.00011	0.00000
18	0.88139	0.00000	0.00000	0.01017	0.10845	0.00000
19	0.00000	0.96302	0.00000	0.00152	0.00000	0.03546
20	0.99999	0.00000	0.00000	0.00000	0.00001	0.00000
21	0.00000	0.97741	0.00000	0.00050	0.00000	0.02209
22	0.00000	0.99917	0.00000	0.00000	0.00000	0.00083
23	0.99686	0.00000	0.00000	0.00001	0.00313	0.00000
24	0.99988	0.00000	0.00000	0.00000	0.00012	0.00000
25	0.99997	0.00000	0.00000	0.00000	0.00003	0.00000
26	0.00000	0.99977	0.00000	0.00000	0.00000	0.00023
27	0.00000	0.99987	0.00000	0.00000	0.00000	0.00013
28	0.00000	1.00000	0.00000	0.00000	0.00000	0.00000
29	0.00000	0.99973	0.00000	0.00000	0.00000	0.00027
30	0.99979	0.00000	0.00000	0.00000	0.00021	0.00000
31	0.99952	0.00000	0.00000	0.00000	0.00048	0.00000
32	0.00000	0.97785	0.00000	0.00048	0.00000	0.02167
33	0.99863	0.00000	0.00000	0.00000	0.00137	0.00000
34	0.00001	0.20274	0.00251	0.27262	0.00093	0.52120
35	0.00000	0.97369	0.00000	0.00068	0.00000	0.02563
36	0.00000	0.99981	0.00000	0.00000	0.00000	0.00019
37	0.99983	0.00000	0.00000	0.00000	0.00017	0.00000
38	0.99930	0.00000	0.00000	0.00000	0.00070	0.00000
39	0.00000	0.99979	0.00000	0.00000	0.00000	0.00021
40	0.00000	0.99973	0.00000	0.00000	0.00000	0.00027
41	0.00000	0.99996	0.00000	0.00000	0.00000	0.00004
42	0.00000	0.99998	0.00000	0.00000	0.00000	0.00002
43	0.99778	0.00000	0.00000	0.00000	0.00222	0.00000
44	0.00000	0.83213	0.00000	0.00006	0.00000	0.16780
45	0.99999	0.00000	0.00000	0.00000	0.00001	0.00000
46	0.00000	0.00897	0.00000	0.00003	0.00000	0.99100
47	0.00000	0.99994	0.00000	0.00000	0.00000	0.00006
48	0.99999	0.00000	0.00000	0.00000	0.00001	0.00000
49	0.99980	0.00000	0.00000	0.00000	0.00020	0.00000
50	0.00000	0.86245	0.00000	0.01707	0.00000	0.12048
51	0.00000	0.99954	0.00000	0.00000	0.00000	0.00046
52	0.00000	0.99976	0.00000	0.00000	0.00000	0.00024
53	0.68118	0.00000	0.00000	0.00616	0.31267	0.00000
54	0.00000	0.99982	0.00000	0.00000	0.00000	0.00018
55	0.00000	0.99990	0.00000	0.00000	0.00000	0.00010
56	0.93279	0.00000	0.00000	0.00333	0.06387	0.00000
57	0.00000	0.99989	0.00000	0.00000	0.00000	0.00011
58	0.00000	0.99642	0.00000	0.00000	0.00000	0.00358
59	0.00000	0.99544	0.00000	0.00002	0.00000	0.00454
60	0.00000	0.99986	0.00000	0.00000	0.00000	0.00014
61	0.00000	0.99997	0.00000	0.00000	0.00000	0.00003
62	0.00000	0.99997	0.00000	0.00000	0.00000	0.00003
63	0.00000	0.99982	0.00000	0.00000	0.00000	0.00018
64	0.00000	0.99964	0.00000	0.00000	0.00000	0.00036
65	0.00000	0.99072	0.00000	0.00000	0.00000	0.00928
66	0.99842	0.00000	0.00000	0.00000	0.00158	0.00000
67	0.00000	0.99991	0.00000	0.00000	0.00000	0.00009
68	0.00000	0.99909	0.00000	0.00000	0.00000	0.00091
69	0.00100	0.19913	0.04908	0.24450	0.01718	0.48912
70	0.00000	0.99900	0.00000	0.00000	0.00000	0.00100
71	0.00000	0.95933	0.00000	0.00001	0.00000	0.04066
72	0.00000	0.99957	0.00000	0.00000	0.00000	0.00043
73	0.00000	0.99890	0.00000	0.00000	0.00000	0.00110
74	0.00000	0.99888	0.00000	0.00000	0.00000	0.00112
75	0.00000	0.99986	0.00000	0.00000	0.00000	0.00014
76	0.00000	0.99917	0.00000	0.00000	0.00000	0.00083
77	0.99994	0.00000	0.00000	0.00000	0.00006	0.00000
78	0.99870	0.00000	0.00000	0.00000	0.00130	0.00000
79	0.98891	0.00000	0.00000	0.00000	0.01109	0.00000
80	0.00000	0.44770	0.00005	0.02010	0.00000	0.53215
81	0.00000	0.99692	0.00000	0.00000	0.00000	0.00308
82	0.07873	0.28535	0.14953	0.16033	0.11226	0.21380
83	0.99997	0.00000	0.00000	0.00000	0.00003	0.00000
84	0.00000	0.99988	0.00000	0.00000	0.00000	0.00012
85	0.99974	0.00000	0.00000	0.00000	0.00026	0.00000
86	0.99989	0.00000	0.00000	0.00000	0.00011	0.00000
87	0.00000	0.99992	0.00000	0.00000	0.00000	0.00008
88	0.99989	0.00000	0.00000	0.00000	0.00011	0.00000
89	0.00000	0.99968	0.00000	0.00000	0.00000	0.00032
90	0.00000	0.99994	0.00000	0.00000	0.00000	0.00006
91	0.99041	0.00000	0.00000	0.00009	0.00950	0.00000
92	0.00000	0.00000	0.03960	0.01225	0.00000	0.94815
93	0.00000	0.99997	0.00000	0.00000	0.00000	0.00003
94	0.96724	0.00000	0.00000	0.00081	0.03195	0.00000
95	0.00000	0.99998	0.00000	0.00000	0.00000	0.00002
96	0.00000	0.99760	0.00000	0.00000	0.00000	0.00240
97	0.99934	0.00000	0.00000	0.00000	0.00066	0.00000
98	0.00000	0.95324	0.00000	0.00001	0.00000	0.04675
99	0.03411	0.37722	0.11263	0.15850	0.07335	0.24420
100	0.00000	0.99996	0.00000	0.00000	0.00000	0.00004
101	0.00000	0.99780	0.00000	0.00000	0.00000	0.00220
102	0.00000	0.99903	0.00000	0.00000	0.00000	0.00097
103	0.00000	0.99999	0.00000	0.00000	0.00000	0.00001
104	0.00000	0.99993	0.00000	0.00000	0.00000	0.00007
105	0.00000	0.68626	0.00002	0.01983	0.00000	0.29389
106	0.00000	0.99981	0.00000	0.00000	0.00000	0.00019
107	0.00000	0.96574	0.00000	0.00001	0.00000	0.03425
108	0.97611	0.00000	0.00000	0.00001	0.02388	0.00000
109	0.00000	0.99998	0.00000	0.00000	0.00000	0.00002
110	0.00000	0.99994	0.00000	0.00000	0.00000	0.00006
111	0.00000	0.99879	0.00000	0.00000	0.00000	0.00121
112	0.87674	0.00000	0.00000	0.00004	0.12322	0.00000
113	0.96095	0.00000	0.00000	0.00020	0.03885	0.00000
114	0.00000	0.99997	0.00000	0.00000	0.00000	0.00003
115	0.00000	0.99991	0.00000	0.00000	0.00000	0.00009
116	0.00115	0.00000	0.00000	0.00195	0.99690	0.00000
117	0.00000	1.00000	0.00000	0.00000	0.00000	0.00000
118	0.99985	0.00000	0.00000	0.00000	0.00015	0.00000
119	0.99999	0.00000	0.00000	0.00000	0.00001	0.00000
120	0.00000	0.99966	0.00000	0.00000	0.00000	0.00034
121	0.00000	0.99990	0.00000	0.00000	0.00000	0.00010
122	0.00000	0.99992	0.00000	0.00000	0.00000	0.00008
123	0.07555	0.27402	0.14301	0.17445	0.11455	0.21842
124	0.00000	0.98214	0.00000	0.00023	0.00000	0.01763
125	0.00000	0.99827	0.00000	0.00000	0.00000	0.00172
126	0.00000	0.99999	0.00000	0.00000	0.00000	0.00001
127	0.00000	0.99996	0.00000	0.00000	0.00000	0.00004
128	0.00000	0.99965	0.00000	0.00000	0.00000	0.00035
129	0.00000	0.99889	0.00000	0.00000	0.00000	0.00111
130	0.00000	0.99905	0.00000	0.00000	0.00000	0.00095
131	0.99866	0.00000	0.00000	0.00000	0.00134	0.00000
132	0.00000	0.99999	0.00000	0.00000	0.00000	0.00001
133	0.00000	1.00000	0.00000	0.00000	0.00000	0.00000
134	0.00000	0.99930	0.00000	0.00000	0.00000	0.00070
135	0.00000	0.99999	0.00000	0.00000	0.00000	0.00001
136	0.00000	0.99994	0.00000	0.00000	0.00000	0.00006
137	0.00000	0.99999	0.00000	0.00000	0.00000	0.00001
138	0.99867	0.00000	0.00000	0.00000	0.00133	0.00000
139	0.87620	0.00000	0.00000	0.00001	0.12379	0.00000
140	0.99907	0.00000	0.00000	0.00000	0.00093	0.00000
141	0.34867	0.00000	0.00001	0.29788	0.35343	0.00001
142	0.98818	0.00000	0.00000	0.00000	0.01182	0.00000
143	0.00000	0.99998	0.00000	0.00000	0.00000	0.00002
144	0.99963	0.00000	0.00000	0.00000	0.00037	0.00000
145	0.99994	0.00000	0.00000	0.00000	0.00006	0.00000
146	0.99981	0.00000	0.00000	0.00000	0.00019	0.00000
147	0.99997	0.00000	0.00000	0.00000	0.00003	0.00000
148	0.99988	0.00000	0.00000	0.00000	0.00012	0.00000
149	0.99970	0.00000	0.00000	0.00000	0.00030	0.00000
150	0.99997	0.00000	0.00000	0.00000	0.00003	0.00000
151	0.00000	0.99416	0.00000	0.00002	0.00000	0.00582
152	0.05796	0.32330	0.13636	0.15945	0.09598	0.22694
153	0.00000	0.93895	0.00000	0.00232	0.00000	0.05874
154	0.00000	0.99984	0.00000	0.00000	0.00000	0.00016
155	0.00000	0.99943	0.00000	0.00000	0.00000	0.00057
156	0.00000	0.99997	0.00000	0.00000	0.00000	0.00003
157	0.00000	0.99997	0.00000	0.00000	0.00000	0.00003
158	0.00000	0.98589	0.00000	0.00000	0.00000	0.01411
159	0.00000	0.99973	0.00000	0.00000	0.00000	0.00027
160	0.00000	0.99999	0.00000	0.00000	0.00000	0.00001
161	0.00000	0.99996	0.00000	0.00000	0.00000	0.00004
162	0.99993	0.00000	0.00000	0.00000	0.00007	0.00000
163	0.00000	0.99711	0.00000	0.00000	0.00000	0.00289
164	0.00000	0.00364	0.00000	0.00156	0.00000	0.99480
165	0.00000	0.92576	0.00002	0.00556	0.00000	0.06865
166	0.99954	0.00000	0.00000	0.00000	0.00046	0.00000
167	0.99995	0.00000	0.00000	0.00000	0.00005	0.00000
168	0.53647	0.00000	0.00000	0.00147	0.46206	0.00000
169	0.00000	0.99833	0.00000	0.00000	0.00000	0.00167
170	0.00000	0.99967	0.00000	0.00000	0.00000	0.00033
171	0.00000	0.99995	0.00000	0.00000	0.00000	0.00005
172	0.00000	0.99974	0.00000	0.00000	0.00000	0.00026
173	0.97156	0.00000	0.00000	0.00001	0.02843	0.00000
174	0.00000	0.99973	0.00000	0.00000	0.00000	0.00027
175	0.00000	0.99949	0.00000	0.00000	0.00000	0.00051
176	0.00000	0.99976	0.00000	0.00000	0.00000	0.00024
177	0.00000	0.99981	0.00000	0.00000	0.00000	0.00019
178	1.00000	0.00000	0.00000	0.00000	0.00000	0.00000
179	0.99994	0.00000	0.00000	0.00000	0.00006	0.00000
180	0.00000	0.99988	0.00000	0.00000	0.00000	0.00012
181	0.00000	0.99978	0.00000	0.00000	0.00000	0.00022
182	0.98199	0.00000	0.00000	0.00021	0.01780	0.00000
183	0.00000	0.99980	0.00000	0.00000	0.00000	0.00020
184	0.00000	0.99998	0.00000	0.00000	0.00000	0.00002
185	0.00000	0.99997	0.00000	0.00000	0.00000	0.00003
186	0.99704	0.00000	0.00000	0.00000	0.00296	0.00000
187	0.00000	0.99999	0.00000	0.00000	0.00000	0.00001
188	0.00000	0.99998	0.00000	0.00000	0.00000	0.00002
189	0.00000	0.99979	0.00000	0.00000	0.00000	0.00021
190	0.00000	0.99348	0.00000	0.00002	0.00000	0.00649
191	0.95726	0.00000	0.00000	0.00003	0.04271	0.00000
192	1.00000	0.00000	0.00000	0.00000	0.00000	0.00000
193	0.99956	0.00000	0.00000	0.00000	0.00044	0.00000
194	0.00000	0.99999	0.00000	0.00000	0.00000	0.00001
195	0.00000	0.99755	0.00000	0.00000	0.00000	0.00245
196	0.00000	0.99996	0.00000	0.00000	0.00000	0.00004
197	0.00000	0.95385	0.00000	0.00174	0.00000	0.04441
198	0.00000	0.99349	0.00000	0.00000	0.00000	0.00651
199	0.00000	0.99930	0.00000	0.00000	0.00000	0.00069
200	0.00000	0.00000	0.76900	0.01836	0.00000	0.21265
201	0.00000	0.99997	0.00000	0.00000	0.00000	0.00003
202	0.00000	0.99992	0.00000	0.00000	0.00000	0.00008
203	0.00000	0.92683	0.00000	0.00504	0.00000	0.06813
204	0.00000	0.99803	0.00000	0.00000	0.00000	0.00197
205	0.00000	0.99998	0.00000	0.00000	0.00000	0.00002
206	0.00000	0.99917	0.00000	0.00000	0.00000	0.00083
207	0.00000	0.99998	0.00000	0.00000	0.00000	0.00002
208	0.00000	0.99979	0.00000	0.00000	0.00000	0.00021
209	0.00000	1.00000	0.00000	0.00000	0.00000	0.00000
210	0.00000	0.97349	0.00000	0.00000	0.00000	0.02651
211	0.00000	0.99994	0.00000	0.00000	0.00000	0.00006
212	0.00000	0.99993	0.00000	0.00000	0.00000	0.00007
213	0.97072	0.00000	0.00000	0.00001	0.02927	0.00000
214	0.99944	0.00000	0.00000	0.00000	0.00056	0.00000
215	0.00000	0.99998	0.00000	0.00000	0.00000	0.00002
216	0.00000	0.99977	0.00000	0.00000	0.00000	0.00023
217	0.00000	0.99981	0.00000	0.00000	0.00000	0.00019
218	0.00000	0.99988	0.00000	0.00000	0.00000	0.00012
219	0.00000	0.99994	0.00000	0.00000	0.00000	0.00006
220	0.00000	0.83903	0.00006	0.02319	0.00001	0.13771
221	0.00000	0.99996	0.00000	0.00000	0.00000	0.00004
222	0.00000	0.99999	0.00000	0.00000	0.00000	0.00001
223	0.00000	0.99028	0.00000	0.00008	0.00000	0.00963
224	0.00000	0.99991	0.00000	0.00000	0.00000	0.00009
225	0.00000	0.99992	0.00000	0.00000	0.00000	0.00008
226	0.99992	0.00000	0.00000	0.00000	0.00008	0.00000
227	0.00000	0.99990	0.00000	0.00000	0.00000	0.00010
228	0.00000	0.99724	0.00000	0.00000	0.00000	0.00276
229	0.66760	0.00000	0.00146	0.07470	0.25594	0.00030
230	0.00000	0.99994	0.00000	0.00000	0.00000	0.00006
231	0.00000	0.99999	0.00000	0.00000	0.00000	0.00001
232	0.00000	0.99509	0.00000	0.00002	0.00000	0.00489
233	0.99985	0.00000	0.00000	0.00000	0.00015	0.00000
234	0.00000	0.99649	0.00000	0.00001	0.00000	0.00349
235	0.00000	0.99978	0.00000	0.00000	0.00000	0.00022
236	0.00000	0.99993	0.00000	0.00000	0.00000	0.00007
237	0.00000	0.99919	0.00000	0.00000	0.00000	0.00081
238	0.00000	0.99949	0.00000	0.00000	0.00000	0.00051
239	0.99996	0.00000	0.00000	0.00000	0.00004	0.00000
240	1.00000	0.00000	0.00000	0.00000	0.00000	0.00000
241	0.99989	0.00000	0.00000	0.00000	0.00011	0.00000
242	0.99976	0.00000	0.00000	0.00000	0.00024	0.00000
243	0.00000	0.99999	0.00000	0.00000	0.00000	0.00001
244	0.99857	0.00000	0.00000	0.00000	0.00143	0.00000
245	0.99943	0.00000	0.00000	0.00000	0.00057	0.00000
246	0.00000	0.99516	0.00000	0.00001	0.00000	0.00483
247	0.00000	0.99913	0.00000	0.00000	0.00000	0.00087
248	0.00000	0.95203	0.00000	0.00004	0.00000	0.04793
249	0.00000	0.99994	0.00000	0.00000	0.00000	0.00006
250	0.00000	0.99721	0.00000	0.00000	0.00000	0.00279
251	0.00000	0.99950	0.00000	0.00000	0.00000	0.00050
252	0.00000	0.99999	0.00000	0.00000	0.00000	0.00001
253	0.00000	0.99997	0.00000	0.00000	0.00000	0.00003
254	0.00000	0.99891	0.00000	0.00000	0.00000	0.00109
255	0.00000	1.00000	0.00000	0.00000	0.00000	0.00000
256	0.00000	0.05911	0.00000	0.04695	0.00000	0.89394
257	0.00000	0.99989	0.00000	0.00000	0.00000	0.00011
258	0.00000	0.99968	0.00000	0.00000	0.00000	0.00032
259	0.00000	0.99965	0.00000	0.00000	0.00000	0.00035
260	0.00000	0.89105	0.00000	0.00232	0.00000	0.10662
261	0.00000	0.99996	0.00000	0.00000	0.00000	0.00004
262	0.00000	0.99832	0.00000	0.00000	0.00000	0.00167
263	0.00000	0.99997	0.00000	0.00000	0.00000	0.00003
264	0.00000	1.00000	0.00000	0.00000	0.00000	0.00000
265	0.00000	0.91035	0.00001	0.00744	0.00000	0.08220
266	0.00000	0.99998	0.00000	0.00000	0.00000	0.00002
267	0.00000	0.99980	0.00000	0.00000	0.00000	0.00020
268	0.00000	0.99946	0.00000	0.00000	0.00000	0.00054
269	0.00000	0.99467	0.00000	0.00002	0.00000	0.00531
270	0.00000	0.99999	0.00000	0.00000	0.00000	0.00001
271	0.00000	0.99997	0.00000	0.00000	0.00000	0.00003
272	0.00000	0.99987	0.00000	0.00000	0.00000	0.00013
273	0.00000	0.99971	0.00000	0.00000	0.00000	0.00029
274	0.00000	0.99881	0.00000	0.00000	0.00000	0.00119
275	0.00000	0.99693	0.00000	0.00000	0.00000	0.00307
276	0.00000	0.99992	0.00000	0.00000	0.00000	0.00008
277	0.00000	0.99680	0.00000	0.00000	0.00000	0.00320
278	0.00000	0.99996	0.00000	0.00000	0.00000	0.00004
279	0.00000	0.99999	0.00000	0.00000	0.00000	0.00001
280	0.00000	0.99996	0.00000	0.00000	0.00000	0.00004
281	0.00000	0.99980	0.00000	0.00000	0.00000	0.00020
282	0.00000	0.99987	0.00000	0.00000	0.00000	0.00013
283	0.99993	0.00000	0.00000	0.00000	0.00007	0.00000
284	0.00000	0.97014	0.00000	0.00087	0.00000	0.02899
285	0.00000	0.99977	0.00000	0.00000	0.00000	0.00023
286	0.00000	0.99998	0.00000	0.00000	0.00000	0.00002
287	0.00000	0.99978	0.00000	0.00000	0.00000	0.00022
288	0.00000	0.99996	0.00000	0.00000	0.00000	0.00004
289	0.00000	0.97786	0.00000	0.00000	0.00000	0.02214
290	0.00000	0.99864	0.00000	0.00000	0.00000	0.00136
291	0.00000	0.99991	0.00000	0.00000	0.00000	0.00009
292	0.00000	0.94728	0.00000	0.00005	0.00000	0.05267
293	0.00000	0.99991	0.00000	0.00000	0.00000	0.00009
294	0.00000	0.99994	0.00000	0.00000	0.00000	0.00006
295	0.00000	0.99995	0.00000	0.00000	0.00000	0.00005
296	0.99917	0.00000	0.00000	0.00000	0.00082	0.00000
297	0.00000	0.99898	0.00000	0.00000	0.00000	0.00102
298	0.00000	0.98667	0.00000	0.00016	0.00000	0.01317
299	0.99837	0.00000	0.00000	0.00000	0.00163	0.00000
300	0.00000	0.99990	0.00000	0.00000	0.00000	0.00010
301	0.00000	0.99999	0.00000	0.00000	0.00000	0.00001
302	0.00000	0.99994	0.00000	0.00000	0.00000	0.00006
303	0.00000	0.99997	0.00000	0.00000	0.00000	0.00003
304	0.00000	0.99592	0.00000	0.00000	0.00000	0.00407
305	0.00000	0.99990	0.00000	0.00000	0.00000	0.00010
306	0.00000	0.99812	0.00000	0.00000	0.00000	0.00188
307	0.00000	0.99998	0.00000	0.00000	0.00000	0.00002
308	0.00000	0.99997	0.00000	0.00000	0.00000	0.00003
309	0.00000	0.99973	0.00000	0.00000	0.00000	0.00027
310	0.00000	0.99972	0.00000	0.00000	0.00000	0.00028
311	0.00000	0.89467	0.00002	0.01019	0.00000	0.09511
312	0.00000	0.99992	0.00000	0.00000	0.00000	0.00008
313	0.00000	0.99999	0.00000	0.00000	0.00000	0.00001
314	0.00000	0.99995	0.00000	0.00000	0.00000	0.00005
315	0.00000	0.00838	0.00000	0.00028	0.00000	0.99134
316	0.00000	0.99991	0.00000	0.00000	0.00000	0.00009
317	0.00000	0.99999	0.00000	0.00000	0.00000	0.00001
318	0.00000	0.99999	0.00000	0.00000	0.00000	0.00001
319	0.00000	0.98516	0.00000	0.00014	0.00000	0.01470
320	0.00000	0.99999	0.00000	0.00000	0.00000	0.00001
321	0.00000	0.99186	0.00000	0.00003	0.00000	0.00811
322	0.00000	0.99981	0.00000	0.00000	0.00000	0.00019
323	0.00000	0.70715	0.00000	0.00005	0.00000	0.29280
324	0.00000	0.99967	0.00000	0.00000	0.00000	0.00033
325	0.00000	0.99580	0.00000	0.00000	0.00000	0.00420
326	0.00000	0.98226	0.00000	0.00031	0.00000	0.01743
327	0.00000	0.99993	0.00000	0.00000	0.00000	0.00007
328	0.00000	0.99995	0.00000	0.00000	0.00000	0.00005
329	0.00000	0.99838	0.00000	0.00000	0.00000	0.00162
330	0.00000	0.76602	0.00009	0.04677	0.00002	0.18710
331	0.00000	0.99943	0.00000	0.00000	0.00000	0.00057
332	0.00000	0.99634	0.00000	0.00000	0.00000	0.00366
333	0.00000	0.99727	0.00000	0.00000	0.00000	0.00273
334	0.00000	0.99997	0.00000	0.00000	0.00000	0.00003
335	0.00000	0.99998	0.00000	0.00000	0.00000	0.00002
336	0.00004	0.77773	0.00519	0.04002	0.00120	0.17582
337	0.00000	1.00000	0.00000	0.00000	0.00000	0.00000
338	0.00000	0.99922	0.00000	0.00000	0.00000	0.00078
339	0.00000	0.99998	0.00000	0.00000	0.00000	0.00002
340	0.00000	0.00000	0.99962	0.00014	0.00000	0.00023
341	0.00000	0.99986	0.00000	0.00000	0.00000	0.00014
342	0.00000	0.99927	0.00000	0.00000	0.00000	0.00073
343	0.00000	0.06635	0.00000	0.00013	0.00000	0.93352
344	0.00000	0.99996	0.00000	0.00000	0.00000	0.00004
345	0.00000	0.99972	0.00000	0.00000	0.00000	0.00028
346	0.00000	0.99012	0.00000	0.00009	0.00000	0.00980
347	0.00000	0.00014	0.00000	0.00089	0.00000	0.99897
348	0.00000	0.99990	0.00000	0.00000	0.00000	0.00010
349	0.00000	0.99869	0.00000	0.00000	0.00000	0.00131
350	0.00000	0.99999	0.00000	0.00000	0.00000	0.00001
351	0.00000	0.99384	0.00000	0.00003	0.00000	0.00612
352	0.00000	0.99978	0.00000	0.00000	0.00000	0.00022
353	0.00000	0.96876	0.00000	0.00089	0.00000	0.03035
354	0.00908	0.39732	0.05891	0.20616	0.04272	0.28581
355	0.99999	0.00000	0.00000	0.00000	0.00001	0.00000
356	0.00000	0.99954	0.00000	0.00000	0.00000	0.00046
357	0.00000	0.99906	0.00000	0.00000	0.00000	0.00094
358	0.15017	0.18397	0.16594	0.16671	0.15816	0.17506
359	0.00000	0.99762	0.00000	0.00000	0.00000	0.00238
360	0.00000	0.99941	0.00000	0.00000	0.00000	0.00059
361	0.99939	0.00000	0.00000	0.00000	0.00061	0.00000
362	0.99996	0.00000	0.00000	0.00000	0.00004	0.00000
363	0.00000	0.99876	0.00000	0.00000	0.00000	0.00124
364	0.00000	0.99933	0.00000	0.00000	0.00000	0.00067
365	0.00000	0.99842	0.00000	0.00000	0.00000	0.00158
366	0.00000	0.97167	0.00000	0.00000	0.00000	0.02833
367	0.00000	0.99862	0.00000	0.00000	0.00000	0.00138
368	0.99721	0.00000	0.00000	0.00000	0.00279	0.00000
369	0.00000	0.98855	0.00000	0.00000	0.00000	0.01144
370	0.00000	0.99994	0.00000	0.00000	0.00000	0.00006
371	0.00000	0.99995	0.00000	0.00000	0.00000	0.00005
372	0.00000	0.98852	0.00000	0.00000	0.00000	0.01148
373	0.00000	0.64422	0.00067	0.10081	0.00027	0.25402
374	0.99987	0.00000	0.00000	0.00000	0.00013	0.00000
375	0.00000	0.98642	0.00000	0.00002	0.00000	0.01355
376	0.06116	0.31889	0.13933	0.15801	0.09821	0.22440
377	0.99960	0.00000	0.00000	0.00000	0.00040	0.00000
378	0.99719	0.00000	0.00000	0.00001	0.00281	0.00000
379	0.00000	0.99902	0.00000	0.00000	0.00000	0.00098
380	0.00000	0.99943	0.00000	0.00000	0.00000	0.00057
381	0.00000	0.99993	0.00000	0.00000	0.00000	0.00007
382	0.99376	0.00000	0.00000	0.00000	0.00624	0.00000
383	0.00000	0.99999	0.00000	0.00000	0.00000	0.00001
384	0.00000	0.99999	0.00000	0.00000	0.00000	0.00001
385	0.00000	0.99871	0.00000	0.00000	0.00000	0.00129
386	0.00000	0.99985	0.00000	0.00000	0.00000	0.00015
387	0.99576	0.00000	0.00000	0.00001	0.00423	0.00000
388	0.00000	0.99996	0.00000	0.00000	0.00000	0.00004
389	0.00000	0.99998	0.00000	0.00000	0.00000	0.00002
390	0.00000	0.99964	0.00000	0.00000	0.00000	0.00036
391	0.00000	0.93426	0.00000	0.00389	0.00000	0.06185
392	0.00000	0.98784	0.00000	0.00001	0.00000	0.01215
393	0.00000	0.64163	0.00000	0.00196	0.00000	0.35641
394	0.00000	0.99996	0.00000	0.00000	0.00000	0.00004
395	0.00000	0.99993	0.00000	0.00000	0.00000	0.00007
396	0.00000	0.99989	0.00000	0.00000	0.00000	0.00011
397	0.00000	0.99999	0.00000	0.00000	0.00000	0.00001
398	0.00009	0.15596	0.01060	0.32765	0.00486	0.50083
399	0.00000	0.99993	0.00000	0.00000	0.00000	0.00007
400	0.00000	0.99985	0.00000	0.00000	0.00000	0.00015
401	0.00429	0.59850	0.02859	0.10540	0.01409	0.24912
402	0.00000	0.99311	0.00000	0.00000	0.00000	0.00689
403	0.00000	0.99986	0.00000	0.00000	0.00000	0.00014
404	0.00000	0.99938	0.00000	0.00000	0.00000	0.00062
405	0.00000	0.99980	0.00000	0.00000	0.00000	0.00020
406	0.00000	0.99993	0.00000	0.00000	0.00000	0.00007
407	0.00000	0.99969	0.00000	0.00000	0.00000	0.00031
408	0.00000	0.99999	0.00000	0.00000	0.00000	0.00001
409	0.00000	0.99983	0.00000	0.00000	0.00000	0.00017
410	0.00000	0.99930	0.00000	0.00000	0.00000	0.00070
411	0.99924	0.00000	0.00000	0.00000	0.00076	0.00000
412	0.00000	0.99980	0.00000	0.00000	0.00000	0.00020
413	0.00000	0.99903	0.00000	0.00000	0.00000	0.00097
414	0.00000	0.99995	0.00000	0.00000	0.00000	0.00005
415	0.00000	0.90621	0.00000	0.01021	0.00000	0.08358
416	0.00000	1.00000	0.00000	0.00000	0.00000	0.00000
417	0.00000	0.99997	0.00000	0.00000	0.00000	0.00003
418	0.00000	0.99991	0.00000	0.00000	0.00000	0.00009
419	0.00000	0.99999	0.00000	0.00000	0.00000	0.00001
420	0.00000	0.99991	0.00000	0.00000	0.00000	0.00009
421	0.00000	0.99991	0.00000	0.00000	0.00000	0.00009
422	0.00000	0.94586	0.00000	0.00281	0.00000	0.05132
423	0.00000	0.97909	0.00000	0.00034	0.00000	0.02057
424	0.00000	0.99877	0.00000	0.00000	0.00000	0.00123
425	0.00000	0.99986	0.00000	0.00000	0.00000	0.00014
426	0.00000	0.99974	0.00000	0.00000	0.00000	0.00026
427	0.00000	1.00000	0.00000	0.00000	0.00000	0.00000
428	0.00000	0.97894	0.00000	0.00001	0.00000	0.02105
429	0.00000	0.99924	0.00000	0.00000	0.00000	0.00076
430	0.00000	0.99873	0.00000	0.00000	0.00000	0.00127
431	0.00000	0.99996	0.00000	0.00000	0.00000	0.00004
432	0.00000	0.99875	0.00000	0.00000	0.00000	0.00125
433	0.00000	0.99979	0.00000	0.00000	0.00000	0.00021
434	0.00000	0.99712	0.00000	0.00001	0.00000	0.00287
435	0.00000	0.99974	0.00000	0.00000	0.00000	0.00026
436	0.99070	0.00000	0.00000	0.00001	0.00929	0.00000
437	0.00000	0.99995	0.00000	0.00000	0.00000	0.00005
438	0.00000	0.99991	0.00000	0.00000	0.00000	0.00009
439	0.00000	0.99906	0.00000	0.00000	0.00000	0.00094
440	0.00000	0.45979	0.00000	0.00200	0.00000	0.53821
441	0.00000	0.99986	0.00000	0.00000	0.00000	0.00014
442	0.00000	0.99941	0.00000	0.00000	0.00000	0.00059
443	0.00000	0.99989	0.00000	0.00000	0.00000	0.00011
444	0.00000	0.99811	0.00000	0.00000	0.00000	0.00189
445	0.00000	0.99998	0.00000	0.00000	0.00000	0.00002
446	0.00000	0.99953	0.00000	0.00000	0.00000	0.00047
447	0.00000	0.97909	0.00000	0.00000	0.00000	0.02090
448	0.00000	0.99993	0.00000	0.00000	0.00000	0.00007
449	0.00000	0.99962	0.00000	0.00000	0.00000	0.00038
450	0.00000	0.99968	0.00000	0.00000	0.00000	0.00032
451	0.00000	0.99971	0.00000	0.00000	0.00000	0.00029
452	0.00002	0.24877	0.00456	0.22283	0.00139	0.52244
453	0.00000	0.99997	0.00000	0.00000	0.00000	0.00003
454	0.00000	0.99988	0.00000	0.00000	0.00000	0.00012
455	0.00000	0.99989	0.00000	0.00000	0.00000	0.00011
456	0.00000	0.99958	0.00000	0.00000	0.00000	0.00042
457	0.00000	0.99853	0.00000	0.00000	0.00000	0.00147
458	0.00000	0.99998	0.00000	0.00000	0.00000	0.00002
459	0.00000	0.99993	0.00000	0.00000	0.00000	0.00007
460	0.99544	0.00000	0.00000	0.00000	0.00456	0.00000
461	0.00000	1.00000	0.00000	0.00000	0.00000	0.00000
462	0.00000	0.99868	0.00000	0.00000	0.00000	0.00132
463	0.17283	0.15864	0.16763	0.16711	0.17044	0.16335
464	0.99970	0.00000	0.00000	0.00000	0.00030	0.00000
465	0.00000	0.95519	0.00000	0.00001	0.00000	0.04480
466	0.00000	0.99993	0.00000	0.00000	0.00000	0.00007
467	0.00000	0.78920	0.00010	0.03802	0.00002	0.17267
468	0.00000	0.99997	0.00000	0.00000	0.00000	0.00003
469	0.00000	0.99960	0.00000	0.00000	0.00000	0.00040
470	0.00000	0.99512	0.00000	0.00002	0.00000	0.00487
471	0.00000	0.99997	0.00000	0.00000	0.00000	0.00003
472	0.00000	0.95443	0.00000	0.00000	0.00000	0.04557
473	0.00000	0.99667	0.00000	0.00000	0.00000	0.00333
474	0.32464	0.05914	0.13828	0.15649	0.22530	0.09615
475	0.00000	0.99917	0.00000	0.00000	0.00000	0.00083
476	0.00000	0.99988	0.00000	0.00000	0.00000	0.00012
477	0.00000	0.99992	0.00000	0.00000	0.00000	0.00008
478	0.00000	0.99999	0.00000	0.00000	0.00000	0.00001
479	0.00000	0.98896	0.00000	0.00012	0.00000	0.01092
480	0.00000	0.99999	0.00000	0.00000	0.00000	0.00001
481	0.00000	0.99942	0.00000	0.00000	0.00000	0.00058
482	0.00000	0.99988	0.00000	0.00000	0.00000	0.00012
483	0.00000	0.99995	0.00000	0.00000	0.00000	0.00005
484	0.00000	0.99999	0.00000	0.00000	0.00000	0.00001
485	0.00000	0.99957	0.00000	0.00000	0.00000	0.00043
486	0.00000	0.99990	0.00000	0.00000	0.00000	0.00010
487	0.00000	0.99995	0.00000	0.00000	0.00000	0.00005
488	0.00000	0.99993	0.00000	0.00000	0.00000	0.00007
489	0.00000	0.99889	0.00000	0.00000	0.00000	0.00111
490	0.00000	0.99996	0.00000	0.00000	0.00000	0.00004
491	0.00000	0.99999	0.00000	0.00000	0.00000	0.00001
492	0.00000	0.99978	0.00000	0.00000	0.00000	0.00022
493	0.00000	0.99991	0.00000	0.00000	0.00000	0.00009
494	0.00000	0.91077	0.00016	0.00749	0.00002	0.08156
495	0.00000	0.99473	0.00000	0.00001	0.00000	0.00527
496	0.00000	0.99993	0.00000	0.00000	0.00000	0.00007
497	0.00000	1.00000	0.00000	0.00000	0.00000	0.00000
498	0.00000	0.99998	0.00000	0.00000	0.00000	0.00002
499	0.00000	0.99995	0.00000	0.00000	0.00000	0.00005
500	0.00000	0.79099	0.00002	0.03738	0.00000	0.17161
501	0.00000	0.99991	0.00000	0.00000	0.00000	0.00009
502	0.18486	0.12511	0.15160	0.19378	0.18906	0.15561
503	0.00000	0.99992	0.00000	0.00000	0.00000	0.00008
504	0.00000	0.99999	0.00000	0.00000	0.00000	0.00001
505	0.00000	0.99940	0.00000	0.00000	0.00000	0.00060
506	0.99682	0.00000	0.00000	0.00001	0.00317	0.00000
507	0.99993	0.00000	0.00000	0.00000	0.00007	0.00000
508	0.00000	0.97033	0.00000	0.00051	0.00000	0.02916
509	0.00000	0.99982	0.00000	0.00000	0.00000	0.00018
510	0.00000	0.99998	0.00000	0.00000	0.00000	0.00002
511	0.00000	0.99997	0.00000	0.00000	0.00000	0.00003
512	0.00000	0.99982	0.00000	0.00000	0.00000	0.00018
513	0.99218	0.00000	0.00000	0.00000	0.00782	0.00000
514	0.00000	0.99835	0.00000	0.00000	0.00000	0.00165
515	0.99999	0.00000	0.00000	0.00000	0.00001	0.00000
516	0.00000	0.80030	0.00002	0.03463	0.00000	0.16505
517	0.00000	0.99876	0.00000	0.00000	0.00000	0.00124
518	1.00000	0.00000	0.00000	0.00000	0.00000	0.00000
519	0.00000	0.63057	0.00000	0.00001	0.00000	0.36942
520	0.00000	1.00000	0.00000	0.00000	0.00000	0.00000
521	0.00000	0.99997	0.00000	0.00000	0.00000	0.00003
522	0.00000	0.99999	0.00000	0.00000	0.00000	0.00001
523	0.00000	0.99996	0.00000	0.00000	0.00000	0.00004
524	0.00000	0.99997	0.00000	0.00000	0.00000	0.00003
525	0.00000	0.99985	0.00000	0.00000	0.00000	0.00015
526	0.00000	0.99691	0.00000	0.00000	0.00000	0.00309
527	0.00000	0.99932	0.00000	0.00000	0.00000	0.00068
528	0.00000	0.98116	0.00000	0.00039	0.00000	0.01845
529	0.02325	0.42117	0.11770	0.13429	0.06018	0.24341
530	0.00000	0.99930	0.00000	0.00000	0.00000	0.00070
531	0.00000	0.99974	0.00000	0.00000	0.00000	0.00026
532	0.00000	0.99737	0.00000	0.00000	0.00000	0.00263
533	0.99991	0.00000	0.00000	0.00000	0.00009	0.00000
534	0.00000	0.99998	0.00000	0.00000	0.00000	0.00002
535	0.00000	0.99986	0.00000	0.00000	0.00000	0.00014
536	0.00000	0.99976	0.00000	0.00000	0.00000	0.00024
537	0.99987	0.00000	0.00000	0.00000	0.00013	0.00000
538	0.00000	0.93020	0.00000	0.00460	0.00000	0.06521
539	0.00000	0.99997	0.00000	0.00000	0.00000	0.00003
540	0.94194	0.00000	0.00000	0.00248	0.05557	0.00000
541	0.99983	0.00000	0.00000	0.00000	0.00017	0.00000
542	0.99999	0.00000	0.00000	0.00000	0.00001	0.00000
543	0.00000	0.99731	0.00000	0.00000	0.00000	0.00268
544	0.00000	0.99982	0.00000	0.00000	0.00000	0.00018
545	0.00000	0.99991	0.00000	0.00000	0.00000	0.00009
546	0.00000	0.99997	0.00000	0.00000	0.00000	0.00003
547	0.00000	0.99999	0.00000	0.00000	0.00000	0.00001
548	0.98710	0.00000	0.00000	0.00013	0.01277	0.00000
549	0.00000	1.00000	0.00000	0.00000	0.00000	0.00000
550	0.00000	0.99274	0.00000	0.00000	0.00000	0.00726
551	0.99991	0.00000	0.00000	0.00000	0.00009	0.00000
552	0.00000	0.99986	0.00000	0.00000	0.00000	0.00014
553	0.00000	0.99921	0.00000	0.00000	0.00000	0.00079
554	0.00000	0.99940	0.00000	0.00000	0.00000	0.00060
555	0.00000	0.99995	0.00000	0.00000	0.00000	0.00005
556	0.00000	0.00000	0.99888	0.00068	0.00030	0.00014
557	0.00000	0.95840	0.00000	0.00003	0.00000	0.04157
558	0.00000	0.99998	0.00000	0.00000	0.00000	0.00002
559	0.99923	0.00000	0.00000	0.00000	0.00077	0.00000
560	0.99995	0.00000	0.00000	0.00000	0.00005	0.00000
561	0.99983	0.00000	0.00000	0.00000	0.00017	0.00000
562	1.00000	0.00000	0.00000	0.00000	0.00000	0.00000
563	0.00000	0.99962	0.00000	0.00000	0.00000	0.00038
564	0.00000	0.99989	0.00000	0.00000	0.00000	0.00011
565	0.99995	0.00000	0.00000	0.00000	0.00005	0.00000
566	0.00000	0.99935	0.00000	0.00000	0.00000	0.00065
567	0.03150	0.41921	0.11451	0.13354	0.06477	0.23647
568	0.99947	0.00000	0.00000	0.00000	0.00053	0.00000
569	0.00000	0.99999	0.00000	0.00000	0.00000	0.00001
570	0.00000	0.99992	0.00000	0.00000	0.00000	0.00008
571	0.00000	0.99876	0.00000	0.00000	0.00000	0.00124
572	0.00000	0.99999	0.00000	0.00000	0.00000	0.00001
573	0.00000	0.99931	0.00000	0.00000	0.00000	0.00069
574	0.00000	0.93962	0.00000	0.00020	0.00000	0.06017
575	0.00138	0.00000	0.00000	0.00015	0.99848	0.00000
576	0.00000	0.99978	0.00000	0.00000	0.00000	0.00022
577	0.99981	0.00000	0.00000	0.00000	0.00019	0.00000
578	0.00000	0.99997	0.00000	0.00000	0.00000	0.00003
579	0.00000	0.70357	0.00000	0.00009	0.00000	0.29634
580	0.00000	0.70541	0.00019	0.06599	0.00005	0.22837
581	0.00000	0.99770	0.00000	0.00000	0.00000	0.00230
582	0.00000	0.99919	0.00000	0.00000	0.00000	0.00081
583	0.00000	0.85726	0.00000	0.01488	0.00000	0.12786
584	0.00000	0.99976	0.00000	0.00000	0.00000	0.00024
585	0.00000	0.50390	0.00000	0.00002	0.00000	0.49608
586	0.00000	0.99989	0.00000	0.00000	0.00000	0.00011
587	0.00000	0.99997	0.00000	0.00000	0.00000	0.00003
588	0.00000	0.96180	0.00000	0.00000	0.00000	0.03820
589	0.00000	0.99995	0.00000	0.00000	0.00000	0.00005
590	0.00000	0.99994	0.00000	0.00000	0.00000	0.00006
591	0.00000	0.91203	0.00000	0.00719	0.00000	0.08078
592	0.00000	0.83281	0.00000	0.02443	0.00000	0.14276
593	0.00000	0.99967	0.00000	0.00000	0.00000	0.00033
594	0.00000	1.00000	0.00000	0.00000	0.00000	0.00000
595	0.00000	0.99961	0.00000	0.00000	0.00000	0.00039
596	0.00000	0.31508	0.00000	0.36332	0.00000	0.32160
597	0.00000	0.88499	0.00000	0.00008	0.00000	0.11493
598	0.00000	0.85306	0.00000	0.01933	0.00000	0.12761
599	0.00000	0.91552	0.00000	0.00508	0.00000	0.07940
600	0.00000	0.99991	0.00000	0.00000	0.00000	0.00009
601	0.00000	0.15378	0.00288	0.12096	0.00026	0.72212
602	0.98356	0.00000	0.00000	0.00006	0.01638	0.00000
603	0.20420	0.01582	0.20805	0.20823	0.23658	0.12712
604	0.00000	0.99915	0.00000	0.00000	0.00000	0.00085
605	0.00000	0.88011	0.00000	0.01217	0.00000	0.10772
606	0.00000	0.99945	0.00000	0.00000	0.00000	0.00055
607	0.00000	0.99948	0.00000	0.00000	0.00000	0.00052
608	0.00000	0.99999	0.00000	0.00000	0.00000	0.00001
609	0.00000	0.99999	0.00000	0.00000	0.00000	0.00001
610	0.99987	0.00000	0.00000	0.00000	0.00013	0.00000
611	0.00000	0.99998	0.00000	0.00000	0.00000	0.00002
612	0.00000	0.99984	0.00000	0.00000	0.00000	0.00016
613	0.00000	0.99998	0.00000	0.00000	0.00000	0.00002
614	0.00000	0.95455	0.00000	0.00200	0.00000	0.04345
615	0.00000	0.99945	0.00000	0.00000	0.00000	0.00055
616	0.00000	0.99998	0.00000	0.00000	0.00000	0.00002
617	0.00000	0.99999	0.00000	0.00000	0.00000	0.00001
618	0.00000	0.99640	0.00000	0.00000	0.00000	0.00360
619	0.00000	0.99949	0.00000	0.00000	0.00000	0.00051
620	0.00000	0.99928	0.00000	0.00000	0.00000	0.00072
621	0.00000	0.99992	0.00000	0.00000	0.00000	0.00008
622	0.00000	0.99261	0.00000	0.00006	0.00000	0.00733
623	0.00000	0.99843	0.00000	0.00000	0.00000	0.00157
624	0.00000	0.99960	0.00000	0.00000	0.00000	0.00040
625	0.00000	0.99978	0.00000	0.00000	0.00000	0.00022
626	0.00000	0.93648	0.00000	0.00381	0.00000	0.05971
627	0.00000	0.99992	0.00000	0.00000	0.00000	0.00008
628	0.00000	0.99998	0.00000	0.00000	0.00000	0.00002
629	0.00000	0.99949	0.00000	0.00000	0.00000	0.00051
630	0.00000	0.99993	0.00000	0.00000	0.00000	0.00007
631	0.00000	1.00000	0.00000	0.00000	0.00000	0.00000
632	0.99633	0.00000	0.00000	0.00000	0.00366	0.00000
633	0.00000	0.97460	0.00000	0.00001	0.00000	0.02539
634	0.00000	0.99981	0.00000	0.00000	0.00000	0.00019
635	0.00000	0.99939	0.00000	0.00000	0.00000	0.00061
636	0.00000	0.71802	0.00044	0.05525	0.00008	0.22621
637	0.00000	0.97950	0.00000	0.00034	0.00000	0.02017
638	0.00000	0.99711	0.00000	0.00000	0.00000	0.00289
639	0.00000	0.99990	0.00000	0.00000	0.00000	0.00010
640	0.00000	0.99993	0.00000	0.00000	0.00000	0.00007
641	0.00000	0.99993	0.00000	0.00000	0.00000	0.00007
642	0.00000	0.99981	0.00000	0.00000	0.00000	0.00019
643	0.00000	0.99991	0.00000	0.00000	0.00000	0.00009
644	0.00000	0.00000	0.00035	0.00107	0.00000	0.99858
645	0.00000	0.99849	0.00000	0.00000	0.00000	0.00151
646	0.00000	0.76103	0.00000	0.00132	0.00000	0.23764
647	0.00000	0.99855	0.00000	0.00000	0.00000	0.00145
648	0.00000	0.99999	0.00000	0.00000	0.00000	0.00001
649	0.00000	0.99795	0.00000	0.00000	0.00000	0.00204
650	0.97410	0.00000	0.00000	0.00002	0.02589	0.00000
651	0.00000	0.99971	0.00000	0.00000	0.00000	0.00029
652	0.00000	0.99993	0.00000	0.00000	0.00000	0.00007
653	0.99421	0.00000	0.00000	0.00002	0.00577	0.00000
654	0.00000	0.98148	0.00000	0.00000	0.00000	0.01852
655	0.00000	0.99704	0.00000	0.00000	0.00000	0.00296
656	0.00000	0.99710	0.00000	0.00000	0.00000	0.00290
657	0.00000	0.99998	0.00000	0.00000	0.00000	0.00002
658	0.00000	0.99977	0.00000	0.00000	0.00000	0.00023
659	0.82610	0.00000	0.00031	0.02109	0.15246	0.00003
660	0.00000	0.99147	0.00000	0.00006	0.00000	0.00848
661	0.00000	0.99999	0.00000	0.00000	0.00000	0.00001
662	0.00000	0.99997	0.00000	0.00000	0.00000	0.00003
663	0.23761	0.06052	0.11877	0.23131	0.23385	0.11794
664	0.99998	0.00000	0.00000	0.00000	0.00002	0.00000
665	0.00000	0.99391	0.00000	0.00003	0.00000	0.00606
666	0.99880	0.00000	0.00000	0.00000	0.00120	0.00000
667	0.99976	0.00000	0.00000	0.00000	0.00024	0.00000
668	0.99996	0.00000	0.00000	0.00000	0.00004	0.00000
669	0.99988	0.00000	0.00000	0.00000	0.00012	0.00000
670	0.99656	0.00000	0.00000	0.00000	0.00344	0.00000
671	0.00000	0.99996	0.00000	0.00000	0.00000	0.00004
672	0.00000	0.99738	0.00000	0.00000	0.00000	0.00262
673	0.00000	0.99984	0.00000	0.00000	0.00000	0.00016
674	0.00000	0.87448	0.00008	0.01455	0.00001	0.11087
675	0.00000	0.98506	0.00000	0.00008	0.00000	0.01486
676	0.00000	0.96377	0.00000	0.00065	0.00000	0.03558
677	0.00000	0.99962	0.00000	0.00000	0.00000	0.00038
678	0.73209	0.00000	0.00000	0.00280	0.26511	0.00000
679	0.00000	0.99984	0.00000	0.00000	0.00000	0.00016
680	0.00000	0.99992	0.00000	0.00000	0.00000	0.00008
681	0.00000	0.99994	0.00000	0.00000	0.00000	0.00006
682	0.00000	1.00000	0.00000	0.00000	0.00000	0.00000
683	0.00000	0.99996	0.00000	0.00000	0.00000	0.00004
684	0.00000	0.99467	0.00000	0.00002	0.00000	0.00531
685	0.00000	0.99041	0.00000	0.00001	0.00000	0.00958
686	0.00000	0.99993	0.00000	0.00000	0.00000	0.00007
687	0.00000	0.99974	0.00000	0.00000	0.00000	0.00026
688	0.00000	0.99970	0.00000	0.00000	0.00000	0.00030
689	0.00000	0.99983	0.00000	0.00000	0.00000	0.00017
690	0.00000	0.99993	0.00000	0.00000	0.00000	0.00007
691	0.00000	0.99974	0.00000	0.00000	0.00000	0.00026
692	0.00000	0.99991	0.00000	0.00000	0.00000	0.00009
693	0.00000	0.99728	0.00000	0.00000	0.00000	0.00271
694	0.00000	0.91372	0.00015	0.00690	0.00001	0.07923
695	0.00000	0.99130	0.00000	0.00000	0.00000	0.00870
696	0.00000	0.99992	0.00000	0.00000	0.00000	0.00008
697	0.00000	0.98161	0.00000	0.00004	0.00000	0.01834
698	0.00000	0.21355	0.00000	0.01012	0.00000	0.77633
699	0.00000	0.99993	0.00000	0.00000	0.00000	0.00007
700	0.00000	0.99948	0.00000	0.00000	0.00000	0.00052
701	0.99999	0.00000	0.00000	0.00000	0.00001	0.00000
702	0.99908	0.00000	0.00000	0.00000	0.00092	0.00000
703	0.99997	0.00000	0.00000	0.00000	0.00003	0.00000
704	0.47843	0.00002	0.00534	0.17989	0.33426	0.00206
705	0.00000	0.99931	0.00000	0.00000	0.00000	0.00069
706	0.00000	0.98832	0.00000	0.00002	0.00000	0.01166
707	0.98825	0.00000	0.00000	0.00008	0.01167	0.00000
708	0.00000	0.99998	0.00000	0.00000	0.00000	0.00002
709	0.00000	0.99828	0.00000	0.00000	0.00000	0.00172
710	0.00000	1.00000	0.00000	0.00000	0.00000	0.00000
711	0.00000	0.99691	0.00000	0.00000	0.00000	0.00309
712	0.00000	0.99881	0.00000	0.00000	0.00000	0.00119
713	0.00000	0.95144	0.00000	0.00001	0.00000	0.04855
714	0.63383	0.00000	0.00000	0.00007	0.36610	0.00000
715	0.19420	0.12108	0.15260	0.18938	0.19145	0.15129
716	0.00000	0.98496	0.00000	0.00001	0.00000	0.01504
717	0.00000	0.98325	0.00000	0.00001	0.00000	0.01674
718	0.99967	0.00000	0.00000	0.00000	0.00033	0.00000
719	0.00000	0.99966	0.00000	0.00000	0.00000	0.00034
720	0.00000	0.99950	0.00000	0.00000	0.00000	0.00050
721	0.00000	0.99999	0.00000	0.00000	0.00000	0.00001
722	0.00000	0.99992	0.00000	0.00000	0.00000	0.00008
723	0.00000	0.99992	0.00000	0.00000	0.00000	0.00008
724	0.00000	0.95308	0.00000	0.00207	0.00000	0.04485
725	0.20540	0.08398	0.12887	0.22841	0.21582	0.13752
726	0.00000	0.99999	0.00000	0.00000	0.00000	0.00001
727	0.00000	0.99998	0.00000	0.00000	0.00000	0.00002
728	0.00000	0.91558	0.00000	0.00687	0.00000	0.07755
729	0.00000	0.99989	0.00000	0.00000	0.00000	0.00011
730	0.00000	0.99994	0.00000	0.00000	0.00000	0.00006
731	0.00000	0.99992	0.00000	0.00000	0.00000	0.00008
732	0.19895	0.00000	0.00000	0.00501	0.79604	0.00000
733	0.00000	0.99942	0.00000	0.00000	0.00000	0.00058
734	0.00000	0.99969	0.00000	0.00000	0.00000	0.00031
735	0.00000	1.00000	0.00000	0.00000	0.00000	0.00000
736	0.00000	0.98879	0.00000	0.00012	0.00000	0.01108
737	0.00000	0.99996	0.00000	0.00000	0.00000	0.00004
738	0.98453	0.00000	0.00000	0.00001	0.01546	0.00000
739	0.00000	0.95393	0.00000	0.00204	0.00000	0.04403
740	0.00000	0.99985	0.00000	0.00000	0.00000	0.00015
741	0.99991	0.00000	0.00000	0.00000	0.00009	0.00000
742	0.00000	0.99997	0.00000	0.00000	0.00000	0.00003
743	0.00000	0.99654	0.00000	0.00000	0.00000	0.00346
744	0.00000	0.99861	0.00000	0.00000	0.00000	0.00139
745	0.99999	0.00000	0.00000	0.00000	0.00001	0.00000
746	0.00000	0.99991	0.00000	0.00000	0.00000	0.00009
747	0.00000	0.99998	0.00000	0.00000	0.00000	0.00002
748	0.00000	0.99997	0.00000	0.00000	0.00000	0.00003
749	0.00000	0.99752	0.00000	0.00000	0.00000	0.00248
750	0.06456	0.30999	0.14098	0.16019	0.10156	0.22272
751	0.00000	0.99991	0.00000	0.00000	0.00000	0.00009
752	0.00000	0.99977	0.00000	0.00000	0.00000	0.00023
753	0.00000	0.99819	0.00000	0.00000	0.00000	0.00181
754	0.00000	0.99997	0.00000	0.00000	0.00000	0.00003
755	0.00000	0.99901	0.00000	0.00000	0.00000	0.00099
756	0.00000	0.99995	0.00000	0.00000	0.00000	0.00005
757	0.00000	0.89126	0.00000	0.00166	0.00000	0.10708
758	0.00000	0.98006	0.00000	0.00040	0.00000	0.01955
759	0.99999	0.00000	0.00000	0.00000	0.00001	0.00000
760	0.99999	0.00000	0.00000	0.00000	0.00001	0.00000
761	0.00000	0.72829	0.00000	0.00020	0.00000	0.27151
762	0.00000	0.99993	0.00000	0.00000	0.00000	0.00007
763	0.00000	0.99937	0.00000	0.00000	0.00000	0.00063
764	0.00000	0.99993	0.00000	0.00000	0.00000	0.00007
765	0.00000	0.99951	0.00000	0.00000	0.00000	0.00049
766	0.00000	0.99963	0.00000	0.00000	0.00000	0.00037
767	0.00000	0.99987	0.00000	0.00000	0.00000	0.00013
768	0.00000	0.99774	0.00000	0.00000	0.00000	0.00226
769	0.00000	0.99277	0.00000	0.00004	0.00000	0.00719
770	0.00000	0.99912	0.00000	0.00000	0.00000	0.00088
771	0.00000	0.99959	0.00000	0.00000	0.00000	0.00041
772	0.00000	0.99992	0.00000	0.00000	0.00000	0.00008
773	0.00000	0.99275	0.00000	0.00005	0.00000	0.00720
774	0.00000	0.98754	0.00000	0.00002	0.00000	0.01244
775	0.00000	0.99998	0.00000	0.00000	0.00000	0.00002
776	0.00000	0.92332	0.00000	0.00003	0.00000	0.07665
