999901_sweeps	1.000/0.000/0.000/0.000	0.000/0.000/0.000/1.000	0.000/0.500/0.500/0.000	0.250/0.250/0.250/0.250	0.500/0.250/0.250/0.000	0.000/0.250/0.250/0.500
1	0.00000	0.99999	0.00000	0.00000	0.00000	0.00001
2	0.00000	0.99976	0.00000	0.00000	0.00000	0.00024
3	0.00000	1.00000	0.00000	0.00000	0.00000	0.00000
4	0.00028	0.47044	0.01100	0.20245	0.00727	0.30855
5	0.00000	0.99952	0.00000	0.00000	0.00000	0.00048
6	0.00000	0.99996	0.00000	0.00000	0.00000	0.00004
7	0.00000	0.97497	0.00000	0.00000	0.00000	0.02503
8	0.00000	1.00000	0.00000	0.00000	0.00000	0.00000
9	0.00000	0.99999	0.00000	0.00000	0.00000	0.00001
10	0.00000	0.00000	0.70030	0.02307	0.27663	0.00000
11	0.99999	0.00000	0.00000	0.00000	0.00001	0.00000
12	0.00000	0.94445	0.00000	0.00302	0.00000	0.05253
13	0.00000	1.00000	0.00000	0.00000	0.00000	0.00000
14	0.00000	1.00000	0.00000	0.00000	0.00000	0.00000
15	0.00000	1.00000	0.00000	0.00000	0.00000	0.00000
16	0.00000	0.99934	0.00000	0.00000	0.00000	0.00066
17	0.99998	0.00000	0.00000	0.00000	0.00002	0.00000
18	0.76524	0.00000	0.00042	0.04626	0.18799	0.00010
19	0.00000	0.98119	0.00000	0.00036	0.00000	0.01845
20	0.99999	0.00000	0.00000	0.00000	0.00001	0.00000
21	0.00004	0.00000	0.00000	0.99635	0.00349	0.00011
22	0.00000	0.99963	0.00000	0.00000	0.00000	0.00037
23	0.99985	0.00000	0.00000	0.00000	0.00015	0.00000
24	0.99993	0.00000	0.00000	0.00000	0.00007	0.00000
25	1.00000	0.00000	0.00000	0.00000	0.00000	0.00000
26	0.00000	0.99998	0.00000	0.00000	0.00000	0.00002
27	0.00000	0.99999	0.00000	0.00000	0.00000	0.00001
28	0.00000	0.99521	0.00000	0.00000	0.00000	0.00479
29	0.00000	0.99996	0.00000	0.00000	0.00000	0.00004
30	0.99962	0.00000	0.00000	0.00000	0.00038	0.00000
31	0.99989	0.00000	0.00000	0.00000	0.00011	0.00000
32	0.00000	0.84125	0.00000	0.02146	0.00000	0.13729
33	1.00000	0.00000	0.00000	0.00000	0.00000	0.00000
34	0.00000	0.85635	0.00002	0.01844	0.00000	0.12519
35	0.00000	0.94842	0.00000	0.00255	0.00000	0.04903
36	0.00000	1.00000	0.00000	0.00000	0.00000	0.00000
37	1.00000	0.00000	0.00000	0.00000	0.00000	0.00000
38	1.00000	0.00000	0.00000	0.00000	0.00000	0.00000
39	0.00000	0.99996	0.00000	0.00000	0.00000	0.00004
40	0.00000	0.99999	0.00000	0.00000	0.00000	0.00001
41	0.00000	1.00000	0.00000	0.00000	0.00000	0.00000
42	0.00000	0.99993	0.00000	0.00000	0.00000	0.00007
43	0.10690	0.00000	0.00000	0.00019	0.89291	0.00000
44	0.00000	0.99998	0.00000	0.00000	0.00000	0.00002
45	1.00000	0.00000	0.00000	0.00000	0.00000	0.00000
46	0.00000	0.99967	0.00000	0.00000	0.00000	0.00033
47	0.00000	1.00000	0.00000	0.00000	0.00000	0.00000
48	0.99998	0.00000	0.00000	0.00000	0.00002	0.00000
49	0.99883	0.00000	0.00000	0.00000	0.00117	0.00000
50	0.00000	0.99934	0.00000	0.00000	0.00000	0.00066
51	0.00000	1.00000	0.00000	0.00000	0.00000	0.00000
52	0.00000	0.99999	0.00000	0.00000	0.00000	0.00001
53	0.45181	0.00000	0.00000	0.00055	0.54764	0.00000
54	0.00000	1.00000	0.00000	0.00000	0.00000	0.00000
55	0.00000	0.99970	0.00000	0.00000	0.00000	0.00030
56	0.96519	0.00000	0.00000	0.00117	0.03364	0.00000
57	0.00000	0.99998	0.00000	0.00000	0.00000	0.00002
58	0.00000	1.00000	0.00000	0.00000	0.00000	0.00000
59	0.00000	0.99999	0.00000	0.00000	0.00000	0.00001
60	0.00000	0.99998	0.00000	0.00000	0.00000	0.00002
61	0.00000	1.00000	0.00000	0.00000	0.00000	0.00000
62	0.00000	1.00000	0.00000	0.00000	0.00000	0.00000
63	0.00000	1.00000	0.00000	0.00000	0.00000	0.00000
64	0.00000	0.99997	0.00000	0.00000	0.00000	0.00003
65	0.00000	0.99901	0.00000	0.00000	0.00000	0.00099
66	0.99997	0.00000	0.00000	0.00000	0.00003	0.00000
67	0.00000	0.99999	0.00000	0.00000	0.00000	0.00001
68	0.00000	0.99821	0.00000	0.00000	0.00000	0.00179
69	0.00000	0.94493	0.00000	0.00266	0.00000	0.05240
70	0.00000	0.99927	0.00000	0.00000	0.00000	0.00073
71	0.00000	1.00000	0.00000	0.00000	0.00000	0.00000
72	0.00000	1.00000	0.00000	0.00000	0.00000	0.00000
73	0.00000	0.99988	0.00000	0.00000	0.00000	0.00012
74	0.00000	0.99999	0.00000	0.00000	0.00000	0.00001
75	0.00000	1.00000	0.00000	0.00000	0.00000	0.00000
76	0.00000	0.99999	0.00000	0.00000	0.00000	0.00001
77	1.00000	0.00000	0.00000	0.00000	0.00000	0.00000
78	0.99999	0.00000	0.00000	0.00000	0.00001	0.00000
79	0.99892	0.00000	0.00000	0.00000	0.00108	0.00000
80	0.00000	0.93929	0.00000	0.00375	0.00000	0.05696
81	0.00000	0.99991	0.00000	0.00000	0.00000	0.00009
82	0.37477	0.00011	0.00595	0.28678	0.32717	0.00523
83	0.99994	0.00000	0.00000	0.00000	0.00006	0.00000
84	0.00000	0.99885	0.00000	0.00000	0.00000	0.00115
85	0.99997	0.00000	0.00000	0.00000	0.00003	0.00000
86	0.99998	0.00000	0.00000	0.00000	0.00002	0.00000
87	0.00000	0.99980	0.00000	0.00000	0.00000	0.00020
88	0.97198	0.00000	0.00000	0.00003	0.02799	0.00000
89	0.00000	0.90819	0.00000	0.00006	0.00000	0.09175
90	0.00000	0.99993	0.00000	0.00000	0.00000	0.00007
91	0.97098	0.00000	0.00000	0.00083	0.02819	0.00000
92	0.00000	0.00000	0.00000	0.00121	0.00000	0.99879
93	0.00000	0.99999	0.00000	0.00000	0.00000	0.00001
94	0.99553	0.00000	0.00000	0.00001	0.00446	0.00000
95	0.00000	0.99971	0.00000	0.00000	0.00000	0.00029
96	0.00000	0.99557	0.00000	0.00001	0.00000	0.00442
97	1.00000	0.00000	0.00000	0.00000	0.00000	0.00000
98	0.00000	0.99947	0.00000	0.00000	0.00000	0.00053
99	0.00000	0.89940	0.00001	0.00930	0.00000	0.09130
100	0.00000	0.99999	0.00000	0.00000	0.00000	0.00001
101	0.00000	0.99999	0.00000	0.00000	0.00000	0.00001
102	0.00000	0.99962	0.00000	0.00000	0.00000	0.00038
103	0.00000	0.99999	0.00000	0.00000	0.00000	0.00001
104	0.00000	0.99998	0.00000	0.00000	0.00000	0.00002
105	0.00000	0.89973	0.00001	0.00936	0.00000	0.09090
106	0.00000	1.00000	0.00000	0.00000	0.00000	0.00000
107	0.00000	0.99998	0.00000	0.00000	0.00000	0.00002
108	0.99997	0.00000	0.00000	0.00000	0.00003	0.00000
109	0.00000	1.00000	0.00000	0.00000	0.00000	0.00000
110	0.00000	0.99999	0.00000	0.00000	0.00000	0.00001
111	0.00000	0.99996	0.00000	0.00000	0.00000	0.00004
112	0.99987	0.00000	0.00000	0.00000	0.00013	0.00000
113	0.99981	0.00000	0.00000	0.00000	0.00019	0.00000
114	0.00000	1.00000	0.00000	0.00000	0.00000	0.00000
115	0.00000	1.00000	0.00000	0.00000	0.00000	0.00000
116	0.00001	0.00000	0.00000	0.00058	0.99941	0.00000
117	0.00000	0.99998	0.00000	0.00000	0.00000	0.00002
118	0.99997	0.00000	0.00000	0.00000	0.00003	0.00000
119	0.99989	0.00000	0.00000	0.00000	0.00011	0.00000
120	0.00000	0.99999	0.00000	0.00000	0.00000	0.00001
121	0.00000	1.00000	0.00000	0.00000	0.00000	0.00000
122	0.00000	0.99938	0.00000	0.00000	0.00000	0.00062
123	0.00000	0.75109	0.00036	0.05164	0.00010	0.19681
124	0.00000	0.99997	0.00000	0.00000	0.00000	0.00003
125	0.00000	0.99999	0.00000	0.00000	0.00000	0.00001
126	0.00000	1.00000	0.00000	0.00000	0.00000	0.00000
127	0.00000	1.00000	0.00000	0.00000	0.00000	0.00000
128	0.00000	0.99996	0.00000	0.00000	0.00000	0.00004
129	0.00000	0.99960	0.00000	0.00000	0.00000	0.00040
130	0.00000	0.99999	0.00000	0.00000	0.00000	0.00001
131	0.99873	0.00000	0.00000	0.00000	0.00127	0.00000
132	0.00000	1.00000	0.00000	0.00000	0.00000	0.00000
133	0.00000	0.99999	0.00000	0.00000	0.00000	0.00001
134	0.00000	0.99993	0.00000	0.00000	0.00000	0.00007
135	0.00000	1.00000	0.00000	0.00000	0.00000	0.00000
136	0.00000	1.00000	0.00000	0.00000	0.00000	0.00000
137	0.00000	0.99999	0.00000	0.00000	0.00000	0.00001
138	0.99989	0.00000	0.00000	0.00000	0.00011	0.00000
139	0.99901	0.00000	0.00000	0.00000	0.00099	0.00000
140	1.00000	0.00000	0.00000	0.00000	0.00000	0.00000
141	0.50263	0.00000	0.00000	0.03688	0.46049	0.00000
142	0.98112	0.00000	0.00000	0.00000	0.01888	0.00000
143	0.00000	0.99997	0.00000	0.00000	0.00000	0.00003
144	0.99995	0.00000	0.00000	0.00000	0.00005	0.00000
145	0.99899	0.00000	0.00000	0.00000	0.00101	0.00000
146	1.00000	0.00000	0.00000	0.00000	0.00000	0.00000
147	0.99982	0.00000	0.00000	0.00000	0.00018	0.00000
148	1.00000	0.00000	0.00000	0.00000	0.00000	0.00000
149	0.99961	0.00000	0.00000	0.00000	0.00039	0.00000
150	0.99992	0.00000	0.00000	0.00000	0.00008	0.00000
151	0.00000	0.99995	0.00000	0.00000	0.00000	0.00005
152	0.06910	0.30238	0.14294	0.16064	0.10490	0.22004
153	0.00000	0.99952	0.00000	0.00000	0.00000	0.00048
154	0.00000	1.00000	0.00000	0.00000	0.00000	0.00000
155	0.00000	0.99973	0.00000	0.00000	0.00000	0.00027
156	0.00000	0.99999	0.00000	0.00000	0.00000	0.00001
157	0.00000	1.00000	0.00000	0.00000	0.00000	0.00000
158	0.00000	0.99999	0.00000	0.00000	0.00000	0.00001
159	0.00000	0.99999	0.00000	0.00000	0.00000	0.00001
160	0.00000	1.00000	0.00000	0.00000	0.00000	0.00000
161	0.00000	1.00000	0.00000	0.00000	0.00000	0.00000
162	0.99997	0.00000	0.00000	0.00000	0.00003	0.00000
163	0.00000	1.00000	0.00000	0.00000	0.00000	0.00000
164	0.00000	1.00000	0.00000	0.00000	0.00000	0.00000
165	0.00000	0.99179	0.00000	0.00006	0.00000	0.00815
166	0.99997	0.00000	0.00000	0.00000	0.00003	0.00000
167	0.99998	0.00000	0.00000	0.00000	0.00002	0.00000
168	0.99903	0.00000	0.00000	0.00000	0.00097	0.00000
169	0.00000	0.99997	0.00000	0.00000	0.00000	0.00003
170	0.00000	0.99949	0.00000	0.00000	0.00000	0.00051
171	0.00000	0.99999	0.00000	0.00000	0.00000	0.00001
172	0.00000	0.99999	0.00000	0.00000	0.00000	0.00001
173	0.99926	0.00000	0.00000	0.00000	0.00074	0.00000
174	0.00000	0.99998	0.00000	0.00000	0.00000	0.00002
175	0.00000	0.99992	0.00000	0.00000	0.00000	0.00008
176	0.00000	0.99999	0.00000	0.00000	0.00000	0.00001
177	0.00000	1.00000	0.00000	0.00000	0.00000	0.00000
178	1.00000	0.00000	0.00000	0.00000	0.00000	0.00000
179	0.99995	0.00000	0.00000	0.00000	0.00005	0.00000
180	0.00000	0.99970	0.00000	0.00000	0.00000	0.00030
181	0.00000	0.99999	0.00000	0.00000	0.00000	0.00001
182	0.99811	0.00000	0.00000	0.00000	0.00189	0.00000
183	0.00000	0.99778	0.00000	0.00000	0.00000	0.00222
184	0.00000	0.84645	0.00000	0.00000	0.00000	0.15355
185	0.00000	1.00000	0.00000	0.00000	0.00000	0.00000
186	0.99997	0.00000	0.00000	0.00000	0.00003	0.00000
187	0.00000	1.00000	0.00000	0.00000	0.00000	0.00000
188	0.00000	0.99998	0.00000	0.00000	0.00000	0.00002
189	0.00000	0.99989	0.00000	0.00000	0.00000	0.00011
190	0.00000	0.99930	0.00000	0.00000	0.00000	0.00070
191	0.99999	0.00000	0.00000	0.00000	0.00001	0.00000
192	0.99998	0.00000	0.00000	0.00000	0.00002	0.00000
193	0.99999	0.00000	0.00000	0.00000	0.00001	0.00000
194	0.00000	0.99999	0.00000	0.00000	0.00000	0.00001
195	0.00000	0.99979	0.00000	0.00000	0.00000	0.00021
196	0.00000	0.99999	0.00000	0.00000	0.00000	0.00001
197	0.00000	0.99052	0.00000	0.00010	0.00000	0.00938
198	0.00000	1.00000	0.00000	0.00000	0.00000	0.00000
199	0.00000	0.99999	0.00000	0.00000	0.00000	0.00001
200	0.00000	0.00000	0.99832	0.00027	0.00000	0.00140
201	0.00000	1.00000	0.00000	0.00000	0.00000	0.00000
202	0.00000	0.99997	0.00000	0.00000	0.00000	0.00003
203	0.00000	0.96897	0.00000	0.00094	0.00000	0.03009
204	0.00000	0.99998	0.00000	0.00000	0.00000	0.00002
205	0.00000	0.99999	0.00000	0.00000	0.00000	0.00001
206	0.00000	0.99951	0.00000	0.00000	0.00000	0.00049
207	0.00000	1.00000	0.00000	0.00000	0.00000	0.00000
208	0.00000	0.99999	0.00000	0.00000	0.00000	0.00001
209	0.00000	1.00000	0.00000	0.00000	0.00000	0.00000
210	0.00000	0.99999	0.00000	0.00000	0.00000	0.00001
211	0.00000	0.99965	0.00000	0.00000	0.00000	0.00035
212	0.00000	0.99998	0.00000	0.00000	0.00000	0.00002
213	0.99967	0.00000	0.00000	0.00000	0.00033	0.00000
214	1.00000	0.00000	0.00000	0.00000	0.00000	0.00000
215	0.00000	0.99991	0.00000	0.00000	0.00000	0.00009
216	0.00000	0.99998	0.00000	0.00000	0.00000	0.00002
217	0.00000	0.99999	0.00000	0.00000	0.00000	0.00001
218	0.00000	1.00000	0.00000	0.00000	0.00000	0.00000
219	0.00000	0.99987	0.00000	0.00000	0.00000	0.00013
220	0.00000	0.96277	0.00000	0.00135	0.00000	0.03587
221	0.00000	1.00000	0.00000	0.00000	0.00000	0.00000
222	0.00000	1.00000	0.00000	0.00000	0.00000	0.00000
223	0.00000	0.99912	0.00000	0.00000	0.00000	0.00088
224	0.00000	0.99893	0.00000	0.00000	0.00000	0.00107
225	0.00000	1.00000	0.00000	0.00000	0.00000	0.00000
226	0.99999	0.00000	0.00000	0.00000	0.00001	0.00000
227	0.00000	1.00000	0.00000	0.00000	0.00000	0.00000
228	0.00000	0.99906	0.00000	0.00000	0.00000	0.00094
229	0.81378	0.00000	0.00000	0.03001	0.15620	0.00000
230	0.00000	0.99998	0.00000	0.00000	0.00000	0.00002
231	0.00000	1.00000	0.00000	0.00000	0.00000	0.00000
232	0.00000	0.99832	0.00000	0.00000	0.00000	0.00168
233	1.00000	0.00000	0.00000	0.00000	0.00000	0.00000
234	0.00000	0.99981	0.00000	0.00000	0.00000	0.00019
235	0.00000	0.99990	0.00000	0.00000	0.00000	0.00010
236	0.00000	0.99950	0.00000	0.00000	0.00000	0.00050
237	0.00000	1.00000	0.00000	0.00000	0.00000	0.00000
238	0.00000	0.99998	0.00000	0.00000	0.00000	0.00002
239	1.00000	0.00000	0.00000	0.00000	0.00000	0.00000
240	1.00000	0.00000	0.00000	0.00000	0.00000	0.00000
241	1.00000	0.00000	0.00000	0.00000	0.00000	0.00000
242	1.00000	0.00000	0.00000	0.00000	0.00000	0.00000
243	0.00000	1.00000	0.00000	0.00000	0.00000	0.00000
244	0.99991	0.00000	0.00000	0.00000	0.00009	0.00000
245	0.99988	0.00000	0.00000	0.00000	0.00012	0.00000
246	0.00000	0.99982	0.00000	0.00000	0.00000	0.00018
247	0.00000	0.99995	0.00000	0.00000	0.00000	0.00005
248	0.00000	0.99992	0.00000	0.00000	0.00000	0.00008
249	0.00000	1.00000	0.00000	0.00000	0.00000	0.00000
250	0.00000	0.99875	0.00000	0.00000	0.00000	0.00125
251	0.00000	0.99998	0.00000	0.00000	0.00000	0.00002
252	0.00000	1.00000	0.00000	0.00000	0.00000	0.00000
253	0.00000	0.99995	0.00000	0.00000	0.00000	0.00005
254	0.00000	0.99999	0.00000	0.00000	0.00000	0.00001
255	0.00000	1.00000	0.00000	0.00000	0.00000	0.00000
256	0.00000	0.99967	0.00000	0.00000	0.00000	0.00033
257	0.00000	1.00000	0.00000	0.00000	0.00000	0.00000
258	0.00000	1.00000	0.00000	0.00000	0.00000	0.00000
259	0.00000	0.99991	0.00000	0.00000	0.00000	0.00009
260	0.00000	0.96004	0.00000	0.00223	0.00000	0.03773
261	0.00000	1.00000	0.00000	0.00000	0.00000	0.00000
262	0.00000	0.99982	0.00000	0.00000	0.00000	0.00018
263	0.00000	0.99999	0.00000	0.00000	0.00000	0.00001
264	0.00000	0.99997	0.00000	0.00000	0.00000	0.00003
265	0.00000	0.91441	0.00000	0.00735	0.00000	0.07824
266	0.00000	1.00000	0.00000	0.00000	0.00000	0.00000
267	0.00000	0.99999	0.00000	0.00000	0.00000	0.00001
268	0.00000	0.99999	0.00000	0.00000	0.00000	0.00001
269	0.00000	0.99969	0.00000	0.00000	0.00000	0.00031
270	0.00000	0.99999	0.00000	0.00000	0.00000	0.00001
271	0.00000	1.00000	0.00000	0.00000	0.00000	0.00000
272	0.00000	0.99990	0.00000	0.00000	0.00000	0.00010
273	0.00000	0.99999	0.00000	0.00000	0.00000	0.00001
274	0.00000	0.99997	0.00000	0.00000	0.00000	0.00003
275	0.00000	0.99998	0.00000	0.00000	0.00000	0.00002
276	0.00000	0.99999	0.00000	0.00000	0.00000	0.00001
277	0.00000	1.00000	0.00000	0.00000	0.00000	0.00000
278	0.00000	1.00000	0.00000	0.00000	0.00000	0.00000
279	0.00000	0.99999	0.00000	0.00000	0.00000	0.00001
280	0.00000	0.99999	0.00000	0.00000	0.00000	0.00001
281	0.00000	0.99998	0.00000	0.00000	0.00000	0.00002
282	0.00000	1.00000	0.00000	0.00000	0.00000	0.00000
283	0.99999	0.00000	0.00000	0.00000	0.00001	0.00000
284	0.00000	0.99859	0.00000	0.00000	0.00000	0.00141
285	0.00000	0.99995	0.00000	0.00000	0.00000	0.00005
286	0.00000	0.99999	0.00000	0.00000	0.00000	0.00001
287	0.00000	0.99999	0.00000	0.00000	0.00000	0.00001
288	0.00000	0.99999	0.00000	0.00000	0.00000	0.00001
289	0.00000	0.99999	0.00000	0.00000	0.00000	0.00001
290	0.00000	0.99997	0.00000	0.00000	0.00000	0.00003
291	0.00000	1.00000	0.00000	0.00000	0.00000	0.00000
292	0.00000	0.99212	0.00000	0.00000	0.00000	0.00788
293	0.00000	0.99998	0.00000	0.00000	0.00000	0.00002
294	0.00000	1.00000	0.00000	0.00000	0.00000	0.00000
295	0.00000	1.00000	0.00000	0.00000	0.00000	0.00000
296	0.99939	0.00000	0.00000	0.00000	0.00061	0.00000
297	0.18605	0.14835	0.16613	0.16640	0.17595	0.15712
298	0.00000	0.99998	0.00000	0.00000	0.00000	0.00002
299	0.00000	0.92591	0.00000	0.00516	0.00000	0.06893
300	0.99228	0.00000	0.00000	0.00000	0.00772	0.00000
301	0.00000	0.99973	0.00000	0.00000	0.00000	0.00027
302	0.00000	0.99995	0.00000	0.00000	0.00000	0.00005
303	0.00000	0.99999	0.00000	0.00000	0.00000	0.00001
304	0.00000	0.99999	0.00000	0.00000	0.00000	0.00001
305	0.00000	0.99944	0.00000	0.00000	0.00000	0.00056
306	0.00000	1.00000	0.00000	0.00000	0.00000	0.00000
307	0.00000	0.99988	0.00000	0.00000	0.00000	0.00012
308	0.00000	0.99997	0.00000	0.00000	0.00000	0.00003
309	0.00000	1.00000	0.00000	0.00000	0.00000	0.00000
310	0.00000	0.99999	0.00000	0.00000	0.00000	0.00001
311	0.00000	1.00000	0.00000	0.00000	0.00000	0.00000
312	0.00000	0.93833	0.00000	0.00393	0.00000	0.05774
313	0.00000	1.00000	0.00000	0.00000	0.00000	0.00000
314	0.00000	0.99999	0.00000	0.00000	0.00000	0.00001
315	0.00000	0.99998	0.00000	0.00000	0.00000	0.00002
316	0.00000	0.79984	0.00000	0.00010	0.00000	0.20005
317	0.00000	1.00000	0.00000	0.00000	0.00000	0.00000
318	0.00000	1.00000	0.00000	0.00000	0.00000	0.00000
319	0.00000	1.00000	0.00000	0.00000	0.00000	0.00000
320	0.00000	0.76088	0.00000	0.00009	0.00000	0.23903
321	0.00000	1.00000	0.00000	0.00000	0.00000	0.00000
322	0.00000	0.99966	0.00000	0.00000	0.00000	0.00034
323	0.00000	0.99996	0.00000	0.00000	0.00000	0.00004
324	0.00000	0.99976	0.00000	0.00000	0.00000	0.00024
325	0.00000	0.99971	0.00000	0.00000	0.00000	0.00029
326	0.00000	0.27217	0.00000	0.00002	0.00000	0.72780
327	0.00000	0.99799	0.00000	0.00000	0.00000	0.00201
328	0.00000	0.99999	0.00000	0.00000	0.00000	0.00001
329	0.00000	0.99979	0.00000	0.00000	0.00000	0.00021
330	0.00000	0.99996	0.00000	0.00000	0.00000	0.00004
331	0.00000	0.97108	0.00000	0.00086	0.00000	0.02806
332	0.00000	0.99999	0.00000	0.00000	0.00000	0.00001
333	0.00000	1.00000	0.00000	0.00000	0.00000	0.00000
334	0.00000	0.99994	0.00000	0.00000	0.00000	0.00006
335	0.00000	1.00000	0.00000	0.00000	0.00000	0.00000
336	0.00000	1.00000	0.00000	0.00000	0.00000	0.00000
337	0.00009	0.64921	0.00728	0.09390	0.00279	0.24673
338	0.00000	0.99999	0.00000	0.00000	0.00000	0.00001
339	0.00000	0.99999	0.00000	0.00000	0.00000	0.00001
340	0.00000	0.99999	0.00000	0.00000	0.00000	0.00001
341	0.00000	0.00000	0.99988	0.00002	0.00000	0.00010
342	0.00000	0.99998	0.00000	0.00000	0.00000	0.00002
343	0.00000	1.00000	0.00000	0.00000	0.00000	0.00000
344	0.00000	0.00000	0.00000	0.01056	0.00000	0.98944
345	0.00000	0.98894	0.00000	0.00006	0.00000	0.01101
346	0.00000	0.99991	0.00000	0.00000	0.00000	0.00009
347	0.00000	0.99053	0.00000	0.00009	0.00000	0.00938
348	0.00000	0.00000	0.00000	0.00918	0.00000	0.99082
349	0.00000	0.99996	0.00000	0.00000	0.00000	0.00004
350	0.00000	0.99999	0.00000	0.00000	0.00000	0.00001
351	0.00000	0.99999	0.00000	0.00000	0.00000	0.00001
352	0.00000	0.99985	0.00000	0.00000	0.00000	0.00015
353	0.00000	0.99997	0.00000	0.00000	0.00000	0.00003
354	0.00000	0.99992	0.00000	0.00000	0.00000	0.00008
355	0.00000	0.89906	0.00000	0.00935	0.00000	0.09159
356	0.99989	0.00000	0.00000	0.00000	0.00011	0.00000
357	0.00000	1.00000	0.00000	0.00000	0.00000	0.00000
358	0.00000	0.99865	0.00000	0.00000	0.00000	0.00135
359	0.18374	0.14982	0.16584	0.16715	0.17523	0.15823
360	0.00000	1.00000	0.00000	0.00000	0.00000	0.00000
361	0.00000	0.99973	0.00000	0.00000	0.00000	0.00027
362	0.99998	0.00000	0.00000	0.00000	0.00002	0.00000
363	1.00000	0.00000	0.00000	0.00000	0.00000	0.00000
364	0.00000	0.99972	0.00000	0.00000	0.00000	0.00028
365	0.00000	0.99571	0.00000	0.00002	0.00000	0.00427
366	0.00000	1.00000	0.00000	0.00000	0.00000	0.00000
367	0.00000	1.00000	0.00000	0.00000	0.00000	0.00000
368	0.00000	0.99995	0.00000	0.00000	0.00000	0.00005
369	1.00000	0.00000	0.00000	0.00000	0.00000	0.00000
370	0.00000	0.99992	0.00000	0.00000	0.00000	0.00008
371	0.00000	0.99999	0.00000	0.00000	0.00000	0.00001
372	0.00000	0.99998	0.00000	0.00000	0.00000	0.00002
373	0.00000	0.99995	0.00000	0.00000	0.00000	0.00005
374	0.00000	0.99728	0.00000	0.00001	0.00000	0.00272
375	1.00000	0.00000	0.00000	0.00000	0.00000	0.00000
376	0.00000	0.99984	0.00000	0.00000	0.00000	0.00016
377	0.03384	0.38121	0.11300	0.15586	0.07242	0.24367
378	0.99992	0.00000	0.00000	0.00000	0.00008	0.00000
379	0.99735	0.00000	0.00000	0.00001	0.00265	0.00000
380	0.00000	0.99994	0.00000	0.00000	0.00000	0.00006
381	0.00000	0.99999	0.00000	0.00000	0.00000	0.00001
382	0.00000	0.99999	0.00000	0.00000	0.00000	0.00001
383	0.99969	0.00000	0.00000	0.00000	0.00031	0.00000
384	0.00000	0.99998	0.00000	0.00000	0.00000	0.00002
385	0.00000	0.99996	0.00000	0.00000	0.00000	0.00004
386	0.00000	0.99998	0.00000	0.00000	0.00000	0.00002
387	0.00000	1.00000	0.00000	0.00000	0.00000	0.00000
388	0.99962	0.00000	0.00000	0.00000	0.00038	0.00000
389	0.00000	1.00000	0.00000	0.00000	0.00000	0.00000
390	0.00000	1.00000	0.00000	0.00000	0.00000	0.00000
391	0.00000	1.00000	0.00000	0.00000	0.00000	0.00000
392	0.00000	0.94961	0.00000	0.00247	0.00000	0.04792
393	0.00000	0.99678	0.00000	0.00000	0.00000	0.00321
394	0.00000	0.99994	0.00000	0.00000	0.00000	0.00006
395	0.00000	0.99998	0.00000	0.00000	0.00000	0.00002
396	0.00000	0.99999	0.00000	0.00000	0.00000	0.00001
397	0.00000	1.00000	0.00000	0.00000	0.00000	0.00000
398	0.00000	1.00000	0.00000	0.00000	0.00000	0.00000
399	0.00000	0.81333	0.00002	0.03018	0.00000	0.15646
400	0.00000	0.99999	0.00000	0.00000	0.00000	0.00001
401	0.00000	1.00000	0.00000	0.00000	0.00000	0.00000
402	0.09756	0.21971	0.16336	0.17935	0.13652	0.20351
403	0.00000	1.00000	0.00000	0.00000	0.00000	0.00000
404	0.00000	0.99998	0.00000	0.00000	0.00000	0.00002
405	0.00000	0.99913	0.00000	0.00000	0.00000	0.00087
406	0.00000	1.00000	0.00000	0.00000	0.00000	0.00000
407	0.00000	0.99979	0.00000	0.00000	0.00000	0.00021
408	0.00000	1.00000	0.00000	0.00000	0.00000	0.00000
409	0.00000	0.99997	0.00000	0.00000	0.00000	0.00003
410	0.00000	0.99999	0.00000	0.00000	0.00000	0.00001
411	0.00000	0.99996	0.00000	0.00000	0.00000	0.00004
412	0.99213	0.00000	0.00000	0.00000	0.00787	0.00000
413	0.00000	1.00000	0.00000	0.00000	0.00000	0.00000
414	0.00000	0.99994	0.00000	0.00000	0.00000	0.00006
415	0.00000	1.00000	0.00000	0.00000	0.00000	0.00000
416	0.00000	0.99884	0.00000	0.00000	0.00000	0.00116
417	0.00000	1.00000	0.00000	0.00000	0.00000	0.00000
418	0.00000	0.99999	0.00000	0.00000	0.00000	0.00001
419	0.00000	1.00000	0.00000	0.00000	0.00000	0.00000
420	0.00000	0.99992	0.00000	0.00000	0.00000	0.00008
421	0.00000	1.00000	0.00000	0.00000	0.00000	0.00000
422	0.00000	0.99992	0.00000	0.00000	0.00000	0.00008
423	0.00000	0.95179	0.00000	0.00181	0.00000	0.04640
424	0.00000	0.98979	0.00000	0.00008	0.00000	0.01013
425	0.00000	0.99735	0.00000	0.00000	0.00000	0.00265
426	0.00000	1.00000	0.00000	0.00000	0.00000	0.00000
427	0.00000	1.00000	0.00000	0.00000	0.00000	0.00000
428	0.00000	0.99997	0.00000	0.00000	0.00000	0.00003
429	0.00000	0.99999	0.00000	0.00000	0.00000	0.00001
430	0.00000	0.99999	0.00000	0.00000	0.00000	0.00001
431	0.00000	1.00000	0.00000	0.00000	0.00000	0.00000
432	0.00000	1.00000	0.00000	0.00000	0.00000	0.00000
433	0.00000	0.99999	0.00000	0.00000	0.00000	0.00001
434	0.00000	0.99998	0.00000	0.00000	0.00000	0.00002
435	0.00000	0.98174	0.00000	0.00033	0.00000	0.01793
436	0.00000	0.99998	0.00000	0.00000	0.00000	0.00002
437	1.00000	0.00000	0.00000	0.00000	0.00000	0.00000
438	0.00000	0.99999	0.00000	0.00000	0.00000	0.00001
439	0.00000	0.99995	0.00000	0.00000	0.00000	0.00005
440	0.00000	0.99998	0.00000	0.00000	0.00000	0.00002
441	0.00000	0.99997	0.00000	0.00000	0.00000	0.00003
442	0.00000	0.99997	0.00000	0.00000	0.00000	0.00003
443	0.00000	0.99996	0.00000	0.00000	0.00000	0.00004
444	0.00000	0.99969	0.00000	0.00000	0.00000	0.00031
445	0.00000	0.99998	0.00000	0.00000	0.00000	0.00002
446	0.00000	0.99993	0.00000	0.00000	0.00000	0.00007
447	0.00000	0.99996	0.00000	0.00000	0.00000	0.00004
448	0.00000	0.99934	0.00000	0.00000	0.00000	0.00066
449	0.00000	0.99999	0.00000	0.00000	0.00000	0.00001
450	0.00000	1.00000	0.00000	0.00000	0.00000	0.00000
451	0.00000	0.99999	0.00000	0.00000	0.00000	0.00001
452	0.00000	1.00000	0.00000	0.00000	0.00000	0.00000
453	0.00000	0.90428	0.00001	0.00844	0.00000	0.08727
454	0.00000	0.99998	0.00000	0.00000	0.00000	0.00002
455	0.00000	0.99999	0.00000	0.00000	0.00000	0.00001
456	0.00000	0.99874	0.00000	0.00000	0.00000	0.00125
457	0.00000	1.00000	0.00000	0.00000	0.00000	0.00000
458	0.00000	0.99996	0.00000	0.00000	0.00000	0.00004
459	0.00000	1.00000	0.00000	0.00000	0.00000	0.00000
460	0.00000	1.00000	0.00000	0.00000	0.00000	0.00000
461	0.99996	0.00000	0.00000	0.00000	0.00004	0.00000
462	0.00000	0.99999	0.00000	0.00000	0.00000	0.00001
463	0.00000	0.99991	0.00000	0.00000	0.00000	0.00009
464	0.16802	0.16572	0.16620	0.16676	0.16722	0.16607
465	0.99989	0.00000	0.00000	0.00000	0.00011	0.00000
466	0.00000	0.99997	0.00000	0.00000	0.00000	0.00003
467	0.00000	1.00000	0.00000	0.00000	0.00000	0.00000
468	0.00000	0.97067	0.00000	0.00092	0.00000	0.02841
469	0.00000	1.00000	0.00000	0.00000	0.00000	0.00000
470	0.00000	0.99996	0.00000	0.00000	0.00000	0.00004
471	0.00000	0.99997	0.00000	0.00000	0.00000	0.00003
472	0.00000	1.00000	0.00000	0.00000	0.00000	0.00000
473	0.00000	0.99888	0.00000	0.00000	0.00000	0.00112
474	0.00000	0.99998	0.00000	0.00000	0.00000	0.00002
475	0.03395	0.37966	0.11249	0.15718	0.07277	0.24395
476	0.00000	0.99998	0.00000	0.00000	0.00000	0.00002
477	0.00000	0.99999	0.00000	0.00000	0.00000	0.00001
478	0.00000	0.99996	0.00000	0.00000	0.00000	0.00004
479	0.00000	1.00000	0.00000	0.00000	0.00000	0.00000
480	0.00000	0.99767	0.00000	0.00000	0.00000	0.00232
481	0.00000	0.99997	0.00000	0.00000	0.00000	0.00003
482	0.00000	0.97813	0.00000	0.00000	0.00000	0.02187
483	0.00000	0.99998	0.00000	0.00000	0.00000	0.00002
484	0.00000	1.00000	0.00000	0.00000	0.00000	0.00000
485	0.00000	1.00000	0.00000	0.00000	0.00000	0.00000
486	0.00000	0.99999	0.00000	0.00000	0.00000	0.00001
487	0.00000	0.99995	0.00000	0.00000	0.00000	0.00005
488	0.00000	0.99997	0.00000	0.00000	0.00000	0.00003
489	0.00000	1.00000	0.00000	0.00000	0.00000	0.00000
490	0.00000	0.99990	0.00000	0.00000	0.00000	0.00010
491	0.00000	0.99943	0.00000	0.00000	0.00000	0.00057
492	0.00000	1.00000	0.00000	0.00000	0.00000	0.00000
493	0.00000	0.99987	0.00000	0.00000	0.00000	0.00013
494	0.00000	0.99998	0.00000	0.00000	0.00000	0.00002
495	0.00000	0.95865	0.00000	0.00145	0.00000	0.03990
496	0.00000	0.99995	0.00000	0.00000	0.00000	0.00005
497	0.00000	0.99990	0.00000	0.00000	0.00000	0.00010
498	0.00000	1.00000	0.00000	0.00000	0.00000	0.00000
499	0.00000	0.99998	0.00000	0.00000	0.00000	0.00002
500	0.00000	0.99999	0.00000	0.00000	0.00000	0.00001
501	0.00000	0.06544	0.00010	0.71903	0.00026	0.21518
502	0.00000	0.99999	0.00000	0.00000	0.00000	0.00001
503	0.00183	0.54743	0.03085	0.13393	0.01533	0.27063
504	0.00000	0.99999	0.00000	0.00000	0.00000	0.00001
505	0.00000	1.00000	0.00000	0.00000	0.00000	0.00000
506	0.00000	0.99998	0.00000	0.00000	0.00000	0.00002
507	0.99939	0.00000	0.00000	0.00000	0.00061	0.00000
508	1.00000	0.00000	0.00000	0.00000	0.00000	0.00000
509	0.00000	0.99933	0.00000	0.00000	0.00000	0.00067
510	0.00000	0.99999	0.00000	0.00000	0.00000	0.00001
511	0.00000	0.99997	0.00000	0.00000	0.00000	0.00003
512	0.00000	0.99998	0.00000	0.00000	0.00000	0.00002
513	0.00000	0.97580	0.00000	0.00000	0.00000	0.02420
514	0.99964	0.00000	0.00000	0.00000	0.00036	0.00000
515	0.00000	1.00000	0.00000	0.00000	0.00000	0.00000
516	1.00000	0.00000	0.00000	0.00000	0.00000	0.00000
517	0.00000	0.97519	0.00000	0.00057	0.00000	0.02424
518	0.00000	0.99994	0.00000	0.00000	0.00000	0.00006
519	1.00000	0.00000	0.00000	0.00000	0.00000	0.00000
520	0.00000	0.30687	0.00000	0.00002	0.00000	0.69310
521	0.00000	1.00000	0.00000	0.00000	0.00000	0.00000
522	0.00000	0.99999	0.00000	0.00000	0.00000	0.00001
523	0.00000	0.99998	0.00000	0.00000	0.00000	0.00002
524	0.00000	1.00000	0.00000	0.00000	0.00000	0.00000
525	0.00000	1.00000	0.00000	0.00000	0.00000	0.00000
526	0.00000	0.99996	0.00000	0.00000	0.00000	0.00004
527	0.00000	0.99952	0.00000	0.00000	0.00000	0.00048
528	0.00000	1.00000	0.00000	0.00000	0.00000	0.00000
529	0.00000	0.99833	0.00000	0.00000	0.00000	0.00167
530	0.00000	0.83855	0.00079	0.02273	0.00013	0.13779
531	0.00000	1.00000	0.00000	0.00000	0.00000	0.00000
532	0.00000	1.00000	0.00000	0.00000	0.00000	0.00000
533	0.00000	0.99999	0.00000	0.00000	0.00000	0.00001
534	0.99999	0.00000	0.00000	0.00000	0.00001	0.00000
535	0.00000	0.99997	0.00000	0.00000	0.00000	0.00003
536	0.00000	0.99999	0.00000	0.00000	0.00000	0.00001
537	0.00000	0.99994	0.00000	0.00000	0.00000	0.00006
538	1.00000	0.00000	0.00000	0.00000	0.00000	0.00000
539	0.00000	0.06953	0.00000	0.72278	0.00000	0.20769
540	0.00000	1.00000	0.00000	0.00000	0.00000	0.00000
541	0.99483	0.00000	0.00000	0.00002	0.00515	0.00000
542	0.99981	0.00000	0.00000	0.00000	0.00019	0.00000
543	1.00000	0.00000	0.00000	0.00000	0.00000	0.00000
544	0.00000	1.00000	0.00000	0.00000	0.00000	0.00000
545	0.00000	0.99999	0.00000	0.00000	0.00000	0.00001
546	0.00000	1.00000	0.00000	0.00000	0.00000	0.00000
547	0.00000	1.00000	0.00000	0.00000	0.00000	0.00000
548	0.00000	0.99996	0.00000	0.00000	0.00000	0.00004
549	0.97868	0.00000	0.00000	0.00006	0.02126	0.00000
550	0.00000	0.99999	0.00000	0.00000	0.00000	0.00001
551	0.00000	0.99998	0.00000	0.00000	0.00000	0.00002
552	0.99999	0.00000	0.00000	0.00000	0.00001	0.00000
553	0.00000	0.99996	0.00000	0.00000	0.00000	0.00004
554	0.00000	0.99988	0.00000	0.00000	0.00000	0.00012
555	0.00000	0.99998	0.00000	0.00000	0.00000	0.00002
556	0.00000	0.99999	0.00000	0.00000	0.00000	0.00001
557	0.00000	0.00000	0.92125	0.07714	0.00044	0.00117
558	0.00000	0.99998	0.00000	0.00000	0.00000	0.00002
559	0.00000	0.99999	0.00000	0.00000	0.00000	0.00001
560	0.99596	0.00000	0.00000	0.00000	0.00404	0.00000
561	0.99995	0.00000	0.00000	0.00000	0.00005	0.00000
562	1.00000	0.00000	0.00000	0.00000	0.00000	0.00000
563	1.00000	0.00000	0.00000	0.00000	0.00000	0.00000
564	0.00000	0.99994	0.00000	0.00000	0.00000	0.00006
565	0.00000	0.99955	0.00000	0.00000	0.00000	0.00045
566	0.99998	0.00000	0.00000	0.00000	0.00002	0.00000
567	0.00000	1.00000	0.00000	0.00000	0.00000	0.00000
568	0.18219	0.15185	0.16631	0.16649	0.17416	0.15900
569	0.99998	0.00000	0.00000	0.00000	0.00002	0.00000
570	0.00000	0.99196	0.00000	0.00002	0.00000	0.00802
571	0.00000	0.99998	0.00000	0.00000	0.00000	0.00002
572	0.00000	0.99999	0.00000	0.00000	0.00000	0.00001
573	0.00000	0.99999	0.00000	0.00000	0.00000	0.00001
574	0.00000	0.99250	0.00000	0.00000	0.00000	0.00750
575	0.00000	0.97202	0.00000	0.00001	0.00000	0.02797
576	0.00014	0.00000	0.00000	0.00050	0.99936	0.00000
577	0.00000	0.99999	0.00000	0.00000	0.00000	0.00001
578	1.00000	0.00000	0.00000	0.00000	0.00000	0.00000
579	0.00000	0.99999	0.00000	0.00000	0.00000	0.00001
580	0.00000	0.79665	0.00000	0.00004	0.00000	0.20331
581	0.00000	0.96211	0.00000	0.00133	0.00000	0.03656
582	0.00000	0.99992	0.00000	0.00000	0.00000	0.00008
583	0.00000	0.99928	0.00000	0.00000	0.00000	0.00072
584	0.00000	0.95657	0.00000	0.00183	0.00000	0.04160
585	0.00000	0.99980	0.00000	0.00000	0.00000	0.00020
586	0.00000	0.76479	0.00000	0.00000	0.00000	0.23521
587	0.00000	1.00000	0.00000	0.00000	0.00000	0.00000
588	0.00000	0.99998	0.00000	0.00000	0.00000	0.00002
589	0.00000	1.00000	0.00000	0.00000	0.00000	0.00000
590	0.00000	0.99999	0.00000	0.00000	0.00000	0.00001
591	0.00000	1.00000	0.00000	0.00000	0.00000	0.00000
592	0.00000	0.98507	0.00000	0.00021	0.00000	0.01472
593	0.00000	0.99322	0.00000	0.00005	0.00000	0.00673
594	0.00000	0.99996	0.00000	0.00000	0.00000	0.00004
595	0.00000	0.99995	0.00000	0.00000	0.00000	0.00005
596	0.00000	1.00000	0.00000	0.00000	0.00000	0.00000
597	0.00000	0.22913	0.00000	0.01325	0.00000	0.75762
598	0.00000	0.99998	0.00000	0.00000	0.00000	0.00002
599	0.00000	0.94875	0.00000	0.00252	0.00000	0.04873
600	0.00000	0.01473	0.00000	0.01025	0.00000	0.97502
601	0.00000	0.99993	0.00000	0.00000	0.00000	0.00007
602	0.00000	0.88250	0.00000	0.01253	0.00000	0.10497
603	0.99815	0.00000	0.00000	0.00000	0.00185	0.00000
604	0.99597	0.00000	0.00000	0.00001	0.00402	0.00000
605	0.00000	0.99995	0.00000	0.00000	0.00000	0.00005
606	0.00000	0.99963	0.00000	0.00000	0.00000	0.00037
607	0.00000	1.00000	0.00000	0.00000	0.00000	0.00000
608	0.00000	1.00000	0.00000	0.00000	0.00000	0.00000
609	0.00000	1.00000	0.00000	0.00000	0.00000	0.00000
610	0.00000	0.99950	0.00000	0.00000	0.00000	0.00050
611	0.99992	0.00000	0.00000	0.00000	0.00008	0.00000
612	0.00000	1.00000	0.00000	0.00000	0.00000	0.00000
613	0.00000	1.00000	0.00000	0.00000	0.00000	0.00000
614	0.00000	0.99998	0.00000	0.00000	0.00000	0.00002
615	0.00000	0.99066	0.00000	0.00008	0.00000	0.00926
616	0.00000	0.99998	0.00000	0.00000	0.00000	0.00002
617	0.00000	0.99994	0.00000	0.00000	0.00000	0.00006
618	0.00000	0.99999	0.00000	0.00000	0.00000	0.00001
619	0.00000	0.99999	0.00000	0.00000	0.00000	0.00001
620	0.00000	0.99957	0.00000	0.00000	0.00000	0.00043
621	0.00000	0.99994	0.00000	0.00000	0.00000	0.00006
622	0.00000	1.00000	0.00000	0.00000	0.00000	0.00000
623	0.00000	0.99766	0.00000	0.00001	0.00000	0.00234
624	0.00000	0.99999	0.00000	0.00000	0.00000	0.00001
625	0.00000	0.99977	0.00000	0.00000	0.00000	0.00023
626	0.00000	1.00000	0.00000	0.00000	0.00000	0.00000
627	0.00000	0.77858	0.00003	0.04164	0.00001	0.17974
628	0.00000	0.99996	0.00000	0.00000	0.00000	0.00004
629	0.00000	1.00000	0.00000	0.00000	0.00000	0.00000
630	0.00000	1.00000	0.00000	0.00000	0.00000	0.00000
631	0.00000	0.99999	0.00000	0.00000	0.00000	0.00001
632	0.00000	1.00000	0.00000	0.00000	0.00000	0.00000
633	0.99988	0.00000	0.00000	0.00000	0.00012	0.00000
634	0.00000	1.00000	0.00000	0.00000	0.00000	0.00000
635	0.00000	0.99997	0.00000	0.00000	0.00000	0.00003
636	0.00000	0.99858	0.00000	0.00000	0.00000	0.00142
637	0.00000	0.89179	0.00000	0.01072	0.00000	0.09750
638	0.00000	0.99987	0.00000	0.00000	0.00000	0.00013
639	0.00000	0.99946	0.00000	0.00000	0.00000	0.00054
640	0.00000	0.99962	0.00000	0.00000	0.00000	0.00038
641	0.00000	0.99997	0.00000	0.00000	0.00000	0.00003
642	0.00000	0.99999	0.00000	0.00000	0.00000	0.00001
643	0.00000	0.99983	0.00000	0.00000	0.00000	0.00017
644	0.00000	1.00000	0.00000	0.00000	0.00000	0.00000
645	0.00000	0.00000	0.00000	0.00012	0.00000	0.99988
646	0.00000	1.00000	0.00000	0.00000	0.00000	0.00000
647	0.00000	0.41633	0.00000	0.00004	0.00000	0.58363
648	0.00000	0.99999	0.00000	0.00000	0.00000	0.00001
649	0.00000	0.99998	0.00000	0.00000	0.00000	0.00002
650	0.00000	0.99599	0.00000	0.00001	0.00000	0.00401
651	1.00000	0.00000	0.00000	0.00000	0.00000	0.00000
652	0.00000	0.99997	0.00000	0.00000	0.00000	0.00003
653	0.00000	1.00000	0.00000	0.00000	0.00000	0.00000
654	0.26140	0.00000	0.00000	0.27281	0.46579	0.00000
655	0.00000	0.99771	0.00000	0.00000	0.00000	0.00229
656	0.00000	0.99998	0.00000	0.00000	0.00000	0.00002
657	0.00000	1.00000	0.00000	0.00000	0.00000	0.00000
658	0.00000	0.99999	0.00000	0.00000	0.00000	0.00001
659	0.00000	1.00000	0.00000	0.00000	0.00000	0.00000
660	0.97960	0.00000	0.00000	0.00040	0.01999	0.00000
661	0.00000	0.53418	0.00000	0.00368	0.00000	0.46214
662	0.00000	0.99338	0.00000	0.00000	0.00000	0.00662
663	0.00000	1.00000	0.00000	0.00000	0.00000	0.00000
664	0.00000	0.97967	0.00000	0.00044	0.00000	0.01989
665	0.99998	0.00000	0.00000	0.00000	0.00002	0.00000
666	0.00000	0.99853	0.00000	0.00000	0.00000	0.00147
667	1.00000	0.00000	0.00000	0.00000	0.00000	0.00000
668	1.00000	0.00000	0.00000	0.00000	0.00000	0.00000
669	0.99999	0.00000	0.00000	0.00000	0.00001	0.00000
670	1.00000	0.00000	0.00000	0.00000	0.00000	0.00000
671	0.99983	0.00000	0.00000	0.00000	0.00017	0.00000
672	0.00000	0.99994	0.00000	0.00000	0.00000	0.00006
673	0.00000	1.00000	0.00000	0.00000	0.00000	0.00000
674	0.00000	0.99972	0.00000	0.00000	0.00000	0.00028
675	0.00000	0.52444	0.00088	0.17341	0.00051	0.30075
676	0.00000	1.00000	0.00000	0.00000	0.00000	0.00000
677	0.00000	0.98885	0.00000	0.00005	0.00000	0.01110
678	0.00000	0.99999	0.00000	0.00000	0.00000	0.00001
679	0.95920	0.00000	0.00000	0.00000	0.04080	0.00000
680	0.00000	1.00000	0.00000	0.00000	0.00000	0.00000
681	0.00000	1.00000	0.00000	0.00000	0.00000	0.00000
682	0.00000	0.99999	0.00000	0.00000	0.00000	0.00001
683	0.00000	0.99995	0.00000	0.00000	0.00000	0.00005
684	0.00000	1.00000	0.00000	0.00000	0.00000	0.00000
685	0.00000	0.99986	0.00000	0.00000	0.00000	0.00014
686	0.00000	1.00000	0.00000	0.00000	0.00000	0.00000
687	0.00000	0.99996	0.00000	0.00000	0.00000	0.00004
688	0.00000	0.99997	0.00000	0.00000	0.00000	0.00003
689	0.00000	0.99999	0.00000	0.00000	0.00000	0.00001
690	0.00000	0.99999	0.00000	0.00000	0.00000	0.00001
691	0.00000	0.99999	0.00000	0.00000	0.00000	0.00001
692	0.00000	0.99999	0.00000	0.00000	0.00000	0.00001
693	0.00000	1.00000	0.00000	0.00000	0.00000	0.00000
694	0.00000	0.99994	0.00000	0.00000	0.00000	0.00006
695	0.00000	0.92129	0.00000	0.00582	0.00000	0.07289
696	0.00000	1.00000	0.00000	0.00000	0.00000	0.00000
697	0.00000	0.99989	0.00000	0.00000	0.00000	0.00011
698	0.00000	0.84339	0.00000	0.02891	0.00000	0.12770
699	0.00000	0.99967	0.00000	0.00000	0.00000	0.00033
700	0.00000	0.99999	0.00000	0.00000	0.00000	0.00001
701	0.00000	1.00000	0.00000	0.00000	0.00000	0.00000
702	0.99999	0.00000	0.00000	0.00000	0.00001	0.00000
703	0.99727	0.00000	0.00000	0.00000	0.00273	0.00000
704	0.99999	0.00000	0.00000	0.00000	0.00001	0.00000
705	0.98939	0.00000	0.00000	0.00011	0.01050	0.00000
706	0.00000	0.99996	0.00000	0.00000	0.00000	0.00004
707	0.00000	0.99882	0.00000	0.00000	0.00000	0.00118
708	0.99836	0.00000	0.00000	0.00000	0.00164	0.00000
709	0.00000	0.99998	0.00000	0.00000	0.00000	0.00002
710	0.00000	0.99994	0.00000	0.00000	0.00000	0.00006
711	0.00000	1.00000	0.00000	0.00000	0.00000	0.00000
712	0.00000	0.99994	0.00000	0.00000	0.00000	0.00006
713	0.00000	0.99873	0.00000	0.00000	0.00000	0.00127
714	0.00000	0.99971	0.00000	0.00000	0.00000	0.00029
715	0.99983	0.00000	0.00000	0.00000	0.00017	0.00000
716	0.00000	0.97148	0.00000	0.00080	0.00000	0.02773
717	0.00000	0.99969	0.00000	0.00000	0.00000	0.00031
718	0.00000	0.99900	0.00000	0.00000	0.00000	0.00100
719	1.00000	0.00000	0.00000	0.00000	0.00000	0.00000
720	0.00000	0.99992	0.00000	0.00000	0.00000	0.00008
721	0.00000	0.99994	0.00000	0.00000	0.00000	0.00006
722	0.00000	0.99994	0.00000	0.00000	0.00000	0.00006
723	0.00000	0.99994	0.00000	0.00000	0.00000	0.00006
724	0.00000	0.99985	0.00000	0.00000	0.00000	0.00015
725	0.00000	0.92482	0.00000	0.00531	0.00000	0.06986
726	0.00000	0.85506	0.00000	0.01875	0.00000	0.12619
727	0.00000	0.99999	0.00000	0.00000	0.00000	0.00001
728	0.00000	1.00000	0.00000	0.00000	0.00000	0.00000
729	0.00000	0.93156	0.00000	0.00287	0.00000	0.06557
730	0.00000	1.00000	0.00000	0.00000	0.00000	0.00000
731	0.00000	0.99999	0.00000	0.00000	0.00000	0.00001
732	0.00000	0.99890	0.00000	0.00000	0.00000	0.00110
733	0.99998	0.00000	0.00000	0.00000	0.00002	0.00000
734	0.00000	0.99993	0.00000	0.00000	0.00000	0.00007
735	0.00000	0.99995	0.00000	0.00000	0.00000	0.00005
736	0.00000	1.00000	0.00000	0.00000	0.00000	0.00000
737	0.00000	0.99460	0.00000	0.00003	0.00000	0.00537
738	0.00000	1.00000	0.00000	0.00000	0.00000	0.00000
739	0.99998	0.00000	0.00000	0.00000	0.00002	0.00000
740	0.00000	0.80478	0.00000	0.00672	0.00000	0.18850
741	0.00000	0.99993	0.00000	0.00000	0.00000	0.00007
742	1.00000	0.00000	0.00000	0.00000	0.00000	0.00000
743	0.00000	0.99983	0.00000	0.00000	0.00000	0.00017
744	0.00000	0.99999	0.00000	0.00000	0.00000	0.00001
745	0.00000	0.99997	0.00000	0.00000	0.00000	0.00003
746	0.99999	0.00000	0.00000	0.00000	0.00001	0.00000
747	0.00000	0.99999	0.00000	0.00000	0.00000	0.00001
748	0.00000	0.99999	0.00000	0.00000	0.00000	0.00001
749	0.00000	1.00000	0.00000	0.00000	0.00000	0.00000
750	0.00000	0.99997	0.00000	0.00000	0.00000	0.00003
751	0.00002	0.58917	0.00287	0.12993	0.00135	0.27665
752	0.00000	0.99999	0.00000	0.00000	0.00000	0.00001
753	0.00000	0.99997	0.00000	0.00000	0.00000	0.00003
754	0.00000	0.99998	0.00000	0.00000	0.00000	0.00002
755	0.00000	0.99995	0.00000	0.00000	0.00000	0.00005
756	0.00000	0.99994	0.00000	0.00000	0.00000	0.00006
757	0.00000	0.99999	0.00000	0.00000	0.00000	0.00001
758	0.00000	0.80997	0.00000	0.02847	0.00000	0.16156
759	0.00000	0.99693	0.00000	0.00001	0.00000	0.00306
760	0.99746	0.00000	0.00000	0.00000	0.00254	0.00000
761	0.99992	0.00000	0.00000	0.00000	0.00008	0.00000
762	0.00000	0.99107	0.00000	0.00000	0.00000	0.00893
763	0.00000	0.99998	0.00000	0.00000	0.00000	0.00002
764	0.00000	0.99997	0.00000	0.00000	0.00000	0.00003
765	0.00000	1.00000	0.00000	0.00000	0.00000	0.00000
766	0.00000	0.99814	0.00000	0.00000	0.00000	0.00186
767	0.00000	0.99992	0.00000	0.00000	0.00000	0.00008
768	0.00000	1.00000	0.00000	0.00000	0.00000	0.00000
769	0.00000	0.97688	0.00000	0.00000	0.00000	0.02312
770	0.00000	0.99886	0.00000	0.00000	0.00000	0.00114
771	0.00000	1.00000	0.00000	0.00000	0.00000	0.00000
772	0.00000	0.99978	0.00000	0.00000	0.00000	0.00022
773	0.00000	0.99994	0.00000	0.00000	0.00000	0.00006
774	0.00000	0.99931	0.00000	0.00000	0.00000	0.00069
775	0.00000	0.99996	0.00000	0.00000	0.00000	0.00004
776	0.00000	0.99996	0.00000	0.00000	0.00000	0.00004
777	0.00000	1.00000	0.00000	0.00000	0.00000	0.00000
