778201_sweeps	IndivName	1.000/0.000/0.000/0.000	0.000/0.000/0.000/1.000	0.000/0.500/0.500/0.000	0.250/0.250/0.250/0.250	0.500/0.250/0.250/0.000	0.000/0.250/0.250/0.500
1	NoName	0.00000	1.00000	0.00000	0.00000	0.00000	0.00000
2	NoName	0.00000	1.00000	0.00000	0.00000	0.00000	0.00000
3	NoName	0.00000	1.00000	0.00000	0.00000	0.00000	0.00000
4	NoName	0.00000	0.99977	0.00000	0.00001	0.00000	0.00023
5	NoName	0.00000	1.00000	0.00000	0.00000	0.00000	0.00000
6	NoName	0.00000	1.00000	0.00000	0.00000	0.00000	0.00000
7	NoName	0.00000	0.99995	0.00000	0.00000	0.00000	0.00005
8	NoName	0.00000	1.00000	0.00000	0.00000	0.00000	0.00000
9	NoName	0.00000	1.00000	0.00000	0.00000	0.00000	0.00000
10	NoName	0.00023	0.00000	0.00000	0.00016	0.99961	0.00000
11	NoName	1.00000	0.00000	0.00000	0.00000	0.00000	0.00000
12	NoName	0.00000	0.99993	0.00000	0.00000	0.00000	0.00007
13	NoName	0.00000	1.00000	0.00000	0.00000	0.00000	0.00000
14	NoName	0.00000	1.00000	0.00000	0.00000	0.00000	0.00000
15	NoName	0.00000	1.00000	0.00000	0.00000	0.00000	0.00000
16	NoName	0.00000	0.99998	0.00000	0.00000	0.00000	0.00002
17	NoName	1.00000	0.00000	0.00000	0.00000	0.00000	0.00000
18	NoName	0.99950	0.00000	0.00000	0.00001	0.00049	0.00000
19	NoName	0.00000	0.99990	0.00000	0.00000	0.00000	0.00010
20	NoName	1.00000	0.00000	0.00000	0.00000	0.00000	0.00000
21	NoName	0.02788	0.01512	0.00015	0.92927	0.01829	0.00928
22	NoName	0.00000	1.00000	0.00000	0.00000	0.00000	0.00000
23	NoName	0.99986	0.00000	0.00000	0.00000	0.00014	0.00000
24	NoName	1.00000	0.00000	0.00000	0.00000	0.00000	0.00000
25	NoName	1.00000	0.00000	0.00000	0.00000	0.00000	0.00000
26	NoName	0.00000	1.00000	0.00000	0.00000	0.00000	0.00000
27	NoName	0.00000	1.00000	0.00000	0.00000	0.00000	0.00000
28	NoName	0.00000	1.00000	0.00000	0.00000	0.00000	0.00000
29	NoName	0.00000	1.00000	0.00000	0.00000	0.00000	0.00000
30	NoName	0.99999	0.00000	0.00000	0.00000	0.00001	0.00000
31	NoName	1.00000	0.00000	0.00000	0.00000	0.00000	0.00000
32	NoName	0.00000	0.99994	0.00000	0.00000	0.00000	0.00006
33	NoName	0.99993	0.00000	0.00000	0.00000	0.00007	0.00000
34	NoName	0.07875	0.00010	0.00005	0.88797	0.03192	0.00120
35	NoName	0.00000	0.99993	0.00000	0.00000	0.00000	0.00007
36	NoName	0.00000	1.00000	0.00000	0.00000	0.00000	0.00000
37	NoName	1.00000	0.00000	0.00000	0.00000	0.00000	0.00000
38	NoName	1.00000	0.00000	0.00000	0.00000	0.00000	0.00000
39	NoName	0.00000	1.00000	0.00000	0.00000	0.00000	0.00000
40	NoName	0.00000	1.00000	0.00000	0.00000	0.00000	0.00000
41	NoName	0.00000	1.00000	0.00000	0.00000	0.00000	0.00000
42	NoName	0.00000	1.00000	0.00000	0.00000	0.00000	0.00000
43	NoName	0.95267	0.00000	0.00000	0.00000	0.04733	0.00000
44	NoName	0.00000	1.00000	0.00000	0.00000	0.00000	0.00000
45	NoName	1.00000	0.00000	0.00000	0.00000	0.00000	0.00000
46	NoName	0.00000	1.00000	0.00000	0.00000	0.00000	0.00000
47	NoName	0.00000	0.99997	0.00000	0.00000	0.00000	0.00003
48	NoName	1.00000	0.00000	0.00000	0.00000	0.00000	0.00000
49	NoName	0.99999	0.00000	0.00000	0.00000	0.00001	0.00000
50	NoName	0.00000	0.99992	0.00000	0.00000	0.00000	0.00008
51	NoName	0.00000	1.00000	0.00000	0.00000	0.00000	0.00000
52	NoName	0.00000	1.00000	0.00000	0.00000	0.00000	0.00000
53	NoName	0.99338	0.00000	0.00000	0.00002	0.00660	0.00000
54	NoName	0.00000	1.00000	0.00000	0.00000	0.00000	0.00000
55	NoName	0.00000	1.00000	0.00000	0.00000	0.00000	0.00000
56	NoName	0.49684	0.00000	0.00000	0.46138	0.04178	0.00000
57	NoName	0.00000	1.00000	0.00000	0.00000	0.00000	0.00000
58	NoName	0.00000	1.00000	0.00000	0.00000	0.00000	0.00000
59	NoName	0.00000	1.00000	0.00000	0.00000	0.00000	0.00000
60	NoName	0.00000	0.99998	0.00000	0.00000	0.00000	0.00002
61	NoName	0.00000	1.00000	0.00000	0.00000	0.00000	0.00000
62	NoName	0.00000	1.00000	0.00000	0.00000	0.00000	0.00000
63	NoName	0.00000	1.00000	0.00000	0.00000	0.00000	0.00000
64	NoName	0.00000	1.00000	0.00000	0.00000	0.00000	0.00000
65	NoName	0.00000	1.00000	0.00000	0.00000	0.00000	0.00000
66	NoName	0.99998	0.00000	0.00000	0.00000	0.00002	0.00000
67	NoName	0.00000	1.00000	0.00000	0.00000	0.00000	0.00000
68	NoName	0.00000	1.00000	0.00000	0.00000	0.00000	0.00000
69	NoName	0.00000	0.98293	0.00002	0.00402	0.00000	0.01302
70	NoName	0.00000	1.00000	0.00000	0.00000	0.00000	0.00000
71	NoName	0.00000	0.99996	0.00000	0.00000	0.00000	0.00004
72	NoName	0.00000	1.00000	0.00000	0.00000	0.00000	0.00000
73	NoName	0.00000	1.00000	0.00000	0.00000	0.00000	0.00000
74	NoName	0.00000	1.00000	0.00000	0.00000	0.00000	0.00000
75	NoName	0.00000	1.00000	0.00000	0.00000	0.00000	0.00000
76	NoName	0.00000	1.00000	0.00000	0.00000	0.00000	0.00000
77	NoName	1.00000	0.00000	0.00000	0.00000	0.00000	0.00000
78	NoName	1.00000	0.00000	0.00000	0.00000	0.00000	0.00000
79	NoName	0.99998	0.00000	0.00000	0.00000	0.00002	0.00000
80	NoName	0.00000	0.00000	0.00000	0.99982	0.00000	0.00018
81	NoName	0.00000	0.99947	0.00000	0.00000	0.00000	0.00053
82	NoName	0.06685	0.91556	0.00266	0.00596	0.00227	0.00669
83	NoName	1.00000	0.00000	0.00000	0.00000	0.00000	0.00000
84	NoName	0.00000	0.99979	0.00000	0.00000	0.00000	0.00021
85	NoName	1.00000	0.00000	0.00000	0.00000	0.00000	0.00000
86	NoName	1.00000	0.00000	0.00000	0.00000	0.00000	0.00000
87	NoName	0.00000	1.00000	0.00000	0.00000	0.00000	0.00000
88	NoName	1.00000	0.00000	0.00000	0.00000	0.00000	0.00000
89	NoName	0.00000	0.99997	0.00000	0.00000	0.00000	0.00003
90	NoName	0.00000	1.00000	0.00000	0.00000	0.00000	0.00000
91	NoName	0.99691	0.00000	0.00000	0.00052	0.00257	0.00000
92	NoName	0.00000	0.00000	0.00011	0.01111	0.00000	0.98878
93	NoName	0.00000	1.00000	0.00000	0.00000	0.00000	0.00000
94	NoName	0.99924	0.00000	0.00000	0.00002	0.00073	0.00000
95	NoName	0.00000	1.00000	0.00000	0.00000	0.00000	0.00000
96	NoName	0.00000	1.00000	0.00000	0.00000	0.00000	0.00000
97	NoName	1.00000	0.00000	0.00000	0.00000	0.00000	0.00000
98	NoName	0.00000	1.00000	0.00000	0.00000	0.00000	0.00000
99	NoName	0.00000	0.99690	0.00001	0.00070	0.00000	0.00239
100	NoName	0.00000	1.00000	0.00000	0.00000	0.00000	0.00000
101	NoName	0.00000	0.99997	0.00000	0.00000	0.00000	0.00003
102	NoName	0.00000	1.00000	0.00000	0.00000	0.00000	0.00000
103	NoName	0.00000	1.00000	0.00000	0.00000	0.00000	0.00000
104	NoName	0.00000	1.00000	0.00000	0.00000	0.00000	0.00000
105	NoName	0.00000	0.99674	0.00000	0.00023	0.00000	0.00303
106	NoName	0.00000	1.00000	0.00000	0.00000	0.00000	0.00000
107	NoName	0.00000	1.00000	0.00000	0.00000	0.00000	0.00000
108	NoName	1.00000	0.00000	0.00000	0.00000	0.00000	0.00000
109	NoName	0.00000	1.00000	0.00000	0.00000	0.00000	0.00000
110	NoName	0.00000	1.00000	0.00000	0.00000	0.00000	0.00000
111	NoName	0.00000	0.99999	0.00000	0.00000	0.00000	0.00001
112	NoName	1.00000	0.00000	0.00000	0.00000	0.00000	0.00000
113	NoName	0.99997	0.00000	0.00000	0.00000	0.00003	0.00000
114	NoName	0.00000	1.00000	0.00000	0.00000	0.00000	0.00000
115	NoName	0.00000	1.00000	0.00000	0.00000	0.00000	0.00000
116	NoName	0.01258	0.00000	0.00000	0.00043	0.98699	0.00000
117	NoName	0.00000	1.00000	0.00000	0.00000	0.00000	0.00000
118	NoName	0.99886	0.00000	0.00000	0.00000	0.00114	0.00000
119	NoName	1.00000	0.00000	0.00000	0.00000	0.00000	0.00000
120	NoName	0.00000	1.00000	0.00000	0.00000	0.00000	0.00000
121	NoName	0.00000	1.00000	0.00000	0.00000	0.00000	0.00000
122	NoName	0.00000	1.00000	0.00000	0.00000	0.00000	0.00000
123	NoName	0.04352	0.94153	0.00217	0.00493	0.00167	0.00617
124	NoName	0.00000	1.00000	0.00000	0.00000	0.00000	0.00000
125	NoName	0.00000	1.00000	0.00000	0.00000	0.00000	0.00000
126	NoName	0.00000	1.00000	0.00000	0.00000	0.00000	0.00000
127	NoName	0.00000	1.00000	0.00000	0.00000	0.00000	0.00000
128	NoName	0.00000	1.00000	0.00000	0.00000	0.00000	0.00000
129	NoName	0.00000	1.00000	0.00000	0.00000	0.00000	0.00000
130	NoName	0.00000	1.00000	0.00000	0.00000	0.00000	0.00000
131	NoName	0.99942	0.00000	0.00000	0.00000	0.00058	0.00000
132	NoName	0.00000	1.00000	0.00000	0.00000	0.00000	0.00000
133	NoName	0.00000	1.00000	0.00000	0.00000	0.00000	0.00000
134	NoName	0.00000	1.00000	0.00000	0.00000	0.00000	0.00000
135	NoName	0.00000	1.00000	0.00000	0.00000	0.00000	0.00000
136	NoName	0.00000	1.00000	0.00000	0.00000	0.00000	0.00000
137	NoName	0.00000	1.00000	0.00000	0.00000	0.00000	0.00000
138	NoName	0.99955	0.00000	0.00000	0.00001	0.00044	0.00000
139	NoName	0.99942	0.00000	0.00000	0.00000	0.00058	0.00000
140	NoName	0.99999	0.00000	0.00000	0.00000	0.00001	0.00000
141	NoName	0.99985	0.00000	0.00000	0.00000	0.00015	0.00000
142	NoName	1.00000	0.00000	0.00000	0.00000	0.00000	0.00000
143	NoName	0.00000	1.00000	0.00000	0.00000	0.00000	0.00000
144	NoName	1.00000	0.00000	0.00000	0.00000	0.00000	0.00000
145	NoName	0.99991	0.00000	0.00000	0.00000	0.00009	0.00000
146	NoName	0.99999	0.00000	0.00000	0.00000	0.00001	0.00000
147	NoName	1.00000	0.00000	0.00000	0.00000	0.00000	0.00000
148	NoName	1.00000	0.00000	0.00000	0.00000	0.00000	0.00000
149	NoName	0.99996	0.00000	0.00000	0.00000	0.00004	0.00000
150	NoName	1.00000	0.00000	0.00000	0.00000	0.00000	0.00000
151	NoName	0.00000	0.99993	0.00000	0.00000	0.00000	0.00007
152	NoName	0.00003	0.98624	0.00005	0.00643	0.00004	0.00721
153	NoName	0.00000	1.00000	0.00000	0.00000	0.00000	0.00000
154	NoName	0.00000	1.00000	0.00000	0.00000	0.00000	0.00000
155	NoName	0.00000	0.99997	0.00000	0.00000	0.00000	0.00003
156	NoName	0.00000	1.00000	0.00000	0.00000	0.00000	0.00000
157	NoName	0.00000	1.00000	0.00000	0.00000	0.00000	0.00000
158	NoName	0.00000	1.00000	0.00000	0.00000	0.00000	0.00000
159	NoName	0.00000	1.00000	0.00000	0.00000	0.00000	0.00000
160	NoName	0.00000	1.00000	0.00000	0.00000	0.00000	0.00000
161	NoName	0.00000	1.00000	0.00000	0.00000	0.00000	0.00000
162	NoName	1.00000	0.00000	0.00000	0.00000	0.00000	0.00000
163	NoName	0.00000	1.00000	0.00000	0.00000	0.00000	0.00000
164	NoName	0.00000	1.00000	0.00000	0.00000	0.00000	0.00000
165	NoName	0.00000	0.99991	0.00000	0.00000	0.00000	0.00009
166	NoName	1.00000	0.00000	0.00000	0.00000	0.00000	0.00000
167	NoName	1.00000	0.00000	0.00000	0.00000	0.00000	0.00000
168	NoName	1.00000	0.00000	0.00000	0.00000	0.00000	0.00000
169	NoName	0.00000	1.00000	0.00000	0.00000	0.00000	0.00000
170	NoName	0.00000	1.00000	0.00000	0.00000	0.00000	0.00000
171	NoName	0.00000	1.00000	0.00000	0.00000	0.00000	0.00000
172	NoName	0.00000	0.99998	0.00000	0.00000	0.00000	0.00002
173	NoName	0.99998	0.00000	0.00000	0.00000	0.00002	0.00000
174	NoName	0.00000	1.00000	0.00000	0.00000	0.00000	0.00000
175	NoName	0.00000	1.00000	0.00000	0.00000	0.00000	0.00000
176	NoName	0.00000	1.00000	0.00000	0.00000	0.00000	0.00000
177	NoName	0.00000	1.00000	0.00000	0.00000	0.00000	0.00000
178	NoName	1.00000	0.00000	0.00000	0.00000	0.00000	0.00000
179	NoName	1.00000	0.00000	0.00000	0.00000	0.00000	0.00000
180	NoName	0.00000	0.99999	0.00000	0.00000	0.00000	0.00001
181	NoName	0.00000	1.00000	0.00000	0.00000	0.00000	0.00000
182	NoName	0.99996	0.00000	0.00000	0.00000	0.00004	0.00000
183	NoName	0.00000	0.99999	0.00000	0.00000	0.00000	0.00001
184	NoName	0.00000	0.99794	0.00000	0.00000	0.00000	0.00206
185	NoName	0.00000	1.00000	0.00000	0.00000	0.00000	0.00000
186	NoName	1.00000	0.00000	0.00000	0.00000	0.00000	0.00000
187	NoName	0.00000	0.99996	0.00000	0.00000	0.00000	0.00004
188	NoName	0.00000	1.00000	0.00000	0.00000	0.00000	0.00000
189	NoName	0.00000	1.00000	0.00000	0.00000	0.00000	0.00000
190	NoName	0.00000	1.00000	0.00000	0.00000	0.00000	0.00000
191	NoName	1.00000	0.00000	0.00000	0.00000	0.00000	0.00000
192	NoName	1.00000	0.00000	0.00000	0.00000	0.00000	0.00000
193	NoName	0.99848	0.00000	0.00000	0.00000	0.00152	0.00000
194	NoName	0.00000	1.00000	0.00000	0.00000	0.00000	0.00000
195	NoName	0.00000	1.00000	0.00000	0.00000	0.00000	0.00000
196	NoName	0.00000	1.00000	0.00000	0.00000	0.00000	0.00000
197	NoName	0.00000	1.00000	0.00000	0.00000	0.00000	0.00000
198	NoName	0.00000	1.00000	0.00000	0.00000	0.00000	0.00000
199	NoName	0.00000	1.00000	0.00000	0.00000	0.00000	0.00000
200	NoName	0.00000	0.00000	0.99960	0.00016	0.00000	0.00024
201	NoName	0.00000	1.00000	0.00000	0.00000	0.00000	0.00000
202	NoName	0.00000	1.00000	0.00000	0.00000	0.00000	0.00000
203	NoName	0.00000	0.99992	0.00000	0.00000	0.00000	0.00008
204	NoName	0.00000	1.00000	0.00000	0.00000	0.00000	0.00000
205	NoName	0.00000	1.00000	0.00000	0.00000	0.00000	0.00000
206	NoName	0.00000	1.00000	0.00000	0.00000	0.00000	0.00000
207	NoName	0.00000	1.00000	0.00000	0.00000	0.00000	0.00000
208	NoName	0.00000	1.00000	0.00000	0.00000	0.00000	0.00000
209	NoName	0.00000	1.00000	0.00000	0.00000	0.00000	0.00000
210	NoName	0.00000	1.00000	0.00000	0.00000	0.00000	0.00000
211	NoName	0.00000	0.98269	0.00000	0.00000	0.00000	0.01731
212	NoName	0.00000	1.00000	0.00000	0.00000	0.00000	0.00000
213	NoName	0.99995	0.00000	0.00000	0.00000	0.00005	0.00000
214	NoName	0.99983	0.00000	0.00000	0.00000	0.00017	0.00000
215	NoName	0.00000	0.99995	0.00000	0.00000	0.00000	0.00005
216	NoName	0.00000	1.00000	0.00000	0.00000	0.00000	0.00000
217	NoName	0.00000	1.00000	0.00000	0.00000	0.00000	0.00000
218	NoName	0.00000	1.00000	0.00000	0.00000	0.00000	0.00000
219	NoName	0.00000	1.00000	0.00000	0.00000	0.00000	0.00000
220	NoName	0.00000	0.99871	0.00000	0.00016	0.00000	0.00113
221	NoName	0.00000	1.00000	0.00000	0.00000	0.00000	0.00000
222	NoName	0.00000	1.00000	0.00000	0.00000	0.00000	0.00000
223	NoName	0.00000	0.99998	0.00000	0.00000	0.00000	0.00002
224	NoName	0.00000	1.00000	0.00000	0.00000	0.00000	0.00000
225	NoName	0.00000	0.99999	0.00000	0.00000	0.00000	0.00001
226	NoName	1.00000	0.00000	0.00000	0.00000	0.00000	0.00000
227	NoName	0.00000	1.00000	0.00000	0.00000	0.00000	0.00000
228	NoName	0.00000	0.99989	0.00000	0.00000	0.00000	0.00010
229	NoName	0.99301	0.00000	0.00000	0.00153	0.00545	0.00000
230	NoName	0.00000	1.00000	0.00000	0.00000	0.00000	0.00000
231	NoName	0.00000	1.00000	0.00000	0.00000	0.00000	0.00000
232	NoName	0.00000	0.99998	0.00000	0.00000	0.00000	0.00002
233	NoName	1.00000	0.00000	0.00000	0.00000	0.00000	0.00000
234	NoName	0.00000	0.99996	0.00000	0.00000	0.00000	0.00004
235	NoName	0.00000	1.00000	0.00000	0.00000	0.00000	0.00000
236	NoName	0.00000	1.00000	0.00000	0.00000	0.00000	0.00000
237	NoName	0.00000	1.00000	0.00000	0.00000	0.00000	0.00000
238	NoName	0.00000	1.00000	0.00000	0.00000	0.00000	0.00000
239	NoName	1.00000	0.00000	0.00000	0.00000	0.00000	0.00000
240	NoName	1.00000	0.00000	0.00000	0.00000	0.00000	0.00000
241	NoName	1.00000	0.00000	0.00000	0.00000	0.00000	0.00000
242	NoName	1.00000	0.00000	0.00000	0.00000	0.00000	0.00000
243	NoName	0.00000	1.00000	0.00000	0.00000	0.00000	0.00000
244	NoName	1.00000	0.00000	0.00000	0.00000	0.00000	0.00000
245	NoName	1.00000	0.00000	0.00000	0.00000	0.00000	0.00000
246	NoName	0.00000	1.00000	0.00000	0.00000	0.00000	0.00000
247	NoName	0.00000	1.00000	0.00000	0.00000	0.00000	0.00000
248	NoName	0.00000	1.00000	0.00000	0.00000	0.00000	0.00000
249	NoName	0.00000	1.00000	0.00000	0.00000	0.00000	0.00000
250	NoName	0.00000	1.00000	0.00000	0.00000	0.00000	0.00000
251	NoName	0.00000	1.00000	0.00000	0.00000	0.00000	0.00000
252	NoName	0.00000	1.00000	0.00000	0.00000	0.00000	0.00000
253	NoName	0.00000	1.00000	0.00000	0.00000	0.00000	0.00000
254	NoName	0.00000	1.00000	0.00000	0.00000	0.00000	0.00000
255	NoName	0.00000	1.00000	0.00000	0.00000	0.00000	0.00000
256	NoName	0.00000	0.99997	0.00000	0.00000	0.00000	0.00003
257	NoName	0.00000	1.00000	0.00000	0.00000	0.00000	0.00000
258	NoName	0.00000	1.00000	0.00000	0.00000	0.00000	0.00000
259	NoName	0.00000	1.00000	0.00000	0.00000	0.00000	0.00000
260	NoName	0.00000	0.99883	0.00000	0.00002	0.00000	0.00115
261	NoName	0.00000	1.00000	0.00000	0.00000	0.00000	0.00000
262	NoName	0.00000	1.00000	0.00000	0.00000	0.00000	0.00000
263	NoName	0.00000	1.00000	0.00000	0.00000	0.00000	0.00000
264	NoName	0.00000	1.00000	0.00000	0.00000	0.00000	0.00000
265	NoName	0.00000	0.00000	0.00000	0.99984	0.00014	0.00001
266	NoName	0.00000	1.00000	0.00000	0.00000	0.00000	0.00000
267	NoName	0.00000	1.00000	0.00000	0.00000	0.00000	0.00000
268	NoName	0.00000	1.00000	0.00000	0.00000	0.00000	0.00000
269	NoName	0.00000	1.00000	0.00000	0.00000	0.00000	0.00000
270	NoName	0.00000	1.00000	0.00000	0.00000	0.00000	0.00000
271	NoName	0.00000	1.00000	0.00000	0.00000	0.00000	0.00000
272	NoName	0.00000	1.00000	0.00000	0.00000	0.00000	0.00000
273	NoName	0.00000	0.99999	0.00000	0.00000	0.00000	0.00001
274	NoName	0.00000	1.00000	0.00000	0.00000	0.00000	0.00000
275	NoName	0.00000	1.00000	0.00000	0.00000	0.00000	0.00000
276	NoName	0.00000	1.00000	0.00000	0.00000	0.00000	0.00000
277	NoName	0.00000	1.00000	0.00000	0.00000	0.00000	0.00000
278	NoName	0.00000	1.00000	0.00000	0.00000	0.00000	0.00000
279	NoName	0.00000	1.00000	0.00000	0.00000	0.00000	0.00000
280	NoName	0.00000	1.00000	0.00000	0.00000	0.00000	0.00000
281	NoName	0.00000	1.00000	0.00000	0.00000	0.00000	0.00000
282	NoName	0.00000	1.00000	0.00000	0.00000	0.00000	0.00000
283	NoName	1.00000	0.00000	0.00000	0.00000	0.00000	0.00000
284	NoName	0.00000	1.00000	0.00000	0.00000	0.00000	0.00000
285	NoName	0.00000	1.00000	0.00000	0.00000	0.00000	0.00000
286	NoName	0.00000	1.00000	0.00000	0.00000	0.00000	0.00000
287	NoName	0.00000	1.00000	0.00000	0.00000	0.00000	0.00000
288	NoName	0.00000	1.00000	0.00000	0.00000	0.00000	0.00000
289	NoName	0.00000	1.00000	0.00000	0.00000	0.00000	0.00000
290	NoName	0.00000	1.00000	0.00000	0.00000	0.00000	0.00000
291	NoName	0.00000	1.00000	0.00000	0.00000	0.00000	0.00000
292	NoName	0.00000	0.99975	0.00000	0.00000	0.00000	0.00025
293	NoName	0.00000	1.00000	0.00000	0.00000	0.00000	0.00000
294	NoName	0.00000	1.00000	0.00000	0.00000	0.00000	0.00000
295	NoName	0.00000	1.00000	0.00000	0.00000	0.00000	0.00000
296	NoName	1.00000	0.00000	0.00000	0.00000	0.00000	0.00000
297	NoName	0.21533	0.75907	0.00436	0.00884	0.00497	0.00743
298	NoName	0.00000	1.00000	0.00000	0.00000	0.00000	0.00000
299	NoName	0.00000	0.99745	0.00000	0.00045	0.00000	0.00210
300	NoName	1.00000	0.00000	0.00000	0.00000	0.00000	0.00000
301	NoName	0.00000	1.00000	0.00000	0.00000	0.00000	0.00000
302	NoName	0.00000	1.00000	0.00000	0.00000	0.00000	0.00000
303	NoName	0.00000	1.00000	0.00000	0.00000	0.00000	0.00000
304	NoName	0.00000	1.00000	0.00000	0.00000	0.00000	0.00000
305	NoName	0.00000	0.99999	0.00000	0.00000	0.00000	0.00001
306	NoName	0.00000	1.00000	0.00000	0.00000	0.00000	0.00000
307	NoName	0.00000	1.00000	0.00000	0.00000	0.00000	0.00000
308	NoName	0.00000	1.00000	0.00000	0.00000	0.00000	0.00000
309	NoName	0.00000	1.00000	0.00000	0.00000	0.00000	0.00000
310	NoName	0.00000	1.00000	0.00000	0.00000	0.00000	0.00000
311	NoName	0.00000	1.00000	0.00000	0.00000	0.00000	0.00000
312	NoName	0.00000	0.99702	0.00001	0.00066	0.00000	0.00232
313	NoName	0.00000	1.00000	0.00000	0.00000	0.00000	0.00000
314	NoName	0.00000	1.00000	0.00000	0.00000	0.00000	0.00000
315	NoName	0.00000	1.00000	0.00000	0.00000	0.00000	0.00000
316	NoName	0.00000	1.00000	0.00000	0.00000	0.00000	0.00000
317	NoName	0.00000	1.00000	0.00000	0.00000	0.00000	0.00000
318	NoName	0.00000	1.00000	0.00000	0.00000	0.00000	0.00000
319	NoName	0.00000	1.00000	0.00000	0.00000	0.00000	0.00000
320	NoName	0.00000	0.99999	0.00000	0.00000	0.00000	0.00001
321	NoName	0.00000	1.00000	0.00000	0.00000	0.00000	0.00000
322	NoName	0.00000	0.99999	0.00000	0.00000	0.00000	0.00001
323	NoName	0.00000	1.00000	0.00000	0.00000	0.00000	0.00000
324	NoName	0.00000	1.00000	0.00000	0.00000	0.00000	0.00000
325	NoName	0.00000	1.00000	0.00000	0.00000	0.00000	0.00000
326	NoName	0.00000	0.69818	0.00000	0.00001	0.00000	0.30182
327	NoName	0.00000	0.99998	0.00000	0.00000	0.00000	0.00002
328	NoName	0.00000	1.00000	0.00000	0.00000	0.00000	0.00000
329	NoName	0.00000	1.00000	0.00000	0.00000	0.00000	0.00000
330	NoName	0.00000	1.00000	0.00000	0.00000	0.00000	0.00000
331	NoName	0.00000	0.99691	0.00000	0.00070	0.00000	0.00239
332	NoName	0.00000	1.00000	0.00000	0.00000	0.00000	0.00000
333	NoName	0.00000	1.00000	0.00000	0.00000	0.00000	0.00000
334	NoName	0.00000	1.00000	0.00000	0.00000	0.00000	0.00000
335	NoName	0.00000	0.99990	0.00000	0.00000	0.00000	0.00010
336	NoName	0.00000	1.00000	0.00000	0.00000	0.00000	0.00000
337	NoName	0.00000	0.99763	0.00000	0.00045	0.00000	0.00191
338	NoName	0.00000	1.00000	0.00000	0.00000	0.00000	0.00000
339	NoName	0.00000	1.00000	0.00000	0.00000	0.00000	0.00000
340	NoName	0.00000	1.00000	0.00000	0.00000	0.00000	0.00000
341	NoName	0.00000	0.00000	0.99456	0.00130	0.00000	0.00413
342	NoName	0.00000	1.00000	0.00000	0.00000	0.00000	0.00000
343	NoName	0.00000	1.00000	0.00000	0.00000	0.00000	0.00000
344	NoName	0.00000	0.00000	0.00000	0.00144	0.00000	0.99856
345	NoName	0.00000	1.00000	0.00000	0.00000	0.00000	0.00000
346	NoName	0.00000	1.00000	0.00000	0.00000	0.00000	0.00000
347	NoName	0.00000	0.99893	0.00000	0.00010	0.00000	0.00096
348	NoName	0.00000	0.00000	0.00000	0.23654	0.00000	0.76345
349	NoName	0.00000	1.00000	0.00000	0.00000	0.00000	0.00000
350	NoName	0.00000	0.99992	0.00000	0.00000	0.00000	0.00008
351	NoName	0.00000	1.00000	0.00000	0.00000	0.00000	0.00000
352	NoName	0.00000	0.99999	0.00000	0.00000	0.00000	0.00001
353	NoName	0.00000	1.00000	0.00000	0.00000	0.00000	0.00000
354	NoName	0.00000	1.00000	0.00000	0.00000	0.00000	0.00000
355	NoName	0.00000	0.99815	0.00000	0.00029	0.00000	0.00155
356	NoName	1.00000	0.00000	0.00000	0.00000	0.00000	0.00000
357	NoName	0.00000	1.00000	0.00000	0.00000	0.00000	0.00000
358	NoName	0.00000	1.00000	0.00000	0.00000	0.00000	0.00000
359	NoName	0.94295	0.03022	0.00181	0.01149	0.01185	0.00168
360	NoName	0.00000	1.00000	0.00000	0.00000	0.00000	0.00000
361	NoName	0.00000	1.00000	0.00000	0.00000	0.00000	0.00000
362	NoName	1.00000	0.00000	0.00000	0.00000	0.00000	0.00000
363	NoName	1.00000	0.00000	0.00000	0.00000	0.00000	0.00000
364	NoName	0.00000	1.00000	0.00000	0.00000	0.00000	0.00000
365	NoName	0.00000	1.00000	0.00000	0.00000	0.00000	0.00000
366	NoName	0.00000	0.99998	0.00000	0.00000	0.00000	0.00002
367	NoName	0.00000	1.00000	0.00000	0.00000	0.00000	0.00000
368	NoName	0.00000	1.00000	0.00000	0.00000	0.00000	0.00000
369	NoName	1.00000	0.00000	0.00000	0.00000	0.00000	0.00000
370	NoName	0.00000	1.00000	0.00000	0.00000	0.00000	0.00000
371	NoName	0.00000	1.00000	0.00000	0.00000	0.00000	0.00000
372	NoName	0.00000	1.00000	0.00000	0.00000	0.00000	0.00000
373	NoName	0.00000	1.00000	0.00000	0.00000	0.00000	0.00000
374	NoName	0.00000	0.99945	0.00000	0.00002	0.00000	0.00053
375	NoName	1.00000	0.00000	0.00000	0.00000	0.00000	0.00000
376	NoName	0.00000	0.99999	0.00000	0.00000	0.00000	0.00001
377	NoName	0.00000	0.99668	0.00001	0.00078	0.00000	0.00253
378	NoName	1.00000	0.00000	0.00000	0.00000	0.00000	0.00000
379	NoName	0.99954	0.00000	0.00000	0.00001	0.00045	0.00000
380	NoName	0.00000	1.00000	0.00000	0.00000	0.00000	0.00000
381	NoName	0.00000	1.00000	0.00000	0.00000	0.00000	0.00000
382	NoName	0.00000	1.00000	0.00000	0.00000	0.00000	0.00000
383	NoName	0.99979	0.00000	0.00000	0.00000	0.00021	0.00000
384	NoName	0.00000	1.00000	0.00000	0.00000	0.00000	0.00000
385	NoName	0.00000	1.00000	0.00000	0.00000	0.00000	0.00000
386	NoName	0.00000	1.00000	0.00000	0.00000	0.00000	0.00000
387	NoName	0.00000	1.00000	0.00000	0.00000	0.00000	0.00000
388	NoName	0.99990	0.00000	0.00000	0.00000	0.00010	0.00000
389	NoName	0.00000	1.00000	0.00000	0.00000	0.00000	0.00000
390	NoName	0.00000	1.00000	0.00000	0.00000	0.00000	0.00000
391	NoName	0.00000	1.00000	0.00000	0.00000	0.00000	0.00000
392	NoName	0.00000	0.99995	0.00000	0.00000	0.00000	0.00005
393	NoName	0.00000	0.95161	0.00000	0.03635	0.00000	0.01205
394	NoName	0.00000	0.99999	0.00000	0.00000	0.00000	0.00001
395	NoName	0.00000	1.00000	0.00000	0.00000	0.00000	0.00000
396	NoName	0.00000	1.00000	0.00000	0.00000	0.00000	0.00000
397	NoName	0.00000	1.00000	0.00000	0.00000	0.00000	0.00000
398	NoName	0.00000	1.00000	0.00000	0.00000	0.00000	0.00000
399	NoName	0.00000	0.99187	0.00000	0.00107	0.00000	0.00706
400	NoName	0.00000	1.00000	0.00000	0.00000	0.00000	0.00000
401	NoName	0.00000	1.00000	0.00000	0.00000	0.00000	0.00000
402	NoName	0.00000	0.99783	0.00000	0.00039	0.00000	0.00178
403	NoName	0.00000	1.00000	0.00000	0.00000	0.00000	0.00000
404	NoName	0.00000	1.00000	0.00000	0.00000	0.00000	0.00000
405	NoName	0.00000	1.00000	0.00000	0.00000	0.00000	0.00000
406	NoName	0.00000	1.00000	0.00000	0.00000	0.00000	0.00000
407	NoName	0.00000	0.99999	0.00000	0.00000	0.00000	0.00001
408	NoName	0.00000	1.00000	0.00000	0.00000	0.00000	0.00000
409	NoName	0.00000	1.00000	0.00000	0.00000	0.00000	0.00000
410	NoName	0.00000	1.00000	0.00000	0.00000	0.00000	0.00000
411	NoName	0.00000	1.00000	0.00000	0.00000	0.00000	0.00000
412	NoName	1.00000	0.00000	0.00000	0.00000	0.00000	0.00000
413	NoName	0.00000	1.00000	0.00000	0.00000	0.00000	0.00000
414	NoName	0.00000	1.00000	0.00000	0.00000	0.00000	0.00000
415	NoName	0.00000	1.00000	0.00000	0.00000	0.00000	0.00000
416	NoName	0.00000	0.99960	0.00000	0.00001	0.00000	0.00039
417	NoName	0.00000	1.00000	0.00000	0.00000	0.00000	0.00000
418	NoName	0.00000	1.00000	0.00000	0.00000	0.00000	0.00000
419	NoName	0.00000	1.00000	0.00000	0.00000	0.00000	0.00000
420	NoName	0.00000	1.00000	0.00000	0.00000	0.00000	0.00000
421	NoName	0.00000	1.00000	0.00000	0.00000	0.00000	0.00000
422	NoName	0.00000	1.00000	0.00000	0.00000	0.00000	0.00000
423	NoName	0.00000	0.99944	0.00000	0.00004	0.00000	0.00052
424	NoName	0.00000	0.99999	0.00000	0.00000	0.00000	0.00001
425	NoName	0.00000	1.00000	0.00000	0.00000	0.00000	0.00000
426	NoName	0.00000	1.00000	0.00000	0.00000	0.00000	0.00000
427	NoName	0.00000	1.00000	0.00000	0.00000	0.00000	0.00000
428	NoName	0.00000	1.00000	0.00000	0.00000	0.00000	0.00000
429	NoName	0.00000	0.99998	0.00000	0.00000	0.00000	0.00002
430	NoName	0.00000	1.00000	0.00000	0.00000	0.00000	0.00000
431	NoName	0.00000	1.00000	0.00000	0.00000	0.00000	0.00000
432	NoName	0.00000	1.00000	0.00000	0.00000	0.00000	0.00000
433	NoName	0.00000	1.00000	0.00000	0.00000	0.00000	0.00000
434	NoName	0.00000	1.00000	0.00000	0.00000	0.00000	0.00000
435	NoName	0.00000	0.99999	0.00000	0.00000	0.00000	0.00001
436	NoName	0.00000	1.00000	0.00000	0.00000	0.00000	0.00000
437	NoName	1.00000	0.00000	0.00000	0.00000	0.00000	0.00000
438	NoName	0.00000	1.00000	0.00000	0.00000	0.00000	0.00000
439	NoName	0.00000	1.00000	0.00000	0.00000	0.00000	0.00000
440	NoName	0.00000	1.00000	0.00000	0.00000	0.00000	0.00000
441	NoName	0.00000	0.99994	0.00000	0.00000	0.00000	0.00006
442	NoName	0.00000	1.00000	0.00000	0.00000	0.00000	0.00000
443	NoName	0.00000	1.00000	0.00000	0.00000	0.00000	0.00000
444	NoName	0.00000	1.00000	0.00000	0.00000	0.00000	0.00000
445	NoName	0.00000	1.00000	0.00000	0.00000	0.00000	0.00000
446	NoName	0.00000	0.99995	0.00000	0.00000	0.00000	0.00005
447	NoName	0.00000	0.99999	0.00000	0.00000	0.00000	0.00001
448	NoName	0.00000	1.00000	0.00000	0.00000	0.00000	0.00000
449	NoName	0.00000	1.00000	0.00000	0.00000	0.00000	0.00000
450	NoName	0.00000	1.00000	0.00000	0.00000	0.00000	0.00000
451	NoName	0.00000	1.00000	0.00000	0.00000	0.00000	0.00000
452	NoName	0.00000	1.00000	0.00000	0.00000	0.00000	0.00000
453	NoName	0.00000	0.99427	0.00000	0.00061	0.00000	0.00512
454	NoName	0.00000	1.00000	0.00000	0.00000	0.00000	0.00000
455	NoName	0.00000	1.00000	0.00000	0.00000	0.00000	0.00000
456	NoName	0.00000	0.99998	0.00000	0.00000	0.00000	0.00002
457	NoName	0.00000	1.00000	0.00000	0.00000	0.00000	0.00000
458	NoName	0.00000	1.00000	0.00000	0.00000	0.00000	0.00000
459	NoName	0.00000	1.00000	0.00000	0.00000	0.00000	0.00000
460	NoName	0.00000	1.00000	0.00000	0.00000	0.00000	0.00000
461	NoName	1.00000	0.00000	0.00000	0.00000	0.00000	0.00000
462	NoName	0.00000	1.00000	0.00000	0.00000	0.00000	0.00000
463	NoName	0.00000	1.00000	0.00000	0.00000	0.00000	0.00000
464	NoName	0.28132	0.69063	0.00475	0.00984	0.00599	0.00747
465	NoName	1.00000	0.00000	0.00000	0.00000	0.00000	0.00000
466	NoName	0.00000	1.00000	0.00000	0.00000	0.00000	0.00000
467	NoName	0.00000	1.00000	0.00000	0.00000	0.00000	0.00000
468	NoName	0.00000	0.99993	0.00000	0.00000	0.00000	0.00007
469	NoName	0.00000	1.00000	0.00000	0.00000	0.00000	0.00000
470	NoName	0.00000	1.00000	0.00000	0.00000	0.00000	0.00000
471	NoName	0.00000	0.99997	0.00000	0.00000	0.00000	0.00003
472	NoName	0.00000	1.00000	0.00000	0.00000	0.00000	0.00000
473	NoName	0.00000	1.00000	0.00000	0.00000	0.00000	0.00000
474	NoName	0.00000	0.99996	0.00000	0.00000	0.00000	0.00004
475	NoName	0.04529	0.93937	0.00222	0.00511	0.00173	0.00628
476	NoName	0.00000	1.00000	0.00000	0.00000	0.00000	0.00000
477	NoName	0.00000	1.00000	0.00000	0.00000	0.00000	0.00000
478	NoName	0.00000	1.00000	0.00000	0.00000	0.00000	0.00000
479	NoName	0.00000	1.00000	0.00000	0.00000	0.00000	0.00000
480	NoName	0.00000	1.00000	0.00000	0.00000	0.00000	0.00000
481	NoName	0.00000	1.00000	0.00000	0.00000	0.00000	0.00000
482	NoName	0.00000	1.00000	0.00000	0.00000	0.00000	0.00000
483	NoName	0.00000	1.00000	0.00000	0.00000	0.00000	0.00000
484	NoName	0.00000	1.00000	0.00000	0.00000	0.00000	0.00000
485	NoName	0.00000	1.00000	0.00000	0.00000	0.00000	0.00000
486	NoName	0.00000	1.00000	0.00000	0.00000	0.00000	0.00000
487	NoName	0.00000	1.00000	0.00000	0.00000	0.00000	0.00000
488	NoName	0.00000	1.00000	0.00000	0.00000	0.00000	0.00000
489	NoName	0.00000	1.00000	0.00000	0.00000	0.00000	0.00000
490	NoName	0.00000	1.00000	0.00000	0.00000	0.00000	0.00000
491	NoName	0.00000	1.00000	0.00000	0.00000	0.00000	0.00000
492	NoName	0.00000	1.00000	0.00000	0.00000	0.00000	0.00000
493	NoName	0.00000	0.99993	0.00000	0.00000	0.00000	0.00007
494	NoName	0.00000	1.00000	0.00000	0.00000	0.00000	0.00000
495	NoName	0.00000	0.99972	0.00000	0.00001	0.00000	0.00027
496	NoName	0.00000	0.99999	0.00000	0.00000	0.00000	0.00001
497	NoName	0.00000	1.00000	0.00000	0.00000	0.00000	0.00000
498	NoName	0.00000	1.00000	0.00000	0.00000	0.00000	0.00000
499	NoName	0.00000	1.00000	0.00000	0.00000	0.00000	0.00000
500	NoName	0.00000	1.00000	0.00000	0.00000	0.00000	0.00000
501	NoName	0.00000	0.99468	0.00001	0.00154	0.00000	0.00376
502	NoName	0.00000	1.00000	0.00000	0.00000	0.00000	0.00000
503	NoName	0.00000	0.99559	0.00000	0.00122	0.00000	0.00319
504	NoName	0.00000	0.99999	0.00000	0.00000	0.00000	0.00001
505	NoName	0.00000	0.99940	0.00000	0.00000	0.00000	0.00060
506	NoName	0.00000	1.00000	0.00000	0.00000	0.00000	0.00000
507	NoName	0.99998	0.00000	0.00000	0.00000	0.00002	0.00000
508	NoName	1.00000	0.00000	0.00000	0.00000	0.00000	0.00000
509	NoName	0.00000	0.99980	0.00000	0.00000	0.00000	0.00019
510	NoName	0.00000	1.00000	0.00000	0.00000	0.00000	0.00000
511	NoName	0.00000	1.00000	0.00000	0.00000	0.00000	0.00000
512	NoName	0.00000	1.00000	0.00000	0.00000	0.00000	0.00000
513	NoName	0.00000	1.00000	0.00000	0.00000	0.00000	0.00000
514	NoName	0.99999	0.00000	0.00000	0.00000	0.00001	0.00000
515	NoName	0.00000	0.99999	0.00000	0.00000	0.00000	0.00001
516	NoName	0.99999	0.00000	0.00000	0.00000	0.00001	0.00000
517	NoName	0.00000	0.99975	0.00000	0.00001	0.00000	0.00025
518	NoName	0.00000	1.00000	0.00000	0.00000	0.00000	0.00000
519	NoName	1.00000	0.00000	0.00000	0.00000	0.00000	0.00000
520	NoName	0.00000	0.99999	0.00000	0.00000	0.00000	0.00001
521	NoName	0.00000	1.00000	0.00000	0.00000	0.00000	0.00000
522	NoName	0.00000	1.00000	0.00000	0.00000	0.00000	0.00000
523	NoName	0.00000	1.00000	0.00000	0.00000	0.00000	0.00000
524	NoName	0.00000	1.00000	0.00000	0.00000	0.00000	0.00000
525	NoName	0.00000	1.00000	0.00000	0.00000	0.00000	0.00000
526	NoName	0.00000	1.00000	0.00000	0.00000	0.00000	0.00000
527	NoName	0.00000	1.00000	0.00000	0.00000	0.00000	0.00000
528	NoName	0.00000	1.00000	0.00000	0.00000	0.00000	0.00000
529	NoName	0.00000	1.00000	0.00000	0.00000	0.00000	0.00000
530	NoName	0.00000	0.99912	0.00000	0.00008	0.00000	0.00080
531	NoName	0.00000	0.99999	0.00000	0.00000	0.00000	0.00001
532	NoName	0.00000	0.99999	0.00000	0.00000	0.00000	0.00001
533	NoName	0.00000	1.00000	0.00000	0.00000	0.00000	0.00000
534	NoName	1.00000	0.00000	0.00000	0.00000	0.00000	0.00000
535	NoName	0.00000	1.00000	0.00000	0.00000	0.00000	0.00000
536	NoName	0.00000	1.00000	0.00000	0.00000	0.00000	0.00000
537	NoName	0.00000	1.00000	0.00000	0.00000	0.00000	0.00000
538	NoName	0.99999	0.00000	0.00000	0.00000	0.00001	0.00000
539	NoName	0.00000	0.99993	0.00000	0.00000	0.00000	0.00006
540	NoName	0.00000	0.99999	0.00000	0.00000	0.00000	0.00001
541	NoName	0.98499	0.00000	0.00000	0.00046	0.01455	0.00000
542	NoName	1.00000	0.00000	0.00000	0.00000	0.00000	0.00000
543	NoName	1.00000	0.00000	0.00000	0.00000	0.00000	0.00000
544	NoName	0.00000	1.00000	0.00000	0.00000	0.00000	0.00000
545	NoName	0.00000	1.00000	0.00000	0.00000	0.00000	0.00000
546	NoName	0.00000	1.00000	0.00000	0.00000	0.00000	0.00000
547	NoName	0.00000	1.00000	0.00000	0.00000	0.00000	0.00000
548	NoName	0.00000	1.00000	0.00000	0.00000	0.00000	0.00000
549	NoName	0.99937	0.00000	0.00000	0.00000	0.00063	0.00000
550	NoName	0.00000	1.00000	0.00000	0.00000	0.00000	0.00000
551	NoName	0.00000	1.00000	0.00000	0.00000	0.00000	0.00000
552	NoName	1.00000	0.00000	0.00000	0.00000	0.00000	0.00000
553	NoName	0.00000	1.00000	0.00000	0.00000	0.00000	0.00000
554	NoName	0.00000	1.00000	0.00000	0.00000	0.00000	0.00000
555	NoName	0.00000	1.00000	0.00000	0.00000	0.00000	0.00000
556	NoName	0.00000	1.00000	0.00000	0.00000	0.00000	0.00000
557	NoName	0.00000	0.00000	0.96364	0.00507	0.00000	0.03129
558	NoName	0.00000	1.00000	0.00000	0.00000	0.00000	0.00000
559	NoName	0.00000	1.00000	0.00000	0.00000	0.00000	0.00000
560	NoName	1.00000	0.00000	0.00000	0.00000	0.00000	0.00000
561	NoName	1.00000	0.00000	0.00000	0.00000	0.00000	0.00000
562	NoName	1.00000	0.00000	0.00000	0.00000	0.00000	0.00000
563	NoName	1.00000	0.00000	0.00000	0.00000	0.00000	0.00000
564	NoName	0.00000	0.99997	0.00000	0.00000	0.00000	0.00003
565	NoName	0.00000	1.00000	0.00000	0.00000	0.00000	0.00000
566	NoName	1.00000	0.00000	0.00000	0.00000	0.00000	0.00000
567	NoName	0.00000	1.00000	0.00000	0.00000	0.00000	0.00000
568	NoName	0.98628	0.00000	0.00000	0.00540	0.00832	0.00000
569	NoName	1.00000	0.00000	0.00000	0.00000	0.00000	0.00000
570	NoName	0.00000	0.99994	0.00000	0.00000	0.00000	0.00006
571	NoName	0.00000	1.00000	0.00000	0.00000	0.00000	0.00000
572	NoName	0.00000	1.00000	0.00000	0.00000	0.00000	0.00000
573	NoName	0.00000	1.00000	0.00000	0.00000	0.00000	0.00000
574	NoName	0.00000	0.73680	0.00000	0.00007	0.00000	0.26312
575	NoName	0.00000	1.00000	0.00000	0.00000	0.00000	0.00000
576	NoName	0.00000	0.00000	0.00000	0.00129	0.99870	0.00000
577	NoName	0.00000	1.00000	0.00000	0.00000	0.00000	0.00000
578	NoName	1.00000	0.00000	0.00000	0.00000	0.00000	0.00000
579	NoName	0.00000	1.00000	0.00000	0.00000	0.00000	0.00000
580	NoName	0.00000	0.99969	0.00000	0.00000	0.00000	0.00031
581	NoName	0.00000	0.99925	0.00000	0.00007	0.00000	0.00069
582	NoName	0.00000	1.00000	0.00000	0.00000	0.00000	0.00000
583	NoName	0.00000	1.00000	0.00000	0.00000	0.00000	0.00000
584	NoName	0.00000	0.99994	0.00000	0.00000	0.00000	0.00006
585	NoName	0.00000	0.99998	0.00000	0.00000	0.00000	0.00002
586	NoName	0.00000	0.99992	0.00000	0.00000	0.00000	0.00008
587	NoName	0.00000	1.00000	0.00000	0.00000	0.00000	0.00000
588	NoName	0.00000	1.00000	0.00000	0.00000	0.00000	0.00000
589	NoName	0.00000	1.00000	0.00000	0.00000	0.00000	0.00000
590	NoName	0.00000	1.00000	0.00000	0.00000	0.00000	0.00000
591	NoName	0.00000	1.00000	0.00000	0.00000	0.00000	0.00000
592	NoName	0.00000	0.99980	0.00000	0.00000	0.00000	0.00019
593	NoName	0.00000	0.99997	0.00000	0.00000	0.00000	0.00003
594	NoName	0.00000	1.00000	0.00000	0.00000	0.00000	0.00000
595	NoName	0.00000	1.00000	0.00000	0.00000	0.00000	0.00000
596	NoName	0.00000	1.00000	0.00000	0.00000	0.00000	0.00000
597	NoName	0.00000	0.00558	0.00000	0.91932	0.00000	0.07510
598	NoName	0.00000	0.99999	0.00000	0.00000	0.00000	0.00001
599	NoName	0.00000	0.99991	0.00000	0.00000	0.00000	0.00009
600	NoName	0.00000	0.98620	0.00000	0.00032	0.00000	0.01348
601	NoName	0.00000	1.00000	0.00000	0.00000	0.00000	0.00000
602	NoName	0.00000	0.99949	0.00000	0.00002	0.00000	0.00048
603	NoName	0.99999	0.00000	0.00000	0.00000	0.00001	0.00000
604	NoName	0.99979	0.00000	0.00000	0.00000	0.00021	0.00000
605	NoName	0.00000	1.00000	0.00000	0.00000	0.00000	0.00000
606	NoName	0.00000	0.98504	0.00000	0.00647	0.00000	0.00848
607	NoName	0.00000	1.00000	0.00000	0.00000	0.00000	0.00000
608	NoName	0.00000	1.00000	0.00000	0.00000	0.00000	0.00000
609	NoName	0.00000	1.00000	0.00000	0.00000	0.00000	0.00000
610	NoName	0.00000	1.00000	0.00000	0.00000	0.00000	0.00000
611	NoName	0.99999	0.00000	0.00000	0.00000	0.00001	0.00000
612	NoName	0.00000	1.00000	0.00000	0.00000	0.00000	0.00000
613	NoName	0.00000	1.00000	0.00000	0.00000	0.00000	0.00000
614	NoName	0.00000	1.00000	0.00000	0.00000	0.00000	0.00000
615	NoName	0.00000	1.00000	0.00000	0.00000	0.00000	0.00000
616	NoName	0.00000	1.00000	0.00000	0.00000	0.00000	0.00000
617	NoName	0.00000	1.00000	0.00000	0.00000	0.00000	0.00000
618	NoName	0.00000	1.00000	0.00000	0.00000	0.00000	0.00000
619	NoName	0.00000	0.99999	0.00000	0.00000	0.00000	0.00001
620	NoName	0.00000	0.99999	0.00000	0.00000	0.00000	0.00001
621	NoName	0.00000	1.00000	0.00000	0.00000	0.00000	0.00000
622	NoName	0.00000	1.00000	0.00000	0.00000	0.00000	0.00000
623	NoName	0.00000	0.99999	0.00000	0.00000	0.00000	0.00001
624	NoName	0.00000	1.00000	0.00000	0.00000	0.00000	0.00000
625	NoName	0.00000	0.99994	0.00000	0.00000	0.00000	0.00006
626	NoName	0.00000	1.00000	0.00000	0.00000	0.00000	0.00000
627	NoName	0.00000	0.99959	0.00000	0.00002	0.00000	0.00039
628	NoName	0.00000	1.00000	0.00000	0.00000	0.00000	0.00000
629	NoName	0.00000	1.00000	0.00000	0.00000	0.00000	0.00000
630	NoName	0.00000	1.00000	0.00000	0.00000	0.00000	0.00000
631	NoName	0.00000	1.00000	0.00000	0.00000	0.00000	0.00000
632	NoName	0.00000	1.00000	0.00000	0.00000	0.00000	0.00000
633	NoName	1.00000	0.00000	0.00000	0.00000	0.00000	0.00000
634	NoName	0.00000	1.00000	0.00000	0.00000	0.00000	0.00000
635	NoName	0.00000	1.00000	0.00000	0.00000	0.00000	0.00000
636	NoName	0.00000	1.00000	0.00000	0.00000	0.00000	0.00000
637	NoName	0.00000	0.99996	0.00000	0.00000	0.00000	0.00004
638	NoName	0.00000	1.00000	0.00000	0.00000	0.00000	0.00000
639	NoName	0.00000	1.00000	0.00000	0.00000	0.00000	0.00000
640	NoName	0.00000	1.00000	0.00000	0.00000	0.00000	0.00000
641	NoName	0.00000	1.00000	0.00000	0.00000	0.00000	0.00000
642	NoName	0.00000	1.00000	0.00000	0.00000	0.00000	0.00000
643	NoName	0.00000	1.00000	0.00000	0.00000	0.00000	0.00000
644	NoName	0.00000	0.99999	0.00000	0.00000	0.00000	0.00001
645	NoName	0.00000	0.00011	0.00000	0.00015	0.00000	0.99975
646	NoName	0.00000	1.00000	0.00000	0.00000	0.00000	0.00000
647	NoName	0.00000	0.99958	0.00000	0.00000	0.00000	0.00042
648	NoName	0.00000	0.99994	0.00000	0.00000	0.00000	0.00006
649	NoName	0.00000	1.00000	0.00000	0.00000	0.00000	0.00000
650	NoName	0.00000	0.99999	0.00000	0.00000	0.00000	0.00001
651	NoName	1.00000	0.00000	0.00000	0.00000	0.00000	0.00000
652	NoName	0.00000	1.00000	0.00000	0.00000	0.00000	0.00000
653	NoName	0.00000	1.00000	0.00000	0.00000	0.00000	0.00000
654	NoName	0.99982	0.00000	0.00000	0.00000	0.00018	0.00000
655	NoName	0.00000	1.00000	0.00000	0.00000	0.00000	0.00000
656	NoName	0.00000	1.00000	0.00000	0.00000	0.00000	0.00000
657	NoName	0.00000	0.99998	0.00000	0.00000	0.00000	0.00002
658	NoName	0.00000	1.00000	0.00000	0.00000	0.00000	0.00000
659	NoName	0.00000	1.00000	0.00000	0.00000	0.00000	0.00000
660	NoName	0.99945	0.00000	0.00000	0.00001	0.00054	0.00000
661	NoName	0.00000	0.99999	0.00000	0.00000	0.00000	0.00001
662	NoName	0.00000	1.00000	0.00000	0.00000	0.00000	0.00000
663	NoName	0.00000	1.00000	0.00000	0.00000	0.00000	0.00000
664	NoName	0.00000	0.99380	0.00000	0.00208	0.00000	0.00411
665	NoName	1.00000	0.00000	0.00000	0.00000	0.00000	0.00000
666	NoName	0.00000	0.99978	0.00000	0.00000	0.00000	0.00021
667	NoName	1.00000	0.00000	0.00000	0.00000	0.00000	0.00000
668	NoName	1.00000	0.00000	0.00000	0.00000	0.00000	0.00000
669	NoName	1.00000	0.00000	0.00000	0.00000	0.00000	0.00000
670	NoName	1.00000	0.00000	0.00000	0.00000	0.00000	0.00000
671	NoName	0.99994	0.00000	0.00000	0.00000	0.00006	0.00000
672	NoName	0.00000	1.00000	0.00000	0.00000	0.00000	0.00000
673	NoName	0.00000	1.00000	0.00000	0.00000	0.00000	0.00000
674	NoName	0.00000	1.00000	0.00000	0.00000	0.00000	0.00000
675	NoName	0.00001	0.99613	0.00002	0.00097	0.00001	0.00287
676	NoName	0.00000	1.00000	0.00000	0.00000	0.00000	0.00000
677	NoName	0.00000	0.99949	0.00000	0.00001	0.00000	0.00050
678	NoName	0.00000	1.00000	0.00000	0.00000	0.00000	0.00000
679	NoName	0.99999	0.00000	0.00000	0.00000	0.00001	0.00000
680	NoName	0.00000	1.00000	0.00000	0.00000	0.00000	0.00000
681	NoName	0.00000	1.00000	0.00000	0.00000	0.00000	0.00000
682	NoName	0.00000	1.00000	0.00000	0.00000	0.00000	0.00000
683	NoName	0.00000	1.00000	0.00000	0.00000	0.00000	0.00000
684	NoName	0.00000	1.00000	0.00000	0.00000	0.00000	0.00000
685	NoName	0.00000	1.00000	0.00000	0.00000	0.00000	0.00000
686	NoName	0.00000	1.00000	0.00000	0.00000	0.00000	0.00000
687	NoName	0.00000	1.00000	0.00000	0.00000	0.00000	0.00000
688	NoName	0.00000	1.00000	0.00000	0.00000	0.00000	0.00000
689	NoName	0.00000	1.00000	0.00000	0.00000	0.00000	0.00000
690	NoName	0.00000	1.00000	0.00000	0.00000	0.00000	0.00000
691	NoName	0.00000	1.00000	0.00000	0.00000	0.00000	0.00000
692	NoName	0.00000	1.00000	0.00000	0.00000	0.00000	0.00000
693	NoName	0.00000	1.00000	0.00000	0.00000	0.00000	0.00000
694	NoName	0.00000	1.00000	0.00000	0.00000	0.00000	0.00000
695	NoName	0.00000	0.99945	0.00000	0.00003	0.00000	0.00052
696	NoName	0.00000	1.00000	0.00000	0.00000	0.00000	0.00000
697	NoName	0.00000	1.00000	0.00000	0.00000	0.00000	0.00000
698	NoName	0.00000	0.99957	0.00000	0.00000	0.00000	0.00043
699	NoName	0.00000	0.99996	0.00000	0.00000	0.00000	0.00004
700	NoName	0.00000	1.00000	0.00000	0.00000	0.00000	0.00000
701	NoName	0.00000	1.00000	0.00000	0.00000	0.00000	0.00000
702	NoName	1.00000	0.00000	0.00000	0.00000	0.00000	0.00000
703	NoName	1.00000	0.00000	0.00000	0.00000	0.00000	0.00000
704	NoName	1.00000	0.00000	0.00000	0.00000	0.00000	0.00000
705	NoName	0.99088	0.00000	0.00000	0.00256	0.00656	0.00000
706	NoName	0.00000	1.00000	0.00000	0.00000	0.00000	0.00000
707	NoName	0.00000	0.99986	0.00000	0.00000	0.00000	0.00014
708	NoName	1.00000	0.00000	0.00000	0.00000	0.00000	0.00000
709	NoName	0.00000	1.00000	0.00000	0.00000	0.00000	0.00000
710	NoName	0.00000	0.99999	0.00000	0.00000	0.00000	0.00001
711	NoName	0.00000	1.00000	0.00000	0.00000	0.00000	0.00000
712	NoName	0.00000	0.99999	0.00000	0.00000	0.00000	0.00001
713	NoName	0.00000	1.00000	0.00000	0.00000	0.00000	0.00000
714	NoName	0.00000	1.00000	0.00000	0.00000	0.00000	0.00000
715	NoName	0.99796	0.00000	0.00000	0.00000	0.00204	0.00000
716	NoName	0.00000	0.99943	0.00000	0.00004	0.00000	0.00054
717	NoName	0.00000	1.00000	0.00000	0.00000	0.00000	0.00000
718	NoName	0.00000	0.99998	0.00000	0.00000	0.00000	0.00002
719	NoName	1.00000	0.00000	0.00000	0.00000	0.00000	0.00000
720	NoName	0.00000	1.00000	0.00000	0.00000	0.00000	0.00000
721	NoName	0.00000	1.00000	0.00000	0.00000	0.00000	0.00000
722	NoName	0.00000	1.00000	0.00000	0.00000	0.00000	0.00000
723	NoName	0.00000	1.00000	0.00000	0.00000	0.00000	0.00000
724	NoName	0.00000	1.00000	0.00000	0.00000	0.00000	0.00000
725	NoName	0.00000	0.99998	0.00000	0.00000	0.00000	0.00002
726	NoName	0.00000	0.30304	0.00001	0.66096	0.00013	0.03586
727	NoName	0.00000	1.00000	0.00000	0.00000	0.00000	0.00000
728	NoName	0.00000	1.00000	0.00000	0.00000	0.00000	0.00000
729	NoName	0.00000	0.99962	0.00000	0.00002	0.00000	0.00037
730	NoName	0.00000	1.00000	0.00000	0.00000	0.00000	0.00000
731	NoName	0.00000	1.00000	0.00000	0.00000	0.00000	0.00000
732	NoName	0.00000	1.00000	0.00000	0.00000	0.00000	0.00000
733	NoName	1.00000	0.00000	0.00000	0.00000	0.00000	0.00000
734	NoName	0.00000	1.00000	0.00000	0.00000	0.00000	0.00000
735	NoName	0.00000	1.00000	0.00000	0.00000	0.00000	0.00000
736	NoName	0.00000	1.00000	0.00000	0.00000	0.00000	0.00000
737	NoName	0.00000	0.99954	0.00000	0.00002	0.00000	0.00044
738	NoName	0.00000	1.00000	0.00000	0.00000	0.00000	0.00000
739	NoName	1.00000	0.00000	0.00000	0.00000	0.00000	0.00000
740	NoName	0.00000	0.99705	0.00000	0.00065	0.00000	0.00230
741	NoName	0.00000	1.00000	0.00000	0.00000	0.00000	0.00000
742	NoName	0.99998	0.00000	0.00000	0.00000	0.00002	0.00000
743	NoName	0.00000	1.00000	0.00000	0.00000	0.00000	0.00000
744	NoName	0.00000	1.00000	0.00000	0.00000	0.00000	0.00000
745	NoName	0.00000	0.99996	0.00000	0.00000	0.00000	0.00004
746	NoName	1.00000	0.00000	0.00000	0.00000	0.00000	0.00000
747	NoName	0.00000	1.00000	0.00000	0.00000	0.00000	0.00000
748	NoName	0.00000	1.00000	0.00000	0.00000	0.00000	0.00000
749	NoName	0.00000	1.00000	0.00000	0.00000	0.00000	0.00000
750	NoName	0.00000	1.00000	0.00000	0.00000	0.00000	0.00000
751	NoName	0.00000	0.99597	0.00001	0.00106	0.00000	0.00295
752	NoName	0.00000	1.00000	0.00000	0.00000	0.00000	0.00000
753	NoName	0.00000	0.99994	0.00000	0.00000	0.00000	0.00006
754	NoName	0.00000	1.00000	0.00000	0.00000	0.00000	0.00000
755	NoName	0.00000	1.00000	0.00000	0.00000	0.00000	0.00000
756	NoName	0.00000	1.00000	0.00000	0.00000	0.00000	0.00000
757	NoName	0.00000	1.00000	0.00000	0.00000	0.00000	0.00000
758	NoName	0.00000	0.99967	0.00000	0.00000	0.00000	0.00033
759	NoName	0.00000	1.00000	0.00000	0.00000	0.00000	0.00000
760	NoName	0.99996	0.00000	0.00000	0.00000	0.00004	0.00000
761	NoName	1.00000	0.00000	0.00000	0.00000	0.00000	0.00000
762	NoName	0.00000	0.01286	0.00000	0.00378	0.00000	0.98337
763	NoName	0.00000	1.00000	0.00000	0.00000	0.00000	0.00000
764	NoName	0.00000	1.00000	0.00000	0.00000	0.00000	0.00000
765	NoName	0.00000	1.00000	0.00000	0.00000	0.00000	0.00000
766	NoName	0.00000	1.00000	0.00000	0.00000	0.00000	0.00000
767	NoName	0.00000	1.00000	0.00000	0.00000	0.00000	0.00000
768	NoName	0.00000	1.00000	0.00000	0.00000	0.00000	0.00000
769	NoName	0.00000	1.00000	0.00000	0.00000	0.00000	0.00000
770	NoName	0.00000	1.00000	0.00000	0.00000	0.00000	0.00000
771	NoName	0.00000	1.00000	0.00000	0.00000	0.00000	0.00000
772	NoName	0.00000	1.00000	0.00000	0.00000	0.00000	0.00000
773	NoName	0.00000	0.99999	0.00000	0.00000	0.00000	0.00001
774	NoName	0.00000	0.99990	0.00000	0.00000	0.00000	0.00010
775	NoName	0.00000	0.99994	0.00000	0.00000	0.00000	0.00006
776	NoName	0.00000	1.00000	0.00000	0.00000	0.00000	0.00000
777	NoName	0.00000	1.00000	0.00000	0.00000	0.00000	0.00000
