999901_sweeps	1.000/0.000/0.000/0.000	0.000/0.000/0.000/1.000	0.000/0.500/0.500/0.000	0.250/0.250/0.250/0.250	0.500/0.250/0.250/0.000	0.000/0.250/0.250/0.500
1	0.00000	0.99998	0.00000	0.00000	0.00000	0.00002
2	0.00000	1.00000	0.00000	0.00000	0.00000	0.00000
3	0.00000	1.00000	0.00000	0.00000	0.00000	0.00000
4	0.00000	0.97514	0.00000	0.00061	0.00000	0.02425
5	0.00000	0.99998	0.00000	0.00000	0.00000	0.00002
6	0.00000	0.99993	0.00000	0.00000	0.00000	0.00007
7	0.00000	0.99430	0.00000	0.00000	0.00000	0.00569
8	0.00000	0.99995	0.00000	0.00000	0.00000	0.00005
9	0.00000	0.99994	0.00000	0.00000	0.00000	0.00006
10	0.00000	0.00000	0.00000	0.00006	0.99994	0.00000
11	1.00000	0.00000	0.00000	0.00000	0.00000	0.00000
12	0.00000	0.99278	0.00000	0.00006	0.00000	0.00717
13	0.00000	0.99999	0.00000	0.00000	0.00000	0.00001
14	0.00000	1.00000	0.00000	0.00000	0.00000	0.00000
15	0.00000	0.99988	0.00000	0.00000	0.00000	0.00012
16	0.00000	0.99743	0.00000	0.00000	0.00000	0.00256
17	1.00000	0.00000	0.00000	0.00000	0.00000	0.00000
18	0.98058	0.00000	0.00000	0.00028	0.01913	0.00000
19	0.00000	0.98873	0.00000	0.00013	0.00000	0.01114
20	0.99999	0.00000	0.00000	0.00000	0.00001	0.00000
21	0.00113	0.00014	0.00027	0.95971	0.02991	0.00883
22	0.00000	0.99986	0.00000	0.00000	0.00000	0.00014
23	0.99423	0.00000	0.00000	0.00002	0.00574	0.00000
24	0.99998	0.00000	0.00000	0.00000	0.00002	0.00000
25	0.99985	0.00000	0.00000	0.00000	0.00015	0.00000
26	0.00000	1.00000	0.00000	0.00000	0.00000	0.00000
27	0.00000	0.99999	0.00000	0.00000	0.00000	0.00001
28	0.00000	0.99997	0.00000	0.00000	0.00000	0.00003
29	0.00000	0.99996	0.00000	0.00000	0.00000	0.00004
30	0.99967	0.00000	0.00000	0.00000	0.00033	0.00000
31	0.99998	0.00000	0.00000	0.00000	0.00002	0.00000
32	0.00000	0.99396	0.00000	0.00003	0.00000	0.00601
33	0.99727	0.00000	0.00000	0.00000	0.00272	0.00000
34	0.00359	0.00000	0.00010	0.93879	0.05635	0.00116
35	0.00000	0.99192	0.00000	0.00006	0.00000	0.00802
36	0.00000	0.99996	0.00000	0.00000	0.00000	0.00004
37	1.00000	0.00000	0.00000	0.00000	0.00000	0.00000
38	1.00000	0.00000	0.00000	0.00000	0.00000	0.00000
39	0.00000	0.99999	0.00000	0.00000	0.00000	0.00001
40	0.00000	1.00000	0.00000	0.00000	0.00000	0.00000
41	0.00000	1.00000	0.00000	0.00000	0.00000	0.00000
42	0.00000	0.99999	0.00000	0.00000	0.00000	0.00001
43	0.57991	0.00000	0.00000	0.00001	0.42009	0.00000
44	0.00000	0.99999	0.00000	0.00000	0.00000	0.00001
45	1.00000	0.00000	0.00000	0.00000	0.00000	0.00000
46	0.00000	0.99976	0.00000	0.00000	0.00000	0.00024
47	0.00000	0.99709	0.00000	0.00000	0.00000	0.00291
48	0.99999	0.00000	0.00000	0.00000	0.00001	0.00000
49	0.99966	0.00000	0.00000	0.00000	0.00034	0.00000
50	0.00000	0.99133	0.00000	0.00006	0.00000	0.00861
51	0.00000	1.00000	0.00000	0.00000	0.00000	0.00000
52	0.00000	0.99999	0.00000	0.00000	0.00000	0.00001
53	0.84673	0.00000	0.00000	0.00028	0.15300	0.00000
54	0.00000	0.99999	0.00000	0.00000	0.00000	0.00001
55	0.00000	1.00000	0.00000	0.00000	0.00000	0.00000
56	0.09885	0.00000	0.00000	0.68462	0.21653	0.00000
57	0.00000	0.99999	0.00000	0.00000	0.00000	0.00001
58	0.00000	0.99999	0.00000	0.00000	0.00000	0.00001
59	0.00000	0.99983	0.00000	0.00000	0.00000	0.00017
60	0.00000	0.99782	0.00000	0.00000	0.00000	0.00218
61	0.00000	0.99997	0.00000	0.00000	0.00000	0.00003
62	0.00000	0.99998	0.00000	0.00000	0.00000	0.00002
63	0.00000	1.00000	0.00000	0.00000	0.00000	0.00000
64	0.00000	1.00000	0.00000	0.00000	0.00000	0.00000
65	0.00000	0.99996	0.00000	0.00000	0.00000	0.00004
66	0.99924	0.00000	0.00000	0.00000	0.00076	0.00000
67	0.00000	1.00000	0.00000	0.00000	0.00000	0.00000
68	0.00000	0.99984	0.00000	0.00000	0.00000	0.00016
69	0.00000	0.35684	0.00135	0.13902	0.00026	0.50253
70	0.00000	0.99997	0.00000	0.00000	0.00000	0.00003
71	0.00000	0.99518	0.00000	0.00000	0.00000	0.00482
72	0.00000	0.99999	0.00000	0.00000	0.00000	0.00001
73	0.00000	0.99988	0.00000	0.00000	0.00000	0.00012
74	0.00000	1.00000	0.00000	0.00000	0.00000	0.00000
75	0.00000	0.99949	0.00000	0.00000	0.00000	0.00051
76	0.00000	0.99965	0.00000	0.00000	0.00000	0.00035
77	1.00000	0.00000	0.00000	0.00000	0.00000	0.00000
78	0.99996	0.00000	0.00000	0.00000	0.00004	0.00000
79	0.99918	0.00000	0.00000	0.00000	0.00082	0.00000
80	0.00000	0.00000	0.00000	0.99984	0.00000	0.00016
81	0.00000	0.94572	0.00000	0.00001	0.00000	0.05427
82	0.08809	0.26184	0.15151	0.16768	0.12143	0.20945
83	1.00000	0.00000	0.00000	0.00000	0.00000	0.00000
84	0.00000	0.97775	0.00000	0.00000	0.00000	0.02225
85	1.00000	0.00000	0.00000	0.00000	0.00000	0.00000
86	0.99999	0.00000	0.00000	0.00000	0.00001	0.00000
87	0.00000	1.00000	0.00000	0.00000	0.00000	0.00000
88	1.00000	0.00000	0.00000	0.00000	0.00000	0.00000
89	0.00000	0.99663	0.00000	0.00000	0.00000	0.00337
90	0.00000	1.00000	0.00000	0.00000	0.00000	0.00000
91	0.89727	0.00000	0.00000	0.00979	0.09294	0.00000
92	0.00000	0.00000	0.00016	0.00785	0.00000	0.99199
93	0.00000	1.00000	0.00000	0.00000	0.00000	0.00000
94	0.97089	0.00000	0.00000	0.00045	0.02866	0.00000
95	0.00000	0.99999	0.00000	0.00000	0.00000	0.00001
96	0.00000	1.00000	0.00000	0.00000	0.00000	0.00000
97	0.99988	0.00000	0.00000	0.00000	0.00012	0.00000
98	0.00000	0.99949	0.00000	0.00000	0.00000	0.00051
99	0.00000	0.75019	0.00093	0.05181	0.00025	0.19682
100	0.00000	0.99999	0.00000	0.00000	0.00000	0.00001
101	0.00000	0.99735	0.00000	0.00000	0.00000	0.00265
102	0.00000	0.99984	0.00000	0.00000	0.00000	0.00016
103	0.00000	0.99998	0.00000	0.00000	0.00000	0.00002
104	0.00000	1.00000	0.00000	0.00000	0.00000	0.00000
105	0.00000	0.74321	0.00000	0.01582	0.00000	0.24097
106	0.00000	0.99991	0.00000	0.00000	0.00000	0.00009
107	0.00000	1.00000	0.00000	0.00000	0.00000	0.00000
108	1.00000	0.00000	0.00000	0.00000	0.00000	0.00000
109	0.00000	1.00000	0.00000	0.00000	0.00000	0.00000
110	0.00000	0.99999	0.00000	0.00000	0.00000	0.00001
111	0.00000	0.99908	0.00000	0.00000	0.00000	0.00092
112	0.99999	0.00000	0.00000	0.00000	0.00001	0.00000
113	0.99868	0.00000	0.00000	0.00000	0.00132	0.00000
114	0.00000	0.99959	0.00000	0.00000	0.00000	0.00041
115	0.00000	0.99999	0.00000	0.00000	0.00000	0.00001
116	0.00023	0.00000	0.00000	0.00016	0.99961	0.00000
117	0.00000	1.00000	0.00000	0.00000	0.00000	0.00000
118	0.96605	0.00000	0.00000	0.00000	0.03394	0.00000
119	1.00000	0.00000	0.00000	0.00000	0.00000	0.00000
120	0.00000	0.99998	0.00000	0.00000	0.00000	0.00002
121	0.00000	0.99999	0.00000	0.00000	0.00000	0.00001
122	0.00000	0.99995	0.00000	0.00000	0.00000	0.00005
123	0.06572	0.30927	0.14207	0.15911	0.10212	0.22172
124	0.00000	0.99999	0.00000	0.00000	0.00000	0.00001
125	0.00000	0.99987	0.00000	0.00000	0.00000	0.00013
126	0.00000	1.00000	0.00000	0.00000	0.00000	0.00000
127	0.00000	1.00000	0.00000	0.00000	0.00000	0.00000
128	0.00000	1.00000	0.00000	0.00000	0.00000	0.00000
129	0.00000	0.99988	0.00000	0.00000	0.00000	0.00012
130	0.00000	0.99963	0.00000	0.00000	0.00000	0.00037
131	0.98182	0.00000	0.00000	0.00000	0.01818	0.00000
132	0.00000	1.00000	0.00000	0.00000	0.00000	0.00000
133	0.00000	1.00000	0.00000	0.00000	0.00000	0.00000
134	0.00000	0.99982	0.00000	0.00000	0.00000	0.00018
135	0.00000	1.00000	0.00000	0.00000	0.00000	0.00000
136	0.00000	1.00000	0.00000	0.00000	0.00000	0.00000
137	0.00000	1.00000	0.00000	0.00000	0.00000	0.00000
138	0.98350	0.00000	0.00000	0.00015	0.01635	0.00000
139	0.97751	0.00000	0.00000	0.00001	0.02248	0.00000
140	0.99957	0.00000	0.00000	0.00000	0.00043	0.00000
141	0.99413	0.00000	0.00000	0.00002	0.00584	0.00000
142	0.99994	0.00000	0.00000	0.00000	0.00006	0.00000
143	0.00000	0.99963	0.00000	0.00000	0.00000	0.00037
144	0.99987	0.00000	0.00000	0.00000	0.00013	0.00000
145	0.99670	0.00000	0.00000	0.00000	0.00330	0.00000
146	0.99943	0.00000	0.00000	0.00000	0.00057	0.00000
147	0.99995	0.00000	0.00000	0.00000	0.00005	0.00000
148	1.00000	0.00000	0.00000	0.00000	0.00000	0.00000
149	0.99843	0.00000	0.00000	0.00000	0.00157	0.00000
150	0.99994	0.00000	0.00000	0.00000	0.00006	0.00000
151	0.00000	0.99253	0.00000	0.00003	0.00000	0.00744
152	0.00006	0.40735	0.00377	0.26049	0.00304	0.32529
153	0.00000	0.99946	0.00000	0.00000	0.00000	0.00054
154	0.00000	0.99986	0.00000	0.00000	0.00000	0.00014
155	0.00000	0.99665	0.00000	0.00000	0.00000	0.00335
156	0.00000	0.99999	0.00000	0.00000	0.00000	0.00001
157	0.00000	1.00000	0.00000	0.00000	0.00000	0.00000
158	0.00000	1.00000	0.00000	0.00000	0.00000	0.00000
159	0.00000	1.00000	0.00000	0.00000	0.00000	0.00000
160	0.00000	0.99999	0.00000	0.00000	0.00000	0.00001
161	0.00000	1.00000	0.00000	0.00000	0.00000	0.00000
162	0.99987	0.00000	0.00000	0.00000	0.00013	0.00000
163	0.00000	0.99983	0.00000	0.00000	0.00000	0.00017
164	0.00000	0.99999	0.00000	0.00000	0.00000	0.00001
165	0.00000	0.99065	0.00000	0.00009	0.00000	0.00927
166	0.99980	0.00000	0.00000	0.00000	0.00020	0.00000
167	1.00000	0.00000	0.00000	0.00000	0.00000	0.00000
168	0.99988	0.00000	0.00000	0.00000	0.00012	0.00000
169	0.00000	0.99998	0.00000	0.00000	0.00000	0.00002
170	0.00000	0.99995	0.00000	0.00000	0.00000	0.00005
171	0.00000	0.99999	0.00000	0.00000	0.00000	0.00001
172	0.00000	0.99822	0.00000	0.00000	0.00000	0.00178
173	0.99934	0.00000	0.00000	0.00000	0.00066	0.00000
174	0.00000	0.99998	0.00000	0.00000	0.00000	0.00002
175	0.00000	1.00000	0.00000	0.00000	0.00000	0.00000
176	0.00000	1.00000	0.00000	0.00000	0.00000	0.00000
177	0.00000	0.99993	0.00000	0.00000	0.00000	0.00007
178	0.99999	0.00000	0.00000	0.00000	0.00001	0.00000
179	1.00000	0.00000	0.00000	0.00000	0.00000	0.00000
180	0.00000	0.99906	0.00000	0.00000	0.00000	0.00094
181	0.00000	0.99991	0.00000	0.00000	0.00000	0.00009
182	0.99856	0.00000	0.00000	0.00000	0.00144	0.00000
183	0.00000	0.99930	0.00000	0.00000	0.00000	0.00070
184	0.00000	0.87172	0.00000	0.00000	0.00000	0.12827
185	0.00000	1.00000	0.00000	0.00000	0.00000	0.00000
186	0.99995	0.00000	0.00000	0.00000	0.00005	0.00000
187	0.00000	0.99539	0.00000	0.00000	0.00000	0.00461
188	0.00000	0.99980	0.00000	0.00000	0.00000	0.00020
189	0.00000	0.99997	0.00000	0.00000	0.00000	0.00003
190	0.00000	0.99976	0.00000	0.00000	0.00000	0.00024
191	0.99991	0.00000	0.00000	0.00000	0.00009	0.00000
192	0.99993	0.00000	0.00000	0.00000	0.00007	0.00000
193	0.95409	0.00000	0.00000	0.00001	0.04590	0.00000
194	0.00000	0.99984	0.00000	0.00000	0.00000	0.00016
195	0.00000	1.00000	0.00000	0.00000	0.00000	0.00000
196	0.00000	1.00000	0.00000	0.00000	0.00000	0.00000
197	0.00000	0.99973	0.00000	0.00000	0.00000	0.00027
198	0.00000	0.99994	0.00000	0.00000	0.00000	0.00006
199	0.00000	0.99998	0.00000	0.00000	0.00000	0.00002
200	0.00000	0.00000	0.99986	0.00005	0.00000	0.00009
201	0.00000	1.00000	0.00000	0.00000	0.00000	0.00000
202	0.00000	0.99999	0.00000	0.00000	0.00000	0.00001
203	0.00000	0.99112	0.00000	0.00008	0.00000	0.00881
204	0.00000	0.99997	0.00000	0.00000	0.00000	0.00003
205	0.00000	0.99962	0.00000	0.00000	0.00000	0.00038
206	0.00000	1.00000	0.00000	0.00000	0.00000	0.00000
207	0.00000	0.99999	0.00000	0.00000	0.00000	0.00001
208	0.00000	0.99998	0.00000	0.00000	0.00000	0.00002
209	0.00000	0.99998	0.00000	0.00000	0.00000	0.00002
210	0.00000	1.00000	0.00000	0.00000	0.00000	0.00000
211	0.00000	0.40427	0.00000	0.00006	0.00000	0.59567
212	0.00000	1.00000	0.00000	0.00000	0.00000	0.00000
213	0.99804	0.00000	0.00000	0.00000	0.00196	0.00000
214	0.99310	0.00000	0.00000	0.00000	0.00690	0.00000
215	0.00000	0.99493	0.00000	0.00000	0.00000	0.00507
216	0.00000	1.00000	0.00000	0.00000	0.00000	0.00000
217	0.00000	1.00000	0.00000	0.00000	0.00000	0.00000
218	0.00000	1.00000	0.00000	0.00000	0.00000	0.00000
219	0.00000	0.99998	0.00000	0.00000	0.00000	0.00002
220	0.00000	0.87762	0.00018	0.01350	0.00002	0.10867
221	0.00000	1.00000	0.00000	0.00000	0.00000	0.00000
222	0.00000	1.00000	0.00000	0.00000	0.00000	0.00000
223	0.00000	0.99826	0.00000	0.00000	0.00000	0.00174
224	0.00000	0.99989	0.00000	0.00000	0.00000	0.00011
225	0.00000	0.99878	0.00000	0.00000	0.00000	0.00122
226	1.00000	0.00000	0.00000	0.00000	0.00000	0.00000
227	0.00000	1.00000	0.00000	0.00000	0.00000	0.00000
228	0.00000	0.98855	0.00000	0.00010	0.00000	0.01135
229	0.79793	0.00000	0.00001	0.02591	0.17614	0.00000
230	0.00000	0.99999	0.00000	0.00000	0.00000	0.00001
231	0.00000	0.99998	0.00000	0.00000	0.00000	0.00002
232	0.00000	0.99777	0.00000	0.00001	0.00000	0.00223
233	1.00000	0.00000	0.00000	0.00000	0.00000	0.00000
234	0.00000	0.99540	0.00000	0.00002	0.00000	0.00457
235	0.00000	0.99987	0.00000	0.00000	0.00000	0.00013
236	0.00000	1.00000	0.00000	0.00000	0.00000	0.00000
237	0.00000	1.00000	0.00000	0.00000	0.00000	0.00000
238	0.00000	0.99999	0.00000	0.00000	0.00000	0.00001
239	1.00000	0.00000	0.00000	0.00000	0.00000	0.00000
240	1.00000	0.00000	0.00000	0.00000	0.00000	0.00000
241	0.99993	0.00000	0.00000	0.00000	0.00007	0.00000
242	1.00000	0.00000	0.00000	0.00000	0.00000	0.00000
243	0.00000	1.00000	0.00000	0.00000	0.00000	0.00000
244	0.99998	0.00000	0.00000	0.00000	0.00002	0.00000
245	0.99999	0.00000	0.00000	0.00000	0.00001	0.00000
246	0.00000	1.00000	0.00000	0.00000	0.00000	0.00000
247	0.00000	1.00000	0.00000	0.00000	0.00000	0.00000
248	0.00000	0.99983	0.00000	0.00000	0.00000	0.00017
249	0.00000	0.99999	0.00000	0.00000	0.00000	0.00001
250	0.00000	1.00000	0.00000	0.00000	0.00000	0.00000
251	0.00000	1.00000	0.00000	0.00000	0.00000	0.00000
252	0.00000	0.99999	0.00000	0.00000	0.00000	0.00001
253	0.00000	1.00000	0.00000	0.00000	0.00000	0.00000
254	0.00000	1.00000	0.00000	0.00000	0.00000	0.00000
255	0.00000	1.00000	0.00000	0.00000	0.00000	0.00000
256	0.00000	0.99724	0.00000	0.00000	0.00000	0.00275
257	0.00000	1.00000	0.00000	0.00000	0.00000	0.00000
258	0.00000	0.99997	0.00000	0.00000	0.00000	0.00003
259	0.00000	0.99999	0.00000	0.00000	0.00000	0.00001
260	0.00000	0.88735	0.00000	0.00206	0.00000	0.11059
261	0.00000	1.00000	0.00000	0.00000	0.00000	0.00000
262	0.00000	0.99999	0.00000	0.00000	0.00000	0.00001
263	0.00000	0.99984	0.00000	0.00000	0.00000	0.00016
264	0.00000	0.99972	0.00000	0.00000	0.00000	0.00028
265	0.00000	0.00000	0.00000	0.99977	0.00022	0.00001
266	0.00000	0.99999	0.00000	0.00000	0.00000	0.00001
267	0.00000	1.00000	0.00000	0.00000	0.00000	0.00000
268	0.00000	0.99997	0.00000	0.00000	0.00000	0.00003
269	0.00000	0.99990	0.00000	0.00000	0.00000	0.00010
270	0.00000	1.00000	0.00000	0.00000	0.00000	0.00000
271	0.00000	1.00000	0.00000	0.00000	0.00000	0.00000
272	0.00000	1.00000	0.00000	0.00000	0.00000	0.00000
273	0.00000	0.99867	0.00000	0.00000	0.00000	0.00133
274	0.00000	1.00000	0.00000	0.00000	0.00000	0.00000
275	0.00000	0.99998	0.00000	0.00000	0.00000	0.00002
276	0.00000	0.99986	0.00000	0.00000	0.00000	0.00014
277	0.00000	0.99998	0.00000	0.00000	0.00000	0.00002
278	0.00000	0.99999	0.00000	0.00000	0.00000	0.00001
279	0.00000	0.99980	0.00000	0.00000	0.00000	0.00020
280	0.00000	0.99981	0.00000	0.00000	0.00000	0.00019
281	0.00000	0.99991	0.00000	0.00000	0.00000	0.00009
282	0.00000	0.99994	0.00000	0.00000	0.00000	0.00006
283	1.00000	0.00000	0.00000	0.00000	0.00000	0.00000
284	0.00000	0.99951	0.00000	0.00000	0.00000	0.00049
285	0.00000	1.00000	0.00000	0.00000	0.00000	0.00000
286	0.00000	1.00000	0.00000	0.00000	0.00000	0.00000
287	0.00000	1.00000	0.00000	0.00000	0.00000	0.00000
288	0.00000	1.00000	0.00000	0.00000	0.00000	0.00000
289	0.00000	0.99992	0.00000	0.00000	0.00000	0.00008
290	0.00000	1.00000	0.00000	0.00000	0.00000	0.00000
291	0.00000	0.99997	0.00000	0.00000	0.00000	0.00003
292	0.00000	0.97461	0.00000	0.00000	0.00000	0.02539
293	0.00000	0.99999	0.00000	0.00000	0.00000	0.00001
294	0.00000	0.99999	0.00000	0.00000	0.00000	0.00001
295	0.00000	1.00000	0.00000	0.00000	0.00000	0.00000
296	0.99999	0.00000	0.00000	0.00000	0.00001	0.00000
297	0.19032	0.14466	0.16591	0.16621	0.17785	0.15506
298	0.00000	1.00000	0.00000	0.00000	0.00000	0.00000
299	0.00000	0.78632	0.00004	0.03423	0.00001	0.17940
300	1.00000	0.00000	0.00000	0.00000	0.00000	0.00000
301	0.00000	0.99997	0.00000	0.00000	0.00000	0.00003
302	0.00000	0.99999	0.00000	0.00000	0.00000	0.00001
303	0.00000	0.99999	0.00000	0.00000	0.00000	0.00001
304	0.00000	0.99994	0.00000	0.00000	0.00000	0.00006
305	0.00000	0.99923	0.00000	0.00000	0.00000	0.00077
306	0.00000	1.00000	0.00000	0.00000	0.00000	0.00000
307	0.00000	0.99988	0.00000	0.00000	0.00000	0.00012
308	0.00000	0.99999	0.00000	0.00000	0.00000	0.00001
309	0.00000	0.99999	0.00000	0.00000	0.00000	0.00001
310	0.00000	1.00000	0.00000	0.00000	0.00000	0.00000
311	0.00000	0.99998	0.00000	0.00000	0.00000	0.00002
312	0.00000	0.75761	0.00085	0.04904	0.00022	0.19229
313	0.00000	1.00000	0.00000	0.00000	0.00000	0.00000
314	0.00000	1.00000	0.00000	0.00000	0.00000	0.00000
315	0.00000	0.99998	0.00000	0.00000	0.00000	0.00002
316	0.00000	0.99992	0.00000	0.00000	0.00000	0.00008
317	0.00000	0.99999	0.00000	0.00000	0.00000	0.00001
318	0.00000	1.00000	0.00000	0.00000	0.00000	0.00000
319	0.00000	0.99999	0.00000	0.00000	0.00000	0.00001
320	0.00000	0.99875	0.00000	0.00000	0.00000	0.00125
321	0.00000	1.00000	0.00000	0.00000	0.00000	0.00000
322	0.00000	0.99852	0.00000	0.00000	0.00000	0.00148
323	0.00000	0.99994	0.00000	0.00000	0.00000	0.00006
324	0.00000	0.99977	0.00000	0.00000	0.00000	0.00023
325	0.00000	1.00000	0.00000	0.00000	0.00000	0.00000
326	0.00000	0.07157	0.00000	0.00002	0.00000	0.92841
327	0.00000	0.99823	0.00000	0.00000	0.00000	0.00176
328	0.00000	1.00000	0.00000	0.00000	0.00000	0.00000
329	0.00000	1.00000	0.00000	0.00000	0.00000	0.00000
330	0.00000	0.99997	0.00000	0.00000	0.00000	0.00003
331	0.00000	0.75145	0.00037	0.05174	0.00010	0.19634
332	0.00000	0.99999	0.00000	0.00000	0.00000	0.00001
333	0.00000	0.99995	0.00000	0.00000	0.00000	0.00005
334	0.00000	0.99986	0.00000	0.00000	0.00000	0.00014
335	0.00000	0.99084	0.00000	0.00000	0.00000	0.00916
336	0.00000	0.99995	0.00000	0.00000	0.00000	0.00005
337	0.00000	0.79685	0.00059	0.03523	0.00013	0.16720
338	0.00000	0.99997	0.00000	0.00000	0.00000	0.00003
339	0.00000	0.99999	0.00000	0.00000	0.00000	0.00001
340	0.00000	0.99999	0.00000	0.00000	0.00000	0.00001
341	0.00000	0.00000	0.99804	0.00043	0.00000	0.00152
342	0.00000	0.99997	0.00000	0.00000	0.00000	0.00003
343	0.00000	0.99999	0.00000	0.00000	0.00000	0.00001
344	0.00000	0.00000	0.00000	0.00100	0.00000	0.99900
345	0.00000	1.00000	0.00000	0.00000	0.00000	0.00000
346	0.00000	1.00000	0.00000	0.00000	0.00000	0.00000
347	0.00000	0.89656	0.00000	0.00910	0.00000	0.09434
348	0.00000	0.00000	0.00000	0.20248	0.00000	0.79752
349	0.00000	1.00000	0.00000	0.00000	0.00000	0.00000
350	0.00000	0.99086	0.00000	0.00001	0.00000	0.00913
351	0.00000	0.99995	0.00000	0.00000	0.00000	0.00005
352	0.00000	0.99937	0.00000	0.00000	0.00000	0.00063
353	0.00000	1.00000	0.00000	0.00000	0.00000	0.00000
354	0.00000	0.99959	0.00000	0.00000	0.00000	0.00041
355	0.00000	0.83397	0.00001	0.02419	0.00000	0.14183
356	1.00000	0.00000	0.00000	0.00000	0.00000	0.00000
357	0.00000	1.00000	0.00000	0.00000	0.00000	0.00000
358	0.00000	0.99997	0.00000	0.00000	0.00000	0.00003
359	0.52786	0.00360	0.04330	0.13576	0.26744	0.02204
360	0.00000	0.99995	0.00000	0.00000	0.00000	0.00005
361	0.00000	0.99948	0.00000	0.00000	0.00000	0.00052
362	1.00000	0.00000	0.00000	0.00000	0.00000	0.00000
363	0.99998	0.00000	0.00000	0.00000	0.00002	0.00000
364	0.00000	0.99998	0.00000	0.00000	0.00000	0.00002
365	0.00000	0.99995	0.00000	0.00000	0.00000	0.00005
366	0.00000	0.99814	0.00000	0.00000	0.00000	0.00186
367	0.00000	0.99999	0.00000	0.00000	0.00000	0.00001
368	0.00000	0.99999	0.00000	0.00000	0.00000	0.00001
369	0.99997	0.00000	0.00000	0.00000	0.00003	0.00000
370	0.00000	0.99999	0.00000	0.00000	0.00000	0.00001
371	0.00000	1.00000	0.00000	0.00000	0.00000	0.00000
372	0.00000	1.00000	0.00000	0.00000	0.00000	0.00000
373	0.00000	1.00000	0.00000	0.00000	0.00000	0.00000
374	0.00000	0.94341	0.00000	0.00182	0.00000	0.05477
375	0.99999	0.00000	0.00000	0.00000	0.00001	0.00000
376	0.00000	0.99901	0.00000	0.00000	0.00000	0.00099
377	0.00000	0.73761	0.00108	0.05672	0.00030	0.20428
378	0.99999	0.00000	0.00000	0.00000	0.00001	0.00000
379	0.98216	0.00000	0.00000	0.00014	0.01770	0.00000
380	0.00000	0.99999	0.00000	0.00000	0.00000	0.00001
381	0.00000	0.99995	0.00000	0.00000	0.00000	0.00005
382	0.00000	1.00000	0.00000	0.00000	0.00000	0.00000
383	0.99210	0.00000	0.00000	0.00000	0.00790	0.00000
384	0.00000	0.99999	0.00000	0.00000	0.00000	0.00001
385	0.00000	1.00000	0.00000	0.00000	0.00000	0.00000
386	0.00000	0.99986	0.00000	0.00000	0.00000	0.00014
387	0.00000	0.99998	0.00000	0.00000	0.00000	0.00002
388	0.99617	0.00000	0.00000	0.00001	0.00382	0.00000
389	0.00000	0.99997	0.00000	0.00000	0.00000	0.00003
390	0.00000	0.99997	0.00000	0.00000	0.00000	0.00003
391	0.00000	1.00000	0.00000	0.00000	0.00000	0.00000
392	0.00000	0.99446	0.00000	0.00003	0.00000	0.00551
393	0.00000	0.40507	0.00000	0.25826	0.00000	0.33667
394	0.00000	0.99938	0.00000	0.00000	0.00000	0.00062
395	0.00000	1.00000	0.00000	0.00000	0.00000	0.00000
396	0.00000	0.99997	0.00000	0.00000	0.00000	0.00003
397	0.00000	0.99999	0.00000	0.00000	0.00000	0.00001
398	0.00000	0.99999	0.00000	0.00000	0.00000	0.00001
399	0.00000	0.53603	0.00000	0.05532	0.00000	0.40865
400	0.00000	0.99975	0.00000	0.00000	0.00000	0.00025
401	0.00000	0.99999	0.00000	0.00000	0.00000	0.00001
402	0.00000	0.81053	0.00052	0.03091	0.00010	0.15794
403	0.00000	0.99957	0.00000	0.00000	0.00000	0.00043
404	0.00000	0.99965	0.00000	0.00000	0.00000	0.00035
405	0.00000	0.99981	0.00000	0.00000	0.00000	0.00019
406	0.00000	1.00000	0.00000	0.00000	0.00000	0.00000
407	0.00000	0.99929	0.00000	0.00000	0.00000	0.00071
408	0.00000	0.99999	0.00000	0.00000	0.00000	0.00001
409	0.00000	1.00000	0.00000	0.00000	0.00000	0.00000
410	0.00000	0.99990	0.00000	0.00000	0.00000	0.00010
411	0.00000	1.00000	0.00000	0.00000	0.00000	0.00000
412	1.00000	0.00000	0.00000	0.00000	0.00000	0.00000
413	0.00000	1.00000	0.00000	0.00000	0.00000	0.00000
414	0.00000	0.99982	0.00000	0.00000	0.00000	0.00018
415	0.00000	1.00000	0.00000	0.00000	0.00000	0.00000
416	0.00000	0.95861	0.00000	0.00090	0.00000	0.04049
417	0.00000	1.00000	0.00000	0.00000	0.00000	0.00000
418	0.00000	1.00000	0.00000	0.00000	0.00000	0.00000
419	0.00000	0.99999	0.00000	0.00000	0.00000	0.00001
420	0.00000	1.00000	0.00000	0.00000	0.00000	0.00000
421	0.00000	1.00000	0.00000	0.00000	0.00000	0.00000
422	0.00000	0.99985	0.00000	0.00000	0.00000	0.00015
423	0.00000	0.94278	0.00000	0.00343	0.00000	0.05379
424	0.00000	0.99935	0.00000	0.00000	0.00000	0.00065
425	0.00000	0.99999	0.00000	0.00000	0.00000	0.00001
426	0.00000	0.99999	0.00000	0.00000	0.00000	0.00001
427	0.00000	1.00000	0.00000	0.00000	0.00000	0.00000
428	0.00000	0.99996	0.00000	0.00000	0.00000	0.00004
429	0.00000	0.99743	0.00000	0.00000	0.00000	0.00257
430	0.00000	0.99967	0.00000	0.00000	0.00000	0.00033
431	0.00000	0.99999	0.00000	0.00000	0.00000	0.00001
432	0.00000	0.99999	0.00000	0.00000	0.00000	0.00001
433	0.00000	0.99996	0.00000	0.00000	0.00000	0.00004
434	0.00000	1.00000	0.00000	0.00000	0.00000	0.00000
435	0.00000	0.99875	0.00000	0.00000	0.00000	0.00124
436	0.00000	0.99999	0.00000	0.00000	0.00000	0.00001
437	0.99998	0.00000	0.00000	0.00000	0.00002	0.00000
438	0.00000	0.99999	0.00000	0.00000	0.00000	0.00001
439	0.00000	0.99992	0.00000	0.00000	0.00000	0.00008
440	0.00000	1.00000	0.00000	0.00000	0.00000	0.00000
441	0.00000	0.99383	0.00000	0.00000	0.00000	0.00617
442	0.00000	1.00000	0.00000	0.00000	0.00000	0.00000
443	0.00000	0.99971	0.00000	0.00000	0.00000	0.00029
444	0.00000	1.00000	0.00000	0.00000	0.00000	0.00000
445	0.00000	0.99996	0.00000	0.00000	0.00000	0.00004
446	0.00000	0.99406	0.00000	0.00000	0.00000	0.00594
447	0.00000	0.99901	0.00000	0.00000	0.00000	0.00099
448	0.00000	0.99996	0.00000	0.00000	0.00000	0.00004
449	0.00000	0.99999	0.00000	0.00000	0.00000	0.00001
450	0.00000	0.99989	0.00000	0.00000	0.00000	0.00011
451	0.00000	0.99994	0.00000	0.00000	0.00000	0.00006
452	0.00000	0.99998	0.00000	0.00000	0.00000	0.00002
453	0.00000	0.62022	0.00001	0.03686	0.00000	0.34292
454	0.00000	0.99959	0.00000	0.00000	0.00000	0.00041
455	0.00000	1.00000	0.00000	0.00000	0.00000	0.00000
456	0.00000	0.99735	0.00000	0.00000	0.00000	0.00264
457	0.00000	0.99999	0.00000	0.00000	0.00000	0.00001
458	0.00000	0.99991	0.00000	0.00000	0.00000	0.00009
459	0.00000	1.00000	0.00000	0.00000	0.00000	0.00000
460	0.00000	1.00000	0.00000	0.00000	0.00000	0.00000
461	1.00000	0.00000	0.00000	0.00000	0.00000	0.00000
462	0.00000	1.00000	0.00000	0.00000	0.00000	0.00000
463	0.00000	1.00000	0.00000	0.00000	0.00000	0.00000
464	0.22271	0.11791	0.16198	0.16563	0.19204	0.13973
465	0.99997	0.00000	0.00000	0.00000	0.00003	0.00000
466	0.00000	0.99972	0.00000	0.00000	0.00000	0.00028
467	0.00000	0.99998	0.00000	0.00000	0.00000	0.00002
468	0.00000	0.99246	0.00000	0.00005	0.00000	0.00749
469	0.00000	1.00000	0.00000	0.00000	0.00000	0.00000
470	0.00000	1.00000	0.00000	0.00000	0.00000	0.00000
471	0.00000	0.99643	0.00000	0.00001	0.00000	0.00356
472	0.00000	0.99999	0.00000	0.00000	0.00000	0.00001
473	0.00000	0.99949	0.00000	0.00000	0.00000	0.00051
474	0.00000	0.99556	0.00000	0.00000	0.00000	0.00444
475	0.06720	0.30301	0.14224	0.16195	0.10420	0.22141
476	0.00000	1.00000	0.00000	0.00000	0.00000	0.00000
477	0.00000	1.00000	0.00000	0.00000	0.00000	0.00000
478	0.00000	0.99999	0.00000	0.00000	0.00000	0.00001
479	0.00000	1.00000	0.00000	0.00000	0.00000	0.00000
480	0.00000	0.99985	0.00000	0.00000	0.00000	0.00015
481	0.00000	1.00000	0.00000	0.00000	0.00000	0.00000
482	0.00000	0.99998	0.00000	0.00000	0.00000	0.00002
483	0.00000	1.00000	0.00000	0.00000	0.00000	0.00000
484	0.00000	1.00000	0.00000	0.00000	0.00000	0.00000
485	0.00000	0.99999	0.00000	0.00000	0.00000	0.00001
486	0.00000	0.99968	0.00000	0.00000	0.00000	0.00032
487	0.00000	0.99999	0.00000	0.00000	0.00000	0.00001
488	0.00000	1.00000	0.00000	0.00000	0.00000	0.00000
489	0.00000	1.00000	0.00000	0.00000	0.00000	0.00000
490	0.00000	0.99998	0.00000	0.00000	0.00000	0.00002
491	0.00000	0.99997	0.00000	0.00000	0.00000	0.00003
492	0.00000	0.99999	0.00000	0.00000	0.00000	0.00001
493	0.00000	0.99224	0.00000	0.00006	0.00000	0.00770
494	0.00000	0.99998	0.00000	0.00000	0.00000	0.00002
495	0.00000	0.96998	0.00000	0.00088	0.00000	0.02914
496	0.00000	0.99865	0.00000	0.00000	0.00000	0.00135
497	0.00000	0.99998	0.00000	0.00000	0.00000	0.00002
498	0.00000	0.99999	0.00000	0.00000	0.00000	0.00001
499	0.00000	0.99995	0.00000	0.00000	0.00000	0.00005
500	0.00000	0.99999	0.00000	0.00000	0.00000	0.00001
501	0.00000	0.63767	0.00160	0.09710	0.00046	0.26317
502	0.00000	1.00000	0.00000	0.00000	0.00000	0.00000
503	0.00000	0.68488	0.00001	0.07937	0.00000	0.23575
504	0.00000	0.99940	0.00000	0.00000	0.00000	0.00060
505	0.00000	0.93935	0.00000	0.00000	0.00000	0.06064
506	0.00000	0.99999	0.00000	0.00000	0.00000	0.00001
507	0.99926	0.00000	0.00000	0.00000	0.00074	0.00000
508	0.99999	0.00000	0.00000	0.00000	0.00001	0.00000
509	0.00000	0.97917	0.00000	0.00019	0.00000	0.02064
510	0.00000	0.99998	0.00000	0.00000	0.00000	0.00002
511	0.00000	1.00000	0.00000	0.00000	0.00000	0.00000
512	0.00000	0.99999	0.00000	0.00000	0.00000	0.00001
513	0.00000	0.99999	0.00000	0.00000	0.00000	0.00001
514	0.99951	0.00000	0.00000	0.00000	0.00049	0.00000
515	0.00000	0.99925	0.00000	0.00000	0.00000	0.00075
516	0.99975	0.00000	0.00000	0.00000	0.00025	0.00000
517	0.00000	0.97300	0.00000	0.00048	0.00000	0.02652
518	0.00000	0.99970	0.00000	0.00000	0.00000	0.00030
519	0.99999	0.00000	0.00000	0.00000	0.00001	0.00000
520	0.00000	0.99882	0.00000	0.00000	0.00000	0.00118
521	0.00000	0.99989	0.00000	0.00000	0.00000	0.00011
522	0.00000	1.00000	0.00000	0.00000	0.00000	0.00000
523	0.00000	1.00000	0.00000	0.00000	0.00000	0.00000
524	0.00000	1.00000	0.00000	0.00000	0.00000	0.00000
525	0.00000	1.00000	0.00000	0.00000	0.00000	0.00000
526	0.00000	1.00000	0.00000	0.00000	0.00000	0.00000
527	0.00000	0.99992	0.00000	0.00000	0.00000	0.00008
528	0.00000	0.99997	0.00000	0.00000	0.00000	0.00003
529	0.00000	0.99990	0.00000	0.00000	0.00000	0.00010
530	0.00000	0.91303	0.00000	0.00702	0.00000	0.07995
531	0.00000	0.99882	0.00000	0.00000	0.00000	0.00118
532	0.00000	0.99926	0.00000	0.00000	0.00000	0.00074
533	0.00000	0.99993	0.00000	0.00000	0.00000	0.00007
534	1.00000	0.00000	0.00000	0.00000	0.00000	0.00000
535	0.00000	1.00000	0.00000	0.00000	0.00000	0.00000
536	0.00000	0.99987	0.00000	0.00000	0.00000	0.00013
537	0.00000	1.00000	0.00000	0.00000	0.00000	0.00000
538	0.99946	0.00000	0.00000	0.00000	0.00054	0.00000
539	0.00000	0.99294	0.00000	0.00005	0.00000	0.00701
540	0.00000	0.99936	0.00000	0.00000	0.00000	0.00064
541	0.73532	0.00000	0.00000	0.00429	0.26039	0.00000
542	0.99999	0.00000	0.00000	0.00000	0.00001	0.00000
543	1.00000	0.00000	0.00000	0.00000	0.00000	0.00000
544	0.00000	0.99958	0.00000	0.00000	0.00000	0.00042
545	0.00000	0.99990	0.00000	0.00000	0.00000	0.00010
546	0.00000	1.00000	0.00000	0.00000	0.00000	0.00000
547	0.00000	0.99999	0.00000	0.00000	0.00000	0.00001
548	0.00000	0.99996	0.00000	0.00000	0.00000	0.00004
549	0.97544	0.00000	0.00000	0.00002	0.02454	0.00000
550	0.00000	0.99995	0.00000	0.00000	0.00000	0.00005
551	0.00000	0.99954	0.00000	0.00000	0.00000	0.00046
552	1.00000	0.00000	0.00000	0.00000	0.00000	0.00000
553	0.00000	1.00000	0.00000	0.00000	0.00000	0.00000
554	0.00000	0.99958	0.00000	0.00000	0.00000	0.00042
555	0.00000	0.99999	0.00000	0.00000	0.00000	0.00001
556	0.00000	1.00000	0.00000	0.00000	0.00000	0.00000
557	0.00000	0.00000	0.98597	0.00178	0.00000	0.01225
558	0.00000	0.99999	0.00000	0.00000	0.00000	0.00001
559	0.00000	1.00000	0.00000	0.00000	0.00000	0.00000
560	1.00000	0.00000	0.00000	0.00000	0.00000	0.00000
561	1.00000	0.00000	0.00000	0.00000	0.00000	0.00000
562	0.99996	0.00000	0.00000	0.00000	0.00004	0.00000
563	0.99992	0.00000	0.00000	0.00000	0.00008	0.00000
564	0.00000	0.99719	0.00000	0.00000	0.00000	0.00281
565	0.00000	1.00000	0.00000	0.00000	0.00000	0.00000
566	0.99999	0.00000	0.00000	0.00000	0.00001	0.00000
567	0.00000	1.00000	0.00000	0.00000	0.00000	0.00000
568	0.68724	0.00000	0.00003	0.07938	0.23335	0.00001
569	0.99998	0.00000	0.00000	0.00000	0.00002	0.00000
570	0.00000	0.99382	0.00000	0.00000	0.00000	0.00618
571	0.00000	0.99999	0.00000	0.00000	0.00000	0.00001
572	0.00000	0.99998	0.00000	0.00000	0.00000	0.00002
573	0.00000	1.00000	0.00000	0.00000	0.00000	0.00000
574	0.00000	0.04291	0.00000	0.00023	0.00000	0.95686
575	0.00000	0.99991	0.00000	0.00000	0.00000	0.00009
576	0.00000	0.00000	0.00000	0.00046	0.99954	0.00000
577	0.00000	1.00000	0.00000	0.00000	0.00000	0.00000
578	1.00000	0.00000	0.00000	0.00000	0.00000	0.00000
579	0.00000	1.00000	0.00000	0.00000	0.00000	0.00000
580	0.00000	0.97292	0.00000	0.00000	0.00000	0.02708
581	0.00000	0.92552	0.00000	0.00583	0.00000	0.06865
582	0.00000	0.99951	0.00000	0.00000	0.00000	0.00049
583	0.00000	0.99992	0.00000	0.00000	0.00000	0.00008
584	0.00000	0.99326	0.00000	0.00005	0.00000	0.00670
585	0.00000	0.99811	0.00000	0.00000	0.00000	0.00189
586	0.00000	0.99204	0.00000	0.00000	0.00000	0.00796
587	0.00000	0.99999	0.00000	0.00000	0.00000	0.00001
588	0.00000	1.00000	0.00000	0.00000	0.00000	0.00000
589	0.00000	0.99999	0.00000	0.00000	0.00000	0.00001
590	0.00000	0.99998	0.00000	0.00000	0.00000	0.00002
591	0.00000	0.99999	0.00000	0.00000	0.00000	0.00001
592	0.00000	0.97899	0.00000	0.00043	0.00000	0.02057
593	0.00000	0.99623	0.00000	0.00001	0.00000	0.00376
594	0.00000	0.99989	0.00000	0.00000	0.00000	0.00011
595	0.00000	1.00000	0.00000	0.00000	0.00000	0.00000
596	0.00000	0.99999	0.00000	0.00000	0.00000	0.00001
597	0.00000	0.00005	0.00000	0.93077	0.00001	0.06918
598	0.00000	0.99896	0.00000	0.00000	0.00000	0.00104
599	0.00000	0.99013	0.00000	0.00006	0.00000	0.00981
600	0.00000	0.44982	0.00000	0.01126	0.00000	0.53892
601	0.00000	0.99998	0.00000	0.00000	0.00000	0.00002
602	0.00000	0.94770	0.00000	0.00233	0.00000	0.04997
603	0.99965	0.00000	0.00000	0.00000	0.00035	0.00000
604	0.99148	0.00000	0.00000	0.00006	0.00846	0.00000
605	0.00000	0.99999	0.00000	0.00000	0.00000	0.00001
606	0.00000	0.40936	0.00000	0.22745	0.00000	0.36320
607	0.00000	1.00000	0.00000	0.00000	0.00000	0.00000
608	0.00000	0.99999	0.00000	0.00000	0.00000	0.00001
609	0.00000	1.00000	0.00000	0.00000	0.00000	0.00000
610	0.00000	0.99998	0.00000	0.00000	0.00000	0.00002
611	0.99952	0.00000	0.00000	0.00000	0.00048	0.00000
612	0.00000	0.99997	0.00000	0.00000	0.00000	0.00003
613	0.00000	0.99999	0.00000	0.00000	0.00000	0.00001
614	0.00000	1.00000	0.00000	0.00000	0.00000	0.00000
615	0.00000	0.99960	0.00000	0.00000	0.00000	0.00040
616	0.00000	1.00000	0.00000	0.00000	0.00000	0.00000
617	0.00000	0.99987	0.00000	0.00000	0.00000	0.00013
618	0.00000	0.99999	0.00000	0.00000	0.00000	0.00001
619	0.00000	0.99924	0.00000	0.00000	0.00000	0.00076
620	0.00000	0.99873	0.00000	0.00000	0.00000	0.00127
621	0.00000	0.99998	0.00000	0.00000	0.00000	0.00002
622	0.00000	1.00000	0.00000	0.00000	0.00000	0.00000
623	0.00000	0.99866	0.00000	0.00000	0.00000	0.00134
624	0.00000	0.99999	0.00000	0.00000	0.00000	0.00001
625	0.00000	0.99391	0.00000	0.00000	0.00000	0.00609
626	0.00000	0.99948	0.00000	0.00000	0.00000	0.00052
627	0.00000	0.95754	0.00000	0.00174	0.00000	0.04072
628	0.00000	0.99988	0.00000	0.00000	0.00000	0.00012
629	0.00000	0.99996	0.00000	0.00000	0.00000	0.00004
630	0.00000	1.00000	0.00000	0.00000	0.00000	0.00000
631	0.00000	0.99999	0.00000	0.00000	0.00000	0.00001
632	0.00000	1.00000	0.00000	0.00000	0.00000	0.00000
633	1.00000	0.00000	0.00000	0.00000	0.00000	0.00000
634	0.00000	0.99999	0.00000	0.00000	0.00000	0.00001
635	0.00000	1.00000	0.00000	0.00000	0.00000	0.00000
636	0.00000	0.99999	0.00000	0.00000	0.00000	0.00001
637	0.00000	0.99562	0.00000	0.00002	0.00000	0.00436
638	0.00000	0.99964	0.00000	0.00000	0.00000	0.00036
639	0.00000	1.00000	0.00000	0.00000	0.00000	0.00000
640	0.00000	0.99999	0.00000	0.00000	0.00000	0.00001
641	0.00000	1.00000	0.00000	0.00000	0.00000	0.00000
642	0.00000	0.99998	0.00000	0.00000	0.00000	0.00002
643	0.00000	0.99990	0.00000	0.00000	0.00000	0.00010
644	0.00000	0.99896	0.00000	0.00000	0.00000	0.00104
645	0.00000	0.00000	0.00000	0.00010	0.00000	0.99990
646	0.00000	0.99999	0.00000	0.00000	0.00000	0.00001
647	0.00000	0.95667	0.00000	0.00000	0.00000	0.04332
648	0.00000	0.99320	0.00000	0.00000	0.00000	0.00680
649	0.00000	1.00000	0.00000	0.00000	0.00000	0.00000
650	0.00000	0.99870	0.00000	0.00000	0.00000	0.00130
651	0.99990	0.00000	0.00000	0.00000	0.00010	0.00000
652	0.00000	0.99999	0.00000	0.00000	0.00000	0.00001
653	0.00000	0.99982	0.00000	0.00000	0.00000	0.00018
654	0.99280	0.00000	0.00000	0.00008	0.00712	0.00000
655	0.00000	1.00000	0.00000	0.00000	0.00000	0.00000
656	0.00000	0.99966	0.00000	0.00000	0.00000	0.00034
657	0.00000	0.99830	0.00000	0.00000	0.00000	0.00170
658	0.00000	1.00000	0.00000	0.00000	0.00000	0.00000
659	0.00000	0.99999	0.00000	0.00000	0.00000	0.00001
660	0.97862	0.00000	0.00000	0.00030	0.02108	0.00000
661	0.00000	0.99914	0.00000	0.00000	0.00000	0.00086
662	0.00000	1.00000	0.00000	0.00000	0.00000	0.00000
663	0.00000	0.99965	0.00000	0.00000	0.00000	0.00035
664	0.00000	0.60340	0.00012	0.12388	0.00006	0.27254
665	0.99999	0.00000	0.00000	0.00000	0.00001	0.00000
666	0.00000	0.97704	0.00000	0.00045	0.00000	0.02251
667	0.99999	0.00000	0.00000	0.00000	0.00001	0.00000
668	1.00000	0.00000	0.00000	0.00000	0.00000	0.00000
669	0.99999	0.00000	0.00000	0.00000	0.00001	0.00000
670	0.99998	0.00000	0.00000	0.00000	0.00002	0.00000
671	0.99771	0.00000	0.00000	0.00000	0.00229	0.00000
672	0.00000	0.99999	0.00000	0.00000	0.00000	0.00001
673	0.00000	1.00000	0.00000	0.00000	0.00000	0.00000
674	0.00000	1.00000	0.00000	0.00000	0.00000	0.00000
675	0.00002	0.71124	0.00200	0.06545	0.00069	0.22060
676	0.00000	0.99964	0.00000	0.00000	0.00000	0.00036
677	0.00000	0.94726	0.00000	0.00101	0.00000	0.05173
678	0.00000	0.99999	0.00000	0.00000	0.00000	0.00001
679	0.99978	0.00000	0.00000	0.00000	0.00022	0.00000
680	0.00000	0.99998	0.00000	0.00000	0.00000	0.00002
681	0.00000	1.00000	0.00000	0.00000	0.00000	0.00000
682	0.00000	0.99999	0.00000	0.00000	0.00000	0.00001
683	0.00000	1.00000	0.00000	0.00000	0.00000	0.00000
684	0.00000	0.99996	0.00000	0.00000	0.00000	0.00004
685	0.00000	0.99948	0.00000	0.00000	0.00000	0.00052
686	0.00000	1.00000	0.00000	0.00000	0.00000	0.00000
687	0.00000	0.99997	0.00000	0.00000	0.00000	0.00003
688	0.00000	0.99987	0.00000	0.00000	0.00000	0.00013
689	0.00000	1.00000	0.00000	0.00000	0.00000	0.00000
690	0.00000	0.99996	0.00000	0.00000	0.00000	0.00004
691	0.00000	0.99997	0.00000	0.00000	0.00000	0.00003
692	0.00000	0.99999	0.00000	0.00000	0.00000	0.00001
693	0.00000	0.99999	0.00000	0.00000	0.00000	0.00001
694	0.00000	0.99995	0.00000	0.00000	0.00000	0.00005
695	0.00000	0.94332	0.00000	0.00306	0.00000	0.05362
696	0.00000	0.99984	0.00000	0.00000	0.00000	0.00016
697	0.00000	1.00000	0.00000	0.00000	0.00000	0.00000
698	0.00000	0.95521	0.00000	0.00035	0.00000	0.04444
699	0.00000	0.99598	0.00000	0.00000	0.00000	0.00402
700	0.00000	0.99998	0.00000	0.00000	0.00000	0.00002
701	0.00000	1.00000	0.00000	0.00000	0.00000	0.00000
702	0.99999	0.00000	0.00000	0.00000	0.00001	0.00000
703	0.99999	0.00000	0.00000	0.00000	0.00001	0.00000
704	1.00000	0.00000	0.00000	0.00000	0.00000	0.00000
705	0.75776	0.00000	0.00000	0.04109	0.20115	0.00000
706	0.00000	0.99999	0.00000	0.00000	0.00000	0.00001
707	0.00000	0.98465	0.00000	0.00003	0.00000	0.01532
708	0.99993	0.00000	0.00000	0.00000	0.00007	0.00000
709	0.00000	0.99999	0.00000	0.00000	0.00000	0.00001
710	0.00000	0.99943	0.00000	0.00000	0.00000	0.00057
711	0.00000	1.00000	0.00000	0.00000	0.00000	0.00000
712	0.00000	0.99897	0.00000	0.00000	0.00000	0.00103
713	0.00000	0.99995	0.00000	0.00000	0.00000	0.00005
714	0.00000	0.99993	0.00000	0.00000	0.00000	0.00007
715	0.95390	0.00000	0.00000	0.00000	0.04610	0.00000
716	0.00000	0.94141	0.00000	0.00327	0.00000	0.05532
717	0.00000	0.99998	0.00000	0.00000	0.00000	0.00002
718	0.00000	0.99771	0.00000	0.00000	0.00000	0.00229
719	0.99998	0.00000	0.00000	0.00000	0.00002	0.00000
720	0.00000	0.99992	0.00000	0.00000	0.00000	0.00008
721	0.00000	1.00000	0.00000	0.00000	0.00000	0.00000
722	0.00000	1.00000	0.00000	0.00000	0.00000	0.00000
723	0.00000	1.00000	0.00000	0.00000	0.00000	0.00000
724	0.00000	0.99991	0.00000	0.00000	0.00000	0.00009
725	0.00000	0.99739	0.00000	0.00001	0.00000	0.00261
726	0.00000	0.00585	0.00002	0.93247	0.00029	0.06137
727	0.00000	1.00000	0.00000	0.00000	0.00000	0.00000
728	0.00000	1.00000	0.00000	0.00000	0.00000	0.00000
729	0.00000	0.95996	0.00000	0.00143	0.00000	0.03860
730	0.00000	0.99998	0.00000	0.00000	0.00000	0.00002
731	0.00000	0.99999	0.00000	0.00000	0.00000	0.00001
732	0.00000	0.99997	0.00000	0.00000	0.00000	0.00003
733	0.99997	0.00000	0.00000	0.00000	0.00003	0.00000
734	0.00000	0.99998	0.00000	0.00000	0.00000	0.00002
735	0.00000	0.99988	0.00000	0.00000	0.00000	0.00012
736	0.00000	1.00000	0.00000	0.00000	0.00000	0.00000
737	0.00000	0.95245	0.00000	0.00224	0.00000	0.04531
738	0.00000	1.00000	0.00000	0.00000	0.00000	0.00000
739	0.99995	0.00000	0.00000	0.00000	0.00005	0.00000
740	0.00000	0.76037	0.00000	0.04846	0.00000	0.19116
741	0.00000	1.00000	0.00000	0.00000	0.00000	0.00000
742	0.99941	0.00000	0.00000	0.00000	0.00059	0.00000
743	0.00000	1.00000	0.00000	0.00000	0.00000	0.00000
744	0.00000	1.00000	0.00000	0.00000	0.00000	0.00000
745	0.00000	0.99523	0.00000	0.00001	0.00000	0.00476
746	1.00000	0.00000	0.00000	0.00000	0.00000	0.00000
747	0.00000	1.00000	0.00000	0.00000	0.00000	0.00000
748	0.00000	0.99999	0.00000	0.00000	0.00000	0.00001
749	0.00000	1.00000	0.00000	0.00000	0.00000	0.00000
750	0.00000	0.99989	0.00000	0.00000	0.00000	0.00011
751	0.00000	0.69855	0.00139	0.07334	0.00045	0.22626
752	0.00000	0.99999	0.00000	0.00000	0.00000	0.00001
753	0.00000	0.99394	0.00000	0.00000	0.00000	0.00606
754	0.00000	1.00000	0.00000	0.00000	0.00000	0.00000
755	0.00000	1.00000	0.00000	0.00000	0.00000	0.00000
756	0.00000	0.99962	0.00000	0.00000	0.00000	0.00038
757	0.00000	0.99999	0.00000	0.00000	0.00000	0.00001
758	0.00000	0.96513	0.00000	0.00021	0.00000	0.03465
759	0.00000	0.99965	0.00000	0.00000	0.00000	0.00035
760	0.99835	0.00000	0.00000	0.00000	0.00165	0.00000
761	0.99999	0.00000	0.00000	0.00000	0.00001	0.00000
762	0.00000	0.00010	0.00000	0.00269	0.00000	0.99721
763	0.00000	0.99999	0.00000	0.00000	0.00000	0.00001
764	0.00000	0.99993	0.00000	0.00000	0.00000	0.00007
765	0.00000	1.00000	0.00000	0.00000	0.00000	0.00000
766	0.00000	0.99969	0.00000	0.00000	0.00000	0.00031
767	0.00000	1.00000	0.00000	0.00000	0.00000	0.00000
768	0.00000	1.00000	0.00000	0.00000	0.00000	0.00000
769	0.00000	0.99962	0.00000	0.00000	0.00000	0.00038
770	0.00000	0.99967	0.00000	0.00000	0.00000	0.00033
771	0.00000	1.00000	0.00000	0.00000	0.00000	0.00000
772	0.00000	0.99998	0.00000	0.00000	0.00000	0.00002
773	0.00000	0.99897	0.00000	0.00000	0.00000	0.00103
774	0.00000	0.98895	0.00000	0.00014	0.00000	0.01091
775	0.00000	0.99392	0.00000	0.00000	0.00000	0.00607
776	0.00000	1.00000	0.00000	0.00000	0.00000	0.00000
777	0.00000	1.00000	0.00000	0.00000	0.00000	0.00000
